,0,1,2,3,4,5,6,7,8,9,10
0,-1.8439468692352086,-0.07901735155716573,-0.1487611253096066,-0.09731729115255437,-0.03144929945286229,1.9467232943933022,-0.05908688718426454,0.05526293300373454,0.07415022770163175,0.08524582891509505,0.11597882443526392
1,1.4384553752553721,-0.08694597224047206,-0.12911449961071003,-0.09146062168492794,-0.032184886469363724,-0.051959462441745756,-0.9525625263246748,0.007219704194485762,-0.0021064782325473696,-0.061718287245802965,-0.013092524721634087
2,1.1802187944002351,-0.08420989740301,-0.08948789945959454,-0.005854736908230201,0.09265331465321838,-0.15208686706862745,0.0547919528126322,0.00038153000631709457,-0.1602601451513119,-0.10174363432669933,0.011711682718947741
3,0.5647092833645595,0.01999766115236136,-0.03752457256299976,-0.007323264328006861,-0.029715605793079154,0.12623521575159846,-0.01377907645145689,-0.0255956260854276,0.04848258440346668,0.021584115304143676,-0.014895985522819018
4,-0.05611476449248042,-0.05079737856116416,-0.054411420517357464,-0.10852522064191078,-0.018049346372833213,0.13800339872424713,1.2022402945845043,0.06159984638829188,0.06944121428729542,-1.0362577031848117,-0.14580180246899277
5,0.07844309704541239,-0.6459959711814914,-0.007300788063909673,-0.057433106264256614,-0.11341000175387858,0.1689771767555798,-0.07295474584832783,0.0833235327748313,-0.04795334906628459,1.0559675226668899,-0.2001485245603575
6,-0.039987890237538626,1.084299898703779,-0.11373434016732008,-0.08563662834656634,-0.033729012290098774,-0.08749590584318287,0.1165938616311247,-0.542548233117552,-0.04357155605812281,0.03705638115933291,0.008548081730217972
7,0.001566620624356277,-0.006446791284749922,-0.022581345216449684,-0.5396673852779248,-0.09638607461196598,0.15639111724014637,-0.020509564545083223,0.8550245337854654,-0.01984133343216657,0.1667295456335816,0.040660380200218664
8,0.09838832681371858,-0.0820304501880108,-0.011628583301555997,0.7956531021530477,0.053777762242004576,-0.02450717218894361,-0.08177442541410226,0.028961483916635996,0.058967087885744215,0.20911045927454583,-0.507496918048066
9,-0.18741152688359847,0.013208892171337815,-0.009084609673161229,-0.004275480691154018,-0.40520487982036785,-0.025740367881619788,0.06743902723128549,0.08826163756604867,-0.11748591647351928,-0.13240310016925114,0.8858110820994914
10,0.043731800280692075,-0.047337492186454624,0.11027971343051375,0.013824550354646272,0.7090148869282303,-0.0474904916965989,0.15276150351893278,0.09243137995014722,-0.3630962194683369,-0.019212179525335455,0.07240929117245376
11,0.10340903181403435,-0.034238961146179456,0.010243768511456891,-0.04578109869065203,0.07656328719881383,0.34751373841656563,0.053496699115572754,0.018481122644765847,0.4449907594218533,0.14617466963149509,0.09041825850007087
12,-0.28336896474539197,-0.13732650812056788,0.6251782045323014,0.024855604564709297,0.1862440641929005,0.005661154279970113,-0.0999975632514962,0.12662363599626691,-0.04590122171318107,0.015946291915525438,0.021598615181658284
13,-0.04379615361576683,-0.01645489713620842,-0.024599478007851658,-0.02338728026168733,0.06518098005300284,-0.6618045698319388,0.015589260991304634,0.07426952788496217,-0.00339313050931533,-0.00970845797188579,0.026721622252621285
14,0.14167288527708272,0.022628754948607138,0.4328051243585364,-0.02565377685800112,-0.09494863915378436,0.034321252401858925,-0.0837130629605176,0.053273553960645356,0.06427373038582557,-0.03219640562489951,0.0022349045711781423
15,-0.05194818051575673,0.660897761072617,0.0319773112085726,-0.015156627394170697,-0.06687699444499147,0.047443833759318356,0.047319087161392825,0.021154556229855723,0.006222358567486962,0.03222173310736388,-0.022840669703957733
16,-1.7477188553533043,-0.028059609203781095,0.16679746595596276,0.043478762144576674,-0.15451563211504776,1.6763186153223673,0.06147687706491623,0.0595629475670476,-0.027497426642543076,0.09845213074635036,0.1095312484780657
17,1.3831112499240348,-0.019025630026899932,0.019606642146825476,-0.03233648885709262,0.04304206219567058,-0.0423480449172963,-0.9150661311714678,0.03909240506043688,0.03516935081148709,0.1390988880977528,0.021065325136247866
18,0.7922501954324986,0.040674605746900426,0.10522382005600286,0.06517346692647882,-0.062187842681388265,0.06717732094441126,-0.14242797862298362,0.021912976919392202,-0.02595765040353403,0.015387962448899482,0.035479602466535705
19,0.5786859966515924,-0.030594609921968073,-0.02359651013167348,-0.025980716014968545,-0.05728309051587558,-0.07297049600891832,0.019340067736246903,0.027496050784749843,-0.048766590707980596,-0.060808221272428575,-0.009946706964968268
20,-0.09029295991781086,0.10080988613570847,0.14456116861182908,0.02372921642618176,-0.07832142609538532,0.05041631985219653,1.396693540290578,0.018170463339013253,0.07974743055132305,-0.8733218589489052,0.0026269815235702284
21,0.11767047807852328,-0.6776014347635665,-0.021245733724186183,0.09364978659666885,-0.07778713793399539,-0.10844572714945078,0.010690539672490505,-0.036914510952679176,-0.04059156086003,0.9297503042824935,-0.07484870250034362
22,0.016342039184521713,0.9652091506919481,0.07279991438905654,0.014901970707265861,0.036772499586923614,0.047170025091503955,-0.15445543488919083,-0.6756708662840503,-0.12484618897413331,-0.03390635099839694,-0.029121604787231813
23,-0.1516599494172379,-0.07565376064615335,0.11665793119595821,-0.5457637190421885,0.05579929260867569,0.1359550981638306,-0.08365466694856226,0.7764381536938919,-0.1431246458031952,-0.06092882484745785,-0.031639611833874356
24,-0.020612553195373175,0.07363981554996986,0.01148542780717712,0.804039251426259,-0.10288847793029361,-0.059364697781924235,-0.025680855915000703,0.012820985717568255,-0.07475195881341612,-0.024091411295720292,-0.5399742931131998
25,0.005663342116479215,0.1045388821102567,0.08468130138472818,0.029912687741499005,-0.46955401216426285,0.0024936304690068825,0.054714375103904464,-0.04897224392412419,0.01779730423059999,-0.3034411889044549,0.8825502074617146
26,-0.042253559697676385,0.004801684998070406,-0.0857419688769227,0.12081592249157198,0.5887465904631186,0.07254298190589699,0.1837375535455053,-0.0819367585818062,-0.174708217029309,-0.17817277728194092,0.04904660480188354
27,-0.13903246402922909,0.004087903408806428,-0.24727717478860312,0.015687270729028223,0.007724032288198716,0.08961063722408383,0.07662397837318036,-0.10589241887132637,0.4488431602344619,-0.05191829409857189,-0.029891516976726377
28,-0.11644122718847598,0.07783885417992034,0.611786835156446,-0.11967309599822443,0.1268933714250671,0.0022268848840452755,0.17067172733000124,-0.03011569119840738,0.1511425467871809,0.1129224384217506,0.006785252618807754
29,-0.07874316341512813,-0.08574055536375848,-0.08817363796901831,0.01214853821399527,-0.0548514804105191,-0.6672944382098401,0.04608801231715704,-0.09824231481887054,-0.1127400848173443,-0.018729516694022022,-0.01230459165865192
30,-0.016696336980969177,-0.0393925159610616,0.3995703294516702,-0.00538140170003267,-0.028487479613249548,0.04484593167751053,-0.13785106130019345,0.1788233153627479,0.1083963028854657,0.10389948216103347,0.08630010805378276
31,0.0018934334063525557,0.6739882589383442,-0.045839897031825144,0.004746974806271129,-0.06308092174398099,0.1263339534857812,-0.0032620394860486575,-0.013747459714627482,-0.03033988262917126,0.1432126257401638,-0.0038937683099797764
32,-1.751574112439241,0.009301724072486701,-0.01096239425980267,-0.02128873811898091,-0.013881661537254706,1.5808905099977393,-0.09800434182370066,0.23849922312447683,0.0489974500633512,-0.11643728352771461,-0.03271582731311942
33,1.2358053902721315,-0.011786644359777311,-0.029099867796946444,0.034021555421408174,0.06724126116368652,0.047607833913437404,-1.0436082924560317,0.02483239724444582,-0.1285527347857546,-0.05675708338403353,0.02068165664160002
34,0.8727689804783123,-0.006077349614233141,0.11381421848621182,-0.05229637743060446,0.11696037976001881,0.3496856823112676,-0.033572525333341985,0.02783857703442036,0.041793625331832826,-0.07528282184623232,0.0015771282324976476
35,0.6199499201744445,-0.03750057246756261,-0.015766309951903715,-0.05450061802635509,-0.04584955321473244,0.16498146406808073,0.04548273755731968,0.01612233761015052,-0.0878606339419566,-0.001041833038245477,-0.006759184941092655
36,0.20083607226323025,0.04882310505689181,-0.07378047472302124,0.14854390418828622,-0.08328235573757627,-0.09894265246596745,1.3971109813523295,0.05576623248960335,-0.14197400942533478,-0.9012795591304331,0.03953904435508876
37,0.06424699946282421,-0.49733999377088145,-0.016608983055751685,-0.08068426472871033,-0.006828570150151681,0.03329096571058546,-0.03799167275412004,-0.020572311388902222,-0.001346438719687066,1.0248069940396436,-0.001063110277780663
38,0.036459213361107475,0.9604420554396992,-0.02032839977877128,-0.0010001984460382308,-0.032352090674324645,-0.10935687003326515,0.027672311974598927,-0.6205620694202929,0.06712440068238489,0.15825282712303473,-0.049559385414411294
39,-0.12823228215745175,-0.04631694812938095,-0.06086395871509351,-0.6897913012063808,-0.13548528492105666,-0.05876349683601225,0.08863969648302653,0.8116894131280412,0.06381321135216447,-0.012147369603437066,-0.00010987299465006935
40,-0.15409038839213324,0.007351779348821962,0.07541053279913339,0.7650328288331018,0.10581955092932455,-0.1295279042303319,0.012034609217413964,0.008863732862900384,-0.15324050694534028,0.014566054851814676,-0.5718474801674774
41,-0.11011323700145857,0.09345493505967847,0.11151669205189199,-0.008642298556148661,-0.5940568428797828,0.07261888370271334,0.14054858693054897,0.006248675687103674,0.021051663621819414,0.007609332079337633,0.8732386978006055
42,-0.19741424372644517,0.03707691062816282,0.05818583089619192,0.04538608478654103,0.5697430913399402,-0.08510906446493272,-0.22421277733680328,-0.08516680674140019,-0.3342245319308498,0.006309300137176377,0.03558288772363632
43,0.11173126581424629,-0.24879803163338396,0.07730214274867771,-0.12193164441669606,0.08978872685207295,0.06739904954515989,-0.050060794508675975,0.1185390310448124,0.45585645274156195,-0.017415078332658214,0.046947710763741844
44,-0.2603144646735838,-0.044501201887681634,0.594219782310021,0.15981970017014352,0.14733400426873466,0.06459937099892525,0.16004654099681984,-0.07545181462612166,0.021509689015727005,-0.0022675258004258678,-0.014708117864245087
45,-0.05210150355908081,0.0625683794438485,-0.10942817151926962,-0.15047505505604927,-0.09088383138938701,-0.6309696561182936,-0.06609624063849237,-0.05977187105437827,0.05005600210083934,-0.055278814896949205,0.026354720010009387
46,-0.09054678652918366,0.021329621216179297,0.42016625927006085,0.0039429204851339945,-0.021365787492466117,-0.1206602822811343,0.043908669223685144,0.01488209268604197,0.04689274608049769,-0.014871171366975541,-0.08704651568032759
47,-0.006152650031640932,0.6790246913976277,0.04983807586336936,0.014001520786342028,0.048377678689083006,-0.13981680024702975,0.1357172986231508,0.029307343162906892,0.016637027537344348,-0.013843273552754215,-0.08256866296179097
48,-1.6683725582628275,0.07029756416443814,-0.17951370084560117,0.05385674185217079,-0.08539116624063127,1.5357577328410694,-0.15823607458640565,0.017313341370129007,0.013156431555562528,0.10632110343668236,-0.1649528180008256
49,1.561736255182277,-0.016180627542008445,0.12624363598373756,0.03727825423219289,0.005786138708302862,-0.11140284467198225,-0.9634542535261709,0.015084992546512362,0.03842375387707813,0.08962562332691007,0.0024139594450949854
50,0.7565840672406147,0.0590303333649718,-0.10261445134483149,-0.13208829287361476,-0.04572297814211327,-0.007421593498488657,-0.07848207775971819,0.16362489260755644,-0.05562037606450168,-0.06704697620103857,0.07802775059608148
51,0.5812811665062958,0.014063098240724428,0.006481571087952967,-0.004178553666486771,0.055521774995349056,0.07000406175569909,-0.03033928060643084,-0.037930924664955026,0.05926053139318138,-0.0022903134704625972,-0.002100634701559403
52,0.04313450458349597,-0.03832627527731818,0.09258754207763838,-0.10204900113126113,-0.005987153071739365,0.08461802789905468,1.373105519324021,-0.016452521789560418,0.07914638766196516,-0.884901635525178,-0.04705610430447356
53,-0.11670140099917119,-0.6854964456566703,-0.005081022062913907,0.06703052493429418,-0.0065630165134563856,0.008461228424667087,-0.09187746144646505,0.10770996176708825,0.023066172419444832,1.002345859489628,0.05110422085705914
54,0.086970273806855,0.8677700383594217,-0.00815264086378292,-0.021334493812076753,-0.017507444524070454,0.034967604889084236,0.09952422625169238,-0.5861861291815962,0.013514303633407224,-0.17943814924495693,0.033682194179655726
55,-0.24112632788407667,-0.007795208670977619,0.03703581744265572,-0.5742953326448241,-0.03478562430892082,-0.062218855682471326,0.013176424627697497,0.8380421271804736,-0.11265554724035977,0.05566490993130355,-0.054946634423066625
56,-0.004979241039956617,0.015309231883522637,0.01619871799028291,0.7563516183186669,-0.13411083064514154,0.045580818611932514,-0.1398411135434456,-0.01652701307218783,-0.10217636947303481,0.07418596939245013,-0.37202264847051386
57,0.008759207557094431,0.1284040777506096,-0.14307361947360295,-0.044878795900017136,-0.5531003674630885,-0.11004775598297017,-0.01854960208601413,0.16913912019560268,-0.053132907350762024,0.21608027801330557,0.7884162623175637
58,-0.049866368394240364,-0.0773288966657577,0.01320217161266208,-0.10196428084382295,0.6102101532076655,0.039852528577363315,0.11720401403068333,-0.08330183182651005,-0.40254031197423723,-0.08992127315453244,0.051004066756363486
59,-0.11531004790736803,-0.000591673050379386,0.1230520506603298,0.026855084939006124,0.019001106973198328,-0.07829144338199208,-0.08445085927307987,-0.062137797730516205,0.49873799213566394,0.12291940095721086,0.003907844435419454
60,0.16351773018795765,-0.042782560112341717,0.5858543132232151,0.020934446961737692,0.08981345018480198,-0.1332350686307127,-0.08661318454970794,-0.0222169137744187,-0.010806049730190986,-0.07093534477222845,0.1414454775773845
61,-0.02547209542329469,0.004753954049977271,0.037921047600811435,0.004873796992489301,0.01522499539518875,-0.7227707154147951,-0.001505615780536322,-0.0360400538058277,0.09877192964130424,-0.04205031116814307,-0.04905731808972695
62,0.057734884103207096,0.009941763772217014,0.39180811416312294,-0.07747229709427161,0.07236107013128654,-0.01698318363402076,-0.01079049190206894,0.1443119527237881,0.11251413972844702,-0.0042345355787944475,0.03146026035549104
63,0.061576420939277836,0.6662960049442814,0.007322227865592633,0.014596551994329986,0.03447932180260767,-0.09112438845136929,0.040208330521719404,0.022988947253741048,0.06915582010623525,-0.09539074329379495,-0.028356040059917834
64,-1.7603660256416191,0.06886144399724484,-0.07645491563791754,-0.1640992154600143,-0.018629602176892544,1.9520190953696315,0.034512032374218536,-0.028446062817789775,-0.03653406145804094,-0.041285707818887886,0.02125623775365603
65,1.492751676395638,0.08641821548226788,0.008529110335866737,-0.07470174344262076,0.07506568718112798,-0.006257837920393906,-0.9567411305575255,0.043742077039425176,0.018843153491656182,0.10616589036689389,-0.10211288749240871
66,1.10524081440384,0.04781588188005076,-0.08902774504086253,0.059768507717422675,-0.02538167203721748,0.217530008500459,0.16178733651513225,-0.05448175867255283,0.09601205220857185,0.04269510926635421,0.05361800462429128
67,0.5913941791928513,-0.03202931900656252,0.03322994312126672,-0.004403873119240667,0.016854349318502524,-0.03838234721009273,-0.02548939465152885,0.01486312447751909,-0.027062829325682897,-0.0011389932899182635,-0.031356738075332166
68,-0.12057064311984521,0.03215876992662623,0.05970910819753531,-0.10393537771027013,0.06254623219053082,0.05396813737637226,1.3170830040793493,-0.02253301800043972,-0.01568490115106416,-0.943987115155553,0.03990092879932616
69,0.12839256363128349,-0.9108518454116179,-0.001464062626844881,0.04127920586596217,0.16618010826803248,0.0854073541454681,0.08769919596131141,-0.061456466288030115,-0.11318668237188345,0.9555522435208881,-0.08829042963836765
70,-0.1041425979526278,0.8582438765912307,-0.06896669273951289,-0.07182939573381895,0.0033225049064525038,-0.14469622379523467,0.05432346888301602,-0.533522521348276,-0.04500280933223477,-0.024543545426702264,0.01654485293087525
71,-0.0286259036267082,0.06318986158316976,0.009125571992127955,-0.5440552103486321,0.1248003259955098,0.19208233557541982,-0.05556050494512051,0.7646939412641398,-0.006965457004639068,-0.1313793455000762,0.027910681243567485
72,0.12364498867059584,-0.1602003154607823,0.04058421592346787,0.7482771808446059,0.06802533970665435,0.08829504715786898,0.00395584027637402,-0.022824228639403435,-0.09491684775599911,-0.04291436186623289,-0.5084270596495041
73,0.003570635573668969,0.08461569349072476,-0.2226796669956405,-0.014346946603407533,-0.5673384091710294,0.031082477659519867,-0.16899661084947734,0.027106475422181177,-0.05504874895283087,0.11391511489721393,0.8848046550378423
74,0.2125663526461392,0.07916684142327635,-0.04626973810223288,0.053645173241548445,0.6311169004152154,0.16237353084727096,0.23680756688763882,-0.17241969440907362,-0.18452851810355178,0.1327071847277301,0.00044857483470666076
75,0.1253672736302892,-0.11104042604909015,-0.0876606369066434,0.10907999075870742,-0.032064227468250765,0.2828740359151771,-0.07356610054283184,0.0029330432815646047,0.5001180500917949,0.19031007410196663,0.05849508675991356
76,0.1246219583403199,0.17912278254209962,0.6793237733224282,0.08349491842881905,-0.003575539711394264,-0.03963311185491536,0.015188517952330265,0.039925290629330534,0.1523328769401149,0.011408316331689676,0.012737559230946991
77,0.04623790569532249,0.03435819388180711,-0.12240239896289742,0.027974943621594705,-0.08613207878706822,-0.6865069705667691,0.004367453657512869,-0.07160264107609941,0.0764814146999312,-0.06535417034662497,0.008139496460948657
78,0.018652049823739116,0.06171828658437789,0.41843140060035383,-0.1748757971475627,0.03510759652012746,0.17041093004555924,-0.02459403713287256,-0.000561336143210346,0.1404559288006208,0.05374836670062854,0.13657252973655956
79,-0.09172208998826605,0.6777770659029636,0.017591117930368345,-0.005404935173885602,0.0010878797038360905,-0.014485579360719987,0.033541187757578875,0.006866971871541141,-0.018823690550435927,0.02851480261120351,0.03334865649660601
80,-1.7822969607926207,-0.1002021296324775,0.16126972015569374,0.05810134844744075,0.15041686644532398,1.6364438397715988,0.02428492721338358,0.04182621547329182,-0.00850836539246192,-0.052742165868748095,0.12704698310305015
81,1.6720085559701623,0.060541759405695145,-0.007533245305206402,-0.047582697597579465,0.07518524216711214,0.025670193338908416,-0.9348221296220931,-0.04476381609695027,-0.0106824307115975,0.027831465505250935,0.10610395742977327
82,0.993249761632678,-0.1392022983036685,0.1918079085595211,-0.11747110900703532,0.06426742961638063,-0.03220230713505218,0.05196802363833768,0.1489672984723198,0.01885073742611242,0.012613826368791409,-0.045485825847126474
83,0.6146733875460458,-0.023686899159093763,0.013485344221935511,0.027010753700002325,-0.00364976442331292,0.08855950477625128,0.005824401487814973,0.011439190719319259,-0.01497924858126818,0.013253241892963627,0.03758825423913702
84,-0.17112943021204735,-0.062039458104699435,-0.04536520416827326,0.027643722582302944,-0.013043250717247332,-0.09826362815446302,1.4080295514440981,0.058314350120791905,-0.17017384311433204,-0.7805983105322992,0.07943889605216051
85,0.016773842120202137,-0.6559642660077555,-0.10356733620393808,-0.10464565023498738,-0.14412980555866758,-0.10505652806818608,-0.09402875347924909,-0.06736116670926227,0.019639948575487582,0.9010836734254979,0.055997409096871245
86,-0.08362221123199004,0.7771094535906974,0.020311018137684194,0.03502235604458874,0.007427542110926561,-0.000701383978050741,-0.022237517879311074,-0.5391967483575523,0.028145980117156754,0.03192368241965079,-0.061980871259914375
87,0.0519922488322266,0.060802868490840885,-0.1239740950816786,-0.5712376437915538,-0.06476739022954212,-0.08978722241443254,-0.04030998295240208,0.8085907250220254,-0.07068697529158467,0.0004795961363432263,-0.015165531813649439
88,-0.21118976447700502,0.050026841726139,0.07111229547421634,0.7983852569738961,0.08125818559218626,0.0030442359522565602,-0.032804320108711996,0.09156371410423852,-0.06668531396103819,-0.03687720220957282,-0.3885799501610524
89,-0.01875578164030503,0.19270555550833374,0.03862048645622835,-0.03969643374888906,-0.6055572492534812,0.09004619273771149,-0.004661596858414983,0.024563573981396553,-0.10793294579549459,-0.1503727422340908,0.8984676242550188
90,0.013167222759626064,-0.010300640359439435,-0.21908094928370805,-0.012056412815984501,0.6048795744030764,-0.018496045374169885,-0.009627506481391941,-0.0003237872828964015,-0.5353385401648493,0.08717638087819862,-0.07797874868919423
91,-0.22645700205530783,-0.005862512998723566,-0.10352194666085605,0.05362177802503408,-0.0209419785406336,0.06362649105561644,-0.06575194583863593,0.03423954675946596,0.506181825942726,0.12504823265975024,0.028083267680881225
92,-0.07401909831321157,-0.19292193813094627,0.5198246943616811,-0.08708650124538472,-0.11921024186346833,-0.08139019862195761,-0.05824882869840735,0.02035950132841155,0.03960984629237496,-0.002526141983110339,-0.09592886841926761
93,-0.01764837166892693,0.07050409663288941,0.11476077859901108,0.02403351865119473,-0.07968655920239424,-0.7183006361070245,0.08640748650589797,0.016277331978538655,-0.046322951550457805,0.03604615800923208,0.1552762519674929
94,0.11064966653769369,0.023937658891565752,0.4276146088286619,0.01670940619265329,-0.14325548563185897,0.12438286093124276,0.22469663962442923,-0.11510730571621375,0.02019925624056535,0.08899383739104738,-0.04200156852144542
95,0.018545290845834998,0.7168306483859546,-0.05325896188012863,-0.00838255671955607,-0.0503564794463693,-0.06450284202619089,-0.07373411352526836,0.08115182757415657,-0.009022828098029824,-0.06921694376278074,0.036156742499858376
96,-1.735459886430289,-0.14177790721815353,0.07781782406079438,-0.06330680196490773,-0.029670218496214974,1.8214535954033904,-0.02039219222949309,-0.004826805106398968,-0.03749416419508965,0.00029478874728461075,-0.22369912182341478
97,1.7475231239410889,-0.0058173773854823885,0.07945566950388629,0.049912101626319864,0.05687358187338824,0.023449821830798655,-0.9762523078465241,-0.030282574317127053,0.016520808748067196,-0.029954549379998474,0.059092356672603215
98,0.5714353823292817,-0.03494391745295652,0.060221552360267314,-0.1033195420906747,0.12304221225934463,0.05529359099460814,-0.03648399929249745,-0.0607329226882241,0.12069854708704711,-0.12100007644647155,-0.0424913969809316
99,0.7092094942992202,-0.034485314611486476,0.11887105603936761,0.0362794176850516,0.009174842938056909,-0.004226141115255627,-0.053748059385564644,0.023462498936877865,-0.006078039868349799,0.06108465099846522,-0.013420238292838265
100,0.04402009642607746,-0.0243664183661814,-0.1876239671598811,-0.039393745372210645,-0.017528258006200195,0.06524087765396833,1.2509551801300964,-0.016905345508132018,0.11188061295414453,-0.9008842081349311,-0.06285173967657613
101,-0.042154552530712444,-0.8160583439655987,-0.02607170563033925,0.06987463599088717,0.00915699916951758,-0.17940662539836996,-0.03687322197364512,-0.04062645849467479,0.1571628078100766,0.9566782273195045,0.005266620858578319
102,0.05335589608417063,0.9893524663414544,0.062342572042031315,-0.10415825474065983,-0.013285928319267042,-0.12594540202409987,-0.08713414604613126,-0.6621930157754852,0.018983194583893297,0.03179696451189,-0.005422372821781898
103,-0.14186749967833406,0.005988316685896633,-0.03782590847279468,-0.7316537714041514,0.03684756694379718,0.053539352083500365,-0.031342928870437534,0.7178652098926039,-0.06711763173874291,0.0064505967854873985,-0.06857079497928022
104,0.09215221343950002,-0.0036987849224579847,0.11468165062013481,0.8041638447803684,-0.10272914750066728,0.08916940882701609,0.12631810758223042,0.05705289646109928,-0.06130150122485252,-0.14501299527730402,-0.3632635991813986
105,0.0021493863990630644,-0.0023391259682168297,0.17077034246990727,0.028744154786786033,-0.612422460599814,0.033407488381826916,-0.07262773115130686,-0.005063176470706092,-0.12313513575635811,-0.023256614516745853,0.842301750193456
106,0.052284216323780795,-0.048334444286151614,-0.17204626530754835,-0.10378214457620938,0.6078132993684873,0.09549950738593889,0.00087073917621524,0.0641986363482427,-0.39125628414374236,0.08163401228393502,0.03208126264765214
107,-0.09937286923031187,-0.002158080446644793,-0.09220006740943168,0.03718945799344196,0.03833258373400107,-0.0519296259038866,0.04684733072711605,0.17410577507768554,0.44725308075307413,0.04246507793736288,-0.05913072252918804
108,0.2411106878252095,0.06687494945960012,0.6071186718639408,-0.12315748261208881,0.045581146210095624,0.03296018022267678,-0.13263019451522215,0.17404136723032815,-0.0679930851962331,-0.187635226383616,-0.1405263354171308
109,-0.035148354425034334,-0.14103772403890902,-0.037697144182299254,-0.035681761883275084,0.15790191842142623,-0.6395239022491418,0.02604291557929826,0.03141453040849831,-0.0751677860083515,0.035972730009179464,0.02305934647305119
110,-0.30290341790497766,0.057997915675800864,0.40976736695141874,0.04056889555487564,-0.12603870834028255,0.016228506936557287,-0.030192517123753853,-0.06554766710747856,-0.08539432471293186,0.08917534391233353,-0.05462541899920517
111,0.036359521989774546,0.6577658510066376,-0.06347153194510743,-0.0408706285704401,-0.014132633505491439,-0.04923427752210942,-0.05738353828103453,0.05983991765884905,-0.06404082587599286,0.09501600140782117,0.011208821308903558
112,-1.8983986703481783,0.07785074440335452,-0.06624659106769498,0.12381186003636357,0.208010609272616,1.807219241750138,0.15596752049897103,0.08054211672433308,-0.011958936532592742,0.21480095908930807,0.14703498312319271
113,1.2807202370336255,0.013484920544629228,-0.15199443283183167,0.0363871960268082,0.08125651783900235,0.04279427461994455,-0.9701584009213867,0.002960451610594143,-0.015101052801009146,0.06884920986466028,-0.05702880443314415
114,1.0755340595188505,-0.04034055483762723,0.015615074726844317,0.07785912286098855,0.02545381964464439,0.14100631605403513,0.03727131160548279,0.024419767131089145,-0.0779095170237581,0.039191739581573015,0.07407400735728255
115,0.5830630902748493,-0.006862745681363873,-0.030544513041366225,0.0015431960588717644,-0.059916083122465456,-0.06328371941727896,-0.006469350821113384,-0.035564228171028126,0.0495774702415901,-0.019923524697418392,0.011790767905283064
116,-0.12955998508922095,0.08957129056078278,0.03191728852675678,0.053562142018548885,-0.09318462574258471,-0.05521890140260188,1.0742863550323705,-0.04733399880086267,-0.08487165953392303,-0.9366867425266105,0.0771162849170264
117,-0.03999778339722589,-0.7439512974116547,-0.0055807828963952985,0.07811638696218846,0.010110000635780114,0.09244809701445669,-0.02376143758678952,0.1689006729828961,-0.05912724100967328,1.029205496510843,-0.06267910307869405
118,-0.14827885795838786,1.1637660668633178,-0.029844877973141552,0.021371207612497847,-0.14955802245390248,0.12698490154228037,0.0839221361643334,-0.5484942139608022,0.019009669635056337,0.029098751186116056,0.019518385721432493
119,-0.016368898965529347,0.025621325838693816,0.024441315076277163,-0.5413980006235284,-0.13694027501947903,0.05702061329640045,-0.1974652916806108,0.8247810723153117,0.007371182468403407,0.07961524317293145,-0.018395944087544393
120,-0.12389324966225693,0.07599778881168186,0.11376647089109616,0.7786135440449143,-0.01712729995785757,-0.17591974104418695,0.12272760537295421,-0.04951296094003562,-0.07112589073150166,-0.10323947784319862,-0.5625268071485816
121,0.08910870794500535,-0.12417736141099969,-0.15495477647048364,-0.024704711486989175,-0.24065231620577987,-0.02954550392126506,-0.032978454093131125,0.07791615885270413,-0.01856876572766125,-0.05856694892068107,0.8947128697728474
122,-0.0511648413829364,0.1039438198176589,-0.13735981253935678,-0.14253432417813713,0.6064608942764064,-0.15020511250525628,0.034662592348120656,0.09439771210986081,-0.2291952716909418,-0.09185495067493565,0.04205119215539607
123,0.0023673725966759625,0.010304134467111991,-0.1285870494096133,-0.010380429613308692,-0.013384069047694631,-0.10146707228308602,-0.11474698531480426,-0.085117965488601,0.47186859206709103,0.11443824705147337,-0.0325960536626693
124,-0.0887042832361601,-0.011819126675105754,0.590571241241117,-0.01932853056162864,0.14368877802870147,-0.28976909530380723,0.08479733540021239,0.11704433113334595,0.06908942442005245,-0.0029995669174672696,0.03993546557859719
125,-0.026036419764294827,-0.06257592403382618,0.04825168232288093,-0.08121247224913003,0.07916986966722654,-0.6541635120589294,0.02404528637394742,-0.012676535542415499,-0.1407641119353698,0.03756033533364093,-0.08073228196591074
126,-0.4787571693318113,-0.1555431410729443,0.4258015464451598,-0.023183347965508718,0.0809935814697595,0.13271529583874433,-0.029650123509924135,-0.021020792060406836,-0.0358113126966571,-0.032979825225958354,-0.19782886087543428
127,-0.1603880190939252,0.6798110309811467,0.006859773209365729,-0.0148080295444271,-0.0425214898859107,-0.11689175081342491,-0.12611799213791552,0.014622732413465827,-0.06269710667436587,-0.059691463906762623,0.018657625994758564
128,-1.7618850588066806,0.04981003841728004,0.19221959737257083,-0.033394355460776834,0.09823729720487397,1.867213875273853,0.05281084716892568,0.023023517127483177,-0.009219597707934183,-0.0242347560289767,0.16212915096413638
129,1.3295086372702158,-0.10635920864495826,-0.09034455853959915,-0.02674206613273675,0.009115254163157196,-0.07791584604631009,-0.9291499436644755,-0.004459583618914276,-0.09508740133235419,0.023496202078470755,-0.02249157240255163
130,1.0037744164003877,0.06625536756883928,-0.15862354887679186,0.16954026481880033,0.14556208708599264,0.01822065487972525,0.004066472911649091,-0.0412904663408855,-0.0651054321542232,-0.23502891434179846,0.03654129998186154
131,0.6315612479280667,-0.030991949614589454,-0.013843599976138751,-0.006173685374791395,-0.031427288305736524,0.035280291880994956,-0.04962015907276162,0.01240056173717074,-0.03711373653044932,-0.0010370136476921684,-0.08709293734622749
132,0.07287855886146898,0.17842953099746633,0.06639993877791382,-0.08078926299972199,0.012575348962393634,0.012917954159520899,1.1029717803043875,0.03396469411108169,-0.07089436947060772,-1.0691385490700775,0.08639685888844269
133,0.04608731339701091,-0.5393433496597613,0.05576272533287752,0.07907440868926213,0.11344759466868085,-0.07873317348512406,0.0849614052272365,0.07121778211178521,-0.035119461709579275,0.9930013302201112,0.012384235936598193
134,-0.018276581507504656,0.7855982868375824,0.029907151381962524,-0.03682722816427654,-0.0012963789306285147,-0.010516279025641652,-0.04589014047264083,-0.5297695461436949,-0.08279300384949226,-0.06289201719307336,0.10820035121747515
135,-0.01401127960905234,0.08722668196503823,0.02149122291213475,-0.3831332286008147,0.049297950636775605,-0.01392596531726303,0.021545105063191558,0.8484326677314257,-0.06544160791122709,-0.0010466929878258863,-0.09430726324784164
136,0.10763251768465831,-0.08822995986481173,-0.0488514449173125,0.8490966113630302,-0.04559691342122308,0.11299229189998271,-0.08584207768184451,-0.014095833797157141,-0.009477747336403183,-0.02311863592360528,-0.6823873556769877
137,-0.03325225510040921,0.07677900305033968,0.20622655375950444,-0.0019322064980859307,-0.5014081068418906,0.07358253661817699,-0.09446485707771289,-0.05837729917281556,-0.16869393725913145,-0.07989249642609675,0.863629913967588
138,-0.026331353167899578,-0.04218714466918726,0.03456434356841058,-0.08877496750749873,0.6540677108428661,0.016746250694992047,0.019844612758904707,0.05973423201817158,-0.20555245288524887,-0.10984749311965177,0.004174628805965015
139,0.021493447152354572,-0.07039560530227654,-0.3298417402306636,0.13431897112045385,0.05901026284542239,0.031128758406410856,-0.12936360631715693,0.09873250807246764,0.4709214046892336,-0.038515785110076174,-0.062001489694286
140,-0.12105325054761161,0.1840231632190241,0.629593434743211,0.20724826005434913,-0.004319338183342231,0.13337906787812479,-0.01632050072957601,0.06444928038209467,-0.05534783963952599,-0.17498923235196462,0.1896076517912334
141,-0.008367486150982362,0.048167439106503805,0.06497200569410903,0.004566072815104231,-0.19454630846924462,-0.6563439917414108,-0.04765707382563292,0.028925894684075134,0.035232890498810544,0.029161606185706148,-0.05231483739333275
142,0.0012563369892455937,0.0006556987411448457,0.4349642321610916,-0.14658585088517082,0.016497761718886023,0.1394203644120118,-0.15309462467488638,-0.11207075782501154,-0.04620160048953847,0.01219710978641485,0.057624962409728836
143,-0.09234599977946548,0.6514195202079252,-0.07409619403298634,0.035547216382417056,0.10731798296252747,0.09795541371633598,0.09565509292098104,0.004583834254300092,0.009006313073443012,0.030393985964227987,-0.0416342457929398
144,-1.891099612485721,0.15948485526861741,0.10241019137672906,-0.1671139159758268,-0.02739036755245786,1.6996084471122723,-0.021260997271503174,0.008476052645004306,0.06148466060262593,-0.1732435408134104,-0.10705489787492095
145,1.1619667018082251,0.1015859333197874,-0.11058051067345413,-0.1346588831832024,-0.028822102445052337,0.006009496860476159,-1.03451218197579,0.046716749311967065,0.0054110087215780344,-0.02123093980625274,0.15465719957989443
146,0.97757047207058,0.0467279692963652,-0.11280133913019723,0.033538537084019035,-0.03781139286985104,0.030885756428240936,0.08740312678712285,-0.17072998394798353,-0.05701693923463472,-0.12839460224926177,-0.037558746997570336
147,0.6406573668427065,-0.00796854844982562,0.04210190474494629,-0.0228487411853204,-0.0034226848154544553,0.02285480784656461,-0.0016018644256117949,-0.07122773668736539,0.015899381032277816,0.049137620037613676,-0.03410898590851113
148,-0.30213679620602923,-0.06172589707988411,-0.01284096141925046,-0.012558444692087015,0.01736106628114734,0.09265598751222937,1.4731139187906033,0.11550881486286743,0.11029625847935175,-0.9392339790997863,0.11896468935509011
149,-0.15154897055274064,-0.8045582483569426,-0.015886970707900436,0.1213241051430753,-0.13370499069289687,0.12259505676176931,-0.03957241611861499,0.06279216583856126,0.048721512428785314,1.0481657855520647,-0.08933452649125836
150,0.07775847088062339,0.8975588794481759,0.032751948541292084,0.014885613438481465,-0.0812706314107742,0.04405980936080361,-0.043982681227906655,-0.6964106048340034,0.07507931914715844,0.2078740171534386,0.02073970000137582
151,0.18371260357434385,0.011985360576804677,-0.08551940568486584,-0.6808188601936745,-0.03892053988294242,0.12297563975073914,0.03079366746584375,0.8026397208944474,-0.05899111177455474,-0.0323145244662563,-0.025861295897814086
152,-0.10926752712770763,-0.1108668617168501,-0.005027679416920613,0.7640637219618914,-0.14902007081412913,0.2956119026990108,0.2980242350343084,0.0051061298357840835,-0.11254877084694499,0.11757241690078711,-0.39091216792342254
153,0.18793530869773856,-0.09820525162875149,-0.13966748454853112,-0.05882294781367991,-0.6542820126516827,-0.005186133177069111,0.13962710887537386,-0.21116206056141687,-0.1281491657620086,0.04061562024162288,0.8831180097901694
154,-0.13064411724674718,-0.16493535975312243,0.01031696286208756,-0.04911445811112524,0.6685041189043347,0.10263627660802857,0.02256312590412195,0.05661335598087972,-0.3491730267810431,0.10747495287507298,0.028363307710296264
155,-0.08405192719406855,-0.1989776747417103,0.18343417456119615,0.05930627546639196,0.03732392159702887,-0.322275971048332,0.1142468714009315,-0.019734807637211874,0.4871540968254069,0.06943452670703247,-0.08819866912626516
156,-0.19454383684105847,-0.019607608835001157,0.6012205184091374,-0.008734685806788971,0.07838115268845704,0.150976461813717,-0.020656300816809595,-0.06061141054296498,0.12693928266495774,0.0033328731419978086,-0.07993112875489149
157,-0.028192830068709047,-0.03451470717463214,0.001780553545667811,0.030660021883743085,-0.0850756283978195,-0.7232806134419967,0.06360827371666698,0.02163522537270866,0.08360964539901687,-0.03307065913266485,0.06756244076005516
158,0.22239825009719616,-0.001567221378755831,0.4039702911604844,-0.15721264632281864,0.05628740684995419,0.11363741603808847,0.16016922232234496,-0.11284309020645082,0.08017184064480234,-0.12199209929982303,-0.0013618021353475184
159,-0.019637177444593923,0.6230541692166436,-0.014805855704998379,0.039313530648139854,0.010447621029059757,-0.052361003433195996,0.04072439667181185,0.06141488871753434,-0.012522002453164354,0.015529755359650128,0.02746700266520115
160,-1.826031947202089,-0.08010355841904941,-0.044343796419156645,0.06018390616259834,-0.02720568116942675,1.8561389019237282,0.11865828797016717,0.08036618292237868,0.035254276361641225,0.033132295971038436,-0.026561451931084338
161,1.4277928022725617,0.05587618833901705,-0.12520954612593238,0.041551767713741763,0.01901989631109945,0.07162298205557284,-0.9507241582491753,-0.017178164481011574,-0.15204670754349417,0.010420386844862472,-0.022929676393635152
162,0.832131682470136,-0.027099493507828365,-0.1994434558073146,-0.055398955661168314,-0.1672181899953342,0.09022973721150473,-0.10107692335476999,-0.11521961996567362,0.026258951935408,0.01221588227433983,0.022006628004685842
163,0.6307508155767033,-0.067685796489926,-0.04150390306850031,0.01753539863772616,0.012165758211776945,0.009511388781001256,0.05967710588809649,-0.0025023347484503427,0.03738963726517261,0.03728295375434706,0.02491023614702743
164,0.13192029878624126,-0.05033173687541367,-0.03846098656900349,0.03632970373920754,0.029699240545047592,-0.11654916594099737,1.1395777783392056,-0.022049703247634795,-0.0780338703098701,-0.7783739210513734,0.016485312319595515
165,-0.11839488707480675,-0.6319320854654267,-0.11725473405159134,-0.12861297064572383,-0.06785547473583012,-0.057531055173538584,-0.031088281339028447,0.024292443199251793,-0.0200637272665754,0.9945559586211309,0.005061371151911561
166,0.0006675130922251691,0.8574466900251034,0.04759169124926203,-0.0012934497870635633,-0.009774666381737424,0.1913982092524562,0.04985385439930795,-0.5805420517448946,-0.06572582705995042,0.045747537011861454,0.008029768168137316
167,0.2256270948584613,-0.036614908945560534,0.12107913880987084,-0.5798679778866509,0.06744363860634597,-0.23498757104071083,0.1804817292080335,0.80157058793085,-0.004541952563280783,-0.11351272007363106,-0.17686335735066222
168,0.2370045984901753,-0.13575116587092773,-0.19138007694852516,0.7550125944650613,-0.04062411109289476,0.039223453955438144,0.09532491539028937,-0.17820166540339158,0.04542899074451065,-0.129534466970318,-0.37519063639571887
169,0.04132140826379935,-0.021647549106923528,-0.04858426640959148,0.15873145799551638,-0.4508505124978714,-0.09755793976822284,0.06883687666664758,-0.05780038393568683,0.0392786011762266,0.12514651799444898,0.9563224906922729
170,0.06219883440795226,0.16031291064163994,-0.1202182027595377,0.07293813629427107,0.5628068796976275,-0.046844868360243465,-0.07004629306626312,0.11787373275728749,-0.2149182895976266,-0.1229963403761539,0.02350655078508114
171,-0.11094994051154033,-0.05236953543714505,-0.2240294769786898,0.06897143399664211,0.06551590709154019,-0.03229325205398015,-0.11572874652779622,-0.12280546083175795,0.5186141526823951,-0.16643606064403257,0.015145326736087233
172,-0.150111748303855,-0.027106731570151296,0.6294967445619203,0.09895287878988601,0.12545989475936312,0.013798725851483645,0.03501149761048741,-0.04908907243845298,-0.1025516999598983,0.10452088908173783,-0.03355147241303225
173,-0.0750998866929708,0.01660475569273245,0.1495812701755048,0.005892416729364123,-0.01964044682744991,-0.7159769888469305,-0.10307468258800577,0.05786673704398433,-0.021327018033394617,0.0033899084071900114,-0.06252271446860978
174,0.23203401906637108,0.02845011218067864,0.37127057656720464,0.04545053933706802,0.06702881113034537,-0.21985830971913475,0.11240078930898152,0.05285020619425858,-0.10582877548602938,0.14662202787454853,-0.11210348996927219
175,-0.11118196771414741,0.6101603549610746,-0.03614641089682829,-0.027921946556812873,-0.0862704965167988,-0.08542976251446384,-0.08278207977696769,0.04088330926648305,-0.03679809702766425,-0.07212218099377182,-0.0026050021268960405
176,-1.8355608605088187,0.07001481129971018,0.07192273677961426,0.09433754807937329,-0.02896465136836215,1.6902146348125364,0.06920434797272533,-0.0017282220598816445,-0.11531338851010067,-0.02967212992244713,-0.05326228213372005
177,1.5035001564907227,0.020950068589551882,-0.03149041101655021,0.015114527345772327,-0.06118023498692338,0.18167381318164236,-1.0445190732563554,-0.0184583397413417,-0.043393377722335605,-0.04889149330823527,-0.029339475601566675
178,0.9775368820342725,0.09863137039778835,-0.08019923336213136,-0.028264797312779484,0.0007260116609439995,0.08926989184509043,-0.06546612049528738,0.10180349059783239,0.010582726835150939,-0.03634156936503258,0.02323747965075252
179,0.6282523893959681,-0.032572890392454125,0.10035816928477585,-0.007771537560678439,0.02045195985966476,-0.02216081182149566,0.06632186227914946,-0.0447029978979302,0.00019659543977487703,-0.0124445533242972,-0.02025337686742353
180,0.08654599833988519,0.0061026594831873945,0.11987676660018516,0.0351294478332606,-0.13565677141886903,-0.1201033722377505,1.383270675452792,0.11029824467713505,0.029917319265787487,-1.0455934145118866,0.14058108352166473
181,0.15355450886211908,-0.7115404391365563,-0.10812436774555984,-0.08823472856482846,-0.017878728908536104,0.011491334285686251,-0.03839973730039619,0.006429301620874562,0.049913404560117315,1.0441183113315187,0.05426493044292535
182,0.07719957947957737,0.8747940906460677,-0.04418099961834951,-0.011106898206516516,0.04004702726576208,-0.07949747240830086,0.018562104034614495,-0.6211492744265095,-0.007864308529529834,-0.04876861394315026,-0.006334782941902199
183,-0.22453096435382633,0.013508919950838012,0.11245099615493437,-0.5068487785140666,0.09826125525268316,0.14117394791145554,0.14644305634460728,0.8417496057180053,0.023087571860491516,0.08419293811627798,-0.042628351232558016
184,0.28299922215492657,0.00488785491146403,0.0715464519548479,0.7605894922846743,-0.1030435234043546,-0.15986359417885834,0.019382266345842628,0.0032998343792579364,-0.0432940468567372,0.056659428429086965,-0.34909889962558494
185,0.12040826006912797,0.12863439962723516,0.05130463276207379,-0.04757267588729199,-0.6305975778280009,-0.09339588570642961,-0.09092173298240576,0.04074250077096042,0.1254281402641646,-0.09300130772625002,0.9065768993927855
186,0.08374010514942111,-0.018455299945728865,0.047232475455759565,-0.00945875349762862,0.5926067550032068,-0.025603620399065805,-0.0834025111871811,0.04427739934756085,-0.27993215540564076,0.19014668198383095,-0.009167837855925103
187,0.09481910980887204,0.11809533167577657,-0.0721193743254382,0.010833767834957393,-0.009892248140830739,-0.16747627806465024,-0.057438926987857464,0.04132241869436945,0.4925508219758634,0.2913572393810564,-0.008735006456999905
188,0.035965398009340795,0.0720703486637833,0.6525834483846015,-0.11348893929434636,-0.05866924964573102,0.08836480268121495,0.08300713279888236,-0.046445376263708114,-0.054380441756937146,0.07509602257721006,0.16526233465383428
189,0.013048476368762973,0.022830250133294164,0.02193323984990715,0.07150237109340242,-0.014002671960514019,-0.6856008850359112,0.03462017239017519,0.1150302924092926,0.11523430803222515,-0.028836010021385656,-0.06960130275592749
190,-0.06268805279710005,0.16464608994095267,0.4115520761856609,-0.10783436233292035,0.01664198762467497,-0.1851208624624371,0.2339834157737381,-0.07545660985911201,-0.09833935121562577,0.016160572019641502,0.04911460208794585
191,0.15526163784151403,0.7204463785001572,0.01809100664590559,0.005219354634078912,-0.029936478571277365,-0.02169598536699399,0.11344592891891139,-0.022959645444974197,0.05262684402662314,-0.010614670627078633,-0.03466928214673289
192,-1.7663205054503366,-0.050699196686284344,0.14506653301647335,-0.045655839225235625,0.16187301218791014,1.6141837249299507,-0.03616346035716024,-0.07508597387389498,-0.0813366232804352,-0.11030794362094426,-0.05844999781027048
193,1.900804467170121,0.06793111230921042,-0.053167191523914366,0.07803023825363674,-0.022116138457895833,-0.039982325477854345,-0.9361193895773766,0.03499408263345567,-0.08459330186124876,0.03158200709093555,-0.005197643016666849
194,0.8370878929153692,0.03313135206456238,0.2073923830188103,-0.013660275371570873,0.07361156025270313,-0.0396030233560597,-0.10355782980669728,0.09523350748756824,0.008709210730907992,-0.13338232924202972,0.10666092144430205
195,0.6524407202653245,0.0021986726981168547,-0.035130465787580445,-0.008534459610851133,0.013784199048652947,-0.06597718540659153,-0.029823022390143963,-0.028532893596864888,0.010436782173433082,-0.02201545469371107,-0.02934887419467993
196,-0.005332169674016422,0.09559745031704947,-0.03326071073234296,-0.05934603926998223,-0.0654910494013513,-0.1791426143513534,1.4362764493758569,-0.01122096212981548,-0.006273316576589006,-0.8717614718338924,-0.00878818919208088
197,-0.03015852767979848,-0.6807207766635319,0.1165192369236167,0.06882517512575073,-0.01754843873392606,0.06646594415527772,-0.14998698870189092,0.09301807501243901,-0.05428684813102423,0.9925113437753996,-0.05002949275940603
198,0.13940990783319412,0.9833920867312209,-0.001781641867127025,0.059636888538390706,0.1469300275834801,-0.014651325426149138,0.020444293595942208,-0.5576180058091758,-0.0037758996100048393,0.08554543299667057,-0.062237053173256646
199,0.108786989860057,0.00464595405058126,-0.047481776410240456,-0.425470971002057,0.03994408027665627,0.1812672442587412,0.10244540673384014,0.91012316986683,0.21170921952537017,0.029827612175941858,-0.08041640852117049
200,-0.06398990775197168,0.03318447535858362,-0.15085564790258002,0.7556888889055021,0.01624037262614649,-0.09380416451009647,0.11314782635016501,-0.08640232834626671,0.048658717419528374,0.032640720042885825,-0.3947974083735488
201,-0.054077779609065804,-0.03481834935313295,0.043185582592005285,-0.00919502443393158,-0.4033262672356049,0.15032450758939528,-0.06482851330279508,0.04038059351618407,-0.12883038894515741,-0.07402610426747276,0.9379144217445535
202,-0.1626061378584565,-0.24447191362451956,-0.02201022009676585,-0.03653930011002825,0.6253183731570983,-0.11824276388475166,-0.263948431210026,-0.04372613870163851,-0.2065827244215065,-0.07605283632619955,0.0389732885818067
203,0.12350034776796134,-0.06860542811163536,-0.2789942777643096,0.08263936425457087,-0.0347196070943476,0.1292282693015681,0.1019136717873876,-0.10247322814826525,0.45228318035386345,-0.10029891994813915,-0.07062486531651667
204,-0.2750904065448369,0.13308220809129878,0.5951109017790107,0.05033646608364287,0.16202035713342197,-0.0019432295509140413,0.19369929991258844,-0.04914630859236416,-0.03270943448208461,0.1835296775490965,0.039833907973949326
205,0.061079993276935175,0.08114104041962697,-0.02078856688415312,-0.052484154955649266,0.04450841393219884,-0.714950885375659,-0.06406341356872719,0.10206737056940778,0.11831411815124508,0.04808525084454128,0.0068767941337376124
206,-0.05667503040005055,0.04313929486328956,0.437284285586652,0.005051835309625245,0.06997617454831391,-0.2516668190501584,-0.17529303727983353,0.0640595823549918,0.029550745308217986,-0.04549027733541691,0.00501052690985962
207,0.06688816956395796,0.6348785144495023,0.007901814628782644,-0.021669319821167463,0.05693477267057662,0.21529449813791812,-0.1118559348693796,-0.046896611005426,-0.054086299300945564,-0.08412202303205717,-0.07346728936428112
208,-1.9030522443175255,0.13212672302142667,-0.1530233258614669,0.06949500185787653,0.027355942950803853,1.5569315213868946,-0.029141079782684695,0.06774323272770467,-0.014499840611708907,-0.031202836583248496,0.013906242412588837
209,1.4812474766986128,-0.03267475460186787,0.022023425720696207,-0.03096453332183494,-0.01946080026639347,0.004313752380337715,-0.9961923717915031,0.06821047324986083,0.044050118532549296,0.042565656702288186,-0.020125760453625827
210,0.96328338478316,-0.0454323360629052,-0.18331206562055552,-0.031909282685333315,0.07098191970676342,-0.04134257989547646,-0.0629912419934246,0.09673435131225987,-0.015598539097164478,-0.13166646157754272,0.08613194935560213
211,0.6171071295139253,0.01382603921294454,0.002496753721981334,-0.016034756220315863,-0.06317790503714153,0.03819442136483053,0.026437106864219066,-0.04398482705036789,-0.02344727250833703,-0.004453545804391997,0.002158914745231311
212,0.17758062779059378,0.05848785498456462,-0.2500557599211582,-0.05448569015946906,-0.03594292366698761,0.21712482634028346,1.2879781582883023,-0.06943468184613237,-0.022442790193040334,-1.0741481457701503,-0.03882398291666839
213,0.056767207792715324,-0.8435993703611872,0.04820516635405258,-0.022250812797969713,0.02248927757931211,0.011695172813784595,-0.09770891208341898,0.0632315498759965,-0.1315763572130676,1.0480381236022362,0.026115751563368095
214,0.12530893385183256,0.9561515686179065,0.01731242923663407,-0.005604025658317585,0.028296249061317967,-0.015716945049018077,-0.05395611204227253,-0.6388308333988205,-0.00223631313866477,0.0008865660659791667,-0.05792935380137335
215,-0.05261665841614196,0.0015991697208641415,0.026021738818439038,-0.7163259983580692,0.1651717039085664,-0.06232144927131394,0.1913449696281523,0.8542789932398371,0.16730736536061575,-0.08224513314160459,-0.08733555090254444
216,-0.05611227527815435,-0.13741993305542377,0.10396992172304374,0.7863347562089734,-0.0051589696636130345,0.08146828912125334,-0.05547430515626754,0.006567519376173971,-0.016527583463880273,-0.006062757263346218,-0.585271412898614
217,0.23364202283179697,-0.0501284310280906,0.033154411015181386,-0.004968249424898145,-0.44170982996401237,-0.009422597682968822,0.040828696423213545,0.0731898329242101,0.0693663513057454,0.027665313130731194,0.8718871103500871
218,-0.031246984758235365,0.028906795617050368,-0.08556463589728829,0.02986664958352707,0.5974053564621927,-0.20597431357242343,0.16376358171487448,0.11941784988361238,-0.3295704488072381,0.11171406117982391,0.07035327473131414
219,-0.03755596501242805,-0.114585435866394,-0.014475794732434863,0.02474659010282909,0.022658103235113896,0.02532138448720133,0.10058221097380506,-0.08645468231375762,0.47500231701745027,-0.048476982517292454,0.12423201423448166
220,-0.2139001367346358,-0.11571771751772449,0.5663961130670153,0.12178677237925908,-0.07750594335767697,-0.06483604383672921,-0.14855430612168527,0.000701421607693091,0.016309881335651397,-0.1856453794206765,0.003340234332285757
221,-0.06621003161804356,-0.047523606048542104,0.03944012947291459,0.06940993468523161,-0.09080149662717005,-0.5814167584519108,-0.03015578769920671,0.07928919711882665,-0.10406856020388706,0.01581164010657673,-0.004694717809923357
222,0.250000196311862,0.16165940501972528,0.4241135636063299,-0.03860707343353237,0.019001273440003727,-0.15033951369473172,0.1167483056466839,0.06666734001414058,-0.07410943113064727,0.000683811496346407,0.07975606124958687
223,0.2935981697779846,0.7100471005343632,0.044130516646368946,-0.0559007078373424,0.019785513021383414,0.20279963039029686,0.06937390384233866,0.04561646634667445,-0.04978909057096187,-0.034738205496494284,0.05890158637231307
224,-2.0520954044038437,0.2062677520732334,-0.0466962989759486,-0.18823333789472493,0.06186313454262784,1.8664901745951852,-0.009152794478263329,-0.10368098823547138,-0.03237988699599322,-0.015181682167942644,0.0857302915580683
225,1.820507273979311,0.007557721516991907,-0.024460236655487216,-0.010742319673608256,0.07975840941754962,-0.2560200493735101,-1.0127268672543646,0.007621757600943163,-0.15540487539795475,-0.03814149811520455,-0.06705431832891622
226,0.8801212158316292,-0.11262286759408033,0.02894717888036098,0.04050680178902073,-0.07986685458948525,-0.13500406286602945,-0.00660206053215938,0.08200517134626212,-0.08991500536752735,-0.002787242689459694,-0.004876255527989059
227,0.6257977179383402,-0.013378692139667634,-0.021337590475973223,-0.04578343508535355,-0.003774229661814403,0.06037331638783906,-0.0026308340627858636,-0.06258342668210454,0.027836209686408778,-0.032517301964658886,-0.029235379462673745
228,0.30714268764248304,-0.024260624348501417,0.10144904401214731,-0.07630387589646724,-0.07704479050745197,-0.22041319280351912,1.104751730066664,0.014927592582875468,-0.08569028366286752,-0.8316302341054456,-0.1280825394296887
229,-0.04103574222622835,-0.6556239620852884,0.12147423922599426,0.12211234996101077,-0.016408711648096253,-0.04107209518073755,-0.13630127934475472,-0.027936960862847835,-0.01973225266014775,0.9017433890983941,0.1400601921346392
230,-0.12345520820539939,0.877116347834938,-0.04079970954901301,-0.07291218549766859,-0.02438426520690732,0.01363442096002432,0.05562263004870661,-0.6372325337684042,-0.08237745950031618,-0.0809857533990095,0.03407325299738521
231,-0.1207910791430199,0.00717458984625542,0.09045715784455301,-0.3577446849938294,-0.10633072082510243,-0.14502372728782403,-0.1860366458864017,0.8338558066214983,-0.020089963652883555,0.020543804070073585,-0.01837240327000957
232,-0.07931975190924623,-0.12393231795516652,-0.07137786339139174,0.7682209241316148,-0.05633031554578605,0.16345370575509077,-0.0686968609299678,0.03060927178263248,0.07020793087168128,0.12643696969806398,-0.5070237566412823
233,-0.10733147493062864,0.03904626198734398,-0.08555519607818524,-0.10392263746087123,-0.5013461842496801,0.022124692990082018,-0.02971585894021038,-0.04775604766475586,0.04515956865569254,-0.0017872126334257331,0.8547570488791497
234,-0.07207870671407147,0.09637718302010366,-0.13777870968700234,-0.0318311954892059,0.5951618739731267,0.0495717980227937,-0.06372332911523607,0.09092233106765961,-0.4934532431404039,0.012287711860138016,-0.027223641705275116
235,-0.1626458262480604,-0.03340347233259234,-0.1925238445636102,0.06761592170115394,0.037404357690540235,-0.08100910173568365,0.07047386284112288,0.03560831864910706,0.49978671035654565,-0.22792607653052213,0.15190095707672066
236,-0.07670976699155209,0.07201708281648043,0.6115956793341991,0.0834070431701679,-0.10091852089902516,-0.02957735802531436,0.15653374253597876,0.04456760369955905,-0.08672392343318924,-0.07754944613102205,-0.007153989098890369
237,0.09972586249433106,0.24489558436040176,-0.11190446466897615,-0.0859480628782621,0.014676763937370151,-0.6465744637287145,-0.029575709004503917,-0.008389209228357924,0.02174945655881042,0.041121498749530534,0.025664898066644022
238,-0.15153178652537364,-0.07116012623974695,0.43193565741286066,-0.06403379901630894,-0.015546507860901435,-0.019097076597732167,0.04297098931202579,-0.15936150294525686,-0.02561628210270323,-0.006393112901943429,0.11577569729664001
239,-0.058448226287353855,0.6864710076103391,-0.01146404920805546,-0.024376997037350544,0.07642022210385835,0.03570290781270305,0.20322035934082672,-0.01059409989349197,-0.016817236707120885,-0.03669246451404893,-0.015639440294963374
240,-2.0148751728971037,-0.026742311095140053,-0.10272205134604716,-0.11624360230025167,-0.0393958026880983,1.83732967510409,-0.10538747004733348,0.004385347476809439,0.13320781945023116,-0.060569735059039516,-0.05211783338793076
241,1.2728012279841419,0.028935977238072667,-0.036434638625043564,-0.10188299067060061,0.11393710846507935,0.1992114561974603,-0.9807156250802342,-0.013503273595231458,0.04659883246236075,0.03531686128356824,0.01545883634578906
242,0.9990163254324889,0.005330165372697631,-0.0992093057586251,-0.0503744264073476,0.024931514712466164,-0.07206495836459509,0.015108260388446733,0.10959432817579587,0.034756413566202154,0.043351969432682075,-0.09850220729673732
243,0.5707618544013733,0.039613059805638104,-0.05326562831293121,-0.06367819450413696,0.010211267597123912,0.0712416493109739,-0.031601260924995246,0.03707697428493583,-0.010205165068033957,0.009735419349325997,-0.05487873747362798
244,-0.04767475178913627,-0.07915661772835918,-0.08053603610588185,0.023671099851759157,-0.049860281351262595,0.006126354076305487,1.237713912183772,0.08881066888349554,0.026253539185388575,-1.087815240435189,-0.012939113898087157
245,-0.0943362469123768,-0.7912564716835881,-0.1856722657991214,0.06598079991126495,0.06939613697855286,-0.05127672799561779,-0.06181059294194631,0.08140602649419934,-0.10369289903840505,0.977863363916282,0.08105371606642374
246,0.06547527282353624,0.8534718387854163,-0.030067032420417063,-0.02808329230678725,0.03993052091726616,0.019934100019226915,0.10994606543502164,-0.7333447421463791,0.06878965433722481,0.10037792443854514,0.10100759168923618
247,-0.0481815646259771,0.05333972041128985,0.02112289706682391,-0.383570894970157,0.12853916596651124,0.09124516950959732,0.042040911029825566,0.8071007960163814,-0.06572178373034318,0.029358204921642712,-0.07794284358380796
248,-0.12095407964850648,0.00019243188081861278,0.05729184966773989,0.7929895234288495,-0.07229279978834811,0.07229747477213631,-0.11805642763881868,-0.1195889138134431,0.11261955238479518,-0.14251227617762402,-0.6646549926104022
249,0.1502334130584376,0.15475125810071177,-0.04800901303389366,-0.03709966891231907,-0.5789678062748848,-0.025959252802705654,-0.12272640985628751,-0.005497265934880398,0.0011559636362116765,-0.013748765121742827,0.8356029057161546
250,-0.0007058952357434683,0.1206658806016477,-0.06802360346437196,0.02719703612981171,0.6215103239714548,0.13215996771005808,0.07838439961046655,0.09734827022582672,-0.323485788180931,0.12760945172885615,0.014825454005576487
251,0.091092291883436,0.015043982008494754,-0.1470417327500277,-0.14060518922685591,0.013490671138751107,0.10830421608873712,0.016788775765899468,0.0948617893039819,0.49615408744614353,-0.0679953669321255,-0.004801718721284917
252,-0.020126810463052976,0.0513904078447775,0.6143549176829335,0.1707806210440978,-0.17066007898883856,-0.029730562187783388,-0.11812698422210682,-0.06487297004446044,0.04037180206816014,0.047203083488639955,0.05947589765164146
253,-0.0397463695732671,-0.026046080919758078,-0.019232057750570113,-0.013256691661265353,-0.03942763021890145,-0.6876155605983086,-0.07631008043728835,-0.02027002157347786,-0.05045938821096259,0.01686232985118566,-0.0759882070122389
254,-0.07202328290800096,-0.18070832536950296,0.3954472839805746,-0.07856405994471004,-0.12424056595113273,-0.05574747077235493,-0.11024506451219604,-0.1377031348444781,-0.1461866585077751,0.07773914907839516,-0.011190903933789347
255,-0.07393530543288628,0.6560271463438174,0.011836350072298402,0.02723143971047352,-0.017881903668165097,-0.05121915930516399,0.023682656672084988,-0.02785799468521542,0.07697702904767698,-0.06418125989623982,-0.0023375427619483466
256,-1.692477410345033,-0.006524313643269634,0.03797650381629747,-0.04677400057951754,-0.09884318702237514,1.5121070688643248,0.011788047048386334,-0.20535596613431667,-0.048403320625703655,-0.011874411577526271,0.08792464553636267
257,1.440736975630687,-0.08808587503758074,-0.049208739418026934,0.09366689616219959,-0.034039926178261334,-0.07392360680488172,-1.03679067498504,-0.018065150345266585,-0.053121679305991536,0.0019027475648456381,0.003300747476191028
258,0.7139507419617412,-0.008518930467525176,0.11026661078249332,0.03087886980258289,-0.10877628321827851,0.10089871901749309,-0.12366962272357894,0.0091265829560949,0.04751182694378951,0.1548275313774087,-0.10182420937749348
259,0.5616454238071639,0.059759474800916694,-0.044913697856165835,-0.0643029857392755,-0.022722226349876827,0.04830909746292048,0.010377252318339029,-0.06095302439509637,-0.07041119175920282,-0.011574526754145739,0.06168513905661536
260,0.12752194531682545,0.04095688121868117,-0.06167673171338515,-0.1740456094078092,0.021553151050389064,-0.04432976738220829,1.226963625302905,-0.020613333620245197,0.1451347073289781,-0.9646148611629168,0.06836036174310321
261,0.07179258374141746,-0.6456466313882271,0.0022291623989968944,-0.0010023245832647548,0.06789127885622435,-0.07270682769318651,-0.09150293745113366,0.04837270369898902,0.029644490688367036,1.003483293163209,-0.05433345629315631
262,0.07346566811736939,0.9514677307129638,-0.03325411000839878,-0.06527599698235037,-0.031384576852168666,-0.032557194107457665,0.04101868167393012,-0.6283633319325426,-0.14739333100284494,0.03821856602526765,0.11383298875980714
263,0.061155911130519415,-0.07129462927797542,0.00897314797019865,-0.5138563841370908,0.028560285559863764,0.07565857658059569,-0.001094128264892431,0.8020688430432027,-0.07202507004394743,-0.21670215282118868,-0.057682558684805624
264,0.23851428184334567,-0.1922631635946381,-0.12976522504125113,0.756498664690668,-0.027805367347522997,-0.13641940580423986,0.10577152447640484,-0.0734508224532368,-0.02333954455566142,0.03698635822175919,-0.7555898138708946
265,0.05359407934600252,0.11438342326982501,0.18098909948475703,0.05085033925478123,-0.5105959819137083,0.13495391888446923,0.09369386975817753,0.11157109346990354,0.04633520592392982,0.07853818898812598,0.8579032102984961
266,0.09924431886097378,0.028763721855826867,0.1601385915185112,0.028095492649812634,0.6396831725749679,-0.08355620386820377,0.15043580744330343,-0.11655955064906871,-0.24084275214554698,0.2298409129080275,-0.030941268145893125
267,-0.2848921441382398,-0.02177659781395627,-0.011847741735861894,-0.026773882845266214,-0.09897040934077746,0.2460214399519603,-0.013797223566267598,0.09541812721737139,0.43652511922994863,0.13213347754701346,-0.05009707540346114
268,-0.0603200441444446,-0.05457964922450675,0.6221679074730221,-0.1336451145572613,-0.05123823328015287,-0.03367890650025205,-0.07064167967638464,0.030071929055790245,0.07888170762114852,-0.18178625627626535,0.08233910730617441
269,-0.026494304172887485,-0.02404644079833327,-0.08552398637032294,-0.03282816307165309,-0.030339846366734535,-0.6788089049004542,-0.0911068416411122,0.011786014223648944,-0.04929577005574331,0.0289128316308503,-0.019416286114892302
270,-0.1732116441144974,0.07615167433216187,0.4244104289414589,0.01512211108179869,-0.0014606578171202523,-0.0514890660922778,0.06242453717844365,0.05123271906611632,-0.02788740881190743,-0.074415422162284,-0.06088952059638911
271,-0.08697480012716498,0.6999096973738856,0.009612097406045659,0.06171097145218937,-0.019126488226254203,-0.010008504695500395,0.0838495518589236,0.01839495420976404,-0.03464426741566062,0.026592836685430055,-0.009245524973683172
272,-2.1126355488924804,-0.18878628304482614,-0.014009377958309477,-0.06070926632360954,0.07710633737294177,1.7721739985556906,0.12593735262939473,-0.06847848847839808,-0.006339902146761363,0.06368454509560383,0.03866418618534728
273,1.3877851745572796,0.01753637687914225,-0.03736955512784983,-0.025611797110272512,-0.05068109898611595,-0.23843630812035974,-0.9807342967797424,-0.003001246616731959,0.044041702979557215,-0.011361247275080812,-0.03417147305326676
274,0.7671429497083522,0.01917640309463297,0.14313769656010228,-0.03293931360216487,-0.1054416135747383,0.041280364661472224,-0.002557550804039423,-0.1093965865036197,0.09137760084590604,-0.03703531473341266,0.04863957474951554
275,0.6625186991434632,0.028570967388992237,-0.008685439896195128,-0.04562174129544769,-0.004773073724208269,0.11287052137369727,-0.034552584519747485,0.006977783210370474,4.2899880580964805e-05,0.014977045125439974,0.039858402943484916
276,-0.2440955808804874,-0.07308757411673096,0.1755285557955834,-0.0020598385589799197,-0.05008477389823572,-0.11163780043959193,1.5046301051304245,0.038624336637893796,0.0901254317088436,-0.9404254742456887,-0.045508979453877954
277,-0.08680432292456726,-0.6360054806695017,-0.06258227994692725,0.05042461037888561,0.017392339521027294,0.06699019232219744,-0.07531895832919201,0.13050090053820723,0.19760530884112,0.9898439334911046,-0.0007171673644854049
278,-0.13328152905178753,0.9830263269020927,0.018655949774154152,0.03059225182839968,0.0233768855926537,-0.06834995084528023,-0.0016465546819216144,-0.5165640835344665,-0.08216307625476887,0.029448715820688233,-0.006652928711765659
279,-0.228803510149261,-0.04514927631339262,-0.07674058558202665,-0.5196870048515577,-0.1016657858165248,0.07422730519386575,-0.12389140254442575,0.9348160110184806,0.007777849003844688,-0.13409637787050785,0.020297952319196032
280,0.06772696187336247,-0.13164312395147615,0.03357704349458535,0.8132108641610195,-0.06401702308827469,-0.0798367941870202,-0.04811041235183004,0.01777095351359279,-0.27203001621112344,0.02235555404314564,-0.4652498520303848
281,0.12923235399398195,-0.08291077358799155,0.10166179852865367,-0.05209099963596992,-0.5473499144000328,0.13178179898350617,0.0009213352923254804,0.029218196749108104,-0.1706735256784936,0.2064960123319557,0.8706687970997388
282,-0.29876214414647007,-0.006928087735675839,-0.07609595604011002,-0.0079616289570776,0.5770827752880022,0.005911976669032607,0.01357275079996409,-0.11109183478438991,-0.19623979462275534,0.16018962724574667,-0.07712082407734433
283,0.026027824153041043,-0.16617840685811716,-0.02095426125512169,0.14386746399821027,0.07781344253901315,-0.05367669733523417,-0.1158414792974152,0.050742344182902493,0.4527782858355646,-0.12394116184736055,0.10538388431537296
284,0.11770594513530075,-0.0384873880278058,0.529945635035533,-0.023046060571807057,0.05145765829737953,-0.19338317797499582,0.07593551736844839,0.0736028206344767,-0.08074517732081027,-0.10769063870800678,0.12306040907590618
285,0.0721886671941841,0.03182313015923823,-0.06433625443907139,-0.008267577761669127,-0.04134339354852489,-0.6407203256624098,0.039409242198633794,0.028743153405231734,0.056805870829155926,-0.024555677101908233,0.04442494267495159
286,-0.030893148141684732,-0.13800735731841393,0.4445147079568764,0.06801051404357825,-0.041835774071149384,-0.05542995131169059,0.0165276042907352,0.03896573103388242,0.05902218513435748,0.019380687689069507,-0.035182567595669345
287,0.14790045512664765,0.6697715233679875,-0.0002484220165790106,0.07896110229670754,0.061979961097202343,0.11289875403503723,0.1313588094143719,0.0978417908187162,-0.031126833484866605,-0.0401207296967231,0.011876164132482067
288,-2.1003255962205256,0.1830939571506461,-0.03128425572466613,-0.002468509225562671,0.019932469303665712,1.6689261159019144,0.004185600706519913,0.12310473369110904,-0.13437626209800893,-0.07885492786228353,-0.0034929237795637653
289,1.4787385054233626,-0.07186054172040772,0.08047648878832644,0.0019339487831988346,0.07257811449551455,-0.00034199707755917753,-1.039831574019706,0.02326065603691851,-0.000654326373504254,-0.02581799913559889,-0.06488560909124978
290,0.6795382663675044,-0.03315323493216746,0.15892781965114436,-0.018296403689079678,-0.09012797991874445,0.055500090320423384,-0.008688014158220982,-0.04567189868957423,0.035370908713603655,-0.06622519791377464,0.1368397089573094
291,0.5636800872655199,-0.02412592986348918,-0.06521957585174956,-0.030684256821617645,0.04006914701180865,0.04274843628960684,0.006002483469626992,0.0016019170398416833,-0.026225333263273747,-0.0025173670845727737,-0.047171379142637325
292,0.07322037365150327,0.02782449945877643,-0.020348174341118245,-0.10744146649518595,-0.04489402052355611,-0.19428964523165565,1.2447887374614057,0.0015616875342973203,-0.14433090073469734,-0.8449738927961611,-0.05966938218499655
293,-0.04144653704579713,-0.8781875478038466,-0.0012249065933161146,-0.08991840288027111,-0.13514304903367036,0.07537382527808126,0.14719368054970028,0.04771709521657122,-0.10142407408499421,0.9343453864241027,0.07979852639849695
294,-0.13267670985532698,0.9955875129259308,0.06177190500989937,-0.06626269437433248,-0.03165252525687271,-0.01864681995345515,-0.14749447313201372,-0.5396478429365819,-0.007832141786756362,0.14364301641381932,0.03736852656239938
295,-0.02276037518604141,0.11099866060590728,-0.08000324431500011,-0.5976413248599405,0.041006205195687484,-0.1621197685115251,0.04925850605574362,0.8614522319188024,-0.06460377020735356,-0.11507761901033639,0.008270460941899625
296,-0.22343913923425382,0.0743420697925821,-0.03692816381199066,0.7357221000053629,0.0779125562206972,-0.035995524033216424,-0.05378942278013985,0.05500708019184397,0.03866811463348799,-0.12605616053447044,-0.6258508041063119
297,-0.07796597788961683,-0.010421989844947025,0.009805076080941243,0.01626584376434796,-0.5821460533955134,0.2032306466102286,-0.14175432770847174,-0.06314550885835252,-0.2153057689582029,0.03957783598648573,0.9038882467842286
298,0.038366326827583425,-0.10620695171651502,-0.006195728361087878,0.03419812700744285,0.6072281722668431,-0.059292893479298475,0.021777704198408965,-0.024676024608354868,-0.35403889569012365,0.02846804386387682,0.05706819939903811
299,0.08947420701680556,-0.23694531417394657,-0.09967546991760518,-0.11386204343372307,0.0378517124669697,-0.08216173035651002,-0.04183650012327495,0.03780425294336334,0.4900787106493752,0.03743085367972781,-0.03794177449908295
300,0.12135838522608752,0.10127441727450535,0.5377715373118517,-0.06995575448236634,0.2287088101298554,-0.06626901684178921,0.346750378164227,0.16732111491942522,-0.06356603122017468,0.08312118596359824,0.07619488842260307
301,-0.041236406970308996,-0.016821399898974285,-0.04444938943297573,-0.044985902635749885,0.026457017952746617,-0.6201492298217666,-0.029809837426578008,-0.05049825133492099,-0.125594392989484,0.0006105061983513013,0.10599580734737941
302,0.1828518464842027,-0.027330745673806715,0.4288836415068234,-0.04780334890702115,-0.1507716713807711,-0.04787373005980874,0.00868289163545258,0.053339454185952005,0.06297104570323964,-0.04636402902735777,-0.09600442221355808
303,0.1764194169639226,0.6736957251796029,0.016657326793319244,-0.009480317893436925,-0.07393863594264359,-0.09018312006753117,0.10092279550708509,0.025048159620345744,-0.020070758714151534,-0.0904923930177262,0.0656163224931234
304,-1.9501508966468768,-0.010479868417425897,-0.17450309939010727,-0.05107811974398684,0.09233443161456181,1.6613108355590342,-0.05861217305637596,0.14521901059722225,0.03314539306243956,-0.08716620114228371,0.06281921259401038
305,1.5543045043664458,0.0172715102242932,0.14241082417161174,0.05072331277603998,-0.0035068802761138132,-0.01706357688368746,-1.0549531928951978,0.06555923877884638,0.11227350076236228,0.10899654665556319,0.010264815977347092
306,0.960285255091825,-0.005108007528287153,0.020310311689711414,-0.0891581757358461,0.10025091023068809,0.03424991212612643,-0.11905530768966648,0.10062918190954072,0.018903106620571996,-0.02646782601930675,0.01467288226462228
307,0.5666301117621911,-0.0029990803076619154,0.041187267447187724,0.026977004084790798,0.00951792628018926,0.028198532617862745,0.017793394751263743,-0.018588273254097086,-0.07699720647009797,0.03375813700117827,0.009205168824187177
308,0.06000702197658006,0.056213801063297875,-0.06687033701567094,0.11672173829530451,0.09259580626151544,0.11513055721084409,1.3167372326157607,0.07308417588935803,-0.05061912266097014,-0.9817421224997733,0.11911525494006556
309,0.0023216667965101747,-0.7299090333322619,0.05295917823012649,-0.05187778211960102,-0.06269951249462782,0.0516138365292126,0.07369115836323192,0.006047873458527539,-0.016734964761329168,1.0154131178522667,0.1478400213896497
310,0.15393147525424822,0.9567477143588351,-0.04024207430756278,0.04332589740494294,0.0009653281509252884,0.11424335658678857,-0.08679434543820422,-0.5108633659014793,-0.04854549334617096,-0.016608282078399993,0.01793074964740991
311,0.054761973301327996,-0.02119310965736785,0.005657292952095678,-0.5525387657891497,-0.1523635959670267,0.1006888960451719,-0.20387141502279713,0.7940663638386878,-0.0735447333427999,0.0668018825025149,0.05578906390764878
312,-0.11050060128884096,-0.10532465936977545,-0.1358605038534421,0.6851853776473366,0.16772883348264078,-0.0998607384610748,0.028945632818731377,0.018809785663765878,0.3016400933305192,-0.12037878799242262,-0.6100385936995166
313,-0.06268178504222836,0.008791049486809043,0.016849915455596852,0.012354367911611932,-0.5890233037231718,0.11958045754162892,0.07706059263913365,-0.03958019374681168,0.009061560115841746,-0.2082230537731926,0.9596451100758423
314,-0.23626147934193184,0.0749464672617372,0.054047677729502405,0.05299601956070847,0.624423886657705,0.06559050900817652,-0.03598458973804619,-0.10803389183151803,-0.004981472031960088,-0.11891321229850003,-0.05684883245927273
315,-0.06857186353013603,-0.03378568781944342,-0.09713239666043481,-0.010974521842896278,-0.023934161725262047,0.062092126377354714,0.11985134812786122,0.1392765417726414,0.5062295498178722,-0.11848267036134498,0.002529122087453654
316,0.04937170397835287,-0.009740860196277757,0.5938214230297263,0.06787085526453657,0.1420016516460639,0.03912627608143343,-0.23268404802001036,0.13809231258093227,0.048720752557841245,0.10229042463321608,0.11445216743900509
317,-0.02148392650462448,-0.11649651322767068,0.008649140816342016,0.02324966355634753,0.01070750183600021,-0.6761504496943502,-0.016145565963223665,0.02807793159119415,0.05777917065850258,0.06819212322410192,0.1204998069517029
318,-0.16376920469734757,0.05808235655366801,0.40669153815638076,0.0582814388500942,-0.029755337458794922,0.055992091779700506,0.09586163254496465,0.10390785025354371,0.09001505368986974,-0.29288774879306406,-0.09703433114341294
319,-0.09851826670385762,0.6648819060682445,-0.05429846180777686,-0.08491698846101335,-0.011543771749261217,-0.003256546155855751,-0.005411160032891604,-0.007328244808717882,-0.03279176386599725,0.03058547589997828,-0.020065576289346843
320,-1.8347003602012604,-0.08310584048994842,-0.04893715236458508,-0.016627128280881854,-0.01662133639400889,1.5410732247348817,-0.036546749805937306,0.06355126841838092,-0.018136769162389144,0.05032480341692991,0.0005086597746706105
321,1.5031947893060387,0.001099516586385412,-0.14088368820688568,0.07114977577747628,-0.07556453569929644,0.00699482133575519,-0.9627037813912691,0.02628541797187247,-0.005675228154144316,0.019831329980470016,-0.045607784251917756
322,0.8353885642077292,0.07298918008461161,0.007327919834771558,-0.01041966500174092,0.07986609428644684,-0.017262575063967125,-0.07480611474462161,-0.08953715725761745,-0.13657711524033747,0.10069391337159977,0.07316071399013487
323,0.6177972138672116,-0.029876103393292032,-0.07255689517180754,-0.11605415392905478,-0.01771431108083515,-0.035432274918758666,0.0458508651819221,-0.016633171168732377,-0.011710337480080789,0.005613097095435105,-0.01486963043854703
324,0.023881751522949916,-0.02203633276477214,-0.06316874599806087,0.011101007275887781,-0.04205089677243919,0.08858399551161106,1.293551098644499,-0.025294629829303496,0.06410976254300507,-0.9764528248989411,0.08943345775345737
325,-0.12269386635829596,-0.6517505685209029,0.11560394149414752,0.003951521775938087,0.03751293493624107,-0.12880041191434485,-0.0009093580728298388,0.1782302979380751,0.007727380327560145,1.0156606932377716,-0.07627040226102658
326,-0.20792320834808845,0.9676469774569917,0.01878528227473456,-0.052078680784305956,-0.03361560776088257,-0.21925256141577099,0.16846889603669196,-0.5566283596933047,0.19857548702034,-0.00995646814512751,0.10371931210386238
327,0.11585339877390176,0.035797162454521914,-0.018433640069412865,-0.6737505027752562,0.10124769288764596,-0.05137333400880292,-0.04141105263881729,0.8825836896298321,-0.14214671069005597,-0.1445101381348708,0.02196922035327792
328,-0.12971485107058164,-0.0047367910857015905,0.01068524525441436,0.7762581626409517,-0.06651919185505804,-0.047550107752021266,0.06415506117260501,-0.036035878867389334,0.053311469284657895,0.02752167544429805,-0.42951061485431596
329,-0.1134462622854576,-0.2189062218503508,-0.028176420182770993,-0.0815126655805224,-0.6137026105352641,0.01720889822877667,-0.06355355485260573,-0.17186528520122502,0.09729090760416619,-0.0831844049068501,0.9287701936543971
330,-0.17245352167795727,0.1080921460987414,0.03997492210046781,0.010361759135716565,0.649720081579444,0.09384094838641037,-0.030271451212122345,-0.1678285790782755,-0.32236695666642223,-0.00786601319263288,-0.0073313185162198445
331,-0.21240834353494534,-0.23316373068943,-0.03166424861793354,0.12210049586907552,0.007746819820904061,0.17203193699004324,0.06465801631658148,0.04857507923166641,0.4892015126340008,-0.03286642741227015,-0.008806005917434348
332,-0.03946978336716656,0.04888067289616849,0.5917059028829301,0.07077657887129389,-0.18441921224033464,-0.03917306941304179,0.01733933178925816,0.14109755311720423,0.025038982241015816,0.0223046777401685,-0.007216376875616779
333,-0.08928115524123437,-0.05689561616083123,-0.024653465359284664,-0.030455481275210153,-0.16243954825304638,-0.6455391420207128,-0.053533903805831104,-0.029735787293288674,0.030451263567759852,0.05628210304135011,0.01266434766975542
334,0.0637790770042726,-0.06228727377250769,0.42782313852492315,0.004658141482345388,-0.09334228392495303,-0.0698472562622275,0.10633171844732583,0.045230462674935,-0.005009317520160435,-0.01751544842658053,-0.047966780859081085
335,0.2547710026712103,0.5457638790835713,-0.016981539700431994,0.024912136935658864,0.006163952146994835,-0.08351508796746264,-0.005112388994307195,-0.030262359443424872,-0.06561554589636182,0.05672362713961381,0.026646044115351705
336,-1.8098733855247569,0.06025566128937304,0.012257457969848852,0.012657567595870148,0.038630312358624276,1.8204638869270153,0.19264572258261536,0.13004491882142216,-0.008577743397598323,-0.007258424452900669,-0.02241016868739034
337,1.6050824495996634,-0.015143200738523821,0.0052705617807022945,0.17314319767486458,-0.020280734671287395,0.056377418521056884,-1.0108613752355664,0.05061738063906472,0.05563324119479933,-0.017004086205067912,0.0019134050320601765
338,0.7709238580236634,0.13526722382393447,0.02265708405854353,-0.02986485076906256,-0.03768002282036692,0.04997814708237196,0.039867991982503445,0.022906365017474124,0.0221936765043343,0.057567957796026574,0.06278888129661364
339,0.579626154511566,0.05008800499767851,-0.04348576479455835,-0.019797334612031117,0.014337084782013565,-0.014358987749157275,-0.04573166896087371,-0.01905650735634297,-0.09746313078393036,0.011805715759106506,-0.05579449987104798
340,0.002315967242047705,0.11544715126407777,0.03215581106341097,-0.06843503168467738,-0.058505087647922484,0.023536770326718866,1.215462022923718,-0.022497787964293654,0.05295474907532164,-0.8844768471761855,-0.04878352284966189
341,-0.018864195566778662,-0.7302449108506792,0.026543588094137385,-0.04384972990248389,0.08140555233613891,-0.0739517107406787,0.025529896999283628,-0.09398682747053033,-0.11880071139910188,1.0620036927686707,-0.02028610608557026
342,0.1664193745422701,0.9752048836326522,0.01117984088897105,-0.06296283286154447,-0.12723631746838457,-0.07448476149051465,0.02741831889557414,-0.6884604297431988,0.005395431330964007,0.09565661268024658,-0.05805611535040539
343,-0.020808908856285925,0.05846693654840678,0.004045470572528197,-0.5583752731428677,0.03204662415913172,-0.0431543135709313,0.021606560835294025,0.8623131033276793,-0.05837656305423605,0.019710306580085258,0.029668829639038358
344,-0.013066124852159657,0.0797505562864747,-0.141384815398005,0.764154631123677,0.030524209982975656,-0.1522004011839276,0.09128564953574833,-0.06341357044214845,-0.050957800003925816,0.0026900355247528795,-0.40856353558338093
345,-0.059009820780039746,0.25362706249776845,0.0231624730454095,0.03639900579218949,-0.6045317751559895,-0.006594968846552656,-0.23338692897964614,0.0764442565468324,0.09237842595529633,-0.02797027044560804,0.9047989559689492
346,0.08096655394324273,0.03103196281559968,-0.012381127942472616,0.15278612574658898,0.5992383865447236,0.06802195630306641,-0.2816643016497714,-0.10455137190310719,-0.1457477480415991,0.20674761921575005,0.0059644484156821135
347,0.009820326274466246,-0.13883113386954088,-0.2701571553750508,-0.002524986705118887,0.01865446945951113,0.00805372436229309,-0.15562720593965798,-0.001582697871097204,0.4928640394122268,0.061294268531119564,-0.046174161828043535
348,0.11789802346438495,0.19814895965212845,0.6368938715280024,0.053824353901716665,0.09999285615674222,0.038434715946541236,-0.08638904317971748,0.004544341344275702,-0.060717393240994504,0.048651020178023065,0.03344746337851594
349,0.00543814421599067,-0.03450680161730296,0.10325547324722072,-0.05008461317328627,0.05973356185601812,-0.6474652054189705,0.08147681353028656,0.017880011712102913,-0.08813075190969505,-0.04376850424069732,0.023099652958849727
350,0.013355230554689373,-0.04433271922716567,0.4039209486533848,-0.028267829247491945,0.002091319106460302,0.05129285832301171,-0.0029592353900723895,-0.11238873675440775,-0.006491232326808968,0.07847945179307604,-0.0883953403152711
351,-0.19743228357538206,0.6947213125327143,0.005975303259299045,-0.022198488137941844,-0.08100045350673306,-0.06587650746937215,0.12097915266101592,-0.016872269503736,-0.012830391970875534,0.00757960667570653,-0.02544743177583381
352,-2.1556827890567267,-0.11549821280696418,-0.009692651418915642,0.07681186963353545,0.11186831550907665,1.9197637835498174,-0.0033816791234283486,0.05376314202959328,0.050696545795676125,0.12362741025176725,0.02703681598003111
353,1.2827112989445566,0.0627704414115548,0.08741596723535298,-0.033599258482406566,-0.02214033014760927,0.11333145610102036,-0.9729667756573361,-0.05842758422401924,0.09817911186118343,0.06324373307024375,0.01150950967232529
354,0.9584922260162073,-0.1154632640529774,-0.006905618716812111,0.018939909712759623,0.06292074340623409,0.10922194149503643,0.08057009160452522,-0.1450810420861332,0.09814718574142064,-0.07520940165678615,0.002991565545891449
355,0.6402718046924322,0.018724703185808926,0.04586277167938265,-0.0400210291027569,0.05137367787793736,0.09759666344438997,-0.001962249724647469,-0.018888788176124896,-0.0010144222603342915,-0.02602550291510989,-0.04926730054232045
356,-0.029759241696790083,-0.010888273266046118,-0.016510206415297927,0.048770577643163636,-0.019050498221325096,0.04990530080159266,1.2230103093993114,0.06257285862901689,0.013181302413862018,-0.9235120112089825,0.02357254094047923
357,-0.022758754739531706,-0.7040316359892054,-0.049817307047039,-0.1551788899746757,0.20136142285219263,-0.3121909476165599,-0.07589815937118104,0.018126249229345155,-0.03922219305110399,1.01314633786076,-0.0067651668053300505
358,0.04205463540981846,1.026698290691746,0.025813214814688998,0.022924569072533846,-0.11855999690547879,0.11541692474643274,0.15788054437564839,-0.5754486195394191,0.05593692669946837,0.02269896399413217,0.011968567347133963
359,0.0360651021794541,-0.18701194475501098,0.11494465144663221,-0.5125912094379454,-0.19281924749550508,0.04745779788287312,-0.024250104695565954,0.815176471029144,-0.05641435717299473,0.08022476881507531,0.03935590045853969
360,0.021873958395139434,-0.05828811282039021,0.10816663711747634,0.8389310788225214,0.0220212815506439,0.1533686312917638,-0.1946923288027541,0.049751803563698925,0.12163923272313047,0.12155147294295213,-0.47135167019773694
361,-0.012668529611476392,0.19103432580446544,0.0011410086671269182,0.05521407675040083,-0.33615703942108527,0.16614294822958367,-0.23778554575599306,0.14320690798106434,-0.011194711099072505,0.043986481183384545,0.8603648005368554
362,0.02942014788830456,-0.0017603257379871845,-0.04084406890369594,-0.0657451267438595,0.5987911534683048,0.025204829077695282,0.12038099245472365,-0.04240291966320788,-0.1617921779309754,-0.10938262249085054,-0.10598498032799474
363,-0.2683094477309766,0.10164438069793064,-0.17357142742529214,-0.006441281277601669,-0.01973968403777416,0.023993937806738905,0.09424761197132522,0.11928913027721422,0.5036803830020729,-0.0068920390119381935,-0.07729459645201776
364,0.15809257345901617,-0.06115695343362875,0.5990726596521406,0.006193457778393674,-0.027056296771855223,0.036666518131098814,0.07615945324682148,-0.05165928599013461,0.11097496027047032,-0.10514275607901334,-0.060168722395993336
365,0.037415879034492054,0.06657852755881855,0.08743745717261206,0.045612626892613785,0.0191879757263679,-0.6188044862363961,0.0075764664436103295,0.016640474192286623,0.06646223761260653,-0.003366486054252874,0.11619805173274626
366,-0.006998122519194155,-0.003063457435958976,0.4820754912029092,-0.09079048687794282,-0.13395534505536688,0.0017348207475072677,0.0025392273805443163,0.08881280646488145,-0.03547376811412331,-0.024924667328843887,-0.04213409228896185
367,-0.07667682987813705,0.6510104495395133,0.04657494587944011,-0.05886636536674943,-0.034784436582178405,-0.0013015532608597682,-0.09808665419981619,0.027473771090222702,0.06344443001488581,0.05938250979667759,-0.03721520125017693
368,-1.739825376230296,0.00021603546542316426,0.08837105707966787,0.2272184982186631,-0.05676257495370297,1.6896637954952094,0.04044667224015458,0.037048831207365115,0.0009591268354919136,-0.0750864735271367,-0.11006721465466113
369,1.4963102968450799,-0.07934405167126792,0.07802060432148071,-0.0014654207184163727,-0.013604373772142846,-0.1830426552361877,-0.9834145378672395,-0.10809322942676934,0.028922896005359987,-0.00457855593251734,0.16098804645969655
370,0.9225151738868459,-0.0969975288525919,0.05978490952892037,-0.053695717269236276,0.033669585473039304,0.0072185229443587386,-0.10187385007625602,0.004806316032796692,0.08064273073121474,0.10228710484056631,0.02978304709236919
371,0.6077415723640003,0.03083617790776616,-0.028588862207918026,-0.0034616928319525383,-0.012272809042887328,0.033088290989397674,-0.035219710306293554,-0.017725336618564118,-0.004601560866625539,-0.009626095160037457,-0.004498235022416389
372,0.04656549343584504,0.18145752522152162,0.15442539485680726,-0.0032492517172817014,0.04803923215133247,-0.008014303834218275,1.185151590433104,0.08193871628625805,-0.09634772428743409,-1.0689563074007469,-0.058545807771134176
373,0.2281042588953781,-0.6742746647457339,-0.08712007461323207,0.06120560892289891,-0.024635864528984336,-0.11378735441181023,-0.06969810011039504,-0.045031126964449116,-0.09220075656853766,1.0065249310240167,0.057587120858722696
374,-0.14682193074914318,0.967114507011508,0.006577876633504621,-0.08140947542234254,-0.02300343586572688,0.07029008349245687,-0.16748533099004959,-0.5232677777392909,0.008371231923023702,0.09175019013533488,0.044712043575708356
375,0.06961953631602087,-0.07742115577546413,-0.19687301643387886,-0.5432501706516643,0.035107696601479936,0.3294445418269348,-0.027162016458989406,0.8383884509450695,-0.10131050403180268,-0.05936805197525002,0.0650354761748474
376,-0.003937629528096694,0.1049476521589888,0.03604750492463684,0.8190496881924479,-0.022513880099838148,0.18477684515817433,0.10290125206134804,-0.030345492402315974,0.03333058892644215,0.10772900237382022,-0.36770230167499013
377,0.1038591805229917,-0.05412454698089258,0.032307996956315754,0.059187912442101434,-0.6076492591026778,0.018911447141512997,0.09542900067736446,0.04699612535383264,0.05721643124766806,-0.04417807754602626,0.8492254120677647
378,-0.19677053979613085,-0.13735488006676502,0.04616806195326298,-0.00909503470664446,0.609007037580182,-0.05172356743347036,0.33502773856042584,0.11559574031096624,-0.4122935488130553,-0.10928800448561207,0.0643118270809668
379,-0.03861040058620368,-0.02265849436989311,0.0474027229605906,0.0657686767092963,-0.009281905890053547,-0.07277315035359894,0.10679613730299067,0.02767369503295177,0.49265368119124336,-0.029339317576173207,0.0391675653982664
380,0.1905762532164356,-0.04727545759054833,0.6530862676583774,-0.10333488417831006,-0.049869414515648164,0.018197212604255126,-0.10495090196750904,0.05484846384710098,-0.07690264123736384,0.18061037188616746,0.024894999752197694
381,-0.051728957080582,-0.028257423659202016,0.0374381041186536,0.01281234237758444,0.057658447932227526,-0.7240679449211139,0.04933179511228899,0.04771226020670277,-0.006171773467294672,-0.0032311000641200554,0.014819671778948709
382,-0.03380785400225525,-0.027672943771763117,0.42808043970807347,0.08382469899586294,-0.02545783769938199,0.0664440229464537,0.1771433042622478,-0.03974802528889857,-0.13045797851891444,0.03619968072683965,0.04986386704743935
383,-0.0916273397907437,0.7662219166078897,-0.019733907478965113,-0.002920520077377852,-0.04366791451742165,-0.14299768474379237,-0.08130458758395175,-0.051400539937878686,-0.041921872575583885,0.006479127620872695,0.010336042561758397
384,-1.5922519374573174,0.06715731274222099,0.05011370643623243,-0.024366642916460447,0.04066071017575002,1.649882088337893,-0.08926436676274248,-0.22100036338209741,-0.07473431687177974,0.02952894669579338,-0.007113469056676631
385,1.3160933031551907,0.07834098618544501,0.01807476867394213,0.01275622634813105,-0.01929387886006825,0.027599026132036554,-0.8991426763340141,-0.052425034189743334,0.09294695543104016,0.03998294725977868,-0.016366436806605194
386,0.7964223273961157,0.10693362930416223,-0.02168748415519578,0.03477857033278009,-0.03824675390881186,0.03413819491401276,-0.1664779528665341,0.060244843280663894,0.10579183257851411,0.06140856719611668,0.04956502598341682
387,0.5732970052766714,-0.025726538450979858,0.08538066687300994,-0.013579021474555872,0.05547908143908926,0.025486325244754554,-0.030262353384404323,-0.029490447156457864,0.026949583723619233,0.01362082797271425,-0.04980300316790039
388,-0.12073131263491682,-0.06786825898222959,-0.0035137986526176173,0.07429651960656901,-0.12565573929705798,-0.15616996669514988,1.099223430759692,0.037777667126393126,0.08568523768264094,-0.8789914501647793,0.03247815201136996
389,0.09644589841656208,-0.6052743239855867,-0.024446295284932786,-0.11889788691090142,-0.005557459234119779,0.018646567040560297,-0.04022032605992469,0.09786374989855284,-0.09629517077068234,1.074511693905413,-0.005412452429750669
390,0.07694603993951599,0.8688704871493584,0.03187352168343839,-0.00021864846066957985,-0.10931973555519792,0.026325788792453578,0.0020015603374223326,-0.58412487222436,0.0030891911785185903,-0.044787617093201136,-0.009615709021249953
391,0.2042481825900309,0.06287795770644115,-0.15293329971777173,-0.5081056835119057,0.09853613362743774,0.022377616461099908,-0.06228899888678686,0.8335760868789502,-0.05410086154802518,-0.09849748112218498,0.06861303363758342
392,-0.031102413898065315,0.03278301450056989,-0.17437849423484966,0.8375967005505851,0.2071770399647655,0.046869898812431046,0.149778371514171,-0.0317904912807589,-0.009693679743455738,0.10616680514843595,-0.35164713172703443
393,-0.03087425969229678,0.06097178741445101,-0.09834581970462877,-0.03224978925598542,-0.7664338294851489,-0.08238765098541961,0.08107208880172656,-0.04117883870961458,-0.03834722216810236,-0.07210118610704941,0.8295365739445675
394,0.07898568153671921,0.07804269957471706,0.1298599216774435,-0.0018628044821878068,0.5913561439222889,0.177514552928674,-0.18263552285605633,0.06358326877102727,-0.1948451814963915,-0.04478636313640217,-0.03856533509471416
395,-0.14318602760926363,-0.024744953600731315,0.02463834219869422,0.06098934233451568,-0.07188470152897293,0.1713427027149234,-0.0853432970580294,0.0011238891967121642,0.4651254254741167,-0.12399192031646188,-0.0034475316894971328
396,0.16045010091254364,-0.05155986773371161,0.618496181766167,0.025286224947985304,0.09623488033768471,0.00531213747779726,-0.05548395322684461,-0.08627806852139541,0.19866817450959426,0.07359186578349444,0.04666883919860051
397,0.023120925747407657,-0.03342272316193501,-0.0641610810105419,0.021142352176529742,-0.0994694616539148,-0.5972806934398088,0.04351041023861346,0.049371620245729386,0.15571003292263283,0.014756349184170469,0.001992356953690941
398,-0.014367904086485726,0.1808219454331784,0.39586137248324393,-0.03612086817616789,-0.0315245951449955,-0.14165270224009216,0.021820970846113216,0.009000105541316653,-0.037691418182283436,0.048647783963351225,-0.094384100422131
399,0.08600588912201285,0.6552755621779258,0.07553286896359832,0.05379505078749414,-0.03872061924886716,-0.18407532997863157,0.013549485896410307,0.005831728675103279,0.0005771544675729154,-0.08615780818068224,0.027784775152595014
400,-1.9264252871896252,0.13819972742792863,0.05031081347958985,0.021898454342135592,-0.00880610734891275,1.8443129313648212,-0.1004305626433992,0.0249224851450342,0.06129411149370306,0.06983636220827308,0.03787971683097536
401,1.2088599167199539,0.10620534035486041,-0.10302771991651784,0.0802217910873313,0.07004087110559154,-0.09733641253311827,-1.0151770931082573,-0.0242168668538892,-0.00849180058864181,-0.020881587146345734,0.028793522414149796
402,0.6062594562108463,-0.1791645075367222,-0.046291107264630545,0.11419604644924028,-0.1249309574237201,0.19915576128925438,-0.050123427195672324,0.0008464611339117629,-0.006641440974933235,-0.10854679900685177,-0.0018864609247816848
403,0.6099118728435028,-0.015473869447554512,-0.1126500127637061,0.014746537082214461,0.042365521015698675,0.046569564940371164,-0.0547522462296206,-0.027699017863007686,0.0356262505702655,-0.011757275162694559,0.0020831273568176316
404,0.010048864320937672,-0.09807141737950269,-0.044470884105828216,-0.065098076403996,0.09188941847397437,-0.1610275139749614,1.3146252817991682,-0.020792783220521846,0.06466395151267745,-0.9215858378545421,0.035100908564709835
405,-0.1308390006415006,-0.6719951280777043,0.028049075201904906,0.023793759622572637,-0.080198067366509,0.19012145962358404,0.017299723498125242,0.0754666937612116,-0.009097750942934484,1.022783107672798,0.10838511184908169
406,-0.11672173708436913,0.8826229456950712,-0.058030983241947526,-0.009641020415537022,-0.002053611914656824,-0.07009915278909067,-0.03920359907678811,-0.6653826968389224,0.050673817674675894,0.004011745932975966,-0.0386303592797079
407,0.10129709972936701,-0.06602371293472004,-0.08324085556692638,-0.38320051643332625,-0.07983901538369484,0.07159068009068517,0.11087297867960377,0.8567231418587689,-0.04590932185473508,0.05424478010244603,-0.003353952142586424
408,-0.05807230230700521,-0.1429131899070077,0.051046167999521073,0.7669215732060017,0.09380056764145954,-0.047696897413718124,0.042835615280874074,-0.07925141251426761,-0.12800115806977097,0.1325701381858233,-0.45194046105368635
409,-0.008629952097183684,0.09511577593921623,0.11453618797058127,0.0998134735507989,-0.6148933745797557,-0.07751673932952059,0.028449409593726837,-0.11785119380098773,-0.09436488435459903,0.1298037086022208,0.8874259180776679
410,-0.04101874176761974,-0.05777435354666953,-0.049585891371058066,-0.022777912716268764,0.6357034930129135,-0.15282179266141352,-0.03841730927190288,0.1562485317721872,-0.22979534485310593,-0.09465212749573014,0.06323273138122384
411,0.03927894314012694,0.16079154002917684,-0.2612405357555687,0.019758398014512013,0.03110495773583898,-0.002212759536974658,0.043968706097016655,-0.07950482948247448,0.4823861953484272,0.06555518728959012,-0.005392319947713576
412,-0.0690571750298053,-0.061872742085130696,0.5982510162472772,0.11389836003483385,-0.1260375994375215,-0.03975257382320317,0.05302510877121983,-0.19969165235652184,-0.0013872989892355497,0.13192895810837837,0.08253230377510382
413,-0.048217820626149474,0.0064121831758897395,0.11870080243848809,0.05121068253530878,0.0019414728730945572,-0.6589707149280213,0.07774305055738778,-0.013127687515695924,-0.07271842247233543,-0.0181262962598163,-0.0660335196605703
414,0.023793801348823373,-0.029247808778581914,0.38769136878248694,0.09174789671251164,0.027066432165535823,0.14694860304862706,0.12731222111018514,-0.10881684434298454,-0.03829796629746307,0.08619610823736513,0.051599976093527886
415,0.06279508425083329,0.6115135697760916,0.08756960018180411,0.03815158570547436,0.03313100275488638,0.034339181744791954,0.05549330757721635,0.005143328182402558,0.043528949741071805,0.025878871793036363,0.020419231675815542
416,-1.8687513559544167,0.014121728812535568,0.045078541387127316,0.07323404476931841,0.06294943827811732,1.9439590004433722,0.046817870060353026,0.03730209314305141,-0.1852084331100968,-0.11090458357991141,-0.06004566676444891
417,1.2032401087889515,-0.05786802430177654,-0.16306529770871328,-0.11352625957117464,-0.13986839591459682,0.02514661846771611,-1.0294065023620507,0.07850776235328688,-0.06458224913836132,0.01240998643897925,0.017969896720700634
418,0.637649907069231,0.10742330254644429,0.03444713081127585,-0.05469715759317359,-0.006157291561558049,0.20816651221089333,0.1607111915219059,0.020897815155582825,0.08766748169991785,-0.06639435474417187,-0.066379655229809
419,0.580546518451161,-0.03143958695878041,-0.01842186645854409,-0.02658865736060975,-0.0028318267680075507,0.08503625864637951,0.05650082455627845,-0.035047285955788536,0.03984548097434863,-0.03625900393256584,-0.037284630794457325
420,-0.1929262916024562,-0.010766765592579091,-0.010249813475612839,-0.0802560232626599,0.021669234181930876,0.05997988279132984,1.225259157096827,0.02218339633127977,0.03521585889005837,-1.0120805842141225,0.012553616670320815
421,-0.1540879287797514,-0.7785116219612476,0.018614510490518578,-0.007072514911412749,-0.005702442402525002,-0.12718473683831738,-0.07207246837560805,0.0035070159944311295,0.007871936589243617,0.9358611883837331,0.15420901457171943
422,-0.1067263149934857,0.879703909857023,-0.09528578690021491,-0.11849780960732802,0.08291802254860967,0.13302427484373655,-0.029148706475494474,-0.6452127111342778,-0.03765567865742271,0.16361451471974137,0.022063443683444317
423,0.22277057426890978,0.08390151189713602,0.09316271411780297,-0.4429368113868178,-0.08622952518597121,-0.025609281051164987,0.031543128133495676,0.906495743857696,-0.0824782238376318,0.10446253859961319,0.10341668683873703
424,-0.07407248215219753,0.041671877730457635,-0.07575109126176811,0.7918959196554246,0.04210267238897475,-0.2485952598546378,-0.20169162503621066,0.11628463697310584,-0.05234062104422035,-0.004418631990461637,-0.5006454388593777
425,-0.30807216223266665,0.01523545788234942,0.05335653008966563,-0.009214093277503697,-0.43062419552179015,-0.17489302561968093,0.17415356658068762,0.0821333642289721,-0.04344859080051486,-0.07888823741258903,0.8251816026161172
426,0.060246077530746664,-0.01204613015688101,0.05209312259844179,-0.040265776857772675,0.5876468990373163,-0.016452607639999988,-0.04729575885870095,-0.02235254807684529,-0.19518116479763278,0.17717367702143064,0.02090744745946084
427,0.03925642348115841,0.09336705662600836,0.025846918443664768,-0.005253635861793542,0.018144811514086215,-0.008383944181627273,-0.07341709623859892,0.17167608233662973,0.48883598217930657,-0.09045959309409984,-0.017324428035104027
428,0.23152533090501523,-0.027037836359589902,0.5972545963650351,-0.1619424810663612,0.1764095986841085,0.022233967549451242,0.123362515119246,-0.09864722847010109,0.08271127697511846,-0.2288102871924336,0.13919198108065756
429,-0.026331447814743884,-0.05534031475910664,0.052739157758822104,0.0008815687380246051,-0.022890154451288974,-0.7200673472269774,-0.0074318697854764675,0.08324669034909138,0.09149494330127286,0.06612101501633173,0.021272035462604498
430,0.09131152850989058,0.0463197162418748,0.40938920252438193,-0.0778863292443737,-0.070595739132696,0.10871058129613809,-0.055582782290337716,0.02926543506708912,0.09663583050440706,0.04079651796750687,0.04544668498064812
431,0.015474582041262435,0.6818144887151061,-0.09103598528091486,-0.029218109307394866,0.015434603694744534,0.13756328012019003,-0.07367034843976261,-0.016264334409970216,-0.0594124517840089,-0.008743173096922558,-0.02950107110975397
432,-2.091236281162222,0.1948426834490978,-0.024452624616907965,-0.019897863987076783,-0.04609767007619648,1.654847919129251,0.0528568302404826,0.021712460137579007,-0.21821296397732234,-0.07821526010565509,0.011375404345718002
433,1.170390666028077,-0.022160414180420217,0.006600767183171825,0.019313102492393045,-0.06903757712907146,0.07834846099842017,-0.9844443568425676,-0.043171129772773646,-0.07192303353836357,0.012897692461783064,-0.014214827462126756
434,0.7385965388776251,-0.23037600027501792,0.08431311123812624,-0.1341733192031097,0.2301379064967966,-0.02823833328242814,0.10036003696340753,-0.10859335685219462,-0.07973690328798529,0.03573602497960679,-0.04345674713815178
435,0.6231174386596308,0.015078576346010559,0.021019601753012613,0.0030470028323065666,0.02335572147837356,0.16569065670490074,-0.036477712820224856,0.00976132607406358,0.03702233491414939,-0.025455725162949805,0.04004875019461008
436,0.09559969982952192,-0.1004049765082532,-0.04776499070995582,0.08971102614174706,-0.030062708776671283,0.10267179128958553,1.3556354996664601,0.055571694894402585,-0.01578209007869881,-0.8963760778743173,0.05104819646256613
437,-0.07927003695476069,-0.6327806848229862,-0.06860794634227849,-0.04569880717640086,0.023879318683807483,-0.17601147146098356,-0.09086531654727519,-0.10363074099920258,-0.03697246242452509,0.9283927966301453,-0.00417944819951927
438,-0.011274170432733014,0.9017731813035685,0.06744439944866401,-0.10192190613525529,-0.009622603363447616,0.027997670894353135,-0.24011335953618332,-0.5929925851022552,0.09947950687184573,-0.012362336328010523,0.03626968731519778
439,0.034056619075517935,-0.04576261559915397,-0.07144597029904369,-0.49699612816138444,0.09034899313980727,-0.1989233335661533,0.10026443044612719,0.8395844432068758,-0.0726931621953646,0.01493851521971265,-0.0845554876493794
440,-0.14749123171438566,0.00971249372401983,0.07821771128643398,0.831999510313548,0.07338155379905488,0.28823532168034055,-0.1391867916028047,0.029111041369584097,0.015961425236992014,-0.1372484609984361,-0.6908106981388813
441,0.2331804710071215,-0.036207811443321296,-0.10320764692841822,0.011381402540571703,-0.45448771233778906,0.14182606193430708,0.0372442030495866,-0.1310444131032106,0.04738883914467878,-0.13453510457391515,0.8937022204032866
442,0.19200798980057296,-0.08028490919164223,-0.014446535653451642,0.13146740116091266,0.5930158920475452,0.01823692214705982,-0.054212226256509295,-0.1184839537317441,-0.09733654890060814,-0.12215319652411619,-0.08022206155449566
443,0.0711158901853793,-0.0364888842036013,-0.05065579698071724,0.05861225914179516,0.060809418821104334,-0.14721422344746696,0.013920120734208275,0.18571151708498418,0.5198389845879189,0.026120498490449392,-0.06645389505497128
444,0.049779345500635695,0.13545253356108022,0.5645898399934219,0.05177319729077025,0.04368258280407561,-0.0722872687327469,0.0671916740599866,-0.003430284202530663,0.06639271117206733,-0.04160194520450379,-0.0011162321642313126
445,0.018272685112842475,-0.048560825644603615,-0.07685188764875653,-0.0968451346897225,0.04300340777922798,-0.6762173443379255,-0.09930959833581444,-0.03862529396454285,-0.03737028817195905,-0.08471433076822146,0.01018184131655427
446,-0.05448449210006866,-0.03676359024626279,0.4061011851760328,0.05903202592208496,0.05171050699249929,-0.08084040950993171,0.05038070147435643,-0.06788431252688232,0.1438445377468138,-0.12360872657574799,0.09127808691050855
447,0.10552193495792031,0.6201707911321127,-0.08783710285827642,0.036109702697366686,0.028114654286767158,0.14733471090169925,0.09972996858637963,-0.006764773144194641,0.007354035067003481,-0.07323246986775238,0.05285338714799251
448,-2.07570856955936,-0.04643824527228249,0.08546586384195418,0.03915014798533992,-0.17299607617175503,1.7887956164442418,0.0415827229614101,0.036246495380617895,-0.020643799691008363,0.005981537805467469,0.02319302006368573
449,1.4012227895627862,0.01693426534527107,-0.06402611528053789,0.02352016216688417,0.025116621585284993,-0.04298908470665164,-0.9065123980175099,0.014133632432261175,-0.036450297843998884,0.01616253921692477,-0.005687187394431267
450,0.8443078114303838,-0.10783239478777132,0.04364213935834853,0.040786945384170575,0.1275675180294257,0.06691767388309217,-0.1811008809255256,-0.008932022801974556,-0.07387092256695517,-0.010846696659894697,0.20848246761784014
451,0.629404193206095,0.005031382923143361,-0.037878715983777046,-0.020165961597024898,0.07084748747517547,0.09017415000808554,-0.052449738752890586,0.008395121804908659,-0.05192041259338282,-0.009423739242503972,-0.0025205729482063854
452,0.07989897878394255,-0.03490846215560431,0.039480428387339846,0.10338992900795227,-0.12218010159488693,0.10867131764388094,1.3585741637047404,0.11746341534138914,-0.0038497914766878285,-0.7413215976429793,-0.02052211988759434
453,-0.08913653541165491,-0.7185463950699633,-0.09566499656111067,-0.16630011820356697,-0.12692719800261953,-0.07413019160647587,-0.15180803910531343,2.9626180852886748e-05,-0.0073100863976312495,1.004647738634022,0.020943688518003982
454,0.07094264601470783,0.8670062952308323,0.06253356326228934,0.015208040427533494,-0.026990814906921335,0.023768136791165337,0.020318742301289827,-0.547996457634644,-0.0596976000368442,0.08267953668875629,-0.12032159341700413
455,-0.1844781109863803,-0.04147549887603252,0.2011070105740326,-0.5900586394672829,-0.1405866980992704,0.21202194547469466,0.054063184318870944,0.8543088050552126,-0.0744018968637449,-0.1395292419128597,0.1550511317250954
456,-0.02854794438987559,-0.004931474108361776,-0.03338616592443066,0.7467094308277894,0.18038102715005003,0.06813581524899175,-0.1269318487474007,0.024872292650380778,-0.09170133196423433,-0.006641304613034702,-0.4232104484383573
457,0.01684538939718426,0.12109374913598772,-0.19972413960682958,-0.10255143693088253,-0.4906501319826141,0.013282713486057019,-0.03996876193797014,-0.014477937180694577,0.028274757472156364,-0.08377908706934067,0.9016695416912639
458,0.14770508868557236,0.1760724568628294,-0.07186966873284466,-2.76871678058393e-05,0.6479009633593591,-0.03177772285802657,-0.013543624633394145,-0.10844066265906324,-0.275800414600391,-0.25790731253154087,0.008083401575136007
459,-0.03944316555068678,0.004579532881546475,-0.08366230508279904,0.02229613987443974,-0.002013803119854069,-0.21194019829037702,0.06498862283759564,0.019392776192159417,0.4522757762506388,-0.11133813222579093,-0.029313415098689188
460,0.16825912071648935,0.047622307132276886,0.5268575213423992,0.19585974780458412,0.053125342008748314,-0.10336740414772178,0.059812217124987174,-0.056108900526943034,0.07497795930480389,0.12373791469228328,0.17138032497403183
461,0.09738772785298003,0.04091073526363921,-0.16058062814031931,0.0678262104091924,0.07002332552675467,-0.689692668602897,0.006342179780024753,-0.06058185355261528,0.024249295091156104,-0.01037568222226793,-0.010332916309954974
462,-0.1195702289134401,0.023183201350822878,0.41170193463254046,-0.19978989761805457,0.041318616484630165,0.06427491877778517,-0.16846505984879173,0.0355652059676494,-0.04487684274450797,-0.1149352309517325,-0.16441422703175287
463,-0.10257531034089544,0.6408423786917308,0.022791664422085058,0.0368235993797259,0.06326592178056742,0.04943207313464213,0.10330533186963643,0.026372093316670002,-0.07803134427856953,0.07586824254365672,-0.009625554022896908
464,-1.7774528684707567,0.05891493714038008,-0.051491181601668184,0.010834306085949081,0.02070225298527281,1.5794184754448894,0.03189456079241577,0.04847617034442343,-0.0075832346696259705,0.07333888890052578,-0.03421106537747298
465,1.121530115890691,-0.08485394804690072,0.06088296693349963,0.03559296034451539,0.03688373850495653,-0.10966528278645811,-0.9715947904464649,0.050342761523429834,-0.008214296631536222,-0.014888046460046957,0.10077844928724486
466,0.6964461795398265,0.03229447745693429,-0.019563841599315013,-0.13512164430135953,0.13409563057057852,0.10110906290533837,0.09015639217337454,-0.06170408711950219,0.07676963988473459,-0.202296058178878,-0.09964552889824184
467,0.5596348656407624,0.030550191128606456,0.03987558418941465,0.012951895622666708,-0.047480460766722105,-0.004396899977341585,0.025444261228208725,-0.007781256860666845,0.04989429510574607,-0.045029205554223496,0.04049376530451568
468,0.10404820808222172,0.11006137981075041,0.1358836873130898,0.002463627617368914,0.08577792847702306,-0.22680107180971723,1.3513247103648383,0.053139977307984185,0.021943672867213344,-0.8592822556501172,-0.06317638644132202
469,0.21561268635765524,-0.5162680624626247,0.001383099800713734,0.032128165325023224,-0.05435002656898298,0.2214985150912477,0.11489110141091066,-0.11441079620390034,0.03212998000679305,0.9071508730509208,-0.13353005612838834
470,0.014502400417852309,1.054157191280844,0.0039626751999052075,0.002223702236387505,-0.029423642701063023,0.06515665717266027,0.05126246341053692,-0.5528442114587342,-0.05408976364950402,-0.051670832003266554,0.016429804529912995
471,0.15767376900010596,-0.00023015789474905408,-0.12429506424877161,-0.5657238126568203,-0.042353209321761266,-0.03605386289092395,0.08601760854091675,0.8741429862357574,-0.10974340124588836,-0.20942517367935543,0.07877076738787334
472,-0.07982068476467957,-0.17616020282473288,-0.06633068888515234,0.7774464841566876,0.07151817659595452,-0.025794875087627907,-0.0391651128825911,-0.030924696484630955,-0.07608200898107316,0.22865021613257286,-0.5956493740674806
473,0.10728165206904638,-0.19634633316852934,0.044459717595915896,0.04859667129504074,-0.7429379749690765,0.268851711954103,0.30907769176257394,-0.05345781772364313,-0.10722244770834899,0.1371464492674253,0.930915000772403
474,-0.043282799647984344,0.03387237084215,-0.13889397478115467,0.0785993663785736,0.6005583179081367,0.15247386003638275,-0.07815028370130432,-0.0179353838151553,-0.3361747082593848,-0.21681379548315569,0.04384119831779227
475,-0.09893782864119674,-0.13050348366771464,-0.2876908713602959,0.027485158210622213,0.003463439548621514,0.00913483593051786,0.08689973085039392,-0.021929427180297348,0.4899250003591793,-0.04189721293904781,-0.05111723839549411
476,0.07007520802318241,-0.3391748233546086,0.6327219606957312,-0.008650928089876896,0.05611396856633813,0.15520604090673634,0.2554115557773657,-0.07275554836108726,0.034779699758284884,-0.04339200478443724,0.055101404088853584
477,-0.003765807363805761,0.0517257453061849,-0.13373103738655776,8.420709155743979e-05,-0.004297948639796071,-0.663759382726851,0.004746763657763511,0.11061029851232337,0.04937845201107917,-0.010542048116313617,0.044818306590663194
478,-0.06612134040140293,0.05061802755242582,0.39348201455551957,0.006880971396389832,0.03690760137307166,-0.15474423437262547,0.07575304791319534,-0.2175933781458941,-0.007838685529984271,0.004118483939569296,0.03918844711776033
479,-0.15238265054482278,0.6202970567176042,0.024201605814885306,-0.038148245757772065,-0.044262218513118956,0.007214883256799469,-0.06185884445472414,0.017928759649842158,0.117699790122658,0.027377406702461936,0.02863399763900779
480,-2.0838988537941874,0.010055585487737256,0.0949282291815757,0.03646837552421646,0.014191457400600137,1.717397283376891,0.09419358060891854,0.10195658071724242,-0.07722369364005498,-0.0776394428704288,0.07589421500217675
481,1.5916398377480896,-0.09129581755657334,-0.07428534363336524,-0.06669739153627013,0.03239841773494867,-0.08258970041886142,-0.9311702611966203,-0.023035944836787284,0.17898826935549633,0.0796642103249337,-0.022100737142791774
482,0.9428792130581237,-0.06425322163142466,-0.019679364392245238,-0.07736329379502148,-0.1294481139167461,0.16898833941221136,0.040585605825175806,-0.050334894468588125,0.11193647545144798,0.028698460330889672,-0.09742710571183924
483,0.5614789415997739,-0.05170971735104823,-0.03857194151920652,-0.012461933264430184,-0.0006511414029464931,0.0437184829890001,0.0072868180790252495,-0.03005128811493659,0.030542137164982774,0.005684415209693955,-0.0377315072694477
484,-0.20262858159134448,-0.08030592922911683,-0.04351282023010768,0.04938152461354712,-0.043706893640089436,-0.1122091082797905,1.2244243846872453,0.08762676587117534,-0.01997723008707408,-0.9594215059227225,-0.12931344115838353
485,0.006616631587404853,-0.6308052270224085,-0.03817921142816691,-0.05359929293776846,0.06438962970690278,-0.015560014534644739,0.2595395664321149,0.03111115848372796,-0.011309111784373636,0.9230789033768503,0.10046741124680786
486,0.11944798122390268,0.9827274383451408,0.10801295985299703,-0.002225796600054512,-0.0695065657370168,-0.11653548659851067,-0.04148416305470664,-0.561324581490029,0.067354700863882,0.09574559103934267,0.07965394134057836
487,0.05898334123126808,0.03201405139832727,-0.06127576349838024,-0.44999190074094564,0.1177997583751697,-0.00032668291952388413,-0.019340455502346095,0.8392132516759493,0.06577294849498469,-0.03352533429309817,0.05592835015547345
488,0.06619534284806755,0.14816539787703145,0.16907278540011797,0.776621317680629,0.12144462589104763,0.07461047065041305,-0.032396170345932576,-0.0036352029723390397,0.01706388849881298,-0.12496157269488856,-0.5237448651251815
489,0.061262198368642926,0.10377469825038776,-0.04013960001091895,-0.01878746526866277,-0.356852567629888,-0.019643306605539337,0.04374802192572129,-0.06744023322122178,-0.04118305262148589,-0.0725055119148143,0.946865364124587
490,-0.011799070426763722,-0.1635129489713281,-0.11794470570655473,-0.1194831665959495,0.5884097586928014,-0.017859786178395634,0.12791738596151847,0.0783082854825713,-0.37818746922109564,0.08916053792357459,0.024082114478611527
491,-0.04180546110813964,0.007775138213462169,-0.2912220816670376,0.00223934750988138,-0.0233032864561138,0.05780716860510884,0.08899765818813361,-0.08173434626960786,0.5136968296239128,-0.0055631929279959585,0.1559506088885727
492,-0.1627577022241933,0.05847362262549049,0.5532358521327856,0.08811159092860338,0.02432962607707423,0.130120714997013,0.021204149378287997,0.05854465197215328,0.10924660573332012,0.10686098489589353,0.016810375256690255
493,0.09689092241320008,-0.060653697478935745,0.09609603017173826,-0.057522962204193534,0.018872513495548172,-0.6105703536263156,-0.11693387931650717,-0.06828494823549557,0.029539152001203106,-0.016208862800650214,0.02458011437012001
494,-0.0721141392321468,0.06547628530680015,0.3886494390096177,0.09896141549849805,0.03514961320802607,0.0032070883684009706,0.1422539778010737,-0.2520618873938429,0.06950991365851843,0.07381237458553042,0.08255059407316254
495,-0.0773083861761563,0.6871695408002613,-0.08231208495631291,-0.014984826906771337,-0.06648835322201047,0.11257055320152652,-0.09279376261488881,0.07419972103819661,-0.018817985141771933,-0.009819743036688906,-0.01768503241716147
496,-1.9459633520695865,0.019557947854738827,-0.02954670156944444,-0.14370560236584778,0.07141361909361775,1.5588038831501048,0.08749970226950787,-0.009561089547141988,-0.1478903520813634,-0.05761187671458609,0.16950272853165954
497,1.3032337706275428,-0.02775205329188318,-0.12417211335034516,0.030858920616587057,-0.027833125342435202,0.0024591183010563263,-0.946898403964165,0.0420575261265381,0.1780764929799528,-0.0021010606667465214,0.10711007470502422
498,0.9492650913912164,0.0873835624414596,-0.1470568749351946,-0.02356437921780609,-0.20447275726880015,0.05381030146065631,0.03133830039459828,0.1625211818015501,0.018967316810976225,0.02896444477933237,0.05984980349719694
499,0.5771036253189344,-0.006173286911925619,0.022035292204117398,0.030700668576302922,-0.011282817117596478,0.1505514275979313,0.005535171090451793,0.07346027672529445,-0.011611406551094636,-0.04286242182551594,0.010966308534653298
500,0.05678743475031977,0.10159075327468892,-0.041919666583346595,-0.03756672663903206,-0.14137951092350975,-0.18780992340537717,1.0654842793797075,-0.0652586820184385,0.023453630000886357,-0.7710076627403685,-0.13391218739990327
501,-0.0770397353872274,-0.7284750717577765,0.020198310907648804,0.11793761839116793,-0.08310717220699855,-0.020490666306739458,0.10475282753407769,-0.019810925101990888,-0.036959079540963176,0.9250660376633592,0.06333644617868316
502,-0.0764885153963175,0.9290338481256426,-0.138941746597488,-0.060058179976921686,0.06340523778977875,0.03507654583531317,-0.049747371410576835,-0.6624998828282006,0.00987231134613831,-0.04181529062219416,-0.06715347402147581
503,0.0008265353919486272,0.08552389717063316,0.022759019257469666,-0.5334565330267755,-0.02007596129708375,0.028934861167031915,0.04476898501633242,0.7336717280310628,0.01835983735299272,-0.2095516423278276,-0.06138018485719211
504,-0.2921036037008489,-0.05633281465213375,0.11596284644302322,0.8446391372201424,-0.07837723477005876,0.08515931002827958,0.005401395178147841,0.01986422935693784,0.09673438180825633,-0.08616280497559803,-0.5785468876929706
505,-0.2293190790927755,-0.10541791319587561,-0.011601231439586081,-0.008185020311850413,-0.5803649945635324,-0.08232255200490264,-0.04175375258818541,0.0011917755082271808,0.08759076893346379,0.046861795697135035,0.859310494672766
506,0.07792008710313882,0.05894593398229185,0.14396149507609396,-0.05931255490431447,0.5926701536559199,0.06475420607873643,0.13091548784718224,-0.07638680617422498,-0.30853608091855617,-0.2479162977413044,-0.0026333199083882946
507,0.04434059736106393,0.08300004842091041,-0.1163624839573835,0.04351287184331673,-0.024666963712737553,-0.013107865602626403,-0.06855529404521084,0.005464317919666893,0.5031966778556531,0.009475546448947218,-0.03685191764086943
508,-0.09521351728432281,-0.023553579417580406,0.5732437485302475,0.05687369333828464,-0.07321886201316916,0.044324439525523764,-0.08542855309100646,0.03603069518615223,0.08038887986739712,-0.09552666919513557,-0.16200341117260433
509,0.022385643084774032,-0.07608708634394805,0.00838079197146928,0.12301720298403399,0.029742901190675013,-0.7646532942745221,0.010678411678912193,0.05728250066159287,-0.06554445906043703,-0.03737512881298763,-0.04381027002596732
510,-0.008429640156908669,-0.07637734811182384,0.42775963216346263,-0.13775359333770482,-0.12023924563788621,0.031795305619378086,-0.11038334546677842,0.0779281259866342,-0.04680966573535705,0.08720426944411463,0.07240671375975906
511,-0.12671803869925274,0.7015090979919864,-0.08549842821209529,-0.022327506592253025,-0.04335986144824837,0.1641147054415224,0.07034869564593077,0.05209974842903392,0.012457738153764667,0.07566459719412683,0.002307834172882952
512,-2.228268493115241,0.03781476718596703,0.01829022158903343,-0.032416366477509485,0.07311515824081104,1.6585728395650703,0.08655451926154362,-0.0514040986953751,-0.12050907731292607,0.19202268950531434,-0.01971591393836025
513,1.552558865169508,-0.02055040906391928,-0.20252970836635908,0.11405002668486117,-0.02363963670688146,-0.06777036811179782,-0.8861535255275188,0.020884604141485533,-0.058238377935800625,0.01019908550083412,0.04733886637796506
514,0.7837302093986372,0.1529015906671439,0.010433533444852091,-0.058531637409157636,0.08103733775322564,0.3012354360893251,-0.007661407716146616,-0.06777797024101966,-0.1752613411581545,0.0348482145897219,0.001872713128519983
515,0.5912091687474792,0.012116887504279314,-0.038101655226101615,0.015017384573540654,-0.014460051879271348,0.14400280787782577,-0.0410892133218821,0.0035519103039777416,0.025529220111785884,0.06775378886170201,0.004599343382771151
516,0.11539612550686705,0.007022948264313704,-0.02939292888136553,-0.043188128131181794,0.02827928476039455,-0.035466343042607304,1.0805615983659291,0.03034035172086355,0.04191266601588108,-1.0303366936233183,-0.09898728323548225
517,-0.007840604737673153,-0.6394986373977608,-0.029397524498603615,0.10587744676833438,0.15972363830084194,-0.1302638500802998,0.05351703478755871,0.07828994805977366,-0.08109932883221549,0.9514976974538326,-0.03077435016981155
518,-0.05075242787556527,1.0498529515240569,0.06382428368551067,0.06638389737800415,-0.11250381430543621,0.32184476405247525,-0.014820190864217804,-0.6141309440665346,-0.024077301511172666,0.031483399524724086,-0.016417101281674958
519,0.00327842683387518,-0.1117522267773828,-0.1379787138920562,-0.565119284081041,-0.12971323422215988,-0.10430462379929062,-0.1223074767222916,0.8002621868164596,0.016207705872625898,0.019702875246353543,0.0905249485621436
520,0.006477893436748113,-0.062271283157619366,-0.043716016088171106,0.7633144900840855,-0.05429124575247645,-0.14207516101747394,-0.10431769742228628,0.05116277609023958,-0.08317671721945527,0.17772669641939537,-0.3471337467715617
521,-0.09687514255423174,0.018885731014920054,0.02280095573580878,0.028028609436291492,-0.658244885214098,-0.1725839522425247,-0.13111361820143239,0.09391946822324732,-0.11296930022280083,-0.020419044987063914,0.7895284606801161
522,-0.07250621561305919,-0.05916708937167248,0.1897993579308553,-0.0434714103424948,0.5979582343760781,-0.07295666328416898,0.11394739280859048,-0.06478866177173112,-0.09385766858485259,0.16190356129827066,0.005590082189694628
523,-0.06566362126687872,0.15110204311792966,-0.1083284288127688,-0.06023677669139155,-0.046698985661255715,0.0803381525602509,0.20439394264534502,-0.1253422594446442,0.49576749235468964,-0.017884240699060597,-0.05464510340093687
524,0.10074089038131899,-0.0828800124009103,0.5587146884145737,-0.09899791075434883,-0.09545196668170393,0.09522414182734541,0.042295648620037304,-0.10766063734594032,-0.07137535070434783,0.04453849663322962,0.10207666291699659
525,-0.021424878691777685,-0.04273092975973199,-0.02565753756502347,-0.06208437972590674,-0.011287088128767091,-0.6720368725678477,-0.030876758747063714,-0.027448528592339927,-0.04458732188649973,-0.011478497794998224,-0.03520426942528277
526,0.24529012972153036,0.1509743411908873,0.4107244831299561,-0.06892748893824542,-0.023213461293222003,0.0679802594907993,0.0861144929102701,0.006132019817913106,0.03091723281808507,-0.0016165755522743255,0.10477180030255344
527,0.21912694779443131,0.6448636246695882,-0.04157650468430697,0.03727810835734472,0.05632685464371946,-0.036048295874523836,0.047793734774613905,0.043628521386329555,0.030569564107799686,-0.09250114632400945,0.051427535308006804
528,-1.746297714467658,0.03135534992325304,0.022887606889628327,-0.08084613902032828,0.1553825251698167,1.6869904412850023,-0.1081717844302259,0.09654565668160052,0.18315882044639165,0.07916852198475724,-0.09663118142230956
529,1.3569735779415681,-0.011262691038826881,-0.11436433868586322,-0.03140224114085522,0.06405172331825178,0.05246385954202311,-0.9414370608284395,0.11586891254332218,-0.03224698999944849,-0.010079960903356267,0.0688684949057015
530,0.9020937006067755,0.15424273348329037,-0.12250233911407245,0.0001459175543464808,0.010547722918742048,0.09333169962132087,-0.03469913651634753,0.04318750790114367,-0.31937585426093873,0.04826757601722947,-0.053677190235952715
531,0.6539675075167332,-0.009993564499647481,0.039435178189339656,-0.02660714663777267,0.02759113928274069,0.003799408393051658,0.024528917827151893,-0.012731306635732072,-0.03672514429559953,-0.041025573899935115,0.018440717701902403
532,0.058348879404402476,-0.18724294041616718,0.052156894141817976,0.07576435742526696,-0.07237488161248107,0.0776041295437711,1.350834287240269,0.04200505723087383,-0.0551251865064952,-0.9747276792123251,0.06782741760285349
533,0.048700851876600317,-0.6395881569328186,-0.15758670752511433,0.03788394691484034,-0.020117234813187324,0.015066936894945732,0.025831810104173968,0.06933356126305722,-0.1178901900323428,1.0441715104351055,-0.08267189253146529
534,0.03960970228447185,0.8551136544695801,0.08275376089362126,-0.021755974592999095,0.060527016568700985,0.1349446062876165,-0.2349470999536186,-0.6343672988712575,-0.16956917854698159,-0.12221529818620115,0.0421692783750387
535,0.15695642717249797,-0.012343892276736216,-0.05565396094857667,-0.5224825224206765,-0.14425719772329404,-0.2529614657432368,0.11641976821844684,0.8519604932621601,0.09748815692179867,0.04129338276097476,-0.04322872276531694
536,-0.21877212033323462,-0.08957844297489904,-0.028717632709777216,0.754001821826602,-0.06440443981291817,0.014098862009064125,-0.03567294361773227,-0.0007421290103731568,-0.039809133231849037,0.040205302527348045,-0.5965577032385367
537,0.0756738702496458,-0.022125995067617813,-0.05543749992347209,0.04945432358302937,-0.6294932009747641,0.03159910497078581,-0.15484158075614282,0.03434135909892319,-0.0831368544075042,0.07053001471727081,0.9003759306556944
538,-0.0661256492506531,0.18303794287347272,-0.09357195344754222,0.08757594222352537,0.6206490638889032,-0.013731242419409886,0.14502731757172133,0.017168798015544655,-0.1753810801353859,-0.37076229480621603,0.06271056044263915
539,-0.17002865451212149,0.00697967909058629,0.024039884498788577,0.11507700312094113,0.06277145251577038,0.04167652449456731,0.08840312462297498,0.1872985043412644,0.5250339147488231,0.13900816821203715,0.03690613278831022
540,-0.2539595172194488,-0.04618660043134208,0.6118168980062906,0.07548286812910407,0.028140171650406387,0.008875816087702219,0.28366487402007945,-0.0005543919556496371,-0.06085294427608067,-0.05639919990771972,0.057997612049285906
541,-0.021360194631435056,0.1044516409485905,-0.04172975069676439,0.021981158912565076,0.02594183026830997,-0.6592205438538795,0.0196393262727283,0.04723763315503228,0.03184171385991885,-0.025587901006783483,0.029014575517504082
542,0.023018633990943206,0.11924745485653064,0.40792053574380416,-0.04412483852045694,0.04535624338966887,0.05939186909014734,-0.052237594445257794,0.080185936310602,0.012537753901601683,0.05887351674652377,0.019927843760153566
543,0.07387064577068567,0.6763623216144201,-0.1285396715369141,0.046494152503836095,-0.02434327128155747,-0.07133020823968869,-0.01434242048148382,0.002254362141538499,-0.12209308993722434,-0.08412352039972056,-0.04157794234215722
544,-1.733895486816443,0.023915258732779027,-0.09086768942605093,-0.09664151480981435,-0.1838111887601247,1.966242671003255,-0.01731658534035543,0.07432559607784088,0.04719178141305768,0.1651180963652904,0.052927973073461365
545,1.1707466005297837,0.06259553593220915,-0.10395472269504051,0.003924491066268289,0.017359484620924834,-0.06118399511945159,-0.931888184417302,0.11473744004907682,-0.06782753502291206,-0.02307387823020827,0.12423069628587022
546,0.5432535239193179,-0.044114281319729436,-0.18921744582312047,0.06964565606589246,-0.0005513865513346065,0.13604695543113482,0.23953238098456622,-0.04269752141795326,0.04740626897708192,-0.007711733508453135,-0.11144696350799023
547,0.6325957886376943,0.023550101777900234,-0.07187320210337385,-0.030459964083623725,-0.04316611751871242,0.07642739788116551,-0.04260644590440402,0.04024194448793981,-0.005693314937204222,-0.0003685701242224582,0.0013538196999814513
548,-0.06004293968851711,-0.03764956586202126,0.043622033765862524,0.1873367994237676,-0.0190828679447579,0.0665832955566864,1.3436376840443611,0.022037685285005288,0.14076665157857382,-0.7542237124458808,0.07685179845769148
549,0.06954506642419615,-0.6090330968077532,0.023375460811804506,-0.03204665081988562,-0.004540093078670654,-0.01917754592907883,-0.12406920016888458,-0.06018887316210085,0.03976815121878096,0.9783243465401551,0.05612873807246742
550,0.04254894565463361,0.9090333671238489,-0.10358727226085472,-0.02135096234645997,-0.02170549805118209,0.05440180400370097,0.24486161190608102,-0.5604419047682311,0.041483270375363174,-0.005478053215398441,0.011635968046754309
551,0.05577991449425426,0.08409217501586955,-0.000184143302662423,-0.6103830350989747,0.023932741873011504,0.054431601180198824,0.03010215669443391,0.7820700814033129,-0.16545991255828046,0.06426768270419472,-0.06534081622112016
552,-0.03051100301997982,0.1537298564664203,-0.004610301925578286,0.8214899458577535,-0.047074111584024254,0.26822310215345996,-0.0066192167503112045,0.041246284464426276,0.12032910802103698,-0.06871944355292589,-0.3879223716662506
553,-0.104237176543595,0.01684604626033626,-0.0034981314537764078,0.005360370480001351,-0.5695037600075411,-0.08745738772895585,0.13434334615370616,0.040482366198541626,-0.14693971997649385,0.0701278129750136,0.9150647612787869
554,-0.058423065361060386,-0.01496412193292299,-0.07320120243320223,0.006887894233156037,0.6145125871329015,-0.06784192130771767,-0.06882065740755143,-0.2275766753314141,-0.13688296208277415,-0.2056313129269024,-0.020472481767157255
555,-0.026822779716024977,-0.09879215482568876,-0.026759843604382307,0.04751042453661471,-0.0046706675411332345,0.23468617353576965,0.14100352329855134,-0.017716488916136953,0.4509570691763458,0.09871344306458356,0.04875537348957923
556,-0.0394753701221988,-0.06426719482096432,0.6227428831920965,-0.02666079856302273,-0.05152197408279695,0.19338355719975017,0.0482839948472802,-0.019925349727994993,0.06393843884605738,-0.0489223078890759,0.15152082760300928
557,0.02281766144955478,-0.02706907382609868,-0.14464447255943394,0.08611345454630828,-0.043357704701437544,-0.6749389287039597,-0.07414348036750126,0.022532016679025282,0.04537551215097349,0.035472842940801955,0.0752444510952324
558,0.08184202628639164,-0.023326796237243708,0.40417037443396625,0.11236256967511248,0.006751923333765523,-0.11219810664030101,-0.028029344947268827,0.13673387122975372,0.029776892638132144,0.015369668409476187,-0.07692078571832783
559,0.12954361977398532,0.6812564752980251,-0.03031904224853546,-0.0059078862990474615,0.028108481601514183,-0.09985819560036151,-0.031057321314883653,0.02060282819506966,0.0465707735189775,-0.03066883709544236,-0.020700986233717793
560,-1.9395783283513715,0.13728751807296202,0.02848577197537039,-0.1702704238814441,-0.017492222094493522,1.6491280568942543,0.10300558520066855,-0.0690706320627852,-0.022844892181506028,-0.0873873537243644,-0.12448708972578687
561,1.7051273327187761,0.018095655885310043,-0.01622819137318884,-0.12251631740801577,-0.037616539131960974,0.11811823994561917,-0.9804111525000346,-0.0857193780665262,0.04909617052738161,-0.019729643978712495,0.005299089866917832
562,1.0977378077624704,0.0412307047604729,-0.05877598073617153,-0.042524374139339904,0.12636731157344008,0.04871556540749377,0.21459581491584653,-0.19488487882004707,0.040308377638317086,-0.1098043754504828,-0.16956799883343102
563,0.6549969642103965,-0.01682047373972511,0.012726255257984258,-0.004639615230431283,0.008342088782305877,-0.005042861202347558,0.026948373050499155,0.04314580553991819,0.04522747562539764,-0.06519640088571058,0.03440471731908764
564,0.027957083144322756,-0.0924041383444407,0.04683920888693153,-0.06926580256371513,0.01419743529627899,-0.21973838286684844,1.2990995032853005,0.026594444000100612,-0.006493207371586523,-1.0657455681906989,0.1065547805526501
565,0.18409177349148195,-0.6492046187717226,-0.07347606750042014,-0.04890105911369892,-0.14523355595495796,0.04405376247848608,-0.14913177577204403,0.004047967395458906,0.02125092226705665,0.9724617201293414,-0.07243759759064039
566,0.027363838644226715,0.8405829317348882,0.008519517896294319,0.008841885828598154,-0.08973442109995405,0.11119674731363748,0.008193263267598751,-0.6783783009423267,-0.015418953273013769,-0.007105440816990104,0.0043605005945832895
567,-0.14652100046594604,-0.01934206032450808,0.11829417021472392,-0.5313310590806559,-0.03128397583681799,0.038302140269050405,-0.02774843770324953,0.7927542421525143,0.0644754297681237,0.11527142627362558,0.012039636163502867
568,-0.15854591280296715,-0.022638140227157856,-0.11103731810067775,0.7857691223711223,0.03624001404701642,-0.09045499700950951,-0.12499792008663863,-0.033801824475843026,0.1477236766599675,-0.00874547941926511,-0.26895738995395735
569,0.03026498820045807,-0.05701229297295793,0.07374915785589564,0.11431084676670755,-0.7229675614253712,-0.027821939023396587,-0.09221286244108175,-0.09015121870141878,-0.03151161857632206,-0.027442491120298,0.9236980994159711
570,0.0919281139743341,-0.1754580880393859,-0.003962882578638619,-0.13626283422475907,0.6372238972211683,-0.1415677243481287,0.1550615171777973,-0.018415043324874026,-0.29656478326914554,0.036726174266372674,-0.006333514081706302
571,-0.19895943376186973,-0.029348302944103975,-0.103387510779419,0.09649870212525846,-0.0502394625370179,0.0768023386450945,-0.15334704125713142,-0.12937999832386862,0.437462961334615,0.040617706817973304,-0.0986882869029395
572,0.09706068799417913,0.045669676583792417,0.6324058917458544,0.09577923702256355,0.0306282286537942,-0.23796320484590425,-0.03138232932869462,0.2295901162127843,-0.08177205953765818,0.011824310206545738,-0.07338775192488203
573,-0.08848581649538798,-0.09238799083895959,0.1031432706326243,0.01834028558587961,0.009607520724863478,-0.6587938252880391,-0.010348134900504149,0.046591992143187606,-0.10188947134410717,-0.013164933098206443,-0.05004348460299552
574,-0.3116970498594063,0.07475145280087304,0.39331665592316156,-0.1501215728787614,0.08607174173856126,0.08989191354991664,-0.04000549404624926,-0.056188860442539845,-0.027175965530117297,0.07285359876531283,-0.12419304032028207
575,-0.08025908223909986,0.6810426355519645,-0.004564574497547653,0.024906525209018152,-0.0396152845397775,-0.17746345136802755,0.023388142450550223,-0.03758403891525951,-0.03854493748776492,-0.026350330723866472,-0.010145257027759
576,-1.774552475338218,-0.020545235510254348,0.01771144882486894,-0.1553231258902736,0.010575244979973829,1.7540482682224787,-0.03495494767873103,0.030010909441043607,-0.164460375545519,0.006394062262581504,0.034488294973205255
577,1.1984546975459964,-0.033823751910558156,0.11381672702713334,0.033543004592942995,-0.014732830346467312,0.10729881445505617,-0.9977359378672865,-0.03685717915343559,0.04291669301861158,0.06809083255384515,-0.01453793951898898
578,1.0731762082155505,-0.01976027825581276,-0.009874876756190233,-0.15603409204648033,0.16275331362519208,-0.03159535713059278,0.21123943105610257,0.02868659687322232,-0.02443498725026025,0.1500934404236963,0.016574132916453037
579,0.5951252925484002,-0.0241994636620459,-0.028873510789378595,-0.001348585048285186,0.0040609464740390495,0.003280579548459818,-0.007534674286291196,-0.05304758047143734,-0.010985697047109983,0.020110209987193553,-0.028150081629879555
580,0.028792178715616595,0.04147680642288417,-0.029053777336307474,0.03579405595232409,0.13984518731127954,-0.1562743678317189,1.3398811438589273,0.0750129324272861,-0.0729652691842929,-0.9659825664563588,0.12371633060727291
581,0.01005631511311049,-0.48830378978910693,-0.006846980311404626,-0.04975216829039134,0.018580956262813884,0.12408207261981218,-0.08218965602191736,-0.07860351574273668,0.09140891223700573,0.988843092455661,0.02216611807962579
582,-0.07789012983643895,0.9144168594496073,0.026917496998087924,0.08706671454801973,0.027223425629996648,0.3325277584203348,-0.025265940454123705,-0.5749222910894736,0.09973774850844731,-0.10157380639364198,0.03835440387378865
583,-0.24612693619183765,-0.03465647649675868,-0.10169905376538738,-0.7233208932919883,-0.02147381901745097,-0.17525542238321157,-0.040265241622118,0.7622778916284019,-0.07881100106917162,-0.027671089276082923,-0.07396958770609888
584,0.07673773782772134,0.017514770331172453,-0.1251761896530188,0.7997996671199976,0.038076617397107056,-0.020112270482406304,-0.08119416863146645,0.01768017939030742,0.040805304517863475,0.03517941291513221,-0.38142744772080783
585,0.10309551820198506,-0.10792027945384668,0.029834780400440027,-0.04782279073865767,-0.41241018786260353,-0.054872253804754294,0.09467472412896165,0.18999145677519663,0.17767589824638572,0.05562107576286097,0.8014040218028661
586,0.13914039763349928,-0.16988411942110204,0.08862917873939885,0.07867677072155843,0.5871126094341997,0.0027414251204286974,0.0031117467709802582,-0.1169376516964299,-0.036314988373480794,-0.021323641635919377,0.03264723008976709
587,0.001544003074858029,-0.07554766629772192,-0.1088334860068838,-0.001176612996968026,0.0058405579460875994,0.04114725859492315,-0.07724069864179137,0.035600301004588934,0.5357932796220546,-0.035411096854458264,0.03822761267883026
588,0.03633239413066536,0.020718544111760454,0.5480891323085401,0.002133068115622928,0.14133461809830078,0.11218989018785504,-0.2045649986522024,-0.08764782650114625,0.04302010104036663,0.1676847814256066,-0.0355841293881565
589,0.03055342272740577,-0.07190590592845941,0.08471807448471613,0.10519802539950324,0.011933464553120497,-0.7004671140546431,-0.10458830736799252,-0.013873598604401205,0.04509954760481318,0.07048957073978625,-0.04088039057980774
590,-0.0022679751571269974,-0.05178657334548268,0.3845883185447905,0.006360189929481343,0.1498350341360981,0.3160197683940915,0.19491994547128214,-0.10612391522504484,-0.0037030756622011673,-0.024119585311309984,0.0767968692743593
591,0.10488070797158258,0.5989700907924635,-0.01181596152149059,-0.011822987113784402,0.04168243677329907,0.09370148213101771,0.24946509767416425,-0.02323014671193158,-0.06144554986816147,0.055971009440583905,-0.03792598065979069
592,-1.9514510129470304,0.004380037283988359,0.021457590122063094,0.12339810634460946,-0.16300466820581075,1.500624217493826,0.07059891058655769,0.04920202905921789,-0.18838131865944152,-0.08721966685895416,0.001505976158716811
593,1.406822003659847,-0.04283715131643116,-0.12938122667618507,-0.08427513194296218,-0.03024640597865596,0.03576749594204436,-0.9161301609448543,0.0028604659549577656,-0.02843358616217298,0.10824047115921548,0.025212659465150423
594,1.01557134425595,-0.015492278142815258,-0.14786838059393007,-0.14700151582994395,0.03488637846527923,0.17445053920167153,0.0468057516547945,-0.12555894958359662,-0.07630014334632886,0.05986327147817445,0.11745586219206783
595,0.5824520092318615,0.01778041141122865,0.0762344921682191,-0.005840178808958104,-0.0028223077079061482,0.11344326371737494,-0.009824214656002332,0.035560949495145544,0.07336502075912914,0.07100446015360949,-0.010511987980700521
596,0.02414213076904523,0.029666840338787498,-0.17806930232991408,0.031212493257329894,-0.06754135354760597,0.11656690767013772,1.2482944455804357,-0.053139632246367606,-0.10707942053090941,-0.8789210530179287,0.0470222304087663
597,-0.2930613816644416,-0.7123237136326672,-0.015349511449253343,-0.003336335075025284,0.03714907973155717,-0.01569800341958478,0.11230615709964584,-0.047798897081480454,-0.1550468443718051,0.910495234412785,-0.05235143960570744
598,-0.004350474323766097,1.0587784814412586,0.05443990839572041,0.03489701961354652,-0.07225242590072073,0.23686525483681492,-0.0599437334548117,-0.6139880574577382,-0.019049273887997778,-0.13746071435028384,-0.014093346383829808
599,-0.03820369497632396,0.034198848356645876,-0.06225590668236193,-0.5131890245344168,0.13486820253713414,0.024697089814464574,0.05272092512500261,0.8876843859460144,0.019964804136000786,0.055870882065999446,-0.017142936054116216
600,-0.10633815178646408,-0.059432059016768915,0.1354115038638009,0.7948627747668673,-0.03779701154676788,-0.19498685660894274,0.08648603660503265,-0.038367133396210236,0.18298196309446021,0.1309172164268987,-0.5538106402804676
601,-0.03602602975799349,0.10468696465651213,-0.03631423379493056,-0.016717858746914643,-0.7289105873495643,-0.12009887117584032,0.008699325482900025,-0.012047606192217295,-0.21809575174052956,0.02182271437351353,0.9246682360880042
602,0.036623448031125216,0.14908748955092183,0.017335632513307737,0.05497216907448302,0.6237435913691359,-0.1334874757801141,-0.20600660668285853,-0.1884295197467559,-0.32124155233388346,-0.0008582148817177771,0.018722597325328768
603,0.08095800867802713,-0.08914495289836405,0.16509209120322837,-0.05006064756617794,-0.06555543162668596,-0.08675498800741503,-0.05481633059355209,-0.06300785034517742,0.4592153219535105,-0.12643109179077486,-0.03260187323925595
604,0.14587766613267042,0.04947026001526475,0.6009718734534681,0.11021161347795086,0.043428180205085876,0.18094581350597078,0.009123496605122494,-0.062055243238283445,-0.03836385227828444,0.11004568157769544,0.04319485350615796
605,0.04069213761131048,-0.07922150906719633,-0.10434876443356632,-0.016393268499011796,0.03373576455952322,-0.7117736869719771,-0.08621849244107553,-0.04881595941056425,0.1831503832899023,-0.04335286142246237,0.0395575357970456
606,0.027121063444731343,-0.05182039216918321,0.4286521262085743,-0.09027925449848231,-0.09530611954694401,-0.06685508134133447,-0.1865842048475825,-0.03692628365281805,-0.1295420207574712,-0.15443207117944113,-0.05518157344236156
607,-0.11415412097805604,0.635889632813716,-0.03748488697001914,0.05761984876250994,-0.015461462959279047,0.1380753251854881,0.04877874771539453,-0.010588664856498519,-0.024089709836904654,0.014675276306334991,0.07295407132063891
608,-1.9587541381849858,-0.12467465373178793,0.010645895296300204,0.02901228094058388,0.05629321293805402,1.70763217689004,0.051594736726076576,-0.08114877232041637,0.0030332439682713265,0.006891508407524819,0.06924639738695726
609,1.2050731994426076,0.015223211624517119,0.12087448909780586,-0.00856721588476278,-0.026281293414136365,-0.015224775647233008,-0.8680872986600737,-0.0155947667118824,-0.06429535425015495,0.01680758345954362,-0.012010038502281065
610,0.8500964962241148,0.029337855381317036,0.06285677459004939,-0.03997121792755248,-0.015310950099947807,-0.08144552579102357,0.12462743580974214,-0.10119225634343848,0.02830630051185046,0.020258702452123526,0.020528679067310908
611,0.6351655353435434,-0.038098140780635475,-0.09063391455426076,-0.027557119677879306,-0.02190176348071579,-0.03681341663793811,-0.00172232787752177,-0.0472452267998471,0.016700571635489544,0.08354770785345825,-0.0693049819877723
612,0.08722774878700194,0.048102330687675596,-0.005292356066406984,0.0631774516912014,-0.030021858064780683,0.11184737198396508,1.1900142639447153,-0.029608545385426014,-0.137916810533409,-1.0223114143971652,-0.1220172110466989
613,0.1935119380429789,-0.7700899397151174,0.19376311838966767,0.034712568383441125,0.013682761839979428,0.030194207354809027,0.08207380800233388,-0.12099270260414832,-0.03139726559829216,1.0384861195347044,0.009023413581396775
614,0.15344770893303183,0.961726041789989,0.05053044789673868,-0.07352233228611423,0.09477692850272507,-0.06685890577764063,-0.06693863663511408,-0.5981166691464885,0.04289445866186359,0.0699539769243175,-0.056925026132058514
615,0.1485234848937488,-0.02132209146363029,-0.043133181709438244,-0.5303203873149422,0.05911364425350523,0.029830493463545826,-0.0443824662800047,0.9360637001562129,0.03910234635234126,0.10833736075477401,0.21872423665333438
616,0.059890490621394885,-0.017540112689832927,-0.04142996651811517,0.7713381673031151,0.19143773922172805,0.044166914764520435,0.21363040385440643,-0.01026652805446734,-0.06713607122929958,0.13511278657553832,-0.4293773329636884
617,-0.31322074192705235,0.1547324253910772,-0.041698936962212746,0.01954529348202534,-0.44063380902188126,0.13615115563113048,-0.09722098045619215,-0.017641972611549803,0.08883347765021508,0.07321792904833703,0.8810525241350237
618,-0.13941691198390907,0.1486312553668573,0.02633074329893006,-0.004571829015251978,0.6075093371102673,-0.17443568507570917,-0.2488186880119821,0.11126798415125559,-0.23609305913099646,0.09263833227170364,-0.01806309777777352
619,0.11082708486204622,-0.026572296790557556,-0.10017762395507042,-0.0054124517980211045,0.007655256131891873,-0.1606756082586154,-0.10294990665242053,-0.055164950859253804,0.5253127946680115,-0.13901305345733406,0.012020292550880697
620,-0.04966583032175317,-0.012889469163312258,0.5538616359142057,0.02185605496266832,-0.12880214509034502,-0.16907100356159163,-0.021078245195910367,-0.03154287499787498,0.1489238603939027,-0.002688214026581983,-0.016975797497608774
621,0.08131440023197618,-0.03308441608712221,0.004509293426067108,0.02955631666032329,0.04190252770357608,-0.703000555050226,0.05675153631286939,-0.018340990344350452,0.042502733180864456,0.06869896688124026,-0.044957286291566
622,-0.22304293008732115,-0.05918725685153353,0.4308121547305233,0.07989173322684294,-0.002193658352962094,-0.026700661990836212,-0.06614453822613353,-0.042497795829922934,0.014295202713748222,0.053704520685335044,-0.04189325693101133
623,0.1695566868764388,0.760972347536742,-0.07589915623468016,-0.03467709728916973,0.035369967695988734,0.1391164388728533,0.09400832328007809,-0.011592100268387862,-0.01919436992391864,-0.06881511031297712,-0.011721986219038468
624,-1.9147228030576804,0.1386894157870218,-0.07033338573963971,-0.04272231416199582,-0.023608391927848738,1.586460199921998,0.011369620847756836,-0.010481026344102017,-0.17295352096898045,0.044156260435058915,0.004393085385316075
625,1.4301651238092297,-0.07495443027839474,-0.05055048388079642,-0.03247774544206639,0.03378887366857248,0.14180606660067213,-0.930611786599992,-0.03890793364856347,0.09436808322124413,0.0695394387460784,-0.05100887461312916
626,0.9911205307745626,0.05220722056484951,-0.052305993537657275,0.0624289449529698,0.047855767141120525,-0.06539653678041628,0.035851645843856236,-0.004956300325252575,0.24309985060634082,0.03534463786867818,0.01335283951670218
627,0.596021872417658,0.016093161944293458,-0.0252908408398745,-0.0012009395705673128,0.09145937795800983,-0.07939180559259869,0.009836382847303248,0.00016771904331650597,-0.025509070891940672,-0.025661204403906353,-0.04968326014743494
628,0.056591352620108774,-0.020681062044122477,-0.059059216700843103,0.06076839571050134,-0.04716205296467056,-0.07483443112371393,1.4334184267383505,-0.010303572812107527,-0.0717072463874355,-0.835707090768602,0.05289382867444792
629,0.12835398178611054,-0.7505034183652832,0.008511990554166175,-0.012845488237513721,-0.007177579809663434,-0.2180446324123241,0.07871903601491516,-0.05885975283365287,-0.0157495392001079,0.9642497597526705,-0.002215058055811488
630,-0.06804419705669579,1.0389269861161836,0.09710574245484208,-0.016829088276901945,0.02957897890005222,0.019799482866336218,0.1206025536076403,-0.6767984644308248,0.030607731778936994,0.031773326159810066,0.03930249992732256
631,0.45983569756384757,0.02193181817610286,-0.041980483962710154,-0.5398778706176568,-0.052036869365507075,-0.08226050360961956,0.13311231749534733,0.8560633241835057,-0.10210962664017627,-0.11158814293814537,-0.18779275486037408
632,-0.194212298207744,0.04208292571068499,-0.04395019036740246,0.8814382009965722,0.08288713346654468,-0.07173055583152599,0.16267883834724658,0.09118234994495125,0.01043372640813563,-0.06776873866194523,-0.45168360483494585
633,0.029778715972692184,-0.19048671870891828,-0.01224229823034739,0.00047998833433216415,-0.6736418669765507,-0.0982087146587231,0.10510449490698186,-0.018624300776274375,-0.12492621474147943,-0.03914709410967195,0.8491124796534144
634,-0.19310324615362442,-0.032516094200142696,-0.18292793928718684,-0.04266122392828712,0.6190558894493686,0.2148039224636163,-0.05135243469721545,0.025827921008833493,-0.38750358361259685,-0.20045810619287943,0.0032342203554454165
635,0.04448193299586799,0.11452600062783314,0.02548676595421892,0.12740750244380322,0.06850791714909266,0.11502913811552598,-0.06378325242787461,-0.1289347380730334,0.5121518508836469,0.013547519033163351,0.04615985878303489
636,0.06268194009263875,-0.01698858389811076,0.6365819614234205,-0.04195156414245722,0.06728431061248645,0.0676535145562532,-0.07199404552750938,0.08917963309953067,-0.07451819850739758,-0.042508786695450766,0.027614187641261882
637,0.07586367004885833,0.05569696135380854,-0.08474831001410278,0.061699349173204125,0.01348528472717424,-0.6737101549863118,0.002550351968504987,-0.05214058428122756,-0.1725208125823954,0.007848320177691315,-0.08469479191483349
638,0.21523280945691603,0.12483542746043547,0.406037598914354,0.0554578788418549,-0.028965475994242876,0.15818115264531973,-0.08932427384680015,-0.03157804830276538,0.04049062190789717,0.00048224659900432225,0.0444729222513983
639,0.018321934830179205,0.6427817499607522,-0.13254130078270893,-0.027018095372204284,0.05016886747423728,0.016090920110990135,0.062241038634381844,0.03389174405062849,-0.0019665162810292127,0.0940681122003093,0.030428884254931576
640,-1.8075048957455437,0.28568986108326844,-0.0390501275562983,-0.050487491692081166,-0.060242240556176295,1.815083525651561,-0.03408852432755349,-0.13430494681176075,0.046070666531150106,0.05533893130230779,0.06928658189750653
641,1.152818824652267,-0.07437546921390012,-0.028171200807152276,0.024814069455285127,0.019112233435692107,-0.008501033321622671,-0.9722761378075488,0.011644514988756852,-0.02084764277364066,-0.020411552397102437,-0.019778996008718068
642,0.9216861041851246,-0.05106250753370934,-0.05738119927906311,-0.01368518603470429,-0.039517315257377755,0.05323037795509071,-0.22859298485952045,0.04697705116945186,-0.036614693612074596,0.05937414509938759,0.0392814332147471
643,0.6386501380900992,0.0077830273674464896,-0.026497293066503214,-0.008997303953658721,0.024426863616210343,0.11198338069594176,-0.0037792966657794547,-0.012803592067833493,-0.05201874752664028,0.03799190824639911,-0.016394802379781737
644,-0.015035713209871402,-0.0016171687366007357,0.06543168886657472,-0.08374526310436682,0.08490321054532517,0.1297441540781806,1.2503920408360858,0.06855532229128986,0.01440342935529792,-1.0648747864024481,0.04427058374700393
645,0.07126193520640324,-0.7344874529246053,0.005276340778124387,-0.015697995718983823,0.036296718646615884,0.0393592991401432,0.04915414971511456,0.056527178078370564,-0.021293461373375455,0.994995596888679,-0.08220423717842913
646,-0.1506184769009087,0.9318192000939266,-0.08446742144080624,-0.05376432094206825,-0.07010038594144657,0.07988818269213607,-0.1382063524273671,-0.5943194236730331,0.1149277241901395,-0.10964295200660187,0.08011450124617733
647,-0.12374561064405111,0.0903085014532738,0.009515803491805015,-0.5104046475609276,0.02383145965339429,-0.04256520195803819,0.09397186190160096,0.8535320934142372,-0.08287290845952543,-0.07939174278017738,-0.07052331420127186
648,0.18888538386028714,-0.14185493030868154,0.07602939632174215,0.7955340766453695,-0.005495941902914984,0.2509004856464283,-0.14579524094285798,0.0045224985728514406,0.0329746923482275,-0.13479293316339733,-0.5933821094141797
649,-0.061400994974066134,-0.020467874993440577,-0.1619208685570629,-0.047244576121558336,-0.447390982297369,0.14134947082645602,0.21270592812089087,-0.009149514512535473,0.22452032035280078,0.019808654369543263,0.7969484490022016
650,-0.3509120589471275,0.24302382195391942,-0.16071797489215023,0.026348668549762314,0.6432457748100372,-0.12282868133808375,0.027097317507500735,0.06228290303734323,0.022059158667189244,0.04286808369058401,-0.006000819770048535
651,-0.21479971511697035,0.013951926209787172,-0.01657029045484902,-0.081465980185291,-0.03240809968802447,-0.22809780885587078,-0.009167803977922205,-0.00445276797327218,0.497442142604412,0.178325719355194,-0.029582322835995743
652,0.09871858519587043,-0.08405491829867266,0.5642695834651547,0.10814250654402761,-0.05922119726061881,-0.009014342657464721,-0.12485133402345142,-0.03976140307680717,0.01397698182384585,-0.00404175210841312,-0.18407199255710321
653,0.06385104836245283,-0.0009691213807103624,-0.09098833656511146,-0.032215410006626775,-0.06883366657683973,-0.6520806779460799,0.014112132459054951,-0.008901604141858527,0.004337339707012477,0.0242543190611969,-0.09411265976334325
654,-0.16306462171046002,-0.10077888091735866,0.4212960553272438,0.050088216744000054,-0.1513598504151801,0.01612646330472728,-0.2538043163340689,0.14724421415566472,-0.025365076664932585,0.07634167411231907,0.0896748599403099
655,0.0769546514138282,0.7143401155301213,0.049594697788368086,0.007115876059251106,-0.02153402556056785,0.012775761364731998,-0.00663100255430113,-0.040051554723048804,0.06011070834851777,-0.17397127396860432,0.001478587607775584
656,-1.8663583944311612,0.060231986636360924,-0.0028856681760733045,0.12008967803727398,-0.07183372477764817,1.6970289364030597,-0.092649738418825,0.05035914753421184,-0.07129386199700424,-0.09525699379968572,0.005727413499305807
657,1.493910964611588,0.05961959715506712,0.021865922214857947,-0.03122090596795062,0.08969562814311972,-0.0502105726521292,-0.9622476517794853,0.013908018911395044,0.015374096021656833,0.01198512233966549,-0.0581883625155144
658,0.7722770316929788,0.09235660277501495,0.052118988349622315,0.09042013845775823,-0.1863513876432129,0.16594714646062375,0.020241066680610646,-0.035871582078545024,-0.05971904926157719,0.0739706539659201,0.02929190689266191
659,0.6212455650948316,-0.02198377334950523,0.0892275673232986,0.009821716920526042,0.02859770176700201,0.03542939532982138,-0.03174373167207333,0.04485732029937928,-0.031716448489266275,0.005359786461077385,0.058943388104011694
660,0.0007598136781566409,-0.06635543170585974,-0.05344435383677759,-0.10895857217795457,0.0335581032663882,-0.2439028524672887,1.154340076583408,0.0339545884425663,-0.06890832690930557,-1.0622518363815905,-0.10543802655383247
661,-0.16151975017845,-0.6770491126052736,0.11023193849523183,-0.12835990345989978,-0.07807406840983186,-0.026609176084557894,0.010095903364591072,-0.03226277615927981,-0.12550780611462176,0.9375190446767095,0.01316104062597272
662,-0.08392774709140997,1.0091459432733616,0.10616114296362263,-0.041520599937778624,0.06354559894521025,0.1959098238727042,-0.17405875808301802,-0.5517231358095991,0.0021015374863799403,0.0416546373293246,-0.03392450388601884
663,0.11237018112062029,0.012860348598367854,0.04311980297771687,-0.6973843991128583,0.10415286404568637,0.14100555196783393,0.10283766850470082,0.8543384974456881,-0.09325009656425913,0.02499464154929315,0.08903183362162803
664,-0.12314290148817598,0.09548052524102359,-0.13681037075537425,0.7919962432646587,0.031261539042262414,0.24318558214695032,-0.028507941091468744,0.03911587760142203,0.0036769029210439227,0.14751693998447182,-0.5900570374099274
665,-0.18133157646571224,0.009209195749992963,0.0830970884922011,-0.02685241958425224,-0.5227740786614564,-0.17414651486426053,-0.20989194346594073,-0.004894904203107432,0.04583104681938891,-0.06852236501997942,0.9272623382753317
666,-0.16165295836163807,-0.20346150016687578,0.051005987209827935,0.057661306969523735,0.5994103723674489,0.03330669206008479,0.12307974773147586,0.07306056833648429,-0.2553160089457466,-0.06624092290157617,0.12630260449620614
667,-0.012276944596567956,-0.015835987314470973,-0.011357902862421207,-0.12067575825276546,0.019132092989593886,0.1503339650864442,0.16412110222795567,-0.09880021317767095,0.535422905653911,-0.051470000000954995,0.020225908070918175
668,0.0640067956471432,-0.10405091672104737,0.5928854910210557,0.1270633238863145,-0.10632714859280996,-0.22614632437224175,0.07677140846485499,0.08189669836697758,-0.03398578596887031,-0.13064334142986864,0.003006100661726135
669,-0.12000371535418919,-0.013287981712769747,-0.009287640872172657,0.03238013012505084,0.12001924800288725,-0.6393414801562157,0.012178738244934501,-0.08066174685824276,-0.16990522901316615,0.003045228576458279,-0.005827924666894512
670,-0.014972035605962185,0.08979335963725812,0.4157095175736705,-0.10400047248854456,0.03928008532515149,0.24602000318689132,0.07987993367992972,0.1614526863910572,-0.04946667051319445,-0.13573777031879486,0.24025774616215853
671,0.2593926380888629,0.7184663926858343,-0.025170669591680024,-0.006911707667317291,0.051643778685781974,-0.0913581804532105,0.05421297217802299,-0.06976347442254421,0.008107699897286299,-0.05266834270556145,-0.04903611349355656
672,-1.7164356448054052,-0.097014504549084,0.0814331716184534,0.05991473297680273,0.11982931282925907,1.7860825506799969,0.03703508741160398,0.11481435165214467,-0.07721189252454275,0.11621919642762371,0.0632189287783457
673,0.9279752708335761,0.04194705767524092,0.10495262606161855,0.0514989666833594,0.1165346674211159,0.17055453512668395,-0.8925466382645558,-0.049680008757929474,0.06512019716412895,-0.10836652007207304,-0.03564263029982604
674,0.452999439004771,0.01991962213644867,-0.02575825423730227,0.09632836997586497,-0.06394453704862918,0.0496382285926174,0.07242087181244798,0.12464642307244922,-0.046153203576604546,-0.04316971195150386,-0.02246854476650264
675,0.6088553054005972,0.02664814979031343,-0.10259756768036422,-0.0012921866364675903,-0.03960193686053011,-0.034727370173386535,-0.06072959024389738,-0.07194138893329656,-0.0449494305106832,0.014423705999007429,-0.006019701446594027
676,-0.11468382126670607,-0.04011964922381052,-0.08536389280034144,-0.13565406016093,0.052169291330536806,0.2336829301925201,1.165136521276005,0.21042065219537254,-0.16028913874344192,-0.9047658746264062,-0.1314240669809484
677,-0.015018612515054633,-0.7532465536390114,0.10899077278157948,-0.15982329879087961,0.02277730630406549,0.1166910360901438,-0.0013979661495045945,0.10178281402144893,-0.09398073580713752,0.945937753900835,0.05793288088805856
678,0.009611408804036414,0.9811883903076404,0.013168784346485989,-0.04729007783190238,0.10183210090580948,-0.03541009820092698,0.03314271232525011,-0.6300696433948904,-0.09051004138506018,-0.060525424221807005,-0.08503851123976107
679,0.13990628625058218,-0.02882517089071992,-0.053660783987755915,-0.49153117287833975,-0.07480841068019477,-0.1558526130262474,-0.007820350138785757,0.8168356708912776,-0.01675813129680549,-0.03903174824015898,0.017360493816322858
680,0.01973074403351664,-0.1499998176778725,0.14364583390356103,0.7675474188902236,0.05548029116151157,0.008559552089341501,0.06721335877897772,0.018574504802869707,-0.0625998519611732,0.14447081922250773,-0.5063195271357938
681,0.08892917363813439,0.030406684215960093,-0.0869988090908837,0.06953315946267347,-0.3560216521485272,0.12336505593835186,-0.2501973198318984,-0.13144800514128951,0.02966689389676184,0.10526105145308932,0.9386035372573519
682,-0.0006593724421663606,-0.02350546582513765,-0.12481811248201027,-0.024232262048410592,0.5942397745983761,-0.07001470365014913,-0.018435308740201994,0.03429926004079275,-0.318682954020577,-0.14330257360467433,0.005365654613648972
683,-0.04132777838657511,0.02853751938941862,-0.06518076010919245,-0.0940400697953985,-0.06390466198518197,-0.040031801004112216,-0.03884283459506184,-0.04621543931905799,0.47184376442463877,0.01744101600246167,-0.12582230504268174
684,0.01093721423950608,-0.11499798962506845,0.6682442925534309,0.09043072353733927,-0.1519079739343642,0.05466136408537061,0.17293210284386984,0.023548117750930776,-0.14673336539155515,0.17346689515932828,-0.10569876524096415
685,-0.03679744801934292,0.002261649177476532,0.03331668742337819,0.06420234371466882,-0.03656911630448162,-0.7145188503132944,-0.019996562296617656,-0.04946682720956521,-0.10629129479354374,0.028033263849119982,0.10449208045351788
686,-0.11943786785162827,-0.09886146949150657,0.3881275351945685,-0.09962089154057256,0.13901093186759475,0.09117994505183892,-0.12143439212265639,0.030526606243406546,0.01356786034343206,0.07232360041153205,0.09241440877205505
687,-0.036296433332604607,0.6751871220873422,-0.12560685709965455,0.032125584985942465,0.0284222402800657,0.15788028861715836,-0.0010013082957660707,-0.0241703494928768,-0.019513774177528895,0.04904159608870253,0.05170804082925108
688,-2.1086976514026023,0.0723418532047731,-0.0025737485123605453,-0.12072342092356556,0.23950966488816042,1.9239973314455971,-0.15283892887604303,0.009456412731347747,-0.14834119258401918,0.02099651663373684,-0.07816425823599762
689,1.794587999412309,-0.023316625887085704,-0.011565036519050744,0.005973144803377847,-0.022910808221969357,-0.10507116007355308,-0.8596927576905415,0.02324389644959649,-0.007219176586096125,-0.006763707197749864,0.011179479391764693
690,0.9956674146611033,0.006048067321523253,0.00588046696561113,0.07411755409416129,0.0006337865315288712,-0.15180701653999523,0.014295295864722602,0.017170949641544295,-0.06954579622962563,-0.021363876047875974,0.20425712721785635
691,0.6211838028692604,0.02659829907373302,-0.04196871909083744,0.03976776715902161,-0.04574159939377725,0.10363313595982805,0.059090222162624745,0.01919881051865667,0.04932668191954624,-0.002591589152830968,-0.017968685138103343
692,-0.14504504490438472,-0.02913104629872263,-0.07691537731688018,0.07048854467860999,-0.04300693295993018,-0.18892286705617514,1.3372555127571661,0.03690429333915386,-0.13809550758592345,-1.0704261768303973,0.0013094859505201261
693,0.07417237119101962,-0.6373334284233084,0.05826716025053126,0.042471181363787594,-0.0979152114365698,0.017648849645367802,-0.013122944700500622,0.03501558266032962,-0.07287819965887628,1.0445973753824975,-0.08523073729690914
694,0.21491583139354517,0.9792920635633294,0.04365999121810785,0.07078744650577691,0.0819632518209003,-0.05538015320211776,0.04342148759133646,-0.5675845674196962,0.013359391455036146,0.12575347112213947,-0.03329338365655669
695,0.04710011197431245,-0.028986481100083176,0.053838312101650944,-0.49095538158058677,-0.09667156388428005,0.06666280011615483,0.004784036630914141,0.8040448942309603,-0.00038407146459678264,-0.16121631440166748,0.006695564592088692
696,0.006295356729115077,0.09624733070673894,0.04424304156284773,0.7761663368188472,0.18401127264197703,-0.17929156454772097,0.11631962463606108,-0.01989508164833879,0.11331908880338863,-0.04737163071597884,-0.4820121528922212
697,0.08083700067321183,0.013927849461348372,-0.07375817699817813,0.05669382467243411,-0.762615783993565,-0.08184839478848273,-0.10036058536759307,-0.051673069596898956,0.09695731313822736,0.026812866913459625,0.8784705663360084
698,-0.011285350141061648,-0.04493157572940749,-0.10873928158357439,0.030368413074559363,0.629581585783378,0.02069231392044702,0.03460609925916596,-0.02984096847776398,-0.180287941099918,0.02496052806143688,0.013238074458891557
699,0.18677894806862624,0.01887530534262309,-0.06801588505510592,0.12751673333470895,0.035304297327699755,0.0627387752184583,-0.07299772607617645,-0.006056180639803876,0.49591537179613954,-0.033814691479115776,0.060023650008546356
700,0.038365119957435675,-0.054233327115592915,0.5464416904703142,0.048989838623292634,-0.10311013248069355,0.11998041190140991,-0.01898239533927228,0.131672668232701,0.07903640999576347,0.04543968714096531,-0.08502099329527547
701,0.05323270612925873,0.006628329803920034,0.033955073551999455,-0.10751353555145585,0.011657531564735967,-0.6772656809012337,-0.0389299528406925,-0.06541817878276414,0.12265855368217204,0.057850233589885086,-0.07072863297060836
702,0.2895595610176157,-0.059176515834961085,0.4111952449478208,-0.14043101651633552,0.0325265640485606,0.0015066842132790137,0.107940824111834,-0.005500764940934157,-0.027679804775724907,-0.011853305637225921,-0.011846047120102406
703,0.1318479002186852,0.624083065865363,-0.004170819097185649,-0.008088998405516374,-0.05646940876448023,0.19843287884694016,-0.01822425725027039,0.045214003212205894,-0.03698907273645803,-0.08814805817752001,-0.051924019241576455
704,-1.6576018324696458,0.012043408182464944,-0.012337157132091124,-0.06083982658473484,-0.035426657172568016,1.6901489946905135,-0.11080443908239973,0.268811249597384,0.12713620553795435,0.12294247482959621,0.06433675437639474
705,1.5911037961142696,0.12528136525445716,-0.02859244338643834,0.07248079579370803,0.007069145253527316,0.013643183435324877,-0.8854417479770027,-0.0030523010800363624,0.06200424486745906,-0.08843199800470072,-0.05714491542133412
706,0.9277319524021852,-0.0046243479554443035,-0.07028522037462061,0.04533687239843093,-0.07798351679835856,0.006747901066663051,-0.08889972690937128,-0.03392943545578235,0.12111301826457457,-0.04288448421327931,0.15171703876757464
707,0.5829034311676606,-0.0019170910796076062,0.0413618379929195,-0.06458194780178621,0.037877149017737546,0.10522071372784929,-0.05924114294995524,0.008076269526753553,-0.039823398050205044,-0.04231844056938209,0.028773210807317307
708,0.10712028320336088,-0.07449229631728053,0.027743081012248667,-0.06365844627288424,-0.002320904013579125,-0.14773749132429115,1.4209213801219014,0.08131498185740135,0.02015480640370331,-1.001860110580021,0.15458909943068957
709,0.11474119259861942,-0.800285324818998,-0.0755442253156591,0.08806243711801835,0.04803652121215797,-0.20741440373169706,-0.1248188075043354,0.019232272576184505,-0.20754817744401186,0.9613146841979393,0.004161502523236968
710,0.01898335395531956,0.7931049294992836,0.034487092471983116,0.020006851615006066,0.024100301788187714,-0.12154899593786324,-0.008751748070193514,-0.6699676199338371,0.12971892491343898,0.11216164805655382,0.018507717556751267
711,-0.24488420647989445,-0.03885960532202262,-0.009266366469143746,-0.6184481545911197,0.0009129373690099276,0.02016240477949627,0.21625960785993073,0.8938425477225528,0.0018783785341858518,0.12533486410533787,-0.04445422833227737
712,0.007104884600942993,-0.35521100123900295,-0.0777382525327406,0.7240247914967062,-0.13965807227058305,0.11808399407387798,0.29246945273893743,-0.06076473551783076,0.1428466311166468,-0.0916632867063752,-0.49666114283030355
713,-0.0008068659394913887,-0.19928206948964014,-0.1017715516869282,-0.04266257542540879,-0.6376831495301428,-0.07691886793368989,0.2284297320525761,-0.0526086054218179,-0.09586895439409754,-0.0779946058507216,0.8149234303752171
714,-0.0070241616738737425,0.12766164240727051,-0.22698997147277258,0.048004323590417085,0.6039645862348606,-0.04168825969503304,-0.1397963092573761,0.13816627381121518,-0.339550574215591,-0.026622899639123135,-0.013347309727904303
715,0.1062042059667857,0.17612564295267577,-0.1685526474951569,0.1303349744404923,0.038305417897943395,0.062402517266477595,0.16743923308655173,0.09469917907520894,0.49163627318825515,0.12810350201459586,0.02882641821811121
716,0.32216761874037936,-0.02916490986140243,0.6102901569166648,-0.10506136255393825,0.11070447765641624,0.02169048157539821,-0.12354521934535351,-0.031473194740378886,-0.03874301665834855,-0.04990568151557842,0.0484556836577683
717,0.11319410584059147,-0.03309187399534332,0.056994366232305554,-0.08812157272622408,0.02311452454391002,-0.6462313845086879,0.002365251752851225,-0.12570691623533492,-0.051724513877578635,0.008507888240877021,0.0018212378434114777
718,0.1311431248844891,0.002248225129361771,0.47387366247740953,-0.04128762144564567,-0.029882231825580103,0.033313780299989076,-0.04231638128616438,-0.01978376611777978,0.00043799215355662456,0.030660865732320228,0.05314331919006342
719,0.014816645593924465,0.6825036463730579,0.08572845311856885,0.010898323685349673,0.060683079724626526,0.20481537783485187,-0.04143922073162824,-0.03602967214099195,0.08710221859202821,0.024161372660509377,-0.009823746891569956
720,-1.9293627498229609,0.07516770092890274,-0.0062998600456522,0.07730064917955058,-0.11350427105387086,1.7134236427120089,0.018494176169537645,-0.14523478159121644,0.009014923774835737,0.057539094165468166,-0.06945524046502904
721,1.379969434821705,0.05727443475934397,-0.11007830745627983,-0.08725655743264067,0.03671413763794406,0.12922860065352493,-1.0652730997010513,0.0639243043232421,-0.11207118980122827,0.020487984407975033,-0.05641158007960602
722,0.7018634230712024,0.07441878366250207,-0.034637821708808275,0.1713542798184727,-0.052913898940989475,-0.020119398300811178,-0.038470137782408174,0.0023627024596859663,-0.03724844223930375,-0.0817993349982365,-0.054829460865496116
723,0.63512986577992,-0.04848029669556382,0.08093125677873596,0.0009120113224778586,0.01656207435839967,0.036214063086356094,-0.03790202561420519,-0.001316617204201382,-0.015690167390431997,0.029353379178702906,-0.004448679772759486
724,-0.08995106358198646,-0.04124789360568249,-0.042022075988076835,-0.10391290118869653,0.05070569894852327,0.045353744300692764,1.1825516500750144,0.07226407923584843,-0.09343792191142493,-0.8757270090089642,0.0297695150989027
725,0.16602943252669705,-0.7115109770555946,0.03194752039306971,0.028069291994507528,-0.026797834861169902,-0.12508440457693284,-0.050891481552373524,0.03584708690542571,-0.14752739969771111,0.9462661892894434,-0.09922156853275704
726,-0.10475386371403901,0.8244211765834948,-0.045886919910019676,0.025162073727478515,0.07983142417491365,-0.0704488042719298,0.03235077890737677,-0.6548312539520712,-0.11017419815740344,0.017528428040875264,0.0418914004848363
727,0.21903057000199255,-0.12098270826256825,-0.014600902901307947,-0.475691144735919,-0.020944445772481033,-0.019774162436174417,-0.18957788330495537,0.8754418338254342,0.10267536986457076,-0.0479178976959899,0.055314142016584265
728,-0.357794333234841,0.039402156254583445,-0.15947697082194218,0.7843609637671254,0.1362406698520938,-0.07700493173392008,-0.11631341287742042,0.09101540559884701,0.013187952828423936,-0.03756913962686477,-0.7016552091448528
729,0.2984520771812223,0.10130184414325136,-0.07487430586348012,0.056461500605817845,-0.5028949154466562,-0.20354314372098994,0.18209549617438311,-0.24244393523603477,-0.04457475397512125,-0.12707594692650187,0.8598283413536715
730,0.1329618715469957,-0.13642124326525035,-0.04520057232756175,-0.018175503058386916,0.6009005180018934,0.029114628951546928,0.09447424280818198,-0.030007838958588294,-0.3779296324304565,0.020221639587111727,-0.02523540224109342
731,0.12827397742316154,-0.022644696366876785,-0.057941197182905864,-0.13954223923685183,-0.0196249670725708,-0.15257971951402607,0.13778257008400083,-0.08328687336781113,0.47930763052903563,-0.020548308058849992,0.03346914531926214
732,-0.04678483168828597,0.13559899494254254,0.6164479640755461,-0.050982297840158286,0.06333252211280778,0.12841671921356132,0.09475630464382637,-0.026436720942859974,0.06761963852990092,0.016253156114034484,0.0445873071725338
733,0.04319395352991158,-0.030441459034742272,-0.02069843772274117,-0.013771825174790527,-0.06013180523728849,-0.673874622000051,0.024035030696717634,-0.059357156912332766,0.06156939823130996,-0.022670715061556764,0.11434664455141481
734,0.05338349589248979,-0.006629782647868636,0.4353752475204381,-0.13425218129596758,-0.144523781073268,-0.1483273098321204,0.06899211609211317,0.03116488701623994,0.15616529821484548,0.011264254774551775,0.08767897356185929
735,0.04490251210102274,0.6414459310560905,-0.10202871611831917,0.0029340272367010586,-0.015267117904755264,0.017480611786348188,0.06012435742347871,-0.014067753895946857,-0.100724678433329,-0.027628054155934417,0.023155738941311003
736,-1.790413626478499,-0.17390526991776553,-0.06342172031440796,0.08157260025772751,-0.056966807178585446,1.7126820606346174,-0.05213879698586806,0.02280842653970922,0.13117486185525717,0.12260898147764361,0.14807490264534892
737,1.674791759877571,0.017525862392381228,-0.06201341743624185,0.11078147287846155,-0.09905691458020058,0.10091970832103707,-0.9034666840252162,-0.048120876678546726,-0.07342788267065987,0.016349115708936622,-0.054764350879685585
738,0.9001326570935,-0.0401954867300701,0.014207340280290266,-0.01865159218951901,-0.01085976879082658,-0.009803318409727646,-0.07070126203552571,0.0017698938274832159,-0.13333244339252318,0.014656136995580396,0.017210491298701808
739,0.5698922244814235,0.009602983702748672,0.023063659836184074,-0.06656842608578421,-0.011062384377201678,0.08097661561601235,0.034269924838806094,-0.033481967809439364,0.007497209193648553,-0.02931776438481968,0.0781350593005351
740,0.06544132292202828,0.08417544009869576,0.004939152643656709,0.06356516086714994,-0.031769188144605734,0.05140788480124814,1.2855464170482684,-0.11136317209772785,-0.05773313842689183,-0.8355062172958607,-0.11608458441829178
741,0.004971403287552958,-0.533003977525012,-0.01446184102237182,0.07952267662762673,-0.026161157347577232,-0.09530568193816552,0.03959555652281545,0.03303483678859906,0.033270591034111424,0.9894526994623357,-0.04043655403005801
742,-0.07228596932299265,0.8463619358794722,0.010090268325340082,-0.07143730586291823,0.13534882266414552,0.08032496328090924,0.025773448975033288,-0.6794170201765446,-0.05253782334686763,-0.007328889924813468,-0.0654249960671204
743,0.08565748161416824,0.043662904122605824,-0.027956669185579184,-0.44957873165886214,-0.037147672331124926,0.017565439460712637,0.17634301984058437,0.7624103943651078,-0.0525681682002086,-0.03010931438865578,0.05375926738667556
744,-0.06404675028678106,-0.0701666665670978,-0.05744406999099652,0.8330186253205942,-0.04158358346378567,-0.09249417664764328,-0.05918458513133764,0.01298385186788953,-0.12422118169698233,-0.03333377187023498,-0.3197430301035367
745,0.08289366866561605,0.06689043801671943,-0.06753811637582993,-0.061835248103460014,-0.5788797874489169,0.05320417389959529,-0.022284076199330635,0.06468290760655801,-0.06199108470072675,-0.043870463199511815,0.8400669995688845
746,-0.14212956741458183,0.1251940787872568,-0.06731912973095414,0.10664015981660747,0.5636182891296146,-0.13407705477847962,-0.10028834126842719,-0.14715351172956612,-0.3532213741729576,-0.22108534018362047,-0.037502244332289235
747,-0.08370117944994053,0.10376333944410826,0.12881833870535253,0.20765171523931628,-0.00791363186417976,-0.06694302065567095,0.09823045762984335,-0.13213064239305256,0.5223490442247465,0.0008702283128128509,0.05390951990291778
748,-0.0878942447294396,-0.06826393505181463,0.5261328681756086,0.08942696658460753,-0.1388395119207589,0.15204785321969538,-0.1352348204507263,0.04997024048358325,0.012189457123736048,0.049254319340882945,0.00880570914548008
749,0.04821337241842332,-0.12911658512278404,-0.17941993670431242,-0.045161389208985464,0.06380124065067842,-0.6632496799291531,-0.026682643088128365,0.015579096460777774,0.01596462188003985,0.012471908576950179,0.02150525327187976
750,0.054667697583689334,-0.0227821495622188,0.3843179279415127,0.12716388626332803,0.03562157192815107,-0.11277311415443103,0.2297419166547955,-0.058422146518706176,0.041309721122910814,0.06568399188192002,-0.029775724634368634
751,0.08333776004131377,0.7025732187185258,-0.008970943263807053,-0.023650077501239312,-0.002022154548819999,-0.0585875051015686,-0.0776700461057224,-0.020609093583158176,-0.0724339867105564,0.029883327576871774,-0.013083985372222802
752,-1.7453991765802022,0.052281161598973766,0.05389281989624779,0.05816398331542272,-0.13288379441382173,1.8672625077222433,-0.006685818090131929,0.1295246838178835,0.10586120177698831,0.049519720715273996,-0.12652872507620974
753,1.2147999727561738,0.10585580971731756,-0.1152518254661222,-0.016130182190283473,-0.0424436787194619,0.06289428838302413,-0.9936159176759244,-0.03545703636001418,0.21487629627260094,0.008267010708513947,-0.008037100608361146
754,0.8787304096644317,0.12852555958393802,0.04616863902323411,-0.008644683984555875,-0.1745862512095574,0.02525364630006766,-0.050436506706583895,-0.059123201344301664,0.12507747308553477,-0.1193587631053466,0.029270995230758955
755,0.6226166291495376,-0.04344092913431757,-0.10995082958888298,-0.04185698921458731,-0.04622591166134923,0.033139962588674535,0.038189089065421025,0.028908020184589045,-0.010841189781452376,-0.03695134797611752,-0.04557537770497871
756,0.06674676513765697,0.0981104453117478,-0.015623876489011517,-0.10469849581886292,-0.07627477557853633,0.0760364286525658,1.2938469713151157,0.08102907500663868,-0.06826905144101428,-0.9314158183162193,-0.04805471848261719
757,0.06547403203683716,-0.6633673715927726,0.1488162601426619,0.043664467680176046,0.014641321931587209,0.04992275868286182,-0.08000078869666387,-0.04197660319618454,0.005999812026117013,1.013147266803494,-0.06119785907235252
758,0.03098691178846541,0.8734015348171658,0.05232393268693166,0.02028468588072725,0.05544122063946397,0.15363806479802625,-0.09981002667300497,-0.6872618100309824,-0.10964718758010637,-0.04775608479811664,-0.028730529182548595
759,-0.05000293730130779,0.05619213775437582,-0.07237960897275444,-0.5697926715491729,-0.010126064266178313,-0.274614258903258,0.1530964136219057,0.7476732556482437,0.11576455541632848,-0.019110825916255503,-0.016026804081959008
760,-0.2387693082627933,-0.07609841605711272,0.010745487353384476,0.7439750384669662,0.017841582276596775,-0.023287605904757175,-0.07557173387334948,0.042265725743107996,0.16224230259445716,-0.038178186816437705,-0.5325226570916561
761,0.0876035008580911,0.10219500278357538,-0.0421100548460511,0.03810497149757622,-0.6487979015064025,0.09422290844639188,-0.018781582115678513,-0.012042285338290565,0.06987629034351918,-0.10501924876273884,0.9321059629140764
762,0.06066803522776887,-0.07795650962218058,-0.037928732231375134,-0.0483915495108536,0.5962460326829987,0.09862852712552382,0.1223860174851424,-0.05320414632831316,-0.1507077650889761,-0.10217285772611409,-0.01286848031720573
763,0.0881870468326742,-0.044357296659544306,-0.07563168167313913,0.08428766475766597,0.02564967947459714,-0.14093472298235094,-0.00558262952768483,0.08303499038917851,0.501013903978372,-0.09762354177444249,-0.06771838783251594
764,-0.17888927272456628,0.20116953562921078,0.5620628259982987,0.04888336662396016,0.05713430334368021,-0.03267125664123431,-0.04939073514969141,0.08488498859194923,0.10925236085185874,-0.02508143376377864,0.03762435885912583
765,0.03263093189550461,-0.025232949589289382,0.04055179899896796,-0.012527509455951484,-0.1527164576008817,-0.718491990570223,-0.06218104294398521,0.02792111341509299,-0.07000125649959812,0.025567648600735342,-0.007351202382631938
766,0.07089591191996818,0.13451868080197288,0.43398029835060614,-0.11781964046581941,0.06607638814697402,-0.022352598092390624,0.018697238909132222,0.05438341708232032,0.05979013728549887,-0.033739754582693356,0.01870432726354722
767,-0.2003176214161771,0.5816311997548588,0.0010152090048676631,0.032000923081438405,0.019986409267048883,0.024043445775426355,-0.034948526038536404,0.04856511075745443,-0.012103213989354721,-0.024397009675610905,-0.038976303672385415
768,-1.9801332748698368,0.07657956680738214,0.024094506390254674,0.05926819883825949,0.21349501673784915,1.760873192772586,0.025359081605639773,0.10542497436395563,-0.13291766664504848,-0.006337603027118236,-0.0127426526182184
769,1.7398585295755666,0.08086566303093304,0.11941519586243224,-0.09690031504798945,-0.0006900297639396182,0.12605312061472487,-1.0186041188728356,-0.04150353583344511,-0.031308455566046084,-0.03958915969786895,0.011094108120940856
770,0.7121848525842602,-0.08722168653707513,0.011638786954025232,-0.06978703122838321,0.06548586757390788,-0.15573492199860373,-0.07662511222272624,-0.08072132344227002,0.016079349727000324,0.026728522939965846,0.029368727923240467
771,0.6630800884073897,-0.006092977281110953,0.03713942087254057,-0.0084593229295764,0.023141647839817377,0.018896350356352284,-0.002300117371362942,-0.02051681634114523,-0.034024796829421125,0.04516908231718781,-0.011271806927474745
772,0.08344053197483992,-0.03119799648274043,0.08698787174656845,0.0015057265783992718,-0.023830477036752843,-0.2437061474813469,1.3830969177070318,0.013401725477491341,0.047109315724120304,-0.8450690380742758,0.10009855025490894
773,0.03158684207726912,-0.7497885996947339,-0.06990600545399583,-0.05784346624593828,0.02939440470509988,-0.17781403642772298,0.0241202646562679,0.057526485186938335,0.06610104615535518,0.9566847689312334,0.05895113296249038
774,-0.13588499025136272,0.8814143785899515,0.1058297165974647,-0.04569880454946844,-0.04411434271159908,0.00441688268526172,0.01817353223828283,-0.6097943141776281,-0.08937232237373167,-0.09057259157284184,0.012700470987848368
775,0.059256727976498495,-0.06467965171600777,0.07066908315819521,-0.5050134340973369,-0.10529488695254469,0.06229565693770986,-0.004402111624647869,0.7964574269885314,-0.1079033227431253,0.05206069343682496,-0.017341228000797317
776,0.15714952252187162,0.019778450082083024,0.062430187517826106,0.7566365709835362,-0.07392677976974302,0.05570746900059999,0.061494805806670785,0.011165945072530294,0.07209941233088576,0.09884590319185942,-0.7158350642143916
777,-0.07176706519508827,0.06885146550323058,0.014201983310527511,0.008762109325427224,-0.6671466472464178,-0.12814337992088337,-0.03398416389660471,0.06278705519517783,-0.06486607540250333,0.0952937149479607,0.8809070819109311
778,0.15828125635394671,-0.07881633235025771,0.04888212384168042,0.014762802847591516,0.616899243810683,-0.1343120043245667,-0.1745660741384234,-0.13562376312270996,-0.1626592758617182,0.029363142918934916,0.03367681573390091
779,-0.22705500761591407,-0.17943567014627715,-0.004571723211448234,-0.005727447764283326,-0.012989057786763961,0.09146689707432412,0.12309242712984064,0.020420589770590948,0.4783581698502762,-0.0030195549374958117,0.09716210346014881
780,0.04337950036059824,-0.06865621740558259,0.552736688325948,0.09552570429513535,0.0095828591597092,-0.10049535241882197,0.1846129195166103,-0.0067028625735048464,-0.07897966466679657,-0.10388911056854148,-0.035052396390524924
781,-0.04154347475502308,0.01054070778483647,-0.09256811548414334,-0.06375650324960545,0.12322528419311615,-0.6336019153841284,0.02180869045285835,-0.012426103765540675,-0.025291253911156945,0.08580270004310052,-0.057134957267255954
782,0.07480487286863849,-0.051998509555109915,0.4238990014826016,-0.05431285137756316,-0.056426953846882316,-0.2080549815072649,0.015104244126466028,0.14067679407524972,-0.05491887960423014,0.03479927513742771,0.15220057626921113
783,-0.17110826072927748,0.6610673725126481,-0.0411147997794947,0.024479041930673625,0.007926322702017324,0.24191076277584628,-0.023778312406355515,0.008427784668331145,-0.04636529661586869,-0.010124283673753709,0.02788419376313274
784,-2.0000402907586636,-0.04131261626695748,0.008990094214347233,-0.0045087102536820285,0.1823402611913744,1.812283713917257,0.11725367972876677,0.15246042249647465,0.07716076064607388,-0.07846220966862236,-0.07659382273061893
785,1.3274038293224542,0.10418061228221327,0.016070454131793407,-0.07303113597975808,0.04455293828712924,0.06089742203555642,-0.9365544071748806,0.03833622462993851,-0.029284070767777025,0.005831478996552164,-0.054596383328054734
786,0.6757497553848996,0.02332817042101589,0.0016326031612467961,0.04272252596099778,0.11961681095925329,-0.047628354907315956,-0.07887760816400594,0.05811687244699452,-0.10004105012806605,0.03617828962765099,-0.10343942254032777
787,0.6624186036789794,-0.00024567223458841006,-0.11321980537477562,0.048498239328740186,-0.01688550449659733,-0.028986485120690825,0.034798977570041655,-0.003083306293992694,-0.09277812635228395,0.0005397828584885519,-0.014823765788900971
788,-0.007238603465972895,-0.008994309261377956,0.06295951674727161,0.03053120846242577,-0.047339584422528946,0.09203847636589477,1.2249661433461092,-0.1302603413556085,-0.17707825591862605,-0.8971481176504332,-0.08470305339982943
789,0.037176120319184526,-0.4108016718818259,-0.11100243064297734,0.08359784658867381,0.23262620707544074,0.10749871384695589,-0.026855519453095257,0.001432353057167511,0.013226574902356607,0.9711379406701112,0.16865046236077483
790,0.21180179313619726,1.0230743329816114,0.081544045873277,-0.006736251033077553,0.10613244859964595,0.20323672498519557,0.003272324868244458,-0.5796120587770411,-0.02525567726852632,-0.10208217911278757,-0.002545960494988917
791,-0.07071584378475795,-0.04002414331597564,-0.04470173037615731,-0.6328822920435364,-0.1099680090554173,-0.13794111548951135,0.07428114857358718,0.8285180091787109,0.08164433984538472,-0.144158599240738,-0.07838416193416664
792,0.13044808275062011,-0.05416216551905417,0.11823720658285719,0.7664219358615184,0.10382828320892645,0.20948264521236618,0.02325347063846539,-0.016432314740870008,-0.00401466295661777,-0.11840676535093773,-0.3578439096657467
793,-0.029734395168962147,0.022767311180596415,-0.06040212150855028,-0.06884869485387357,-0.41278401086336874,0.23806226871653108,0.05914870091917937,-0.14647368096668725,-0.0158239222753132,0.0033993170396944003,0.8900213287478409
794,0.053142256863478204,-0.12727754297501956,-0.06249755964996684,0.1269450480471463,0.6445954682969591,-0.011069527357593926,-0.03130961779936598,0.028860939800988816,-0.041986002273479345,-0.039667733349253144,0.012866897506401298
795,0.1361625382239847,0.009565567831927711,-0.10609960595321842,0.07867624337950854,-0.030508293073741234,-0.03953794204046521,0.06763626685899045,-0.0426428394319191,0.5153558797698099,0.016455843097875216,0.028890634856788645
796,-0.07216019850441077,0.03631773254101017,0.6054136407475302,-0.1395856710164079,0.06392482078375705,0.14291131634040344,-0.07347100027563071,0.21822477437800994,0.0948234453894714,0.013868053720860165,0.11407099573143592
797,0.02847577676956553,0.054416922077779734,0.013164116007956393,0.054192313379147226,-0.11702492281971277,-0.7360723328143971,-0.026536664653126343,-0.05905931024990761,-0.0502512636658099,-0.06857272784328197,-0.018553169800157532
798,0.05212351826982932,0.10884256381284846,0.4237151757153227,0.12186810711732647,-0.003812729970581653,0.04719826078657257,0.02865557481596666,0.0759788335327823,0.010673753584706895,0.02235192378708467,0.004442172350452172
799,0.13383322581540408,0.7366766651524416,-0.06773605629638096,-0.06719080880097783,-0.021576457377180114,0.034018689069000116,0.033871945432675576,0.0432765979968117,-0.05371029008302144,0.053069721448589735,0.025546332648428354
800,-1.9654892288085284,0.12737115174426408,-0.015636165004649327,-0.077527679898755,-0.0774743999203917,1.529479830144168,0.1967068264173282,0.03577579163886229,-0.06819417742353093,0.07367991021215747,-0.13306098575470474
801,1.5120437091585344,0.01618403340626017,0.051333457158529334,-0.004241722740515083,0.13450497400231426,-0.08100142214291116,-0.9448578219081655,0.05687978188472181,-0.045364950859693644,0.029514539610894747,0.14441374521756611
802,0.9434486849699412,-0.1148386810943875,0.02427081539690029,-0.271402504958987,0.025391302654458353,0.09795363632061091,-0.06652244507608793,0.11839371431034816,-0.07100939858559975,0.08351981779920294,0.05185325737563426
803,0.637658495883004,-0.012672563590267695,0.07051071017782366,-0.024942098354968113,0.0491576170716719,-0.010293326458123524,-0.0059864380940218625,0.05887669110676074,-0.09726028260713332,0.009046788477015469,0.031246456074191565
804,-0.09968926090381491,-0.03368790411957364,0.07081793082866683,-0.1891019243396176,-0.07936264144434146,-0.08122491760071571,1.2040976357544935,0.04678452766779352,0.22140956956832816,-0.9165288613726789,-0.05959676326507518
805,-0.09514127053728383,-0.705717102728856,0.05018519234636088,0.0506525489487631,0.06312611351767516,-0.10195747527224462,-0.01607247638828721,0.001151945804455817,-0.14923214252820874,1.0600236610579943,0.14299564598993486
806,0.07850454709592819,0.822102407625745,0.060393250797906785,-0.0029213426714101588,-0.04438051917052691,0.13281425563396237,0.059709206776960434,-0.5923823622190595,-0.0776786510954802,-0.08265114481419608,0.04148328817554167
807,-0.06689730223455123,0.17312641614309185,-0.0669561901941268,-0.5503604840805483,-0.047460915712766755,-0.010958937396628897,0.10428075086399469,0.7574412211190574,-0.028126031776000846,0.03843440213300571,-0.08506388029798817
808,0.2845409031022597,0.050403574888845636,0.0018071497871022758,0.758521799480703,0.04850875480582312,-0.09959213294608382,0.03728549131074315,-0.0023980060274142287,0.008662066244696466,0.004875541770323564,-0.5545499608781108
809,0.10176497650254461,-0.11565550709090451,0.06693386096316742,0.12845673576175543,-0.34199316503797395,-0.19411017959949642,0.06941962136084978,-0.06777456794918758,0.15090670338404655,-0.05588061413763211,0.9037595982135778
810,0.11547112036160478,-0.08106983387361871,0.036610774325118056,0.02030788809547642,0.589406660910259,-0.21668386940186318,-0.0356504639871936,0.023607682165505604,-0.42139797502263665,-0.04346307080412513,0.03654449609004088
811,-0.0521724470309207,-0.08718289953503341,0.03344010998717854,0.06059107014604577,0.015001491868669769,-0.0724394936280803,0.03429186897309669,-0.020878319232931583,0.5222235314938615,-0.21516695808888367,0.10954572337294015
812,-0.09474723429206042,0.12390121164076298,0.6509811724461576,0.09768061356991993,0.12204037812272317,0.1457932827848894,0.18003614523031897,-0.19865106657180068,0.0760560954390635,-0.047411047130724894,-0.03144954326892102
813,0.030101403910504358,0.07239708923068293,0.1450339636925879,0.017830119612407828,-0.029467144384628705,-0.7017227738439913,0.021108090254692756,-0.031005457239927117,0.005187990456306715,0.032833799548699125,0.09513478252141998
814,-0.09410085968786987,-0.00885697152464097,0.40258126859514537,-0.013083532552822815,-0.11643740144440573,0.07964165050219747,0.01647502806033158,-0.07840676015891168,0.024350235797456907,0.05731239610104413,0.07518946673630222
815,-0.013635521025986681,0.6956995921965891,0.001621196031775381,0.028736579558762135,0.019856166852092932,0.05378131705095427,0.15404147567017779,0.011924467274376519,0.046055178885500904,0.03257185844652237,-0.0034613299170133892
816,-2.02021784260199,0.059252579704816365,0.05810270767184944,0.17103748651628095,-0.061122503408280786,1.9254251719147004,-0.09913744126413554,0.020655436951356805,0.11551761561103423,0.09497943759474305,0.00861543754491128
817,1.384851616798993,-0.012513165387398894,0.05787061423667883,-0.03594436323865596,0.07155974780639848,-0.1106236016066723,-1.0004927753095874,0.03244474485382726,0.09271962804427701,0.1051970413444823,-0.01864021798180548
818,0.9650635120372417,-0.05701824022974168,-0.049724388157613215,0.047944180327048114,-0.019555540279696665,0.05051509792417068,-0.02325199156979364,0.09187598891352457,0.11062080629541397,-0.009941084039791142,0.07543628939417779
819,0.6425533138469858,-0.0019723158351769325,-0.0106192660772251,-0.034770677298103465,-0.05382225656906188,-0.0033234355729162904,0.0011925562694271434,-0.003956578294987134,-0.08211398138751268,-0.005556389677047719,-0.003747217807096424
820,0.15297944378986703,0.1252750142604399,0.1184803602901219,0.12604571900868355,-0.10093700985293222,-0.01513027268068214,1.2083971959021482,-0.07374562657521132,-0.010094641198066391,-1.202020021709376,0.012567740876466244
821,0.001167537446476572,-0.6533017234597798,-0.24068234326353546,0.09986494768057742,-0.1587189992380913,0.16308913137634265,-0.1387858490859454,0.10491364203041448,0.001421629084877008,0.9674850480769078,-0.027880800172697107
822,0.09990696280251411,0.8872771512230776,0.07574339818200186,0.006119357535190264,-0.04297935942887093,0.06970382247048675,0.005408734319397892,-0.6941979467216473,0.08639240588626054,0.1602879190611498,-0.07303393114119663
823,0.06852921909751693,-0.015294874065166076,-0.0019188668192606812,-0.5304069776262375,0.0046163105327373995,-0.09337985734476997,0.06309156451484765,0.7503248830139431,0.07481979877975603,-0.010435424070756923,-0.004180967339726461
824,-0.04533825248318179,0.045344406786587466,-0.07959704078002207,0.7424816738625597,0.007201490641323416,0.10133201060615422,0.15775514862998746,-0.010282020361358182,-0.04582345337643105,-0.09542075021940462,-0.23866699638453973
825,0.07634170575547122,-0.08376656433464645,0.03413495032659195,-0.12542157609048257,-0.6172306918828165,-0.133219505022338,-0.05607088030817908,0.06833776014901094,0.12947544034535355,0.05212254311641498,0.8829679994471921
826,-0.15947360238837993,-0.10282587517872839,-0.17110824145908368,0.06109744782350874,0.5835236205734206,-0.1485771840405067,-0.05530359924494576,-0.04578898305973195,-0.12324221715682253,0.176793512014201,0.0016687035773981828
827,-0.13110447938398662,0.045425421975838445,-0.08006602564738091,0.025270133120070204,0.07417060359487843,-0.055202295257687654,0.155076676790642,-0.10028388015534713,0.45648909507177465,-0.05401916542532529,-0.02230745486341262
828,0.08904468809110457,-0.14770532463727154,0.6004742103367723,0.1897753328410437,-0.014294394409255708,-0.24065924666063537,0.20279843156759741,-0.06781659183942959,0.0851342461601779,-0.06161884616586632,0.0663948076893623
829,0.030636050633669178,0.06682524576545124,-0.12772275030482033,0.12472522644802275,-0.006240056342851712,-0.6346077586396922,-0.10772730508923306,-0.048189807112597904,-0.031967097098858296,0.12455116796072539,0.008621646296096349
830,0.15156995659239864,0.030585181708746953,0.41625328881754114,-0.03583292695194371,-0.04308201312207489,-0.1697281631293646,-0.0759608888244367,0.03131220686318805,0.025551579781134516,0.03407224400870506,0.002319859842855783
831,0.03082506519558876,0.7373885878814923,0.018926008831927965,0.03286575317190097,-0.042387946599836676,0.14001227476529304,0.01914973419326943,-0.015606938913836094,0.11384272939505552,-0.014519177358177865,-0.02383582916719784
832,-2.0810523485114105,0.10907669826507861,-0.07649420456642182,-0.05511982034198824,0.15085830776561282,1.8005130977478188,-0.1034089000530416,0.07848299690062076,0.12740896440259242,0.06524559016073384,0.032321327058122774
833,1.5732981761888896,0.018830482181848095,0.0701072438084929,0.0825290003273239,-0.15928760866832906,-0.11953497195434622,-0.9538202759709897,-0.004058960815944423,0.0012647723484374178,0.026992885272832813,8.242758096722001e-05
834,0.7706305216200945,0.10136177920497082,-0.0764938612002743,-0.2132854407613948,0.1307789019434454,0.07409744806744802,0.1119364287766812,0.16762010582441222,0.05740905945459837,-0.011764916307086669,-0.12471116617690711
835,0.6014808704056953,-0.01015031804953173,0.011597885978459833,-0.003782085669347924,-0.06597469629567052,0.018007771722631256,0.060536848138450165,0.029900509402838435,0.011539785498967229,-0.028214118896457217,-0.07534890283052025
836,-0.10682120936060943,-0.09417943271188364,0.12920517496431902,0.07995068463584072,-0.08389072981806064,0.046859156981506854,1.211607189248187,-0.029792773258438446,0.028665321521562086,-0.7326985406364939,0.0036842905761658683
837,0.08717271632870115,-0.6824277276561683,-0.19176032156724698,-0.09852940908023033,-0.13710890566471567,0.005417385528212611,0.09102228231696435,-0.010656207803046618,-0.09625548073781326,1.0022963584466464,0.04703084223254514
838,-0.0020539556272194948,0.9419726822118365,-0.12901534926572275,0.01838587706486494,-0.007884931237270965,0.06409853781944887,-0.04059280203449256,-0.6157086827784765,0.024907590212813063,-0.018778590931275173,-0.022817645533717932
839,0.14586230250959847,-0.03365816669809424,0.1369771824220913,-0.5077790260667397,-0.10284186689796246,0.1368361446746861,-0.12965022001960122,0.7630620918867446,0.024457349162763656,0.054892995826187375,-0.04928968830414241
840,0.06457555340032599,0.14222575369012735,-0.15986921882740915,0.8004383765979112,-0.11240348788317475,0.13932508798118326,-0.06439148625632682,0.012547513245155958,0.1911311936069694,-0.010869658206195324,-0.4579119285050751
841,0.112150175739568,0.15365747536898666,0.05720436192757175,-0.009499768085035474,-0.5960228436714671,0.05113025335356122,-0.007434329502850825,0.024829877622561728,0.0879372205427398,-0.17816034704116285,0.8335757626477821
842,-0.1533908195219874,0.007439777416656036,-0.04141494179952007,-0.045234827117427545,0.6190431489741677,0.11971427613484435,0.1741628016541298,0.0134874499193629,-0.3538317979628278,-0.16247958075248453,-0.044696599561612226
843,0.11064311335739314,0.12723053143541405,-0.24598842576829438,-0.11639698436270159,-0.03502795829119911,0.03156325330538676,0.21372326820746945,0.06971974066679835,0.4787119157048502,-0.05853743385347015,0.14300413478361598
844,-0.030442553613889718,0.012384737036728235,0.5469969109286328,0.18550163988700316,0.14700555079535582,0.04656925576936827,0.05259314920106168,0.12998976783310248,0.02028303804889796,-0.1547406620305121,-0.10731890715341863
845,0.016050794859245206,-0.0251017528936999,0.07927726737033258,-0.058888188794559544,-0.08581448530573281,-0.7127139854886536,-0.06670273398305955,0.02258268445338258,0.03603523255037813,0.10765573274341511,0.005051217498251919
846,0.09117733277623773,-0.12195570266979956,0.4528949909262318,-0.0010437728883016797,0.13794380108527624,-0.01243768947992308,0.04285903658516458,0.11865426941471896,0.09070884201351143,-0.1222783427543392,0.1219564345305601
847,-0.1147829472017264,0.721512443813298,0.014349925493022726,-0.022231365507173896,-0.10074180868944844,-0.05049875613602206,0.2114878570805046,0.015400221777339762,-0.001497678877821976,-0.02109868165951532,-0.014001776272956094
848,-1.6691837491935464,0.011063593728575025,0.04144445856486534,0.07540923966558787,0.07741117910231261,1.737092283363494,0.046063825933740324,0.10154719390486183,-0.02565236145619406,-0.04865490259946008,-0.13196853387567825
849,1.6656375891237873,0.05973051161103368,0.17498164792320295,0.006239557843551102,0.05738824909547868,-0.03947182143844253,-0.9352903152346019,0.007052514214237446,0.16942877509609672,0.03746042415488369,0.055001374106503194
850,0.7244110962296548,0.1280439109892802,-0.012458446171746455,0.20692913234521165,0.08992498459161713,-0.1223677355243941,0.004509781706563783,0.020336909779742576,0.033412187489408246,0.010106981237955611,-0.061772432742325016
851,0.5958320106432191,0.03385145500691648,-0.048899193779110464,-0.020136591848008065,-0.046765825321754,0.05176926184352721,-0.027266557974100096,0.020025340088221467,0.019064007614598574,-0.01635264601176352,0.007912932668505832
852,0.12193469393896758,-0.004242637797660861,-0.03359166736814088,0.09288505162155901,-0.14555528327047557,0.042855708689953066,1.0617662365586955,-0.07779550144808403,-0.09047719892225363,-0.9149106203083615,0.02256866024407401
853,-0.16082214642562895,-0.5688580256039455,-0.020236447428245756,0.09365746332178598,0.14880972512085464,0.038755334797633434,-0.02138116684259535,0.0724618334694971,0.10532504643356436,0.9705715320555538,-0.003597745653879967
854,0.060299198755240535,0.8443683300907214,-0.0038066723110504186,0.06195702131775582,0.0347665774284194,-0.16996807222588292,0.12332873958433448,-0.6989573467347429,-0.03394918552550287,0.15263485957457723,-0.04795182168372561
855,0.038705767961505676,0.005961394068419407,-0.07707810632566967,-0.6091600587163833,-0.08740769363839929,0.01857514167521108,0.15160712313211389,0.7703194990135698,-0.00800519768939694,-0.0783338252799011,0.014819785966883454
856,-0.0027743038931171207,0.043333707505638024,-0.07837299520305259,0.804815785297135,-0.06716078909224614,0.043609274164050374,-0.062314633826270414,0.04146976119221946,-1.8527723188389335e-05,-0.054187385329982476,-0.508953614319936
857,0.04288780544430448,-0.047733845725111315,0.08631018169072224,0.06920729350413236,-0.680446608054474,0.008653285092898113,-0.053652569911166126,0.05297972226809018,0.06967755792958498,-0.04272848019943707,0.8510312203326341
858,-0.12461286366981927,-0.08813319079326833,-0.01611659576661514,7.489189297860653e-06,0.6160706188898522,0.15170353079698093,0.1331526703264458,-0.004700831858878505,-0.23364462219053161,0.1089477353462148,0.020348911825525777
859,-0.0032581224369541183,-0.13116327099816677,0.008023784298134704,-0.05504029991164429,0.0768269221451682,0.13900271106256296,0.09531497619487682,0.031737086575542625,0.5014644770093974,-0.09526075205025089,-0.03914352022627473
860,0.02453326356266688,0.12094340317842855,0.6239340775676642,0.12997221410000137,-0.09906568843064195,-0.041313059707844324,0.04062040172454655,-0.1725125102484231,-0.014450479987417851,-0.11682263777642454,0.012775531009670427
861,-0.05943225793286039,-0.06575169056458097,-0.09525091043648592,-0.08465832280866367,-0.05242826039443388,-0.6598428823745249,-0.0441915403008215,-0.006211837160597984,0.10901046887609625,-0.06785555808498674,-0.08233546751564987
862,0.21561974458661928,0.06217237743312102,0.41149506912316824,0.07357695101096563,0.08074834762519767,-0.10750213317458736,-0.004679413469147231,-0.021965883990028582,-0.03350810538925831,-0.026801784935847492,0.048637286701478405
863,0.08391950418684542,0.769535044991227,0.007836780234414663,-0.01896256988036585,0.05806884103406651,0.046607767059309795,0.1340082962599069,0.022457212628105447,0.059831506233686556,-0.03792684337074521,-0.037711753009110054
864,-1.7431322861395462,-0.013651980369180491,-0.04652675459578674,-0.09690006567401092,0.06495676343854136,1.8131154583356228,-0.15069024728577787,-0.02630265770361484,0.0629382293261211,0.14542933852952,0.013075102456397234
865,1.2535592181388502,-0.011135971403615441,0.028377835232939616,-0.10708167876634204,-0.13274453183365026,-0.15867012087585952,-0.8832212906918002,0.022820144872830534,-0.09568425828853218,-0.05046691848748022,-0.05558556601165491
866,0.8305616416010073,-0.10269252696197609,-0.02541928083984289,-0.11445646639156572,0.06950043569316545,-0.05373958872412714,-0.004218043519521781,-0.1861671985820184,0.005059210597984599,0.1259138992993559,0.19168642920547876
867,0.7014038489892747,0.06089921695319813,-0.05292922067286628,-0.06989377236185618,0.11740486944397492,0.13250896888260172,0.004435287531030324,-0.008506124148266375,-0.026920375312947626,-0.03563865132912699,0.005646218197900159
868,-0.09196211437152302,-0.06909749314437265,0.09028397045730183,-0.03156452105501164,0.07010104737750952,-0.0753969059780524,1.528303254943183,0.04354811897117844,0.027296065865066946,-0.9766548058519151,-0.013953830958936255
869,0.002695798484571551,-0.7461543769649968,0.06866036039552081,-0.009793604346357914,0.15443904739650535,0.1775831327045704,0.12384512766806263,-0.13286931950132624,-0.06581172051093041,0.9589208288794288,0.07601630271777031
870,-0.07130400401041688,0.9397035143360748,0.02862664713967047,-0.05767203633551732,0.08297005852381872,0.03245603717715162,0.14120589513546117,-0.6376275084641002,0.04242947906621557,-0.04726467309271579,0.0016177136603578784
871,0.15464876751485002,0.036331707108590905,0.06810777165654346,-0.4149339351895791,0.12139408553050479,-0.12027540748231322,-0.09016849546042675,0.7959330920248386,-0.04482413047645877,0.17006396789115225,-0.050525797063617366
872,-0.26876406869502006,0.01630076301950724,0.16477248086299504,0.7867028421875822,0.05417725397896444,0.03265227199083264,0.06051255310295581,0.09778362795596757,-0.09682855457995158,0.06483683375653436,-0.339691568970668
873,0.13007942322905316,0.07104361308004606,0.015287599596893797,-0.06772422647750592,-0.5866739079559542,-0.0009007785984013915,-0.06097233162925007,-0.16916533094540523,-0.014416559408055986,-0.03137897358154637,0.800869470406108
874,-0.00011515493881865835,-0.09349629930143967,0.07389899563550391,-0.0630192600166512,0.610631842874184,-0.0013423072780380549,-0.006701883145613793,-0.013831921489100403,-0.5328139163708384,0.12718541993211538,0.04972893965404524
875,0.13624849557315852,0.09519816424199487,-0.1033302584056365,-0.09423491192332496,-0.014491795866657615,-0.21912885520491737,-0.047208822848908684,-0.06125244481730132,0.4821325145205794,-0.022177489852752964,-0.0037003307800990855
876,-0.11023412709587348,0.07701573243169327,0.6478637261390721,0.1995985207151663,0.09890539580889905,0.18730808202535754,0.009783990325907854,-0.03456230092150869,0.0644055570063172,-0.142004740578259,-0.006076297635208028
877,0.03245361828773779,0.1188397469371107,-0.02811623819448691,0.09999833293412398,-0.006006356419890283,-0.6313480488181549,-0.09851078966705595,0.034496735906146485,-0.014332122188100139,0.06247411974410498,-0.0281751327418411
878,0.05990045257413412,-0.06173289475022058,0.418404071586654,0.08489194242447996,-0.15333816035948972,0.015570639503795943,0.05820043924671386,0.07022424457944339,0.07444544783439509,-0.09873856873894053,0.05421473360902253
879,-0.14075928809065588,0.687620811772488,0.02893841251120932,-0.05854466878093211,0.10717333982568118,0.06515497420478893,0.12484161303674302,0.07583803585215643,0.04327690095670226,-0.09638081402362352,0.01348911828311782
880,-2.0362133555193336,0.07798803962749036,0.12198468097320342,0.06571710174967421,-0.05882055571099221,1.6868191260169625,-0.1261735723482526,0.030221915750864935,0.028078129030143128,-0.08595449686312394,0.015490023349586293
881,1.5279428878870907,0.021899379373502482,0.006750454609904191,-0.031249146926686903,0.040412308232517354,0.152425018465606,-0.952344590897142,-0.09996080571337895,0.015967461495813916,-0.0033344269969966013,0.061720471142370385
882,1.0716750760729168,0.09353025132796337,0.018517941739354386,-0.09525460413438014,0.07047490042470815,0.1012221597558997,0.07241904010212463,-0.030087598047695917,0.002578696169767228,-0.04512375507549282,-0.10207457210163247
883,0.6485962512089476,0.007145401865768961,-0.012150050642623873,-0.011830332222884429,0.002945850005380348,0.09331905060991871,0.05673194410678941,-0.005129662517761989,-0.001114975570311625,-0.0007139267937287517,0.04213310496487214
884,-0.01658713301691209,0.00675471341008055,0.09408565876155696,-0.0007032542639103714,0.07060696204127301,0.18131594529098533,1.1470655914417214,-0.02288215698730862,0.027006667730353776,-0.8211391928724698,0.2517956475060311
885,0.03201509534869722,-0.676443374838872,-0.008843994676180633,0.04345428447211093,-0.04837374028524007,0.06902209305587848,0.10691931350874917,0.012737735996251425,-0.025423148750223567,0.8903224931102565,-0.006493184083645638
886,-0.061412269072947154,0.9331402013551227,-0.09165887594385429,-0.03634448202594702,-0.08508432610262848,0.11100680628114283,-0.01957580950816675,-0.6024371039776103,-0.02941378852545002,-0.02738729599147409,-0.014893739963134575
887,-0.1263205198390489,-0.08374043772062094,0.09596632703308731,-0.581908149444942,0.012668990194040835,-0.12707579952090237,0.09306519469561692,0.7864251282996443,0.06939558539796303,-0.14129358082263055,0.02529351946876813
888,-0.05515295151716011,0.02280094501294636,-0.197228225231465,0.779686106428727,-0.131309012903545,-0.1228651040552389,-0.2093467783546386,0.04600801865458434,0.00685497230572785,-0.010523106159530326,-0.48062985452305584
889,0.10018630184513815,0.08837019045657707,-0.04274722673085585,-0.07156387453444406,-0.6714750563563402,-0.14700976333586083,0.005269400100485346,-0.025071760661848505,-0.18727094072088998,-0.0550906635204481,0.827546844276995
890,0.07344171516596332,-0.02530714549003671,0.049485436437151906,-0.00027690737470904316,0.6245703289355724,-0.20516654259860267,0.07540435622130967,-0.05395716673741921,-0.00015602881855833473,0.00031514836025195187,0.020384353868875146
891,0.04637918162363469,0.12392244888471787,-0.031237430719216287,0.2268911087698603,-0.08644179407969747,0.06452708417710269,0.12443154756002868,0.048821697499173235,0.48685134652132295,0.013712782201341719,0.006157081650543917
892,-0.006201630496620672,0.043135760994910684,0.6056560988006544,0.018221258427938765,-0.11211311297334194,0.05174473218827351,0.009012464794400462,-0.061765674600476314,-0.0958601251447721,0.02756508633370604,0.07650684325307282
893,-0.005359666251119457,0.02855230289343871,0.031101561735698093,-0.02818550530494785,-0.0022562929340549866,-0.6586175783137692,0.05017404458950917,-0.04959316268093876,-0.041638957022515785,0.0485183507013163,0.07758036871549359
894,-0.05837673129058253,-0.02631559263776872,0.4500566816745453,-0.202868252480207,0.06256054318175576,0.004254807298004349,-0.09506107266603572,-0.0013681385814008707,0.0031758156948268335,0.052529707258303436,-0.07373209416127721
895,-0.009424502573241676,0.7027812453862737,-0.015013744749407315,-0.04979374798514674,0.04981178872038808,0.16722510885192604,0.01687476886597548,0.023410246478505658,-0.01109858928978199,-0.13364161375064565,-0.004626153048497358
896,-2.003836992991702,0.1084442082641537,0.011809520798164375,-0.006748813594380804,-0.006581054656958741,1.694651350517268,0.025840213617449363,0.041371937182027335,-0.013427432264635731,0.08168492590518962,0.03467839734211303
897,1.5020353220654536,-0.051807654183603044,-0.15647677214230313,-0.0017362564883105008,0.027060167350963043,0.04424035734107087,-1.0011774568302902,-0.0010642959106752902,0.11122874780788441,0.026599319763166256,-0.0367796644702975
898,0.8720800836028044,-0.13586060010460232,-0.045909549274916805,0.049992901629194036,0.10046767790750889,0.19806869807689093,0.10244526538643128,0.07956252414395357,0.13706585042375705,0.02299586366376871,0.12913378237887269
899,0.627554362879473,-0.04864080546771048,-0.027011269620701217,-0.029921554354557504,-0.00726334862205017,0.0029981433447196226,0.026836499168153713,-0.01595008749064616,-0.014200817772586985,0.023058725503155873,0.02350849196532776
900,-0.07558986189764698,0.07947080452345652,-0.15410466757173671,0.06155110921129331,0.027702644598605688,-0.1731325078409276,1.2944287289605225,0.020357467100936905,0.0946099370018455,-0.8922202620590141,0.10252581875675108
901,0.07309081171548892,-0.7408139482659197,0.15156898703429106,-0.053206495125864575,0.11520054634701639,-0.010505655391844693,0.03707268592991789,-0.01506294580574687,-0.08332697336317581,1.0382385198101283,-0.09595610253078406
902,-0.15165451135123978,0.9758012116333962,0.15065278368067136,0.01254815908988155,-0.020996097380112964,0.08249447703556329,-0.041676923211819185,-0.6751194708347201,-0.05956301205563,0.16185083042641535,-0.06516637861337403
903,0.03967672309946468,0.10577815442025149,0.003096155854136872,-0.5085448907204762,-0.05501520791326381,0.16989468799195123,0.06320525676620034,0.8118584152241416,0.08203155182968352,-0.15215164648971546,0.07024026561109867
904,-0.010174567553247978,0.015768764574663988,-0.030854276110449563,0.8282199079314789,-0.027860544760958644,-0.06024793500200478,-0.11068638895380109,0.08149742652450061,-0.09905937540442819,-0.004726789165120161,-0.506156069658496
905,-0.08684049749760862,-0.157896952769103,-0.0578639261210603,0.013077568107754343,-0.8738607861876848,-0.05252715226486451,0.011596419667029251,0.0703011139481692,0.022958404401135654,-0.007564628902127896,0.8733064573532943
906,-0.20836311796309107,0.06675147458776243,-0.12124597109002036,0.09119300090462258,0.6249056068704162,0.06966378854889234,0.018972788605538478,0.052243387938517245,-0.34134051136545956,0.03752046463003948,0.02218284825868886
907,-0.4749968832483628,-0.05816259769049317,-0.12999854636243038,-0.015522974214444603,-0.11498814450286678,-0.14709141817162258,0.09544275431146088,-0.11806125330624864,0.48341006025951105,-0.02475307681721182,0.04024140794031095
908,0.03783721306688769,0.08844688168769937,0.5798139725409892,-0.05108898091659084,0.09160850132031156,0.22225962409474093,0.030642273674748303,0.12897974465405887,0.11920297307895425,-0.012804882571045,-0.012012554342470708
909,-0.061304927696795554,0.052484738628343276,-0.06798037631490232,-0.06164003828383105,0.007126435370122301,-0.6925649331064144,-0.006883602873128045,0.04698185568946793,-0.058768519962948566,-0.07534218414905107,-0.006451970123557109
910,0.14583708441851703,-0.05234292298856155,0.4134075144023969,-0.14018853656415395,0.10411203116610321,-0.07934626662247585,0.022424748938645708,0.15693260264645076,0.03175805212235965,-0.18408303744527904,-0.04495400932546194
911,0.10181627039821477,0.6862996452234705,-0.027319139845694382,-0.0550700976426026,0.007860746655920656,-0.1824684066522108,0.047061225780086965,0.0021138727467575353,-0.03272603381050484,0.04988342353959062,-0.01706641130536576
912,-1.8795868667346827,-0.0776249002747567,-0.08109153044254028,-0.08249506505491865,-0.005611777494053155,1.4722010101797314,-0.01356219163339693,-0.004176228393501662,-0.08894714308820968,-0.00558998011751254,0.05316666406538408
913,1.372205731269182,0.02041167971604777,0.09479444148253374,-0.03251717289687096,-0.03641011990577103,0.271357070571292,-0.9599536041365319,-0.049561614940152925,-0.014384807094788463,0.018628029565184563,0.01724619340505837
914,1.0196070964476922,-0.10058880618901905,-0.023868045567363036,0.10120268046713812,0.09840241641046812,0.1555034882648203,-0.11074207898835764,0.01853093072210499,0.024894834050923863,0.024497794558809016,-0.02447811063524083
915,0.63527636093928,0.04001294689807309,0.08492849383975519,-0.03370287594003,-0.04744727049100476,0.07231764537591798,0.02300777946308267,-0.03777446938021952,0.007567447537706835,0.030075942696415225,-0.027586121497504657
916,-0.056840759498316365,0.07654895764930289,-0.1647964259710486,0.06066533975041845,0.08330629982356952,-0.07079844930266348,1.536325057202804,-0.007050781101718109,0.029956195941131303,-0.8743869326932111,0.05401602092155651
917,-0.12041973373311904,-0.5222428460477166,0.15035761638208472,0.03758770668964657,-0.09644061876342888,0.06190666376818342,-0.05394677141175621,-0.022589361574616787,0.017874809174968045,0.945820507966259,0.025522093014040455
918,-0.006199747474217039,0.850627425717779,0.14596666271594771,-0.08822672294270592,-0.007852118696027432,0.10404343492391561,0.07341121538287983,-0.48974899904059244,-0.0032821674683220117,-0.009690273399278058,-0.14660347785546798
919,-0.014738325641624915,0.04020524453229163,-0.03262877356728457,-0.5891189682510959,0.13903886968313414,0.05947604102319741,-0.19604511580293896,0.8522322724764303,-0.09127518205306526,0.1002069212610392,0.0007058708897889465
920,0.17927960836344517,0.012140247030656127,0.062213615149292946,0.7942229473257064,-0.016875291418239707,0.15673162601299676,0.004349499973547495,0.01528572194171297,0.013924024218182302,-0.07389616649052787,-0.41545411789671804
921,0.088038841970156,-0.17616531054571838,0.08374641557381929,-0.07586803346560826,-0.6163591235736327,0.10153371165655418,-0.015525028492769525,-0.19618422980008846,-0.044002874434715074,-0.07472042865377657,0.9453136300593522
922,0.17992748668562336,0.12226303865433193,0.1350017616291199,0.012669869166928166,0.6524421747311336,0.06622873253828655,0.29663845314757054,0.032488695743449425,-0.295050802966466,-0.17936391074925145,-0.0256458384939797
923,0.1288269257964208,-0.00842669617134332,-0.11968049268453901,0.1781602962577236,0.031214033026015595,0.02956493920847002,0.0418511354829107,-0.040603485054460535,0.5287882891620409,-0.05072545587330523,-0.015604359382169902
924,0.191587610538637,-0.19031326187120753,0.6122217214683536,0.0392582785719775,-0.1035590176129203,0.015624166497041661,0.32744259219402655,-0.02744041517724812,0.03469124607905592,-0.11213651232278242,0.14173614599450246
925,-0.12188421837655804,0.018823243702274863,0.04788118410017239,0.039474701661730685,0.05274539319878808,-0.6747268426916695,-0.017529474822333566,0.027371164497234472,-0.16182008225051359,0.02643410313481743,0.07983697820803712
926,0.030280389921982176,-0.029154058283122758,0.40599227753513073,0.09241427300542639,0.05431565215677786,0.2637621904068891,0.0692018088653229,0.06867917597207479,-0.04500609580857095,-0.07298162291189676,0.013128816827065124
927,-0.08888637635773777,0.6270217256050201,-0.03811211685371674,-0.011869081187134645,-0.00261760668142937,0.061885566548207316,-0.10677668039367826,-0.04475194114912452,0.03470431679739342,0.05342488413567972,0.028761046251026507
928,-1.8628570546112286,-0.055482986164158886,0.06300208228147593,-0.07800638847982767,0.010542856695725564,1.7293356205886867,0.1844918428521556,-0.07156916305605815,-0.03884670380190236,-0.029877762305023384,0.041913485978123284
929,1.4242864318184298,0.01860236769421016,-0.038037353620375275,-0.09113563172630472,0.024810698055571425,0.0889755571761048,-0.9438960759063059,0.013400145378964098,-0.104573094222057,-0.012210958851323308,-0.07259110284715287
930,0.9762466759188911,-0.021170864512466712,-0.03785955869114268,-0.23801039573153127,-0.021802542010661924,-0.03920520740924521,0.007898342471980152,-0.013022274841482565,-0.14966367506529663,0.15530800354416546,0.015358378467914371
931,0.5706582801057682,-0.06991358011944042,0.043861331483604556,-0.09105700164880708,-0.026282207173678705,0.07308332758166056,-0.009875799513137419,-0.013123715337687811,-0.002604233279539724,-0.047862621428973726,0.015300842918826912
932,0.16418651898516354,0.014199937451263077,0.06303044863480044,-0.03991923283156456,0.08922439973957702,0.011754469086204061,1.279892462256826,0.0377449568184985,0.08825326718906884,-0.8932542622841113,0.11671251515400022
933,-0.0128289964646381,-0.7899127451289807,-0.10974302415794059,-0.011776252132673472,-0.05434859194615649,0.19929231035077152,-0.012027898181063212,0.06745506926048793,0.06181348217554578,0.9742816855021481,-0.015851875390654042
934,0.018934547404450157,0.8879559726309088,-0.05076373556158791,-0.03244450452870612,-0.06032760040677627,0.2416176592968749,0.015843247652009222,-0.6863165396819939,-0.09154250775415815,-0.014137725624917774,0.131974765455882
935,0.15619642820613056,-0.001217569220711169,0.10492442711686563,-0.5090476761238296,-0.026862523065465993,-0.13891565975518444,-0.01043214510154636,0.8182634187664305,0.11091608469163486,0.1058372773960968,-0.05070447340508577
936,-0.06592490477541055,-0.03719476416733579,-0.03531461812485144,0.79540011491969,0.10625533214955932,0.09513575431660885,-0.010664510718352824,0.020560273227944948,-0.038320141032794366,-0.17172932880913083,-0.3484065544330169
937,-0.27299986837854207,0.025221269812750875,-0.15024091962258032,-0.053043725173859704,-0.44821000388178134,0.09496692409821773,0.06789874839435563,0.16212057753979756,0.03230979492171547,0.15091739098519347,0.8779392333823759
938,-0.11992261433284983,0.04374062673935981,-0.07047454900890739,0.046285752661264216,0.661987390358366,-0.07060208834396164,0.0011879265147668712,0.10292019240586318,-0.07022570804517222,-0.046802815732431544,-0.0696691052750534
939,-0.08997125382784779,0.0003472566295856061,0.04496321483109687,0.08544443025128959,-0.04839118816711101,-0.0667650237692458,-0.04102208517296536,-0.0419499364230135,0.472554001243751,0.10722455721782063,-0.02802126157042218
940,-0.2002916257702773,-0.08721419383423912,0.610411992483237,0.17507503053211307,0.08378278187042555,-0.05512001092475229,-0.2110872619000983,0.10252660422381807,-0.020819690787066747,0.01487081117136375,-0.0815765952428849
941,-0.021037397693796256,0.07522587591453131,0.015565233063515142,0.06483746188019968,0.07357261042268301,-0.6079448013036999,-0.011778147161444158,0.009533438728344357,0.21382616069515067,-0.0408345553995587,-0.16064489400742424
942,-0.29842312342571764,-0.07754551171179754,0.4181253777027399,0.12330820348602936,0.05385159134990996,-0.044543270668990734,-0.20651492877377092,0.0575832040643695,-0.010949879149755055,-0.025878959841480025,0.04567431120705823
943,0.0131301804625986,0.6226164413962738,0.02062524986838695,0.01865968628958766,0.06051450896203282,0.0758687350442447,0.10120245664339014,0.04289560237126974,0.06479230422364277,-0.08620261560484517,-0.013649272498392448
944,-1.851150320976975,0.015379649163976421,0.04110780004712308,0.1276371270940325,0.049852012525478,1.8599433064539976,0.07925114976974919,0.084757289712032,0.1691774775679331,0.023676247802412752,-0.0036574122373826297
945,1.5867643817718535,-0.00022469030569931443,-0.02370447718818301,0.12216744632504595,0.029489096310517507,-0.045731424129799275,-0.9675546031113155,0.01068198778853999,0.07944579192897883,0.04077594919854916,-0.0663979885546293
946,0.7297036927153817,-0.06257152410924514,0.05090942707238827,0.04265209936784084,-0.05993756541998466,-0.09424543828696082,0.052540866772298696,0.11320100454250304,-0.11094340529620417,0.08753777168911765,-0.05851741502435293
947,0.5223055173206341,0.03326055452623667,-0.0718889995963371,0.0038883220310297105,0.014995402104755712,0.14602809202650746,0.00826856715177788,0.0034514463824029664,0.032255474840853164,-0.005704121274613404,0.012253590915520578
948,0.04342836827380398,-0.00047915613683980826,-0.03558271841755906,0.029646745610834545,0.09922838377506037,-0.18051623090831329,1.094113954643702,0.027524479563092397,0.03316020780975118,-0.8212857681125764,0.07798841868766149
949,0.0753818240656495,-0.7116639715438942,0.026992814256703773,0.11553418499130895,0.02626156057763869,0.03792138587935498,-0.009516834398869755,-0.109994424093056,-0.15638989739995507,0.9624742201121875,0.18965556320025975
950,-0.12421225121422631,0.9053918491965934,0.052774209515885045,-0.07838496579359783,-0.020281102409237632,0.014908128993906342,-0.10704387210871606,-0.5554352198053949,0.062016613862668865,-0.01652861698190721,0.018241687412754042
951,-0.16949304944583587,-0.06865736456820043,0.025455627976699938,-0.5032156564357577,-0.05588914861122375,0.023629924170665995,-0.06180132560635388,0.8077944877734652,0.03746433581339498,-0.03451903623174525,0.018272935131257186
952,-0.13079503758737906,-0.05564107753895495,-0.1671751104941362,0.822157918827077,-0.11613234377343139,0.09889743638685325,0.174472566005354,-0.09855055331821591,-0.035613275565005306,0.16268335491310965,-0.3414013470965834
953,-0.0021214479452600515,0.07390560884597448,0.08779986173322063,-0.03445472888722222,-0.7800102062366886,-0.14110494341712487,-0.015329442293139204,0.014269240275482303,-0.026691534027126075,0.14384153414191014,0.9086076780032492
954,-0.19403889002756908,-0.028034244189170138,0.12771809702501785,-0.06823509299025246,0.6083652582982442,0.08516761217230216,0.06564364071284039,-0.0023134165888958926,0.02855465368681201,0.024033185806362756,0.0017291949760864919
955,-0.07911679744191777,0.01788425781142563,-0.06655720377115551,-0.010925606673202776,-0.00012291976794739988,0.020804702758370316,-0.06736985752297807,-0.10985297372902825,0.4802394470874446,0.15541183252950183,0.03166219943884151
956,-0.06785802285434463,-0.03518522838417324,0.6039650412657054,-0.07584109789455962,-0.038118498595097194,0.14999129635291183,0.05703921046389496,-0.08459479477710352,0.06111915985789201,0.00206258370742605,0.03264194480340329
957,0.03277544500747052,0.03776539638287186,0.012724854702310965,-0.03096400945753789,-0.1362522441969746,-0.7095118179475708,0.035951113891980774,-0.0121000888445545,-0.020135186158672252,-0.011961564419990887,0.09404204144304901
958,0.06578350023627023,0.08299328046865749,0.42114767717851886,0.0209332233531635,0.03840823052563677,0.04196841078810022,-0.022500202782461363,0.053736064092781144,0.025231414960173584,0.15267225554050715,-0.06772762381445477
959,0.029912859383183256,0.7006556027684094,-0.032398282748457345,-0.036568410465015265,-0.019866355235615495,0.20380929939846226,0.08792160940617513,0.037385830287138044,-0.020920711911339703,-0.0245870906782195,-0.029088452951367392
960,-1.5479580978449934,-0.14588843320106124,0.09230934886724716,-0.09186126445959236,0.035705819118350725,1.6274451913444135,7.354353509469742e-05,0.005098858744287185,-0.12657331610388833,0.03402376398138903,0.07008326073801216
961,1.4678102473885817,-0.1261476206869594,0.010886714925595873,-0.07334975565165425,0.044663044185989806,0.3112711449896264,-1.0653921299632834,0.023824439603377164,0.02980940008770181,0.016324867114881576,0.13786867190694557
962,0.7675252231537644,0.1823892724366774,0.09468124461481998,0.03665938948405849,-0.000334270641102391,0.014120242656962198,-0.049896884043078786,0.04449727864528526,0.12273633603532355,-0.23149079457103386,0.09244119403101794
963,0.6411807930513478,0.039304272232572955,-0.030905208773805135,-0.02331414427626922,-0.08144054927698732,0.14272741450677728,-0.054106386824790756,-0.05419755811257226,-0.011813834743270551,0.054171607473122586,-0.03559871726874462
964,-0.0691727272070407,-0.07803612587260454,-0.09470812395380514,0.09569090008837416,0.09012376870435042,0.14300051972658395,1.2157011709897139,0.03475938153783921,0.1083223150174397,-0.9565156736173813,0.006694701206258367
965,0.07607780643352269,-0.6085506549971169,-0.030066998210648278,-0.14056718078895866,3.628301991463875e-05,-0.2690480351230509,-0.07606360006621828,-0.09228876109866337,-0.10562478391697384,0.9125352889401059,-0.03459660763812897
966,-0.5277530431007281,1.0804704903581424,-0.08613129687369722,0.05080194335495153,0.014590989020963476,-0.10431076106568184,-0.11847017953014666,-0.555325841911493,-0.024057481822251096,0.03504097396344002,0.02295886476781614
967,-0.1532468382690432,-0.019660926772890764,0.03058183695031081,-0.6443041559291548,-0.11423053758093557,0.2627525965445312,0.09022775308316333,0.701650584903667,-0.09768102845497417,-0.09030275353073947,-0.03569612897051158
968,-0.03056752233699582,0.04747705035288752,-0.12271648851484299,0.7294198268842811,0.05325737788443346,-0.015964016669459666,-0.14798974608960055,-0.025133460764662226,0.11624701073116496,0.13229209273464412,-0.43291145829828753
969,0.02498697068922345,-0.017603546513416002,0.018191771368976106,0.0020837042040316874,-0.4489135540337127,0.0004045532748798409,0.1766209177781442,0.00016287094709326478,0.036790531782453235,0.044466551224980104,0.9230330059676433
970,0.16917137420858563,-0.15943544640545515,-0.04408581557842364,0.05840803770127215,0.5425374782485516,0.2061945234490202,-0.22177255481652663,0.03251672185604168,-0.24912102440510067,0.19360097759827788,-0.09198811632927317
971,0.06154936431150283,-0.027475609123462374,-0.1321006298109722,0.07142829453144785,0.06707889471011605,0.05071685964705026,0.11239557409912092,0.057182115734334876,0.49287437517974075,-0.00810063312143871,-0.02138695013680946
972,-0.19633763976954954,-0.10233902901346732,0.5716294419601072,-0.15852781521203435,0.05207015226229435,0.153302824269498,0.01964548085589948,0.17883223248983218,0.03920793007673954,-0.13452679723552502,-0.11488561001586273
973,-0.06697966382328645,0.0551905412927696,-0.027587164061299893,-0.09980456477589783,-0.10655521162580855,-0.6820447648805379,0.054496627011714746,0.004204834958673496,-0.07484009194922148,0.0052877618157949014,0.1782228227461122
974,0.21193754934269002,-0.005554880764336792,0.41474597834984006,-0.010670542896943174,-0.0014272647851742643,-0.03241359458220195,-0.2470884348222897,-0.08401966325423614,-0.0072184687043501715,0.15844128051571038,0.11334224386551192
975,0.1104345777508892,0.6295451883178138,-0.02083245163846342,0.014786433796579039,-0.018055110606041605,-0.030903750774682506,0.06183501188907174,0.029307535992395668,-0.022819576136820122,-0.08929517110849208,0.006427342234138562
976,-1.7807444884021617,0.0874389959767836,-0.06969802941868378,0.0020635655305662613,-0.09910779827141096,1.8741293662235219,-0.033637668177883384,-0.032413963787040215,-0.19792246086836154,-0.07014481791567034,-0.04056459534114852
977,1.3252642129955312,0.04258224866623282,-0.002029536920925691,0.02906787433210396,0.08506212593971503,-0.05361487493780716,-0.9870432043199383,0.04591793757880766,0.13679699972241707,0.0829770279032315,-0.011379319570907806
978,0.9254371692279676,0.051287193988779796,-0.0013226503167062705,-0.08519653393897149,0.10344476993219752,-0.020212786083501792,-0.0989188721832786,-0.10136480213324708,0.03489398615058788,-0.05087053875778275,0.05186381361809434
979,0.6052732203617851,0.022693173121525585,-0.08666894626054807,-0.025274646258016984,-0.0036024540641134035,0.01430285560683351,-0.04050559943436508,-0.011179263678973005,-0.06917450691744681,0.04691970419291732,-0.024014624400144412
980,-0.12945508966291905,-0.029979472756437302,0.05399943582480427,-0.08321869506686903,0.027927601899324073,0.06319944684775103,1.2888696458820608,0.08544979503537324,0.05008367027003252,-0.8664373750524746,0.10603677010870972
981,-0.05075015985256656,-0.6124392293869008,-0.0007834126067761118,-0.08320320464332485,-0.035566397155768814,-0.0661094493651905,-0.058011693440723905,-0.08956383505904911,0.05430628490228806,0.9039859731280094,0.0640497628481818
982,-0.061165189692622066,0.9422298695927305,0.10430213548101967,0.0027421492999173914,0.02269441799780056,0.0041413703533873065,0.1382058192780445,-0.6647657346438378,0.0005208612052580025,-0.01223955293182493,0.05616353302500307
983,0.019914117681648188,0.025427464466802788,-0.14947179236337407,-0.41153078101624857,-0.008352888744074378,0.042743998618977465,0.024533480975785137,0.7963197840185899,-0.04163139949619092,-0.0182854985968589,-0.02366401262077303
984,0.018493027945458502,-0.011856215673170778,-0.04454509839694267,0.8782466059318406,0.06549470636312757,-0.01878551058982117,-0.1057467853331133,0.013076650761574599,-0.1168385014844788,-0.046485437909646,-0.4589384285695186
985,-0.06881250182520879,0.02989876128490721,-0.027434860250161123,-0.020775926529931918,-0.4768053038344739,-0.1287204067514038,0.004429814015850939,-0.07418258817002754,0.022909784045616305,-0.07918341360990444,0.8223670204379014
986,0.15115218618544946,-0.08041742479694226,-0.049928777112073205,0.040351219296145754,0.583371794311821,0.02123802405252359,0.017422126546964158,0.12360765918335047,-0.29881686705843263,0.18968546774798353,0.046673727371937944
987,0.05293333800653164,-0.07449595343281681,-0.13780390246559238,-0.0553066058332973,0.04283465498989534,-0.16023988320312607,-0.07382691298673863,-0.03584494252182843,0.4546268338353752,0.06732348800035887,0.011355664663409714
988,0.06466068051890331,-0.02719315703989819,0.5694467519706389,0.05755246337563433,0.021412255445392547,0.1037410704799275,-0.015435630137243434,-0.0922696374788256,-0.05842956272870301,-0.009583205006198997,0.017262061574949486
989,0.0011481410498134365,-0.05171723158973441,0.04689634283045446,-0.005139162086188048,-0.10396379006809868,-0.7089174800339465,0.06692316354715501,-0.16866570927451535,0.1294368835370919,-0.019008569284244672,0.12990966359132125
990,-0.2455080548218106,0.15623040623834986,0.4573789326619007,0.08313717616749294,0.018991515740488088,-0.08446255432698833,0.001655832351632165,-0.012977809372889013,0.1741882468738207,0.01010659365111433,0.05553299353702272
991,0.14123543778236147,0.7071022286833909,-0.027794622757158913,-0.052772567721436445,-0.04175190026490422,0.01680336971140824,0.24427755667793088,0.03298294114066009,0.06750377147312348,-0.01583045139555398,0.00375977286641057
992,-1.9827010169162256,0.10987170813418135,-0.07321990944308564,-0.02812156899268404,0.13960028276553169,1.7766996286932346,0.02586469535045582,-0.012670854578037733,-0.10013896694095423,0.14393809333887805,0.17726104780638477
993,1.3439681708299251,-0.015813153515243636,0.045021227444285807,0.03553004068727633,0.06578730068672789,0.08264913401190256,-0.9298017110653012,-0.043945452858752725,-0.07779846121537172,0.02970200109941098,-0.0007807787903747173
994,1.0700300242255671,0.03320051269033431,0.09555787936002297,-0.17955569919787448,-0.13628257952599573,-0.12947760095419775,-0.06037840067966732,0.0552097005680997,-0.06578099445215806,-0.03600600302683056,0.02399380073105698
995,0.5253688005167229,-0.040843783415598606,-0.008012720732653375,0.008265298802088011,-0.02994773131214878,0.004225512063665407,-0.031342750887218156,0.017799048680273162,0.04134421899660969,-0.015516081501655034,-0.03727470190216189
996,-0.24275902459747534,-0.013924310048448749,0.012693639274509302,-0.04097788743837328,-0.04248585473450136,0.07670603613616814,1.4214880338401175,0.12922985793398295,-0.04108071424856856,-0.8999517137340067,-0.1297948853832792
997,0.013130945759432544,-0.7682096715050449,-0.0934437260391354,0.13998464594840185,0.05904008956562474,-0.1041815046356278,0.039608432025748104,0.07760595660962494,0.11538425872381464,1.09223185439591,0.1847141046374304
998,0.07098098635116518,0.8645818388172364,0.0601827057283253,-0.035841599150593345,0.054639215765277666,-0.09218809964116102,-0.11553756256845232,-0.634388038691846,-0.05239467465130625,-0.0994279414952896,-0.02361173420704223
999,-0.02987935315934302,0.008179421864716423,-0.012838861747460007,-0.5281013539875241,0.022872010532541752,0.012812874675716582,-0.06978325578407597,0.8724038686037983,0.0017037526764830183,0.040360210923943485,0.055353327227685094
1000,-0.06440890194507275,0.18494280881959735,-0.03027201776167203,0.8047791146564944,-0.05565879998152062,0.03591610039958592,-0.07190201814678915,-0.17856520362723038,0.1793297867600904,-0.18274965950321834,-0.3843711552703543
1001,0.026842589884229908,0.05756730490807947,-0.06845205010457081,0.09608007096728782,-0.5184271859950507,-0.08959076279017408,-0.06099026285636462,0.10102723793235886,-0.11789697029845468,-0.016065260885103187,0.8660913999343349
1002,-0.007465851717862643,-0.04823108737758049,0.1019249559879543,-0.09447149576484692,0.640578576674876,0.12254473983876935,0.06825612582274157,0.06357929336472082,-0.34618187181596677,0.06653715415184847,-0.046810283926840134
1003,0.07859520495341499,0.13294226349463523,-0.15160827939689897,0.03528429272654314,-0.008418665659361413,0.005966017561830529,0.16145813873403767,-0.0872568490082675,0.49570001630018556,-0.14634412269166794,0.006552470818815638
1004,0.08045292318896965,-0.012343927853445064,0.606636292536773,-0.0063012720612208445,5.470423156519327e-05,0.15666155809488141,-0.08904340588140364,0.0615611228161748,-0.045949030922130665,0.1658156837770065,0.1655047523079916
1005,0.01485737223247737,0.0007965959779562869,0.13012361175440335,0.07524303809581064,0.006178875456420336,-0.6520276756005888,-0.015459483247917743,-0.0005248602179307804,0.1032029214899402,-0.01384860284720774,-0.0410598326984923
1006,0.027755237413924154,0.07902515245292409,0.40880533310568984,-0.11119988633692225,-0.07302955042195768,0.09564468647938344,0.1460823360148468,-0.024456385215048414,0.11724771788738406,-0.07597331660162403,-0.08566576919976787
1007,0.3616346320308448,0.6508736759267343,-0.08849237234306549,-0.07098809206753093,0.05361050662311537,0.2522937453837409,-0.02599201031811183,0.01958780322684888,-0.0708907533597006,0.005604167417753643,0.01276219622044373
1008,-1.9656579379020434,-0.06564816166303752,0.03484195515315398,0.15073571601325772,0.01706327198068196,1.6062771324532705,-0.02703975405224408,0.08443686035958652,-0.030966198698027633,-0.09294283909381884,-0.011013047839826666
1009,1.3548412476863863,0.002192261342496939,0.009289767684682591,-0.1201308381350474,0.12890361700158587,-0.12387514920805187,-0.9924043329530451,-0.08552048207903513,-0.02613727483425774,0.040017979842059986,0.0681081075572928
1010,0.5675463022255542,-0.0025085377654386056,0.1496487332356518,-0.03140385052478173,0.14954855122924177,0.1830089990082278,0.03532727037756678,-0.0954543153430361,0.1187402884692042,0.019670943817974806,-0.0331750825839719
1011,0.6068736179304951,0.040879484268060234,-0.029170231356929463,0.008622899597753291,-0.01669931222112458,-0.014845419460483393,0.005982509770398053,-0.033689782830201485,-0.05270605088731185,0.0045626918307235895,-0.029759379858904932
1012,0.003080489001324807,0.06526063589374155,-0.10263101895513747,-0.061683607985012684,0.01768890794051658,-0.08789364374196143,1.4740720398719094,0.010561357927419957,-0.034786255723450045,-1.0096516110175382,0.0024454465154153757
1013,-0.11092458757906956,-0.6049384919671558,0.04978749755475441,-0.1452652320967892,-0.01889946536478373,-0.09394391675669657,-0.012605460560606224,-0.02830669767527226,0.0659470787728095,0.9841983029094418,-0.08172316322800718
1014,-0.07270064172055349,0.920203068504064,0.12537454752958638,0.14477601159343215,0.005809548116926491,-0.26567031674467423,-0.09131264416950949,-0.5576385860741735,-0.03370174732515724,-0.01806065796625188,-0.058538744750797685
1015,0.04650295348638065,0.1376458559857366,-0.15701888910107858,-0.4864013054205038,-0.11961237054394666,0.115034434591958,-0.231439983985177,0.8061485888087778,0.06004346607078061,-0.006709539151853216,-0.0663770070527045
1016,0.008741941867742374,-0.11615059198305457,0.003277433984498001,0.7787528773215563,0.103836347798606,0.027315977237421185,0.10929779361555286,-0.0662534853862429,-0.0998107637946478,0.008551785178841148,-0.6024372693409273
1017,0.10275599894399992,-0.10843596378789318,-0.02199980881261818,0.11567645736524983,-0.6970271597282911,-0.025301853227819485,0.15915326530361223,-0.034186605719815036,0.038828443642085056,-0.12773227146594093,0.923384720642567
1018,0.10711911234913775,-0.0015435324829791795,0.06292047218276135,0.054371225197596504,0.6093486374690525,-0.133613287487143,-0.2227513777888356,0.0799634416770538,-0.2877490832605117,-0.13077058234932026,-0.0019544918994035022
1019,-0.00267047959109124,-0.21063389498519647,-0.1232410879936448,0.09657879667026764,-0.009688817857029648,0.06366061973233865,0.00943464513772215,0.04807198362684524,0.44626727484080153,0.212413715748572,-0.05432918152990357
1020,-0.23994186784067884,0.07531736431435376,0.6087443567898123,-0.06084424119404552,-0.0693033331333766,0.0063111933445028625,-0.0622188365417613,0.13646640782684444,-0.008052939783045793,-0.0572817352633256,-0.04332859502867275
1021,-0.049263054690291366,0.04571821773959056,0.05726808390945718,0.016096466285421104,0.010212535586404442,-0.700945775103203,-0.05647013506387707,-0.0371146990632649,0.07852153584868286,-0.03094329867557668,0.01854939553770131
1022,0.08499117263422394,0.08044780755632285,0.42448398302501944,0.02117152308337845,0.04536453683453305,0.14770486560582016,-0.013849982020135907,-0.08367594142402902,-0.061144558708050176,0.23276412221724607,0.2750492217362537
1023,0.05658423479848864,0.6359585613932984,0.0033476048770666577,-0.05895650809967205,-0.009868172793034105,0.06396331648803355,0.08324084884870524,0.09045089433441968,-0.0015037701142093345,0.06660519188332785,0.0744373331091501
1024,-1.7572226330126042,0.03687593916470306,0.0627988767208716,-0.014744579952067263,-0.028228864378276788,1.8283428583980634,-0.07114893777367479,-0.028684907947342762,-0.021607881952338356,0.1320266834035311,0.052772093494221434
1025,1.420398661818801,0.03433555563918445,0.09165749228229601,0.09792859061451939,0.06854439511140155,0.061713688459185394,-0.9708408165650089,-0.003757639629890748,-0.008680797896693257,-0.028540232558400082,-0.03617599795301329
1026,0.9394719954824207,0.1093989960364463,-0.005654147055332352,0.014512105549016732,-0.3214944040516096,0.05869959775602834,-0.04621123610175214,-0.05319514708113678,0.03261623204558284,-0.14848948537999718,-0.01064999822284417
1027,0.6337156428094992,-0.05392480726307957,-0.06266044478682528,-0.01383081462646147,0.04482584315116309,0.0644688540674757,-0.07040250197067871,0.003792145481776506,-0.04665809957593838,-0.06799297871730837,0.0468897573886817
1028,-0.041148535583954454,-0.042211353589415836,0.030224797804699347,0.08020299508883251,0.021170432356919514,-0.13938545223834228,1.4972754587847787,-0.013836670767691663,-0.05464251181731557,-0.8928150287905846,-0.11228660195332706
1029,-0.009363240937595886,-0.6785122988371604,-0.1558089949864224,0.029064801923963747,0.06532801913770707,0.0669220258547505,0.020726023109733167,0.17122127998656217,-0.0525918955518675,0.9516652481177229,-0.1261840549327444
1030,-0.18737706444877072,1.014096068142785,0.044667205198012705,-0.004714002560811132,-0.04935021951589225,0.05900111319721181,-0.10971487926061894,-0.6239718141490856,-0.0921160261722554,0.04046053047435499,-0.003479801010637412
1031,-0.04071073904166941,0.1893026923917621,0.008269764758837972,-0.5579716392473237,-0.09234829122100373,-0.002040337182753182,0.018466377487337496,0.7741853546647581,-0.1162065116912153,-0.01747540773886446,0.010876942236462149
1032,0.12808235424669512,0.1515493055864735,-0.07700541784057263,0.7963722418089048,0.06636122668756789,-0.2218380012430816,0.17880279292056736,0.02335931357965621,-0.2064718268223603,0.020749462239680196,-0.5148413731428544
1033,0.20008388653509396,0.05436260370328616,-0.046911171454868714,0.03058970206187032,-0.6118358046956136,0.09072407461197288,-0.08212005941640138,-0.06972311634919794,-0.0449743261020926,0.005954205176255652,0.9021654155932491
1034,-0.07587518351348727,-0.19331448933372605,-0.04360390291931197,0.02714278514692015,0.6260052149579559,-0.024703940267714775,-0.026179458957520236,0.1478951499372743,-0.24644363190896695,-0.008493512448515098,0.015065997176335888
1035,0.018935219711784787,0.2579733954183092,-0.07260823634264675,0.04262942038146279,0.016353491985101495,-0.013957989389362876,0.08161450347395878,0.05055255286748289,0.5092608510127734,0.09955778773982142,0.07834737168021591
1036,-0.22862175922500752,0.1264965799670533,0.6573664085286278,-0.1116364778931139,-0.06535152766616996,-0.03683429457526156,0.06896498570569747,0.15563670022020887,0.00026224875128984595,0.07628821380304063,0.004199408585792118
1037,0.013737079664539405,0.054093071873747456,-0.06305096103784216,0.014085150363009075,-0.019691664482311008,-0.7013667955285964,-0.09325022174734482,0.00837197823274829,-0.029510410116322345,0.024294703426924625,0.07694442068784416
1038,-0.01841259555610525,-0.03192064942154555,0.39285985633987985,-0.017717865345608277,-0.04103013651876528,0.1393401590720536,0.04348364299588401,-0.05718738290479177,0.22464663025152357,0.07399097680208398,0.12882885819178383
1039,0.21384135942885446,0.6334201375020162,-0.02770001444252227,-0.020482626830307212,0.026193510608860052,0.10447062748613724,0.07495404996909656,-0.020622540481234998,0.028705754178909394,0.10026358973663321,0.005793450836869274
1040,-1.6691502223563859,-0.13044428326592297,0.15720509282343456,0.10532906276192884,-0.03539269207004134,1.7656600683227475,0.029232279957430895,-0.04228219187013483,0.20975518456308676,-0.058724529130516005,-0.08562024671105795
1041,1.0231779319095224,0.006819363973200949,0.006530670798170867,0.08505679387884975,-0.03698450833114731,-0.05925513054730919,-0.8837226921311123,-0.05807874940806726,0.027657949451635265,-0.05581967883819416,0.16677864394273795
1042,0.8333262081052255,0.21003715669338166,0.046972298338483404,0.046429175440569834,-0.0565497340483526,0.03621454522216864,0.00857100727375951,0.054794894417175694,-0.11112376153485258,-0.07711335906759677,-0.06072957852985032
1043,0.6777542178057895,0.04490640116515643,-0.07698057182579393,-0.012430193729013097,0.02305802896488839,0.05612242620352291,0.06304054258134731,-0.03621315666624322,-0.020910765214679067,-0.01769536539297024,0.018395074003506
1044,-0.18943088446172499,0.02619874155660718,-0.08134734275917713,0.018129240591362086,-0.006903692720723966,-0.14137166260282905,1.2976772002378285,-0.017147289975079943,-0.08198774379408073,-0.9052434080532885,-0.010044579103239373
1045,-0.059831715036947015,-0.5788149163896571,-0.24172040945521184,-0.008239920435280056,-0.11850914664822483,0.07376237210773309,0.059474358515028976,-0.054035568433861675,-0.0978285723694373,0.8908805335403079,-0.13420003417346651
1046,-0.13792513948817212,0.9325397575487858,0.03370172137702361,0.027662051237440324,-0.1235459467025339,0.02589008131138197,0.06349564273880592,-0.6030986256349845,-0.013169876831433773,0.0947438335476727,0.04202688962446317
1047,-0.18240361867056756,-0.024105470962180037,0.09972964424013628,-0.5204955776491754,0.025927483562463736,0.13823062818999587,-0.014696131362170272,0.8259939900793154,0.016980302360931718,-0.11507547626832054,0.08334715142652241
1048,0.007384352592265682,-0.177000687515111,0.07916035836941254,0.7996053421857634,0.053286991732184076,0.042844878601795776,-0.058661752082257705,-0.18497577752925576,-0.04810418284088437,-0.0996987151953176,-0.4644870059904529
1049,-0.02006978953363489,0.20888239691124738,-0.05100935350821694,-0.07770064243791852,-0.614740640452719,0.0702976307631728,-0.07418088361002885,0.07557160197074493,0.023922293084548466,-0.016740443881700814,0.9380350331729889
1050,-0.19884072673892084,-0.08967040219468093,0.015088862967107704,0.0563358505504257,0.6157059847241158,0.0933389624077328,0.018910047099065234,0.04581786289690049,-0.24502250904301937,-0.053695297054668405,-0.018652573578106763
1051,0.14538870305659218,0.07170682861381772,-0.3475324218842088,0.046159396960114285,-0.025397579579842372,-0.016229132326808053,-0.18557325471042405,-0.06410799405763909,0.4921113243756294,-0.18050791130525817,-0.10040624590660766
1052,0.277590155332435,0.022571337553427183,0.5559643909021333,0.09288275088144667,-0.18105233442827978,-0.2471493044226172,0.03070499411138606,0.025336490205908006,0.01348646668581995,-0.14029174948255013,0.035906620468954306
1053,-0.06581194783827689,-0.06575360432314355,-0.011180125204316221,-0.02935135609075718,-0.10014222732511247,-0.6599175016654945,-0.05688795291514061,0.06609495108551217,-0.048226888822886324,-0.03786060730789528,-0.03215161775897397
1054,0.051240951143073074,-0.14107929766549723,0.4020080708642051,0.04516536867035865,-0.09928920539959558,0.17979912443862422,0.20249266301171273,0.15638802000388954,-0.028947571695971532,0.0699320029631419,-0.005211079237167595
1055,-0.23419997829331743,0.6572302603309454,-0.09430817793621425,-0.012986121316891183,0.027385838990155037,-0.12719474222744143,0.06966031905915274,-0.03841215165846806,0.061862441417580495,-0.035601510518290455,0.015014132683612685
1056,-1.7905422067247527,0.1006942805122562,-0.07872495591195516,-0.07557190802863695,0.18899300184365775,1.7980598858778096,-0.12401573718601445,0.1102758345417208,-0.0674447727170276,-0.16985858409479804,0.028213758559326292
1057,1.5954753826054284,-0.08347623698431438,0.02104015320927142,-0.015525359032290832,0.024506777336920985,-0.02022285591767014,-0.8912845307760678,-0.009453435963070217,0.10357291196949567,0.030963294129668053,-0.09246633203194607
1058,0.7644394539533719,0.12344338901521179,-0.12425721680508939,0.09302770409327243,0.013854519134400044,0.1431896230553899,0.10656601468749352,0.004505813616050805,-0.09011590753520715,-0.11790469830692031,0.14970172721435887
1059,0.5513528575030155,-0.03294010384620252,0.00636302385814044,-0.034000079556543245,0.07352494391523351,0.08411808894248154,-0.002592053743476784,0.03076995822510313,-0.0456909883339868,-0.044200622966048826,-0.047196131520838604
1060,0.23570829387996758,-0.023516376473224992,0.010860514812550771,-0.0883221132947662,-0.0668184138600577,0.03478941666084327,1.3451680683019782,-0.0995284392791501,-0.03743745144100261,-0.9682392626952531,0.05482955175385361
1061,-0.08551851088437429,-0.7050527986590087,0.075150978684297,0.0902368194120688,-0.07073700867429811,0.0630924475315111,0.05492991417482169,0.00025073167020300385,0.07684987723390224,0.9168374530319378,0.07633309644014058
1062,0.07923264267765796,0.8567384254673969,-0.08011742703871895,0.050812325497657004,-0.06642379739851871,0.29990599959156905,0.07851078697744844,-0.5787783013954013,0.0402646478697265,-0.017901304451442026,-0.07609441171712861
1063,-0.060055929273046815,0.06307317515665106,-0.08178938248960879,-0.7108682462417572,0.10796980068053202,0.2245776808019683,-0.22819936799463209,0.7628770753102119,0.041919983507052644,0.0994512157944441,-0.08596054476458598
1064,-0.042865930655299506,0.0832640336968503,0.10896468596877215,0.7509874839117615,-0.007407397066793443,-0.004203566611319173,0.15603796746991272,0.062185289708636474,-0.07014884471674267,0.04441723469767032,-0.5298608872213837
1065,0.08222505860838918,0.10334747535219715,-0.0065592656524095135,-0.06838897501105719,-0.7873346291238129,-0.2348533845831588,0.12519803352013223,-0.09399658628613695,0.022410884160896087,0.007857446120944349,0.9045230055922362
1066,0.08236997840803678,0.0057238511010104815,0.18181123659809972,0.015164929010002028,0.617209906426311,-0.09027283379712539,-0.16442652812434108,-0.07663131621773765,-0.11431994263338383,0.0789698588416561,-0.08160583774527627
1067,0.28316379003970393,0.13961365823641425,-0.17458619298654984,-0.024058540720299417,-0.1158963084938673,0.2411828871023787,0.04825638933728249,0.003738923935114511,0.46786691632548755,0.04772819482328834,0.17386054204257292
1068,-0.08505077946211584,-0.20850723594014592,0.5875088172652214,0.003478913517004925,0.010474744404744715,-0.015820897461224878,-0.07339158243673254,0.11224392355393997,-0.05759951107388015,0.05227330947505095,-0.04498758010134267
1069,0.0034757748924920642,0.04074549673085795,-0.005812615681693252,0.05855155674643877,0.06333562779610669,-0.6972773681124529,0.018434402475887093,-0.011108914291297425,-0.00580577851052499,0.05094100162922882,0.10958018908674803
1070,-0.15878374130274706,-0.006512792403615455,0.4178356166777793,0.16223514329167152,0.07949707238674517,0.030092922133748284,0.09289527543759313,-0.0126888941844615,0.0988457999011136,0.023987927279271126,0.06626486391006424
1071,-0.09610758899124941,0.6632905312683703,-0.1068372743484311,0.008913877569429421,-0.0017600707192962856,-0.023179036197894298,-0.0047085295692668346,-0.0703284572082309,-0.02261074879526898,0.08203063937514912,0.01949325372404093
1072,-1.6452826067563384,0.11622808588797788,0.042324097368226454,0.12375899155430586,0.05060364203229999,1.8864456944496388,-0.0943085392073555,-0.054516737851627285,0.03253718822293306,-0.04824179712148715,0.05877688912563247
1073,1.2637322479028317,-0.05176466618110403,0.00850084108627671,0.025503336680027206,-0.15736424655133385,0.11511423189401879,-0.9430652585462109,0.013009172232013255,-0.0076498023473238535,0.0013401317241014976,0.051376539153622745
1074,0.5929358553530137,0.2327561862860997,0.07082221897264088,0.0468125041249636,-0.07944687280998403,0.16406101153385994,-0.05692547625542766,0.053631016308704135,0.06380657418604486,-0.08312609035092074,0.08219029704464238
1075,0.6559001680438248,-0.0632421934237136,-0.10914698401941751,-0.02178853629601534,-0.00975175522982301,-0.004804984448489501,0.010961254289090429,0.07041787701348398,-0.016954697895495453,-0.004966809931336137,0.02799046706927528
1076,0.053701507512786316,-0.07452919080952372,0.023359711024953704,-0.08482957450332022,-0.02589430443162645,-0.19711690735064888,1.114688935268705,0.06825202010330762,-0.04967884283955806,-0.9456979517889951,0.01825490070819688
1077,0.15761516988746876,-0.781664404713917,-0.11074050894667152,-0.09280900851706983,-0.10348729284712845,0.15155375749921615,0.05020680569198967,0.0540257716553105,-0.043292697243832536,0.9487420281939104,-0.039807369572101625
1078,-0.044614350825674026,0.9596371080935464,0.10146788483728411,-0.02943354191917762,0.047532772345420984,0.06111914942352089,-0.21507405893545822,-0.6024971899910365,0.014797231277868552,-0.017429630898778532,0.07567953416855976
1079,-0.03769708788016834,-0.08899773751722098,0.06737891408606683,-0.5155808880351422,-0.1028026029086023,-0.18277404351286766,-0.026136549772473185,0.7918786545261977,-0.10725939639528573,0.058500403042464615,-0.04634208644514955
1080,0.06769269631607848,-0.027372882594384165,0.049199806059977085,0.8135945117951855,0.11085340570014444,0.04829432301797337,0.14897713951386948,0.026937712965186437,-0.040475576246447806,0.06040622740715992,-0.5171427666079131
1081,-0.05156893304014287,-0.15817542708749635,0.11378140944740128,-0.019619195882548665,-0.6941237239068649,-0.11061063419295294,0.11159175104562086,0.09266468244942856,0.003279826721728004,0.06332989863025305,0.8632917691868331
1082,0.028855355452355184,0.06816204356231216,-0.06803020344807065,-0.05924856625238429,0.5748403275981672,-0.07359625489656768,-0.28405491421896883,0.0066606978449199085,-0.28012529430047284,-0.03949567652727252,0.028582036712371507
1083,0.03005383848854802,-0.03358919070463549,0.06992174836082164,-0.06459051300084223,-0.02144218635701708,-0.2063014545295681,-0.054592513692698325,-0.022010873770553448,0.5281699553988607,-0.024233010938002175,0.029823397481973553
1084,0.09538994203177222,0.1448197192038516,0.6085579403937736,-0.11455738928548392,0.07370336453348618,-0.23638787604324607,0.02431947257163436,-0.10020484989158579,-0.15299211661528409,-0.11153898534973944,0.1083104207863416
1085,-0.027687990328241457,0.015864210793862965,0.031227586223069453,-0.08000639067140784,0.01694566764855486,-0.6391213194126065,0.0212447801231547,-0.019850316330723504,-0.06754573014148559,0.060527238107931924,-0.019321664354660928
1086,0.0690054581609035,0.02898625404119322,0.43036288550911556,0.14557744051807794,-0.020611769803625127,0.1877829396676021,-0.14597555634259923,0.05264980925139152,0.007919695485707796,-0.010013857472042037,0.018498053512802655
1087,-0.09443506044980038,0.6148988598982618,-0.01023352741827558,0.027623077417753827,0.053798793210519336,0.06928040597483788,-0.04197305775296929,-0.008347773688675106,0.011693641011023992,0.015175177410785938,-0.08632138055871405
1088,-2.1062562864608916,-0.1182153482657706,-0.17620355363182114,-0.008767028383786691,-0.006105528094842599,1.7301937865178436,0.09063312115593464,0.08100725043461181,0.011280382421785579,-0.03600346418308614,-0.015317506923875582
1089,1.292420316940215,0.0005893344940465671,-0.0013215004561057185,-0.0031943694884374848,0.07241378769147595,0.03402006984535065,-0.9371659954380461,0.030516748871276082,-0.06996646224870406,0.042796740014517914,0.10029050629614177
1090,0.8611652394703124,-0.0033176169802441252,0.10541783986523695,-0.08470069217399123,0.08788833278994916,0.024332825824070814,-0.005432939315031435,-0.018434316480366895,-0.024238045535969362,0.11659822576574476,0.15008823766191498
1091,0.6389394794304674,0.055030959722394225,-0.062333438585429876,0.039006337719111786,-0.03198563041673252,0.09668915402653273,0.010322975904685495,0.025606033317947988,0.057130081261685436,0.015619591908753281,-0.03927746633288543
1092,-0.026238625746168927,0.0014810606699715559,0.045875094986493635,-0.05991031364367293,0.09192471454369835,0.007667498682200062,0.9555209717822994,0.05451940480899946,-0.057097922529719396,-0.9449450719047559,0.09257080504481682
1093,0.0962421852167506,-0.7655466575205945,-0.09334329480198952,0.027303760259340157,-0.08061542430026108,-0.06355971318814868,0.02234153131474639,0.09787804430990873,-0.03551088138852213,0.963298518683277,0.03482009528427446
1094,0.205968939412839,0.8729310350914289,0.025892968797648973,-0.06720819339352867,0.04007245979949802,0.14476816652861077,-0.06225400476685346,-0.6477246447377495,0.07670653048522198,-0.09805324456402385,-0.019118055412980894
1095,-0.033922137521907175,0.0073486479568894095,-0.002216693100023921,-0.45042866751427585,0.004039762651306612,0.0613131214287157,0.043447399343073345,0.8929041776295317,0.024024294099033946,-0.03596554355911726,0.10697745772031572
1096,-0.09440551665678275,-0.10864213001061238,-0.09399963217375647,0.863008016347492,0.04358115710952526,0.12264655518277001,0.07861152441870128,-0.039252967073297784,0.03333904260294532,-0.027597804160753702,-0.15002826977910821
1097,0.06759114114663592,0.05417544013459032,-0.219402761102474,-0.044312161582152336,-0.627398252187574,-0.0921430707296642,0.16732144792112527,-0.0159774163018059,-0.0600691462963579,-0.000956601039702562,0.8589219670423556
1098,0.005382970355097386,-0.03934731138365255,-0.05372455194158979,-0.060792589379319265,0.6172929606207637,0.03765621190739205,-0.029054705639043037,-0.14147759421320796,-0.29752039631309635,0.02944467424259948,-0.05867343661129057
1099,0.05905142593440456,0.004066710587861988,-0.15889098052585934,-0.028172600492160024,0.041470465776577904,-0.0010086345164028922,0.08863454502525715,-0.04641616214325531,0.459439799334754,0.08145881086704906,-0.03723461294471193
1100,-0.05418380146121623,-0.023637915549657697,0.5985794408321823,0.0005250395885054542,0.03380839407834642,0.3606779482168237,-0.022950640715611554,-0.10785137360254021,0.17500306953897093,-0.03277981681746931,0.08384047485534407
1101,0.09512864956978241,-0.020666539732658303,0.004092084313123101,0.10418627149334875,-0.14125422970360513,-0.7129363835297838,0.032735580754343574,-0.05533651899183712,-0.06449976752819431,-0.06535264415243465,0.12084834441985251
1102,-0.10871780843421809,-0.016681324921388255,0.4286806347934774,0.15318044087328264,0.1143896919941307,0.11618917932147428,0.11054612475264922,-0.02745861811890563,-0.0267072867542269,-0.03584474584325921,-0.012880575942680612
1103,0.03057523776386302,0.6462525562932525,-0.08581950580237609,-0.0923761031676581,0.015797085187394793,0.0589780764315936,0.04246966549023598,-0.006661342475636798,-0.03217937550977125,-0.14209873489105287,0.0058655729315474255
1104,-1.561465288648817,0.10903499919464979,0.15153070157040108,-0.02062978504544129,-0.048425494932311706,1.7542147646298627,0.022785373108050094,-0.08448899049036272,-0.13007141694007682,0.24331629546092542,-0.10584152380672582
1105,1.3280549141181988,0.057648172077479215,0.05021988733101508,0.047922190072106546,-0.17074885191027386,0.10774149849386533,-0.9329973063213394,0.03840190488574574,0.03439953381941052,0.006835932152258677,0.0009238702045998599
1106,0.8426512459063927,-0.022633451260007695,-0.125306675490986,-0.01779839957432898,-0.044817281985285826,0.02925729388977555,-0.012927087151574933,-0.08088890954456833,-0.1334253224315349,-0.0017395664390847682,-0.13659711880854777
1107,0.5857922250574196,-0.03262655384742889,-0.012697817883957376,0.05983195582367068,-0.04317510338227865,-0.029548292761175043,0.013058889279756482,0.010094292732584487,-0.003867728925241464,0.017857440638776777,0.05102433089340838
1108,-0.03540173751768785,-0.01724317678503077,-0.03412163423324941,-0.10961412434486255,-0.061683277783930235,-0.17833051760292393,1.1687126827231022,0.044334827502481335,-0.08372884257243847,-0.8345492551354795,-0.18962338450571148
1109,0.05868826444336625,-0.615243977026658,-0.11278101171665812,0.08283373283184518,0.03309449399387853,-0.15247069438983896,0.04813998682413689,0.0029842065282130446,-0.04186998788082898,0.917580317206219,0.05940846711110155
1110,-0.2123846312370996,0.8859666315606288,-0.0914810362750867,0.04176827861786181,-0.03902281212828285,0.13282056451163593,-0.13457088703210718,-0.56983309435762,-0.0873305786496446,0.11476629977332412,0.06480285256447865
1111,-0.04813546854680886,-0.011368135044552021,0.03996154173825882,-0.5914238325473095,0.03080311627075296,-0.07305521750753902,0.06426235362813507,0.8131328631758381,-0.13485968682970564,-0.07966345115349827,-0.08354808251285209
1112,0.12555560964387633,-0.08985426915999442,-0.013123367411253788,0.795313390055592,0.015547814003437382,-0.013442789531461672,0.006489178023410086,-0.014765038925360217,-0.09532213676589539,0.10367188695458651,-0.5387261078813829
1113,-0.047026888937779995,0.18259406016166166,-0.029327629510008307,-0.06552846491358129,-0.5402429403142405,0.0019915114433208558,-0.005087954331981696,-0.027895677409573844,0.009265277402455925,0.06577082509183822,0.9007640708112541
1114,-0.16128061626931334,-0.07463638459026264,0.015301780670366028,0.02409194156490727,0.5942343102294675,0.16629727558295804,-0.03138814505138676,-0.0017864693432010348,-0.29780219816032116,-0.15293865118176486,0.016706437824461753
1115,0.2520681244592449,0.23173274991014378,-0.08305820936007813,0.012934413871962328,-0.0781722903444072,0.1306243357854798,0.2262744153079669,-0.07218525744372274,0.48107126780247617,-0.15331560762407978,0.004634616969523955
1116,-0.020605899567365003,0.030938866088272926,0.5973692924869553,0.005848961543344727,0.005237222914409676,0.047589240732992734,-0.10358898014480084,0.013694120883347241,0.03488836016892726,0.21456762493242199,-0.08871291191331596
1117,0.01970298650666983,-0.020933284998441326,-0.11854299522942316,0.12851443215203334,-0.060908630117069255,-0.7610147104719235,0.08593124735765498,0.0027716866874190563,0.05749583090791374,-0.025139392271376498,-0.011745387654245988
1118,-0.015722606190455013,0.15097433924409895,0.43165303510264397,-0.047610419408364885,-0.1060364521583837,0.11837251073118207,0.03492599200311276,-0.129234629924802,0.04231105505503046,-0.11741367297891837,-0.11402063504512876
1119,-0.010309437772929307,0.6843710430306615,-0.0746079885045137,-0.00014045376515184403,0.040109436056800354,0.03246769601660351,0.09415337382019426,0.013590333521258841,0.013702558576377491,0.06996002168968962,-0.016930285866274087
1120,-1.8242210714833687,0.04199750851549347,0.030524335083444577,-0.021032164237222133,-0.12719426090162989,1.6848115350823398,0.0665554370898644,0.017305779921596473,0.03591995788554117,0.043603455807368616,-0.06663743866239116
1121,1.1900962896820069,0.0903978633624958,-0.1255959794419727,-0.011384704133481735,-0.010326682064077483,0.05667640110365176,-0.9403601953990339,-0.08610966682583543,-0.13104075575772373,0.05881991369441874,-0.0451078897826344
1122,0.6475722532792818,0.045117885295319196,0.1195416711269947,-0.024986775733003445,0.1206030203856495,0.1093691269496612,-0.0699510737491996,-0.028695946449159525,0.19999418921289552,-0.1183790397633609,0.021110940716432013
1123,0.5338264814038393,0.0026809283531402817,0.11698122073674082,-0.025114617972601973,0.008164862432771067,0.12125384855831982,0.005625641132277579,0.0076665564147371055,0.018957525794280436,-0.030715210065296213,-0.034744600905133524
1124,0.08536289442466088,-0.020046652278690583,-0.02185490535823488,-0.13435087469041612,0.03395207891100174,-0.012277156776243798,1.3259698496153833,-0.009827636253177027,0.06161295569630021,-1.097113562345899,-0.01925670936858025
1125,0.05566293688898255,-0.4829953191377096,-0.06680501243694364,-0.0004956653071028312,0.07727178504163511,-0.17832880667849782,0.11949344502720959,0.007825646448451195,0.11255466027601105,1.0161049430694047,0.10791683890762646
1126,-0.016208523978290416,0.8927201012477223,-0.1246971265435593,0.05722155279011126,0.07126445423053127,-0.012591671944428428,0.09784927295906429,-0.565979308021723,0.12010613945905499,0.010590954955230764,-0.036518391377884395
1127,-0.030182666720792294,-0.11646143687715658,-0.08349892699619497,-0.4564281483393012,-0.02892045570620811,0.04449953358000701,-0.04674061786156998,0.8994376883805308,0.09614197896096556,0.07079069127245977,0.0935991068207511
1128,-0.1995877911490555,-0.015450795014660377,0.022286006003869704,0.7935727886186015,-0.005047920830701639,0.016890075250090876,-0.12248419526971507,-0.0840722397172595,-0.1552870662599403,-0.0028309905120110935,-0.4608199490605922
1129,0.25919511769942505,-0.037227651722001695,0.014877763043292642,-0.10762782726211423,-0.45771207786757545,0.025748978805066217,0.015638384754828198,-0.09633595935199835,-0.0746931187576975,-0.2354861993414998,0.8489134554376393
1130,-0.19392238895522018,-0.044878872243488986,0.06754435287732391,0.05674266955092347,0.6104531790679139,0.017397007952225794,0.12914352664809617,-0.014702800560240125,-0.17348928981413925,-0.06508979849866646,-0.011856169152736235
1131,0.0009314382590297132,-0.029340322514292874,-0.30492633300845823,0.005449092990022183,0.01213098533072014,-0.1065409280061594,-0.06046846892376255,-0.032318687864651474,0.4608856408091844,0.1001444187884851,0.07527035015310077
1132,-0.06718535365779897,0.01097485671094562,0.5921220712364939,0.04284298721783719,0.10737377162805967,0.0756264900370818,0.24615504249684195,-0.19449560296695292,-0.03827857429523756,0.05142195893065209,0.20588203268797226
1133,-0.0202486767278955,-0.12324612581478482,0.12423627388083294,0.05796680949029307,0.03947993480109284,-0.7044692750074331,-0.016250717056578882,-0.005348455773003141,-0.018292771491413073,-0.04130474856971644,0.04299189427444579
1134,0.06647424169674705,0.037301495433143164,0.4477390401474081,-0.1657905020558947,0.041504385343791396,-0.2005678717514817,0.012735820791776261,-0.016996073899909966,-0.06746566301986516,0.039684611282474656,0.06305848224857453
1135,0.018334434537717336,0.7141480380824812,0.05419046698983236,0.013823105746094726,0.07504879635305167,0.29137154465195353,0.03091954231860733,0.0116463113706707,0.031906531165374806,0.0003897670299276186,-0.12731325398517912
1136,-2.145690353445082,0.009854410764639302,0.017857380999421593,-0.0026731928015622554,-0.23546237278614313,1.6727742750665267,0.08311988472856163,-0.13758278588034734,0.04202468499270288,-0.25206349463710637,0.14849267847893874
1137,1.3149347463647507,0.027669122895646513,-0.0018802573791009837,0.09661039784736651,-0.076200425695611,0.12555048117005524,-1.022047684449036,0.08252387668371473,-0.0638868599669414,0.03947295423336419,0.028184655739909536
1138,0.7527745441036657,-0.010512907741447624,0.02532556774479521,-0.050735709231432,0.0505356441732433,0.13028636796529594,-0.012101886676609346,-0.08251555813442446,-0.09748827441731768,0.04829877494516323,0.026610292735374137
1139,0.5808037801253801,0.013481333266881832,-0.04537564644126827,-0.00224595848446833,-0.06628721750066979,-0.02050721518192493,0.000711716586895352,0.01345546486189011,-0.11047407798421635,-0.008089482944074853,0.03805163560299061
1140,-0.07914362425993374,0.14850580735411828,-0.060979542193160874,-0.20244658379768324,0.07116587607861405,-0.039522595987966584,1.138901337858058,0.11274028247973303,0.0013741780820349186,-0.7937248508909254,0.1223604160866491
1141,0.0022605992135390648,-0.6526792518243854,-0.07664866386314387,0.13417211421721245,-0.021608163988305205,-0.02691042286055175,0.047441752034367,-0.038596731824187824,-0.05918040845907188,0.9649247656731657,0.10215124420456331
1142,-0.18622162581266746,1.0144865092821456,0.015098484288157401,0.11634811254245808,-0.06834039552469758,0.10979363323392594,-0.07847321470062082,-0.596082248683531,-0.09088886918120356,-0.07969208057359645,0.0016469642065758865
1143,-0.004570595282980759,0.12619700880119253,-0.04871436738494813,-0.5436761348290325,-0.007149641086546385,0.07175271908529895,-0.07008199647543877,0.7584965526930525,0.0947874266524602,-0.08271398994426254,-0.1376155026203859
1144,-0.05316164369464617,-0.09672310818523629,0.06941754087751975,0.7800694748131755,-0.10252160497746557,0.0448303062768661,0.16075032823504753,-0.04114605399057645,0.05651152544266483,0.05946268416088869,-0.6550669989945234
1145,-0.10521713749601425,0.005852674281282878,0.05711585871869742,-0.14160275668406846,-0.4865696965956199,0.13710780833221153,0.0316840212578937,0.06507905391878792,0.06242822692651038,-0.009910992296650233,0.962879750358143
1146,0.11597939935553345,0.1315939431481309,-0.016145925043477578,0.03385696459861348,0.5870848248922726,0.22535811236800432,0.00800791629374735,0.07546889806518456,-0.11729803371265554,-0.0009407563746498598,0.03575122168202132
1147,0.16873388630618327,-0.11078314483254798,-0.13160915878040172,0.08151495407664125,4.175354850360154e-05,-0.10345762116290812,0.12269163397022435,0.2710110282022269,0.46560298561527036,0.02502671728419019,-0.0516889150453171
1148,0.15640644096359207,0.046182492936717695,0.6558888452619471,-0.004353200459215868,0.12466799378916511,-0.08714120691582558,-0.10113220281033967,-0.05261392989329183,-0.07486013595922036,-0.045105360833395565,0.14055081544302397
1149,-0.0045945637028390555,-0.10547740091623346,-0.09961641782149198,0.06451295259330686,-0.014885472948865143,-0.6666144278752173,-0.015456617327849418,0.057113013799754,-0.026374999063297315,0.08306528490365231,-0.07838453890465495
1150,-0.025929688977854585,-0.10957980713082649,0.4106766998575747,-0.01717366318421596,-0.0458182794840814,0.06337226635883986,-0.07021494395317367,0.08154798781053188,0.11827379513287772,0.03791174815343897,-0.06464710267492617
1151,-0.16946230651385627,0.7125859666461016,-0.1504400097799391,0.018291232272442,0.08123382837519785,0.07912530977559006,0.07026972489814452,-0.010238458282598926,-0.06696648557927867,-0.010435560998923668,-0.026165881209372844
1152,-1.8903151279137,0.04952695524523237,0.02260191952984003,0.02565279690402717,-0.05573796103458463,1.8259392411130169,0.04456942683046735,0.10939758239463766,-0.060486530563027614,0.008174547670757773,0.011728390229491745
1153,1.3381673523077295,0.08679877142661015,-0.24276704768501328,0.06178379685256616,-0.05732919020857813,0.07195706511376933,-1.0251595557101396,0.023481665014081866,0.038919889370224045,0.0621196677412044,-0.043108219585962684
1154,0.9493790384592543,0.10664469174164037,-0.13984079111098366,0.026825482569166382,-0.07206006019998835,-0.11715688637246592,-0.009845461017213748,0.025217300287541152,-0.0009955072310835547,-0.002329704122415668,0.12717898409166986
1155,0.5893981985000032,-0.02296472825020322,-0.11433421487036335,-0.018954317828017216,-0.029666188731879924,-0.012777287027734029,0.002172668136884436,0.00783692786470637,0.017741893946231668,0.0489121928749713,0.006225177616845093
1156,-0.03463997743524294,-0.013524748759955258,0.0626260427330049,-0.0518546444719661,-0.07247176048916293,-0.030298055163213565,1.1400490936522543,0.11665545717784957,0.022426179301423942,-0.8973405293195464,0.06678766925845762
1157,0.02923465170524387,-0.6115340803583861,-0.007829495220794465,-0.04347883191061981,0.014073074447706054,-0.10033768877217274,0.10246314222952618,0.010105520662221017,-0.08424102185302129,1.0411293924478446,0.012980282385906768
1158,-0.18930573715914695,0.9426780771001543,0.10018777080354042,0.012202787852219264,-0.026017790994358823,0.01936121358773192,-0.038945581331949114,-0.6227780597091441,-0.10486606101441498,-0.11499637854682981,0.054308406064376556
1159,-0.041320001634435,0.14884384734548398,0.17926640382894235,-0.5479451572880797,-0.08360135431039421,-0.14808552959142457,-0.0506034583081646,0.7785294742884539,-0.03312612080356533,-0.12774592566533896,-0.09331141087580111
1160,0.1667799884768864,0.04788943167503243,-0.057078680596090864,0.8429514419224244,-0.016843374730801032,0.06734956268760224,0.05517221654039936,0.03508057688188463,-0.14556056763368502,-0.07378132708587218,-0.5585808042491051
1161,-0.21364980536180647,0.060311060666249215,0.05531558165757337,-0.05950328816831719,-0.5822044223868592,0.17928973107152352,0.13494720700429716,-0.015602909446853643,-0.1624560212241704,0.035108533347436535,0.8774649176595131
1162,0.05003975952227125,0.03549638253916771,-0.1788687994607525,-0.14672043695434606,0.6011496647281184,-0.004392554178909825,-0.042027127937139114,-0.03354881196388906,-0.19263355524243309,0.02674777879302983,0.007061357254061661
1163,-0.05808763622352409,-0.17655802029260392,-0.178587628549139,-0.01688875715277395,-0.033980648668942716,-0.10885603631170533,0.12848515075070488,-0.019049475157796106,0.5089220933256046,0.13856129836554867,-0.009967480757929428
1164,0.10831889218070069,-0.09271649946539559,0.569382779087832,0.058935185982306945,0.11077578616388611,0.003148439036809097,0.05424453384960993,-0.04553234008120024,0.04232737405336813,0.02890114001743725,0.12271452046276467
1165,-0.04365081392398019,-0.0008751256391986957,-0.05122269524364605,-0.0009503720453853124,-0.1461704812680086,-0.6932959021540953,-0.013945680661767901,-0.018080350274240327,0.03551801464532959,0.014967985705386995,-0.11933190960530658
1166,0.08456501250194746,-0.166457189388483,0.40412337496491035,0.030471960174976543,0.08080750351950355,0.10555556197852613,-0.08183806183199205,0.21678249136204739,0.13044413045828362,0.05131929955279607,0.04948501566298806
1167,0.128246111198021,0.6771594971743674,-0.12433838882716333,0.03328023630214689,-0.03931499591165957,-0.03764225960650186,0.043822507589824825,-0.031056032366303398,0.0630069214027742,0.023223949709855887,-0.07438450219854895
1168,-1.9660208866819187,-0.011328141780942625,0.0005646704866843245,-0.004176289477301431,-0.029182851436888767,1.5142899285663387,-0.04922046878184298,0.08015281452802953,-0.008551997510926187,-0.0014216526576869889,-0.07188244158469415
1169,1.414901883671657,0.07770549462511328,0.0119343127760678,-0.01972657986083187,-0.06762273561807251,-0.1539215458087928,-0.9674645642396994,0.06535919503167724,-0.01952404326629135,-0.01554006783502623,-0.039674153403415485
1170,0.8962150105395731,-0.002198213145514798,0.10439234862550316,0.045484232385842135,0.02214315548891769,-0.05012172503376057,0.0816562671408766,-0.07095619811795145,0.10571416593678437,0.03230469245069381,0.06873065859169838
1171,0.6480942555464365,-0.016089359418763723,0.011158832069742271,-0.04425372820032662,-0.06242621857091796,0.0036623371044793157,-0.014473474277255627,0.015596942132367108,-0.004240863311990999,0.014909606393569358,0.06187351532958737
1172,0.06507427582540648,-0.05724680524816168,0.06145141518929699,-0.021016565340111128,0.012642732865072623,-0.027140630102786698,1.3255008848613454,-0.07569566490324861,0.0609931152107296,-0.8660043992452162,-0.0009497740084476801
1173,0.25400159205858874,-0.8172819100817735,0.02762006840173213,-0.030767185369559705,-0.12811493207905833,-0.0692457314590065,-0.05980091220874838,-0.05844828242197054,0.09406710651994912,1.0152008781829351,0.04456779621435451
1174,0.20667638881564923,0.9983786152559999,-0.016608362628308455,-0.04240906012245635,-0.04784234036898877,0.016127751154807128,-0.1203256437989607,-0.6119439540811912,-0.04337278237934773,0.009927467476516802,0.037714309354989
1175,-0.14425953766099162,0.04257550876676108,0.07553968802949448,-0.5215502584747227,0.06771729001673482,0.04547059499930006,0.24310183107903055,0.8200683665920996,-0.10512714537397255,-0.10349558306929285,-0.005481127628867774
1176,0.1081026200994075,-0.0001013730224750163,0.06263861497487037,0.7552488890946599,0.09293100186083404,-0.024853762190466824,-0.01617160958393678,0.01932411065914079,-0.10587616387799435,0.005370671974612979,-0.4915900318052595
1177,-0.1342384016804664,-0.07150167325546551,0.06594950266324132,0.017936785428427346,-0.6542721996171246,0.0032673143078027693,0.15182073203492594,0.036332767022470666,0.03786837517506612,0.09310793919740566,0.8827979076231938
1178,-0.11562548083777582,0.1255780169790136,0.1404255951575658,-0.0031087357021503228,0.5753054136512056,-0.058666700753890966,0.08525400851598355,-0.03897697217348248,-0.35701639730218054,-0.07079559260829614,0.009624054385225666
1179,-0.25720773320981133,-0.07644964270372345,-0.03828916744900866,-0.031055440026182244,-0.02158219962533261,0.164499630924375,-0.11743234139584033,0.09383412215046785,0.5049804221248747,-0.23052715723562595,0.043441921842396806
1180,-0.0409558196403115,-0.10559695384330064,0.6420775483425804,0.006721000263270176,-0.05724453017496814,0.019826090168027374,0.0761892055922463,0.09145734458943779,-0.07008753618961744,-0.06833762048656172,0.23361844218095992
1181,0.0532079336837854,0.05796528878800703,-0.007390010975768864,0.048276338872788,-0.06308651803751918,-0.6155934374254178,0.04155978252120533,0.0666177485449316,0.042964411504595616,-0.0682562715337158,0.08831888415447596
1182,-0.057326894436923084,0.17073046516318188,0.4085075427129706,0.0211559183293989,-0.17163754431153308,-0.05571454294492969,0.0010600757491067963,0.027291710780379355,0.08615225072475144,-0.007400448494104815,0.09239729849389157
1183,-0.07029179335139786,0.650798031784091,-0.03139939965271719,-0.010375068311251337,0.02853801408850835,0.1536159720453443,0.10415640233214768,0.012834105047621544,0.06536645892978474,-0.08070542774620183,0.010844471362430741
1184,-1.8452859534325012,0.06937580686734941,-0.04446954753479125,-0.030111620600196187,0.1960947830307504,1.8549114281780452,-0.08737144417447791,-0.019802532147102682,-0.047691318795087825,-0.08270493269957356,-0.07670727693248394
1185,1.5688167857689106,0.0913904115586557,-0.03995725747134512,0.001132740382601628,0.096609589696447,-0.20989562850658464,-0.9718560727520996,-0.012704034407491686,0.02634418643410163,0.02247345969102068,-0.00019666746294360032
1186,0.716366960099556,0.041974151115924875,0.14313665205075957,-0.05007658147940264,0.007866191258812678,0.0723919677875467,-0.1678195561515446,0.03334385104962185,0.02623744019314261,-0.03282343239626388,0.027719138464554975
1187,0.5390278612294859,-0.02109746867057472,0.02378607884730672,-0.01571798840508627,-0.0610483832264169,-0.04866850010316244,-0.062264617069261986,0.03217627519027202,0.01948141174979583,-0.02417306835320425,-0.003868750307690284
1188,0.154858237987881,-0.0626972541749612,0.2239234126158158,-0.02367748084989857,0.051239312461147914,-0.01969275202344333,1.1447222950891232,0.00016268843997933034,-0.029874279356481438,-0.7074777746346335,0.009880671553948494
1189,-0.02759689133418656,-0.5839836476564647,0.08135389841014369,0.07258872410497656,0.12107599218329193,0.07250914091788084,0.022430289615106923,0.020134867615381986,-0.09897618529233004,1.0292880599164276,0.0875298544536258
1190,-0.18545538337271042,0.910958064863556,0.08309115350697595,0.14499079466045509,0.016971518434610464,0.053767864658594525,0.12570861742957942,-0.5680738111968058,-0.1006184190504947,-0.0665105831891288,0.007916201527528807
1191,-0.05890370880174762,0.013270757330898681,-0.028253788908757328,-0.41661904210497264,0.05983786242986742,-0.07593335164222642,0.07900307669125642,0.7930636964817052,-0.10749395156821984,0.05142639445654754,0.03494217937329469
1192,-0.12494571649931448,-0.08698230730658357,0.010010699911201362,0.7501897238112006,0.004395130318215515,0.01541736691554616,0.012700272794883748,0.014920304924599751,0.10827400752615671,0.12789685739811532,-0.4844451204089954
1193,-0.04034215863137158,0.24024439169778647,0.04835403472735623,0.055884346851537266,-0.5927701123571427,-0.1684347764106981,-0.10070080561572461,0.028244128078580025,0.0204235908792853,0.14401210216060392,0.9007844782811469
1194,-0.022169431523037655,-0.05919336843580796,-0.033184236217876875,-0.12873844251877853,0.6192540070728587,-0.18112392045820797,-0.1556326085999597,-0.05321641067992411,-0.3346014456067868,0.10069091237450238,-0.002343768881803903
1195,0.03009402295748346,-0.03790346196008687,-0.0313704965986237,-0.03545018599857991,-0.011626172062438435,-0.18147912300431146,0.03128407293704279,-0.03279000019350866,0.47965370330092344,0.07715297798447937,-0.11242153960958153
1196,0.28395670811835766,-0.060222081912027665,0.5223936761155674,0.04518966580032567,0.05499557039204199,0.1292033090011613,0.09451814223227988,-0.17610530930125837,0.07698633482065384,-0.11399285805482944,0.015404622086098009
1197,0.008817138678702633,0.08408896726071535,-0.06915235656876206,0.006509360339015243,0.0651928445755035,-0.6609143104099613,-0.025796411704869415,-0.0066680343897594155,0.14833439891088132,-0.06762643288805535,-0.03921705804343661
1198,0.16790413548023245,0.2713640145919097,0.43383383274465565,-0.07455138667087997,-0.04151517276634192,0.09565281856905695,-0.07301542663872362,0.054903602046296254,-0.0961730069272917,-0.08595640317385742,-0.1926573518987623
1199,-0.006837591722043486,0.6771787728253198,-0.1764873239127559,-0.022087900553665538,-0.015156215497547018,0.30507749407768053,-0.14856001581600803,0.0762928205536195,0.064558412531344,0.04296263641854824,0.01457957044559965
1200,-1.823986817592179,0.015291338066563255,-0.13334329957730223,0.1852786195690538,0.12882808231772358,1.5595398485455247,-0.05718254707871962,0.07349884626189297,0.022694391838526198,0.0035937379435746473,0.011865411922470573
1201,1.3398674488466686,0.11152064038687194,-0.17918247547099042,0.14508096096091488,-0.0032335714843985497,-0.002217311840979612,-0.9971179153792479,0.10537053904558241,-0.012466969203893808,-0.04732165023594812,0.003628227553463867
1202,0.983785503892759,0.05910929283040405,-0.01342843785489875,-0.1530863627512018,0.017529812353488806,-0.26131949822269007,-0.1295925098872319,0.09325235962846853,0.016969476559493116,-0.0644855236966157,0.16839690649975741
1203,0.5948744975508639,0.029194435331856,-0.12618685444427186,0.043585981791074535,-0.037844875231646626,0.040548545347580046,-0.0033092312967798777,0.0006441250528018928,-0.0038535495051373074,0.046036630860337754,-0.012670984671764023
1204,-0.06950047495424938,0.016313638747307818,-0.2729903945701004,0.11496594499223141,0.03593590283814579,-0.0344660641707567,1.3663615043619668,0.03786513530112366,0.09864405592829922,-0.8971125518741068,0.0504821070135032
1205,-0.0937851597271629,-0.803851136997878,0.13122883210762204,0.13553198153150153,0.1443084008914327,0.10792527282802232,-0.0033137243633383725,-0.06268655524005042,-0.01905626844662761,0.8927170856294442,0.04977665191204586
1206,0.015195850522651558,0.8892506174239284,0.03529227527034455,-0.11430829905144432,0.03125159282973987,0.07455952245871678,1.964152556980202e-06,-0.5761912077135468,-0.09486978749494511,-0.05015504608228627,-0.047495928006812044
1207,0.004525467100742317,0.08642912006107493,-0.08978180856041784,-0.5319977368566823,-0.1050968126321804,-0.2034840623553706,-0.007572057718785418,0.7964718291058028,-0.05273652429960807,0.11270331485823509,-0.05313073762217909
1208,-0.0717650318446798,-0.07495207524306065,0.06190295679530875,0.772081011884473,-0.058066205873877653,0.054498778519517586,-0.01141488292316726,-0.00771880213685615,0.1797776128799288,0.0446242205074313,-0.4963456549225436
1209,-0.02291086641780334,0.07914144582876301,0.00829841049964933,-0.059388275829868185,-0.4788746834909118,0.013143874190875256,0.06088289194418367,0.051606829424265796,-0.03257684885252735,-0.04742713110381314,0.8767735752722586
1210,0.11282296345590823,0.05413713677602297,0.13181134781250453,-0.07062516431061826,0.6328005147341096,-0.002156418211129808,-0.09766739109357746,-0.01665628043446797,-0.04500043713658988,0.07931376533465247,-0.036928864077525346
1211,0.04281717098882385,0.012668820418211678,-0.16308993949616435,-0.06507293226458571,-0.017060018295560236,-0.07142587965013825,-0.03734867795976843,-0.06973277830422829,0.5105095474983633,-0.06113471496667563,-0.03483075613597753
1212,-0.09511308059504517,0.11933107740483195,0.5574309104172217,-0.031371152184385534,0.11801664310370766,0.01840357080808272,0.09442939124704763,0.06161804490457282,-0.08033472167640857,0.00965574077928956,0.08267959838458343
1213,-0.0014194862180335237,0.01847543496912989,0.011518205651751224,-0.0447234771846551,0.17011722991466896,-0.6279094352058006,-0.00886098587784249,-0.08186464326157797,0.0284398369589794,0.015080281232240294,-0.017614205512187342
1214,0.12836253147413185,-0.06088013739955883,0.42177565596911043,-0.08992026772013133,0.10134079940699986,-0.09995065891244775,0.08294124192041342,-0.013800579705657241,-0.10908813708737536,0.11370555595444261,-0.0851474231319321
1215,0.11651431206892919,0.7317501042035464,-0.12206742833965516,0.036212449489435354,-0.020479841749018495,0.0034919969677572257,0.080263126307268,0.03242527544001565,0.09666937282291521,-0.04384724857091567,0.0014402096332897165
1216,-2.0175422517787234,0.0125626693751157,0.0954896492193994,-0.05083763186851023,-0.06999377232434956,1.806801291144609,-0.08865301993382917,0.15433426729853666,0.04905221860024709,0.2354295593459625,-0.09007728136488691
1217,1.4998272386757607,0.0056683182117096016,0.022320376269951224,-0.01044659896251874,0.06806820270282296,0.07127753018662539,-0.897846626386885,-0.12435696117165694,-0.0014466997332145419,-0.03222248036484102,0.002300398051496338
1218,0.5204066076455578,-0.006774108221170332,-0.09823894984847645,0.07108195299206987,0.15280733758072396,0.11657736443029461,0.007593227736243677,0.060895663419069525,0.019967612778839718,-0.07075107408670264,0.13021797250355222
1219,0.677208755279796,0.010694589391433815,-0.010939409729634822,-0.015980888719719567,-0.020023468113581924,0.06397500549681379,0.07633739796702221,0.0174848299358199,0.02741154563709216,-0.04639396849618727,-0.01909510151180776
1220,-0.0012392561328538128,-0.16028303762985685,0.08517772545708026,-0.14929064803106123,-0.03068467884514608,0.1310835962993089,1.2397856125013051,-0.1163929186947503,-0.045983565944711945,-0.9519668731100328,-0.036530215614526115
1221,0.02990257762337343,-0.6203401021001588,-0.09840453479191592,-0.00861586657258894,0.021549347049125235,-0.10543772138835168,-0.13784098612540693,-0.06267058469677213,-0.06253245879567916,0.9804028518239031,-0.034718952711325995
1222,-0.1590288762972092,0.8541115037013222,-0.07436630346603187,-0.04238874668313329,0.0015270322460341048,0.05241981598004022,-0.22280263843618617,-0.6965412256581739,0.10160938789629304,-0.05717668241879801,0.02013273725604934
1223,0.11190147280422547,0.06963981564234192,-0.13096146942798265,-0.48407814568203034,-0.16659211302450316,0.20275586005228713,0.06484178676544251,0.8536080797016911,-0.03593768852233655,-0.08289720188023245,-0.05097721018482532
1224,-0.060710275162712095,0.16131119231136623,0.15292785663461303,0.7511234435707436,-0.13527737019942315,-0.04232846119966099,0.1545596589130272,0.011849802048427154,-0.006954562641588946,-0.04934816558757847,-0.3887508391872377
1225,0.14394294544182384,0.0886769343010314,-0.07759627310255174,0.033509813291006926,-0.6919267530465127,-0.035477982157461375,0.039078711375409705,-0.1074290916432661,0.024723283449139394,0.05071802571569205,0.8731506220951397
1226,0.2698745556427174,-0.04765521316874672,0.06476599078763215,0.004740950211698949,0.5960898752135557,-0.09948192744755295,0.17640584104231438,-0.055970053042222266,-0.16533979677068295,0.2002303682725471,0.01638927275623029
1227,-0.12113661282070358,0.10923496122523574,0.06943466765582444,-0.008078785870252871,-0.00821219155492058,-0.01574215495562989,-0.16215089329176044,-0.03479523396803331,0.5078923594175071,-0.10767418478305142,-0.023844069187767398
1228,0.10503652698845933,-0.10253160086984903,0.6506149691648321,-0.03667303354707881,-0.010411366969514727,0.17281828007294406,0.08103807358153517,-0.07907639328950837,0.04407543138095295,0.03857623146039954,0.13337664729400486
1229,0.10453510172635452,-0.05902055906703074,0.11038172862746369,0.0586709934732506,-0.10646969907883046,-0.7153378549983467,0.013333426624526258,-0.09516477926757817,-0.154965370918825,-0.02152979336805651,0.05735823032462249
1230,0.08713459299644834,0.04153840720406212,0.3924724619236346,-0.040424156354275,0.054674174574352204,0.12555898657146444,0.19890140322707425,0.07117555954466359,0.017733155744593308,0.04981087873284201,0.07094655257850394
1231,0.07475074077689009,0.7488359031654229,-0.23011129126699403,0.0030116902651271538,0.0444052513904505,-0.03992726091072904,-0.06170579909257881,0.01062124765066692,-0.07801551044705526,-0.0851854577226891,-0.018465253965882403
1232,-1.7995958847376328,0.02914069096312548,0.05494565975980775,0.026726821803492215,0.051991355539567345,1.5985491445340552,-0.21046960520689442,-0.049184179397716,-0.023570339307574312,-0.14296573809952412,0.0029747125807206556
1233,1.3817684481921293,0.052574195439612434,0.04358718767529485,0.05881827813512101,0.05718711151727573,-0.006199151977996063,-0.9788155596702267,0.033479108342575975,0.020501963666572774,-0.024850098045770656,0.03992690222843414
1234,0.45538318813323625,0.09632151364855596,-0.11484988944962586,-0.008363186043251467,-0.10877898218003938,0.04472067470298305,-0.01844729916811538,-0.15921550596787457,-0.10793324546049599,0.06958607637333038,0.06607912469973645
1235,0.6898621556801335,0.02065333852239578,-0.0035928812926088976,-0.04281004098971953,-0.016876026396483564,0.031657491306729915,0.022086360281768826,-0.03532042985252384,-0.10646802127082643,-0.07016520870584306,-0.01872224301621854
1236,0.04927749966395894,-0.05989103246715263,-0.16270135881498904,-0.0060480362547811976,0.07474717399566595,-0.15954458746430883,1.291222247099793,-0.015493515501820045,-0.09697687161123827,-1.0191412081296138,0.11281986440518967
1237,0.051919094803453296,-0.7381205219853725,-0.022946907329399812,0.0361561004699328,-0.02654435787432497,-0.05551932769660192,-0.13286961436445832,0.03191567040054591,0.03300500464461669,0.9639366327994398,-0.1067652543374389
1238,-0.007165444175255071,0.8026768442133144,0.06980700696058573,-0.10157226141895152,0.016673713485397406,0.25927326810266904,-0.0478768491096297,-0.6141619209702207,-0.031253807536783806,-0.11813095442540332,0.012672940282998889
1239,0.2066802897884479,-0.07081085036007251,-0.11752531026032183,-0.6661705115560237,-0.09100238428116086,-0.05887247276251755,-0.18424724757666455,0.7699403022222976,-0.008573700563665607,0.012293774841000802,-0.04422292662988466
1240,0.07766696957466392,-0.008763491640099737,-0.05367277480152572,0.7171119654414861,-0.05230321200031423,0.032836137557832226,-0.0031401931683797558,-0.05325096534381227,-0.054785711042724825,0.032882963689996686,-0.5223847460588289
1241,-0.0423329541799768,-0.002802418563759402,-0.12999154214820724,-0.05220331185189578,-0.4080662955727439,0.22381153114718894,-0.0702104524973527,0.08641563335113331,-0.12679483933199903,0.058686076473395875,0.9065822948710216
1242,0.09231428997274614,0.01967263003949185,-0.00944642128171466,0.08080394416043729,0.5856781799556955,0.09468898727467442,-0.1277956116931019,0.02473090959197624,-0.3301728362727936,-0.03468727798630812,0.05081402884500825
1243,-0.030317098911493152,0.02691049590974978,-0.03829867567900877,0.02188773662562211,-0.025755920908487193,0.1192474552385132,0.018976996833382026,-0.0019420384090184824,0.49926924476256984,-0.01756673684049646,0.18683046521230456
1244,-0.12093396257015214,0.001321108694327047,0.5657163561025028,-0.05875177534980523,0.18211982708295676,0.13926711624105112,-0.0474991829110469,0.043098135092242654,-0.09452821719047766,-0.030830118715840415,0.10592498225877854
1245,-0.022349223444311082,0.04826086437141126,-0.12536137898175917,-0.0645015502555731,0.009836258796739187,-0.6749425904722207,0.0793159951704424,0.005842537822844333,0.03652533157224709,0.043657772482963084,-0.04347650670573974
1246,0.11087824237330973,0.12174712619841757,0.41797148808441686,0.07895908685600933,-0.048032968867333395,0.17602876109275606,0.06981449971739369,-0.07996776564878556,-0.07890195295173717,0.1730782252431217,0.16516315718717126
1247,0.0648515443852655,0.682100632939571,0.004926400772967254,0.0536981593963659,0.05582063861383908,0.07044820837268874,0.09671917783038363,-0.045206405032752486,-0.04304725818848841,0.09408704557602722,-0.034585630969344805
1248,-1.9217198358849439,0.11590481332116555,0.19452500236273454,-0.0032305515081297105,0.06040821049439197,1.6360399251044742,0.14833895856880747,0.10101202051441371,-0.005632218544895805,0.09777488680404146,-0.13647072704765079
1249,1.62779824852097,0.09478539385268134,-0.06683580333047989,-0.05361175951958335,-0.07270070438408839,-0.014083641372809942,-0.9523041279532162,-0.021584507113653537,-0.1780290847850091,0.018383369393263287,0.10765487507412905
1250,0.8750149206372226,-0.12666505936069586,-0.0038048538980843326,0.015983041295970127,0.19217651517293524,0.13280371742441105,0.06477460659591788,0.0035805384952262496,-0.03458906450238769,-0.019239753303519312,0.08557239700321773
1251,0.5859107232804298,0.00824675451105133,-0.04889136293164213,0.001413905685221672,0.02112339176918616,0.0029362641988923063,-0.008400085183139807,-0.022961669853035875,0.02939242112879846,-0.029423812081148623,-0.0029316314609591637
1252,0.028917318489040507,0.11363212065516475,-0.023875010367792472,-0.006671599048653529,0.03242480331660198,-0.07638764358476804,1.3523828424245838,-0.014727853800787127,-0.1331457515950474,-0.8888733709453666,0.06659188461581149
1253,-0.007646415985826912,-0.5997848874682197,0.08595397031860584,-0.04271378696233128,-0.0006993881187325754,-0.045785324847465544,-0.04066153462912072,-0.029925935517270574,0.037045707440502694,1.0535301371855765,-0.024923619034984665
1254,-0.1764124175356085,0.8599680280681173,-0.07404764342245684,0.011593157892191787,0.08392585615590406,0.1563151853620133,-0.06934208262370113,-0.667931400878558,0.10540692526674128,0.053396070728614894,0.12136113977431369
1255,0.17369043979669002,0.08601865930826239,0.09602210615089897,-0.5852766830578285,-0.07223232905233909,0.3169608824462206,0.1020849764681695,0.8783852583963979,-0.15877699901317172,-0.024969175879568654,-0.08169593998279306
1256,-0.011962460483569835,-0.027728205712189827,0.0027647105534887523,0.746341373840168,-0.0828181486213557,0.10032757188722785,0.13542395068170973,-0.01590832117563916,0.07246207556744552,-0.08762743752856121,-0.4056655252365217
1257,-0.04913667485716662,-0.062167195177945764,0.18694654583046333,-0.0030805521034371927,-0.7276646078942095,-0.0953969268018662,-0.15129409582406003,-0.03145487957279665,0.14232669639077888,0.07490924063469931,0.941974469692172
1258,0.0019836195248712518,0.006726046080216017,0.015058545822333756,0.030284867020278362,0.6907536612474833,-0.11333811776884306,-0.09467905665658745,-0.09117174510747246,-0.1442504258773758,-0.03536054753155607,0.03609388069259294
1259,0.054191715618199215,-0.11175749410105221,-0.005349076947278403,0.11697077273444959,-0.03825874099124014,0.04710490599577692,-0.09829864205218279,-0.08538930963913613,0.47155083183235796,0.050337904115070685,0.04673934439007622
1260,-0.153631669549117,0.14817637732262068,0.5718383539945195,-0.08895473076536049,-0.025936534506513672,0.06226740765777602,-0.0047417779068196315,-0.09064952018504072,-0.006686706985602128,-0.09634871411464221,-0.04951649347051789
1261,0.07231284640121888,-0.06958055010594795,0.0991934801994587,-0.07790817638223206,-0.0984021640895736,-0.6209083864252328,-0.05358293974814988,-0.08633320213662797,0.0486068730890719,-0.0009020882186385598,0.10668623179237735
1262,-0.04185518818797901,-0.07855616830965084,0.4286985266694027,0.03585505251338169,-0.052898814916114215,0.01732483432676107,0.013107171218794067,-0.19915241101862644,0.06324563244032917,0.022487688443623567,-0.09360888866026462
1263,-0.15501001222396216,0.7020753813470341,-0.056300329473494774,-0.013708948875993245,0.017485838111733362,0.07700453473355107,-0.04996069202229099,-0.023351599310171972,0.016356916320853294,0.022680676232662705,-0.035108383002383246
1264,-1.8835297843865588,-0.04415736380259586,0.16463640738706456,0.18131906952498641,0.04430731112434755,1.7383828025358767,-0.06742335811254994,0.07144363180729012,-0.08098660834890957,-0.07931755252421017,0.14443048923007995
1265,1.4356082058733466,0.017185834540176026,0.046897136168750214,-0.05142491159551473,-0.09280840502419235,-0.10951006268004317,-1.0236644791714762,0.05225937302175146,-0.1875061248603655,0.029283304708748896,-0.1534734797509766
1266,0.5207950071213878,-0.015481741083457417,-0.030920258365252938,0.07796085804400552,0.0531309761627539,0.09186837732506882,0.08669663652362698,-0.07874386346857021,0.0544704945778304,0.13258187037242705,-0.16191153628902746
1267,0.6414571424306054,-0.019501796735621264,0.060890428982812196,-0.036873812358651635,-0.044851127409002094,-0.06385894449178524,-0.000715837794554532,-0.0004455156459961273,0.02821784628276168,-0.015942757711379766,0.005745980672264663
1268,0.062164068392039085,0.049957211035420106,0.023780454129602484,-0.032898713825917913,-0.0427408444964054,0.08606688749768998,1.2710466108875367,0.01589208999103748,-0.05685839306118425,-1.0581252875387361,0.01259024453875291
1269,-0.1949511279994263,-0.6282040224744073,0.023080174320684876,0.12867806320062655,-0.04602068186415644,-0.09454639641984633,0.05045936969865387,-0.025573542999517668,0.0809354326997491,0.9659863856490221,-0.05791933203978422
1270,0.09415681893038019,0.9910500760051854,0.05590295678516007,-0.007231105618057787,0.032682042647681354,-0.04417938073457249,0.023105092872365472,-0.5692172681563229,-0.03799717660816697,-0.0526581993292287,0.08198004432880304
1271,0.05102348900388156,0.10732964408595524,0.07530617735292897,-0.5040241779645559,0.0968727814920011,-0.024525362836199403,-0.04358041251102303,0.8822974391516443,0.037006398036834795,0.1028362814605612,0.00019908540300373444
1272,0.24773957238120184,0.04940165477250338,0.00425613256347787,0.8059523428772086,0.015256848738904857,-0.18659622127210373,-0.29294115019737216,-0.046376697754144824,0.17157838119959223,0.20114170676685275,-0.2566689172803761
1273,0.0754973605548652,-0.023762321769862912,0.0018053089617909327,0.058279623871701554,-0.5083904894753594,0.013281255711344545,-0.16930935886694226,-0.07621901939352266,0.1305523738192637,-0.08949379156185164,0.8789478275766536
1274,0.03841792682864375,0.0004839701933118355,0.07482141105955058,-0.004871306468191476,0.6089586198404918,0.005361641116504532,0.2404399880516835,0.02076507035742511,-0.45672001171256793,-0.07805725442670203,-0.013683675052489077
1275,0.04254500263111272,-0.10239081233630501,-0.17701612092070246,0.032080380773533305,0.01881958082514128,0.1400594445133084,0.12008853410491067,-0.08881914109133014,0.5176157976226775,-0.04838567746095438,0.023351115187208227
1276,-0.0793789630286907,0.009981614648625773,0.6086430707940458,0.0675615948735828,0.05800851700057234,-0.07273227823870033,0.0748487268514787,0.1305551301045711,0.044574853664072246,-0.19006040149171782,-0.1292966726859868
1277,-0.09650397283500074,0.009241919908936268,-0.03817835041397487,0.020662605694209333,-0.002673293125110405,-0.6939322651270062,0.05545224078266976,-0.009638136350814742,-0.007573211293933842,0.047782420003023414,0.006974169455503166
1278,-0.17123401354478718,0.09011053692071923,0.43565625655247786,0.13885392600993138,0.08024984914694652,0.00876619162293937,-0.045636145569445195,0.006061742296010409,-0.033397265014370285,-0.05111531455427495,-0.13386508922904528
1279,0.1859534695575214,0.7162224156032828,0.0127620239629497,0.03134529723076509,-0.0018316968200015509,0.11434697966926542,-0.010504818880656186,-0.03491123653361325,-0.028255131474979787,0.08321207151877615,-0.010387870291490029
1280,-1.7869874943949884,0.10746933914205875,0.1784841234594689,0.08211983020835054,0.12567960623551475,1.471075668519045,0.014381616333779646,-0.007794217809029934,0.056485663014415204,0.08241375581114418,-0.16694149715386722
1281,1.6534040282954885,-0.038404331177703616,0.03017161204469655,0.01811624375517553,0.11027340879215167,-0.13358185092449842,-0.9913041493006289,0.07472030602080412,-0.16272711243462593,0.06222201354850675,-0.0030007619615864604
1282,1.1033007962254766,-0.0597944082639544,0.15481109884388322,0.0794253853852953,-0.14927200319299672,0.17388539066642578,-0.01892388913993548,-0.035634289976902205,0.04941004496346106,-0.007435477122355762,0.00587721583680143
1283,0.6602153658276784,-0.030883053115450615,-0.008934060552495461,0.009114212756046014,0.02434649842551492,0.049062723720751565,0.040465668424602794,0.0035596854200137355,0.06444038193253673,-0.029983269263040152,-0.057369394195998166
1284,0.27565207282661025,0.06379564694069102,0.07149383634756105,-0.02521644666963691,-0.0602321632790048,-0.05030243645275738,1.4214382660281002,-0.06725441144833784,0.05779102411928794,-1.1019332111557918,-0.035441812746099005
1285,0.00265074489180599,-0.6478007216325321,0.059181553270526766,0.03998136847248666,-0.0322389633737985,0.2465695289669675,-0.017246870274012692,-0.08139690710508411,-0.05383711527283701,0.9682186409024192,0.09693653038934621
1286,-0.10522678212186069,0.9916777919819695,0.0477871123877359,-0.04867707453599418,-0.046753627693876504,-0.06784470067697397,-0.08643188113710898,-0.5185085817415875,-0.010465698257075495,-0.07616131344161109,0.025904393418415095
1287,0.1072008353627933,0.026239802154436543,-0.03914457209929241,-0.38946067658478584,0.10151568896139829,0.044781427923286106,0.09039134090288627,0.8115224516197397,0.008719283016325186,0.10480747999796036,-0.15914473688914063
1288,0.23518359211020248,0.1626857013382268,-0.05320111616544144,0.7451783567583392,0.11194911938042984,-0.081237261471067,-0.267435212920211,0.0641273327658725,0.03278935336965072,0.04059511070138634,-0.3279076563801694
1289,0.04671073567901994,-0.11108693467345199,-0.04979426270425542,0.04910166023059589,-0.5968137234666262,0.057706738719685374,-0.18992657990870973,0.0015404750937202168,0.10794012805002497,0.020813193621022588,0.8858914598058861
1290,0.313060863885982,0.04400926999142161,0.15407301497716674,0.09871241595315286,0.5703679691266402,0.09631817297007687,0.13653564705973778,-0.06368498143206973,-0.21343724342589637,0.036103698981872476,-0.007092201615732922
1291,-0.01990686782895426,-0.2506109952594744,0.07619251828988526,0.023695788842654886,-0.060998926637933895,0.048423636959342806,0.09854045054592167,-0.045518286570652516,0.4740496339366498,0.08720583069488473,-0.08867311424794766
1292,0.12031267622919876,0.1507456337196909,0.5509221067511735,-0.028305491216417376,0.021047588040510268,0.20112302623748918,0.05753633838819466,-0.07148518816582365,0.19096049025792103,-0.23078826853219078,-0.08562224425715229
1293,0.044979958545652406,-0.01908636453484008,0.013043313381722927,0.01850817403186774,-0.08447717198580525,-0.6687514728680833,-0.00834960543536197,-0.03749767604515186,0.024765745251981785,-0.08257242600437319,-0.06233182989220146
1294,-0.21706311925906152,0.03381591739877293,0.4484108488612154,0.08045144540043296,0.002825552961367329,-0.09533886731397508,-0.02722179166153402,0.002025549708102914,0.04077920075966415,-0.184982573062737,-0.10156082945304501
1295,0.012360310777542188,0.6842273901050172,-0.12032966864260192,-0.04618712441198657,-0.022714539077752272,0.014941661493805103,-0.1392765019688732,0.03287600600021066,-0.011970653807089482,-0.04201287032469686,0.016748132473368257
1296,-2.0882697549623006,-0.004770713359459626,0.11673447062261026,0.039837740015373616,-0.08662644473125095,1.9419463929663645,0.13214857394620874,-0.07125677180752,0.016505839730571903,-0.022111263985875117,-0.020674119590940093
1297,1.6261602637891694,-0.023574228127467966,-0.1256017710312734,-0.07909190351824988,0.015574944348620716,-0.0002714763471487907,-0.8721452358920028,-0.01558413239425481,0.08356968971989984,0.06553457814785285,-0.04862590478415958
1298,0.9350337065275942,0.05218419247253743,-0.11709912046265969,-0.09761011280183182,-0.03245767895433821,-0.02334785887548045,0.083074316046111,-0.006361849357219642,-0.23427186123668858,0.07322396470468527,0.13259830964766567
1299,0.5769824032126665,0.027991079210819877,0.028180133459653815,-0.015625029983464753,-0.01756594517446159,-0.01713123996176482,-0.06418237792151238,-0.04090637249706136,0.11401154784452468,-0.07683630913640435,0.0478548152789889
1300,0.12527706223360807,-0.006058247452612825,-0.016200837175702663,-0.0490853218133538,0.06554305516819017,-0.06487052562338791,1.294228575599434,-0.02984270022444912,0.01823929535722157,-0.9063026183315971,-0.14046369023395303
1301,0.022787445765202606,-0.6682400422467996,-0.012030813717034093,0.0019896233743890842,0.08900631748452487,0.0032307970443048416,0.017177723996164327,-0.0038896473520192787,0.0950484464768535,0.9580637245696125,-0.09217522895898424
1302,-0.14484734787166073,0.8299033848874738,0.008672757697242853,-0.07267234229067626,-0.03561575165643902,-0.16566865535952488,-0.039497286626343074,-0.6211742872343257,-0.0005681709318041059,-0.13648615879969345,0.0035635742670136177
1303,-0.04360413600895487,0.05123268387474282,0.02594983882638929,-0.5491628276329633,-0.12228636918958474,-0.04272905708939467,0.0030775099196568524,0.8157262007388454,-0.16512152263974503,0.08239376636480714,-0.04379821510102943
1304,0.3411332041449514,-0.09191691306958975,-0.05665969897375492,0.7241922812703555,-0.021568419752196036,-0.012330127136176322,-0.10542557843652667,-0.01984722091288287,0.027773537010516717,0.08979218906833195,-0.5246970217251886
1305,0.10963424874459621,-0.0108345219484648,0.17880175868059167,-0.02049727895685365,-0.37554966190488454,-0.0826651788391991,-0.1334729835726189,0.04211919295818187,-0.03810363812627526,-0.048555149338121086,0.8857729516123453
1306,0.0875580210548104,-0.11630436091089433,0.06922389797869896,0.06879941593884488,0.6569852537499683,0.04243723626169205,0.06827563209718097,0.1820323418565836,-0.022544325779495167,0.0032610592540494657,0.006517309890435875
1307,-0.15352678019333793,-0.10274988941476601,0.11660959845704903,-0.13399679846270818,0.024930261574320493,-0.15930437319144145,-0.10933033338693159,-0.026049759543461823,0.5336032072977365,-0.0847482997864552,-0.007673842611057125
1308,-0.07048892739499904,-0.04939026503852381,0.5702391596232332,-0.12010350455319968,-0.1782104835941754,0.00437130022551716,-0.03666292367245654,0.1399919451108402,0.03881940726197114,-0.11785806651159574,0.1725975765080174
1309,0.011980825003508909,-0.030736811743331763,-0.12236183561018614,0.06331856526140643,-0.09482079174646259,-0.6813330712053842,0.03372059599846942,0.023278749553100473,-0.17564645282856292,-0.10472272196505035,-0.04414615732781868
1310,0.1201163867482934,0.09296413789094927,0.42688970119452474,0.07621161375948793,0.03416995264213325,-0.2031334255187891,-0.05845635122571736,-0.12752087796083522,0.06832041774761177,0.04833268507325632,0.10525590611077264
1311,-0.02093252492457108,0.6775010277374609,-0.07088958053468328,0.02900731357609095,0.034845322131376845,0.07746438491180585,0.1562874650172189,0.005664253139038615,-0.02065419886903596,-0.09453962576986222,0.06556635084279562
1312,-1.9702161109525982,-0.09062626359077916,-0.003135639253848528,-0.017298341060131683,0.20876864719513827,1.6768886810737558,0.043989850349752085,0.02158778267397877,-0.015999964519413414,-0.02742634865739854,0.005271769195996725
1313,1.50684706228374,-0.084333607451339,0.10235168175625341,0.009329903599335797,-0.01521245715333112,0.1638584483407774,-0.9181229069054708,-0.011335665509044003,0.0042171679868900965,0.037488621396492575,0.06201584786387689
1314,0.6915803798500654,0.05270202021833996,0.05059137569312167,-0.07803291381131057,-0.08790128133554043,-0.0033402864585765912,0.039004207311657296,-0.013771459538256179,-0.009542237497966639,-0.011997890810333239,0.004423289335977777
1315,0.6549253028567764,-0.06101737358529742,-0.10495360690893538,-0.010824721823442915,0.011180795107407913,0.0470058180632061,-0.05277289731447526,-0.02882841666022138,0.04071357254736792,-0.017418466410189487,0.030726941218351702
1316,-0.07709484273326364,-0.032600488727079976,-0.013754417326665413,0.0049217417104712,-0.07340194333099721,-0.15808696681557682,1.4669074386409455,0.026634448947280235,0.07304393100281367,-0.917441633882368,0.06776653404421266
1317,-0.19330189870976713,-0.6154438530902868,0.14300405839136873,0.006398239505215657,0.01884767108750393,0.05559430166990026,-0.04260905559040523,0.0590248512146775,-0.04514248860959205,0.9885943325363117,0.06970767453511754
1318,-0.012526917673900856,0.9114181590807942,-0.0981463026499279,-0.03914292366120853,0.04414796774455572,-0.07027381533981827,-0.017697534606245936,-0.6601055346279223,-0.11260073683158538,0.08718784406075919,0.057401581083419764
1319,-0.10990598030664524,-0.040902967175700765,-0.08627496730920443,-0.4722713800785136,-0.011069154479991032,0.07963983749616999,0.00603658460173703,0.8560118339288542,0.1472019359811915,0.334073771709122,-0.08296913335999823
1320,-0.16103717003998233,-0.06420808912874813,0.0148886490399254,0.8154618266030889,0.10616808025669608,-0.03971255708678361,-0.07274302765645438,0.054537137847035205,0.058405608890204894,-0.009696889702829857,-0.3973359107931252
1321,0.011490588674980783,-0.0434821789314457,-0.02411805025062868,0.034198151814375806,-0.5294490863467738,-0.2319710858485482,0.12937138783196747,-0.033095038627732325,0.19222956303462546,0.0783636575710582,0.9115138751922027
1322,0.12587179790061392,-0.08442076314100443,0.023693092330864324,0.07354999822523162,0.6171580363910009,0.047465448571910145,0.11322927944544892,-0.09331527063520613,-0.23427754267932263,-0.12318522778222807,0.03191042765259892
1323,0.09336908206453447,-0.013975469949823214,0.153149831908668,-0.02412240348358501,0.09561107093225044,-0.0074953201345319825,-0.03005582945389884,0.13299539150863177,0.439535467927998,0.26516725929295004,-0.01972245246487412
1324,-0.10853942295257794,0.11047930184722116,0.5805139598799005,-0.019990420821840996,0.07829093188756746,0.07861225448073825,0.11394708748075237,0.06260504088065953,0.09500477141086833,-0.09533153706365889,-0.11560841269992478
1325,-0.04653010060605328,-0.045453064007463476,-0.14749691491530312,0.05348913445404032,-0.09953677067974145,-0.722567497042784,-0.007587903349559092,0.15173233169163663,-0.028589983709206644,-0.06739261798122385,0.15514306221892224
1326,0.06463253979508024,0.08966673466314413,0.4639047184064967,0.11475499217951857,0.14384843179165516,-0.030069754849861303,-0.02613753103517909,-0.003158037670737051,-0.0019802002548578897,0.0408581633695715,-0.1340150012746098
1327,-0.06021314752805053,0.619297723680909,0.06110954051550495,-0.07463014061905633,0.033722771455375215,0.06468203726094265,0.1578814341954453,-0.007305891090659777,-0.09262405768976742,-0.013886669741607788,-0.06727208065897174
1328,-1.8788211250879003,-0.01741026375763617,0.03639946293374566,0.03344792369942461,0.02709583078420112,1.6623630508110174,-0.17974917125430737,-0.04677808785052148,-0.07029002797727055,-0.010874223904798301,-0.10765040897195888
1329,1.1909257311786394,-0.043753512142338684,0.015682362906550742,0.03203173894932978,0.03246192603631338,-0.19750703974582062,-1.0024216755290407,0.01257794459210447,0.04114497504030022,0.029484463605282167,-0.09653095022067468
1330,0.750894240538797,0.055311346521760306,-0.05575216038807441,-0.036335075188400984,-0.10267445340681067,0.10843421167492996,0.11293581772683126,0.036370598538646604,0.07486810907982663,-0.008827457191521535,0.05152850304461062
1331,0.5550473895717758,-0.006671127872247102,0.1135703803781583,-0.01748297259684103,-0.007770957744420923,0.08259390293374988,0.0008462779645501371,0.036365430625211394,0.03278580937895943,-0.006631531667915851,0.03735007060922509
1332,0.08069176688928627,-0.012019714379932609,0.02365529108189774,-0.17413721400546167,-0.07756569283868167,-0.14135108421319964,1.2131281585707068,-0.0444643956188726,-0.1828600956991866,-0.9165011309205955,-0.08017540788957077
1333,0.15506331391861222,-0.6980989736183233,-0.15093243980498708,0.03395612526527969,0.061230958764537845,0.1292320509621886,-0.1066118160430001,0.01376047851167388,0.028224585544075784,0.9667706156413601,0.06398154775006917
1334,-0.056313158620138325,0.8154965107790724,0.07999207604341678,-0.004795207872325662,0.02344759927047734,0.12260138880719358,-0.249937580744883,-0.6006860107220947,0.04059309658805817,-0.02300190708386635,-0.040692305360036596
1335,-0.14680117206096385,0.03282116590724793,0.011116182060205525,-0.5858352024504465,0.1269925587402098,-0.0881239836465792,-0.13213885965237365,0.8115594613764544,0.007209954553919321,-0.24593652775617816,0.04257166874163091
1336,-0.042887460015957786,-0.10948344698840164,0.022036254075098585,0.7903970096399132,0.1591865051211112,0.036092036366162324,0.23642999832514844,0.0011597804865918692,0.16923718031066456,0.10154554950907858,-0.5370178231477736
1337,-0.30267516795612615,-0.15181345549911743,-0.09541994603859483,0.08644200751070805,-0.4840796034244549,0.06089850972055909,-0.0289025983250853,-0.03310569458342193,-0.054080992915251376,-0.07161690876728094,0.937015022053091
1338,-0.052132797168358044,-0.11621890792179333,0.04762889061935567,-0.08253311024811402,0.6071698310340014,-0.14530805520334958,0.1918727710589848,-0.09416538806962407,-0.2142826065973685,0.03972530261334822,-0.04380854376265878
1339,-0.006798200937154966,-0.1353103662900391,0.04588350199519266,0.09447359788613409,0.0016968151121581937,0.1022782134025134,-0.0009762142693783993,-0.061165109982100334,0.45538567668414115,0.04959562748237655,0.028696565205476275
1340,0.10003403871062601,0.005689221391135825,0.5785061775991446,-0.11510439013938198,-0.10359708781851006,-0.19088800887065221,-0.1365971662061906,-0.03811708300758664,0.2085108559758112,0.24745355610604486,0.05297957462263838
1341,0.09784495945297907,-0.008092664063114006,-0.00500469351887441,-0.007675601466270717,0.1025207972812793,-0.6944095173381656,-0.021775016814919345,-0.02168856786134497,-0.09296858426066587,0.0066287162096114,-0.03041932456729316
1342,0.02460785270895501,0.06837994015475886,0.42867292913864274,-0.013248706273235092,0.05955775019367932,0.22865676768122367,-0.061357023983530386,0.22034979015569334,0.043300643372479596,-0.014465086153794026,-0.02518958207055026
1343,-0.12709413116756227,0.6979499905946187,0.022827782882457508,0.001327105403486623,-0.004009866798044621,-0.0797770501019144,-0.2525730689725478,-0.015402024821649415,0.04475194670459797,0.006391420651753309,0.0010791853795141678
1344,-2.095446075453923,0.0019122061931641588,0.0680265274092652,0.05902576229729655,-0.013372658483305329,1.7428947030544828,0.06609058030788152,0.03239186780213166,-0.14787842537637674,0.06486644776493442,-0.047427351388576934
1345,1.774748183542079,0.039705813414332596,0.004383821999184475,-0.033063238872711516,0.09715820725854125,-0.06458721772065369,-1.01720115416195,0.06342876692059232,0.055481229363516744,-0.0245625701623936,-0.017371982744202447
1346,0.8305085968697502,-0.13968449535427227,0.05053088325995247,-0.0727335170923549,0.17331641621554184,-0.2528623757653613,-0.1407896513699713,-0.05015259824094367,-0.1566688432886244,0.027958016649061085,-0.012285501783709648
1347,0.59903885844856,-0.07284880118037024,0.012208653513982745,0.01195739573512259,-0.035630823916591156,0.12081537325928662,-0.03461043906513458,-0.020195988132817345,0.07619768770375569,-0.004068639316081989,-0.0048814591961374235
1348,0.02235675790457585,-0.0583126571982774,-0.07047983396879268,-0.05831703823458904,0.015032675018924248,0.18151067199025528,1.4630105667461573,0.01479299202169484,0.00277203533557767,-0.8332352655531494,0.12480479605085779
1349,0.049244603420934514,-0.6859459363560271,-0.018896851338644587,0.02701212692061187,-0.07853854309043373,0.0551960167256203,0.07196715531311054,-0.09228660677705197,0.006501509274234927,1.0503416701605681,-0.04477400797379848
1350,0.25759615384848533,0.8831855688452951,0.11972805976833768,-0.011321544635347756,-0.05421710250671128,-0.028371142357124908,0.01614977674437644,-0.4919797799015817,-0.0858473851389706,-0.06697048243813629,0.051286664145829
1351,0.1907217028477474,0.06779994884680467,0.01135042684423142,-0.4334814964587226,-0.035167429394679414,0.20127905752647524,0.09686174246053542,0.7902973456522892,-0.047837499976962364,0.05256761010941074,0.049402196297793584
1352,-0.05730429482333908,-0.045345580558264105,0.12161569459795651,0.7716476292228802,0.11702739794008328,-0.13827039115951575,0.1388268922155965,-0.18532833635252982,0.06702958353492562,-0.06311334848596861,-0.7482457360073365
1353,0.16005988706115573,-0.18204728955864813,0.018580004745003077,-0.03480155215652897,-0.43315147450104813,-0.017642321929496177,-0.13490903920322816,-0.007035025680385411,0.048693073847158555,0.04444618908145516,0.8587274022361813
1354,-0.21857345752459076,-0.08396503413733518,-0.09315555685378571,0.02346714753179142,0.545938489494645,-0.013956008182256962,-0.18777792132153723,-0.06183497367867454,-0.07956233510839053,-0.139913441047421,-0.02452194579533254
1355,0.03493505027529697,0.08931711064305317,-0.13631027015283464,0.11619605010287162,0.0008731615346373986,0.02259721025646723,0.010364462013684685,-0.0621660977564945,0.4661021526375643,-0.048212638963901724,-0.027892145853319467
1356,0.28211280282610346,-0.005946908149366046,0.5752371798832083,0.044812111449531,-0.07236170081787832,-0.02281266660904696,0.20667183234515546,-0.11830852246613126,0.09157415383457426,-0.06066754821627757,0.08903330609520202
1357,-0.10898753393935365,0.004626279502935259,0.13741964380856508,0.060249106597907394,-0.020849238993581792,-0.66076277474155,0.04046325138068149,-0.042596288037663646,0.12471466464930758,0.024135133260774433,0.0033532907206724866
1358,0.08577173976966822,-0.02354617558455218,0.46297179247450926,0.004481084003587283,-0.012878600233528756,0.03215184525898567,0.006959986140081267,0.022214818553426354,0.04591759406083521,-0.20439600317225556,0.1388394483995875
1359,-0.18775736306215457,0.719760306404392,-0.046616860851595665,0.02424476447927311,-0.005401295303269757,0.1474093376094317,0.017534252367661915,0.00933857975828371,-0.051007905732332305,-0.03086402622168652,-0.007810381535912915
1360,-1.648017400961051,-0.04977185908290388,-0.1156854064699136,0.02160712555107275,0.06228067837887716,1.7702218864875379,-0.03622492630362573,-0.0332115729983274,-0.07144500001328796,0.04356074299992419,-0.17689345753441837
1361,1.493206823133092,-0.04361178674144986,-0.005262333248185579,-0.010305952243734148,-0.02828975251996591,-0.030564356546290188,-0.9530306683415604,0.03806127865355675,-0.023481748850995812,-0.003626091720472525,-0.02188621631812286
1362,0.7800170847540135,0.16808655482877244,0.2556940480580477,0.03383932289339604,0.06289261338843738,-0.025291257274633376,-0.046837968910487485,-0.1441205775768851,0.10551057927875786,0.04015162734335574,0.04300309698871306
1363,0.5663723296181868,0.006427622887315267,-0.021202163992857872,-0.033995959452841375,-0.04095574980152573,-0.03903322799721534,0.05796010735826342,0.030840015971024086,0.024195415901401035,0.013792419590656859,-0.021171044786036312
1364,0.25686213721547074,0.013008593895655016,0.17978889415843205,-0.06387363198999405,0.013081094178493463,0.14966141889038836,1.3069418541182873,-0.009739429148356663,0.022631105594622496,-0.9068988320406408,0.03505081521718187
1365,0.08238240210945261,-0.5806395486913134,0.08369737289883672,0.05204868035017092,0.22096786871655988,-0.04918446950261239,-0.0789280240985817,-0.15906695484918829,-0.07885934047236395,1.0140611769376269,-0.05030809026106718
1366,0.1052686094460832,0.8605273709552916,0.15005213102583703,-0.013013528033267592,0.06698720351680403,0.06345435920786711,0.07963732059401264,-0.6545008281458045,0.033946491838386245,-0.12609513213429194,-0.0020821840723212566
1367,0.2579250709553575,0.1094024308974783,-0.09891608740103976,-0.5414135678275297,-0.03552856254591199,-0.2802048787652031,-0.18036247415149362,0.8067059597251696,0.028471310766016656,0.06829350045959487,-0.02952973769546497
1368,0.033654088267279045,-0.14342556568568848,0.13121814039570323,0.7966422324770787,0.07588985022740086,0.03203102452813412,-0.2049155913668068,0.07364691554072186,0.1298675628829715,-0.12486300374921083,-0.590662929684913
1369,-0.020081238375761982,-0.07807442055589484,-0.018619854371844838,-0.014941531564461959,-0.388977958612232,-0.001949234664922472,-0.11899812651822465,0.14743414972094207,-0.06383543494012198,-0.02421073441497504,0.8408319126128428
1370,0.16387631941449846,0.1023500364557447,0.04054792878240179,-0.01614759803677558,0.6265268721401965,0.1624286431364547,0.1634296482735229,0.007762067667977582,0.032208627214325686,-0.060416186655147724,0.043738674168873524
1371,-0.14700208949817728,0.2262524452528024,0.25414418976426767,-0.029867849253733644,0.07820040277857983,-0.031102342218123052,-0.014161482267908485,0.15495454471183964,0.48240553426479094,-0.18121923090530803,0.10226234531453517
1372,0.129151405153546,-0.160950919402529,0.571479506612931,0.0035858757615625896,0.03336659809957873,0.053751523636290155,-0.12878853742827306,0.06681952475837365,0.045215728884426036,0.013733748940906655,-0.12286444597259419
1373,0.1193708454232914,-0.049819400016081025,-0.07215008538979173,-0.03544549709093659,-0.1052128077542224,-0.6716252566365184,-0.07254998639975158,-0.019803415584909553,0.015258758407873106,-0.02722026585382399,-0.11188652993794074
1374,-0.02411112856902094,0.15157832113364897,0.4260534515332029,0.07575516805271555,0.0589729447246864,0.09960912946676295,-0.04356886418460319,0.08604175046438224,0.1046376309203989,-0.1399240418929925,-0.022832058781107913
1375,0.25007333309742424,0.7234037682242171,-0.03794790089469248,0.021809132873527804,0.02708276385171383,0.07202864592129157,-0.08958015520957217,0.010301482362080505,-0.05942913092469181,0.04153430843899388,-0.017088273364488024
1376,-1.830263492884991,0.008718845505725641,-0.010377800077567449,-0.01641632062510915,0.01581945298704654,1.8241650560727636,0.08976123651550019,-0.19181393906658478,0.045945992795224516,0.09969455124081025,-0.07596511706779227
1377,1.5582109478131065,-0.013920457553521802,-0.055930336851778416,-0.02474541508638503,0.031667221786559,0.10913707514047678,-1.0426932542275813,-0.06796838626101033,0.08930943922594349,0.10290757981371998,-0.05477744817147235
1378,0.7496225547344083,0.12541140025484826,0.03223026208350456,-0.19103623299017425,-0.0514491707345558,0.15684512378116786,-0.019918323141956188,0.25347489039904425,0.02829582328193866,0.032628327651141535,0.1416077141341106
1379,0.6632260454338842,0.005867320422527867,-0.015390487170126008,0.01082219845226843,-0.07304589161343004,0.026394199140488343,-0.02152486365693662,0.011922642266986803,0.002124069273000821,-0.006972713788165687,-0.042820411875348054
1380,-0.17996742577549793,0.0054082627685559746,-0.12076197130468871,0.11417976337189205,-0.0010115494622503038,-0.11331836092684616,1.1797507207247768,-0.018779351430769285,-0.08956990804720144,-1.0134271741001228,-0.052710144767193476
1381,0.17837263803509518,-0.7099899920314028,0.06256660627496412,0.03974075342716153,0.07338020140544983,-0.039158667789323635,-0.11811843060094751,-0.05780693980815775,-0.1449503653617068,1.0219179622066772,-0.0024615805777581136
1382,0.11982206776317955,0.8392240003177514,-0.0334608096893204,-0.07474367231862243,-0.12706204619745382,-0.11885182561520256,-0.14388038001747108,-0.5214407912157005,-0.04886064368699192,0.001057418861504472,-0.0331953157338141
1383,-0.15592539835473262,0.08324986235579306,-0.07427206390393172,-0.6459648657595064,-0.0745738789334806,-0.06316450180614011,0.03973306772939208,0.7634450011403552,-0.13109391584272054,0.03703620187897292,-0.022762875843395473
1384,0.15620004781908975,-0.11823434125591666,-0.038755993506338064,0.8432763222953741,0.03719275815887263,-0.07358226289240392,-0.13675364662555053,0.07972110068031714,-0.10742014129832993,-0.008966466763581708,-0.5187916047686141
1385,-0.0026266150685538,0.045939638579610524,0.1466560216613653,0.1466843841701459,-0.6409427518240071,-0.07894597786487208,0.02385620610082777,-0.10148661647755769,-0.0044841674480007535,-0.06696628008818305,0.868299938461591
1386,-0.012438797327768591,-0.14705839093408973,0.030792658284255873,-0.0743060701554487,0.6261623274493244,0.20026460811062344,0.042554358258349426,-0.11933607476954095,-0.5898278653562022,-0.07001250998137025,0.09486184895389167
1387,0.16262146379355372,0.11163608430567978,-0.2972867455810006,0.011113523774754561,-0.12918471959119082,0.07520858222622644,-0.1344664573822385,0.02978319932500874,0.4432950100446659,-0.0855564259735608,-0.006120422299296737
1388,0.03194109368839645,0.04617049794825005,0.5221224820241255,-0.014404908963259532,-0.06284231015374041,-0.0927071026162739,0.04684359083167414,-0.029536738156531503,-0.0013525895451672945,0.1367208985548433,0.05384022170224484
1389,-0.039718078390345954,0.08431914306865929,0.1705832821097657,-0.02495259659360351,-0.14774600853668066,-0.6979185135186512,0.01586886252649853,-0.04716144418712265,-0.10189194585768382,0.029899861528881636,-0.0407169033398377
1390,0.10021544850698953,0.02702386316633454,0.4215448290711657,0.03011312708806654,0.12203107603921054,-0.11081360155971735,0.06207459317237368,0.0959372661401335,0.06342198329345416,0.2337658269826778,-0.017777723797625614
1391,-0.14848753478225696,0.608814688388154,0.12876709854192708,-0.0468771016043629,-0.10919251610584718,0.0632628362448821,-0.07504482128589232,-0.005689013590243666,0.12860900753450186,0.04120393164058368,-0.038739644913787674
1392,-1.9350779566381144,0.06784592009968506,0.08537538838520659,-0.06748404560612935,-0.06253028021184623,1.6834681529197735,0.1407976197726658,-0.04346586951345063,-0.06372429528001596,0.17937378378523322,-0.06419208828044512
1393,1.4425817895951272,0.046787209966552036,-0.01320320849652054,0.184686290797778,0.09553155244067149,0.06363500248486871,-0.9744472867867552,0.07151108832420504,-0.03527396050927132,0.0016941270526148185,-0.0938521637277639
1394,0.9016663756627701,-0.1752030482122789,0.04557091917646352,-0.09248193391695471,-0.019444889949859205,0.03720255928795976,0.191729710612568,-0.019834331530442402,-0.10102899210273611,0.05457782226132224,0.050461255367792196
1395,0.5630821016447065,0.0010209759803346489,0.08623178054262497,-0.06048406735826246,0.04662543796919242,0.12124524525627385,-0.03704108518531259,-0.009959722911241725,-0.04226307380601769,-0.006309490502747004,-0.01891298055675054
1396,0.1044704585233388,-0.03710336974381194,-0.0011714226024816129,0.05905452186351272,-0.0035345634158975,-0.11821080770454545,1.288732411742852,-0.07490369129901575,0.07457830248634194,-0.8137949525826477,0.054692469374355054
1397,0.011214558451892932,-0.7706197345329094,0.10157243784914091,0.06178381095095343,-0.06538565753529749,-0.0653614633347656,-0.06745746289344298,0.026580822006369912,-0.18580970943653669,1.039876681999769,-0.0012414270144473884
1398,0.10664427074927006,0.8206236501163171,0.08774875354777155,0.0038358117348765283,-0.04745094492045239,-0.09125553588054403,0.00606914732034106,-0.6197363547062377,0.03850683803019597,0.07710983906238794,-0.015311780942015216
1399,-0.04065390125247398,0.0849062792904154,0.09804892447747328,-0.632753914499619,-0.0032687971914164577,0.04134914225296339,0.16556584991625775,0.7933516505866183,0.05864458207800109,-0.16212246025790883,0.01699273259542163
1400,0.05838614076950278,-0.0018088209601372469,0.0015326142062336784,0.762054898425373,-0.07102795823796146,0.19870608734206904,0.1648824757827778,0.06166746194086636,-0.06858126013747286,0.037093786363636375,-0.6616892891718381
1401,0.08321591629783828,-0.09361880602252398,-0.05540865792753075,0.052535115796068524,-0.4197566537945654,0.224724851640887,-0.008163132084577612,0.010473104149187302,0.1538689720992617,-0.1599475966043381,0.8891463607220285
1402,-0.027523002848099862,0.1212325336317051,0.09096569410035973,-0.0025377244916291275,0.6514918571076443,0.09913900537009666,0.20069991380683946,0.05845145272718264,-0.49283634472057825,0.021516598791203743,-0.029361685419773943
1403,0.07164014455957361,0.05326676325192439,-0.08105552599194468,0.0017457763501398096,-0.009768739734184092,-0.017079690310412867,-0.024841866977794676,0.15418919302636594,0.4771034843554818,-0.002139423177130736,0.08038404312311713
1404,-0.05158292425910494,-0.009470013259681576,0.5998800491818366,-0.14137317174112682,-0.0077730968805780655,-0.056508571758206484,-0.083514825826898,0.028574712972758903,0.0652612101804558,0.00856078776444909,0.08347831759584214
1405,-0.013102786165350185,0.06008726108739563,-0.05824111480058268,0.10698227866363264,0.07827736625806889,-0.6963475817460638,0.05822226957090655,0.06692442246458802,0.18939537909993837,-0.004793125070839321,-0.04273001408028443
1406,0.09894588829197391,-0.04819473967681597,0.41210753339456885,-0.007941923141967696,0.042057213968185854,-0.34452854117461856,-0.05775712464444735,0.05463405446072594,0.04504438168468834,-0.20450559333505763,-0.15639354342336653
1407,0.129225823093792,0.6276234670021348,-0.004598018586654937,-0.07449507983275207,0.01416670457536535,0.23310448537965361,0.1985929886429556,0.040795502790100066,-0.0485651804481964,0.05046595564439249,-0.012786617670337699
1408,-2.038981578441991,-0.030235056191885788,-0.06994450560370184,-0.017356193531818075,-0.0002508876873606857,1.8694648980100323,0.0034753776063944923,-0.05827040995305691,-0.02874259975532083,0.07471532079742498,0.06617875939710335
1409,1.4246309044412084,-0.027765355968909545,0.08320931472211095,0.00808266233359798,0.16152235777853274,-0.18466975833441115,-0.9626107245677278,0.057056208927200563,0.051833411472227565,-0.003591137852397698,-0.10864728883844581
1410,0.8094007205783383,-0.02519732771704921,0.11141803821903477,-0.022559307343111828,-0.0818901699247282,0.16450279377501337,0.066334382595801,0.045169819363218996,-0.08668932839822859,0.013055336471644998,0.017006749526679917
1411,0.4924651632763922,-0.008986278758842187,0.048048089500862194,-0.03825161137993093,-0.04343710040753054,0.02960576925402408,0.03112921405458468,0.004590992891339159,0.006380509461567624,-0.032203198950992,-0.010563290592645502
1412,-0.08236427960778817,0.019532307434916317,0.03473587069970161,0.03706652979365332,0.016414700377139074,-0.1157004151109714,1.2124959620749882,0.05827796937808089,-0.1398765883316656,-1.0054589056975554,-0.06333132928658004
1413,0.03665172625112501,-0.6805923508538557,0.023003302583683223,-0.07472522770846557,-0.1765390601422811,0.13930337962996248,0.08314338190961636,-0.07120110409395843,0.06649893745544914,1.0071246862678354,0.001084632526699692
1414,0.06028886099231841,0.8829419820744365,0.009616006587525053,0.014065337679672944,-0.028734991206644328,-0.05131821392285429,-0.023907284567741494,-0.6022793903819618,0.04920388074446483,0.15129010693106137,-0.0715280605278913
1415,-0.07836287551060023,0.031666173452109994,-0.0786874031489626,-0.44801495536520836,0.008141518667492917,-0.06587532562680856,0.16544614065910715,0.8026224221119288,-0.06688505023233714,-0.03548511565355719,0.07947293524551424
1416,-0.13157890570271452,0.02106662846777242,-0.04311308919099469,0.774369190144162,-0.0970496954234383,-0.021282304084639582,0.05658139813283064,0.16553487803724667,0.08977544448025959,-0.08818207780766663,-0.49003033382006983
1417,-0.21187375332808125,0.03399057803057803,-0.00354530630978323,0.008364419532280298,-0.6954153130923698,-0.015317877746048737,0.048886290827987275,-0.03986533838078479,-0.09588527102215512,0.015005613760686983,0.9013741928957094
1418,0.022748261344190807,0.20465408385209255,-0.16168210695028506,0.02510866487395391,0.6029440501517731,-0.16868057281423005,0.028578894493803114,0.018644014733018143,0.12882221997834367,0.004790470540940228,0.03380102698158972
1419,0.059725370304953354,-0.01633929033067847,0.07350134413748695,-0.07153367237717337,0.008530776827678993,-0.02566178830609678,-0.10580464747613927,0.19520937202221159,0.455536482204102,0.0231542935545856,-0.06947484907899032
1420,-0.13172979055744988,0.04569359801478198,0.5675154371067949,-0.04113895527870198,0.13399976013287998,0.13367081648278398,-0.07772165390759318,0.15227413393523961,0.0679116465140557,-0.1291399489079298,-0.06253773435270207
1421,0.008825981518100982,-0.06814772819098519,0.016709225724419425,-0.060940840229318505,-0.07494719891919349,-0.6934378828396489,-0.07588345045340544,-0.05772567854500619,-0.027751000819583493,0.08441265462668784,-0.14266723568042922
1422,0.13462616607907538,0.0020323656656384336,0.4485550333275584,-0.12519441280793278,0.0312590878606547,0.03427733158971892,0.28805894978797,-0.1784156791573733,0.027249191399767194,-0.056433795541155844,-0.030425359338626872
1423,0.0038987801644019974,0.6517442087528051,-0.018777811253277255,0.03125960828668581,0.054879215532868106,-0.09870496576576628,0.00972936929278143,-0.03409206983680202,-0.0036512080290570076,0.053762953533059016,-0.01746579428581979
1424,-2.09712694435294,-0.08350772323425269,-0.019497309793500388,-0.0395797011957086,0.029786464610482354,1.7631382149251118,-0.13328104626444967,-0.06825543423024781,0.1341441926022881,0.07296082068120953,-0.2013772835520319
1425,1.4291804837499391,-0.06206700126326487,0.06175999483554938,0.042053811034161795,-0.05770736067075889,0.16996779518611382,-1.077308076273649,0.047723671770796124,0.09413322774864452,0.05631639972819684,-0.16647822965556794
1426,0.8227903686728639,0.02528536210298992,0.10810593224200055,0.031386535939574495,-0.09942273385470744,0.09038699672101039,-0.0739269680715315,-0.0022661382647864692,-0.10643595012202167,0.07604093110022012,0.13765506889621296
1427,0.6242183433803439,-0.03206533109082811,0.004728472197756603,0.02678421908311606,-0.05202957316260957,0.024033778109389947,0.015756851558790887,0.011452144295822496,0.00858564564054842,-0.013691534111455106,-0.011904026669180265
1428,-0.05446158478497908,0.0589437254534688,0.006873134153257512,-0.018013379378298187,0.0195915970161868,-0.022662807583466962,1.2140138553077073,-0.12469001890009922,0.013131709939284393,-1.000233532901046,-0.10242077097118005
1429,0.05722284578861907,-0.8029122606404766,0.026798432915168657,0.018244217551023054,-0.06237051918291132,0.10440062654743923,-0.03907641243920415,-0.0314501716896811,-0.018794072140568805,0.9201867226072652,-0.05819451103007865
1430,0.014483185209621635,0.9754191502299103,-0.10726489511932855,0.007389405410611427,0.01245946110366251,-0.04177838058304047,0.038890758040723,-0.6301696882892412,0.016477559208016527,0.07425800962234819,-0.19834175506436147
1431,-0.03279797783424247,0.03415419661857354,-0.12278511672263688,-0.4735872363519503,0.04629182126890198,-0.14951691655035285,0.2432211359619201,0.8623733382213445,0.06420226200421425,-0.06065074326867224,-0.13448260526127281
1432,-0.10515929835637731,0.041809821227815666,0.017903740002948164,0.7458681047340697,-0.22978731839955815,-0.05324612805230911,0.09324829251500508,-0.10232068038385862,-0.06958171438330266,-0.04424896540495095,-0.3838880472136535
1433,-0.03356252117135146,-0.016480181790302362,0.10850765543227378,0.07253422704156909,-0.30830291413975797,-0.0073072215963130745,-0.27904145321942464,0.15232725618653195,-0.22227408973013688,-0.004982127131263455,0.9010548189493232
1434,-0.02497365760580801,-0.06087251694622414,-0.13222936745291003,0.007842304089638708,0.591281845565343,0.059768564160714174,0.026162250473789745,-0.01917355720560793,-0.10712498293812234,0.06546137892929428,-0.08621641661663001
1435,-0.09344094485003177,0.044511281500999415,-0.410359829337311,0.01909173755524857,-0.017867104554710286,-0.05415661583396816,0.08256481804149149,-0.007321877900128707,0.46530188751094737,-0.06079111120270566,0.07355773815023775
1436,-0.09513839602787473,-0.19476208178909638,0.5734135118417151,0.06983471490613256,-0.043896942692781854,0.04877914221377176,0.0665410702250302,-0.003753684602938326,0.09385851191034378,-0.09665416202252436,0.1177372454418036
1437,0.02512769957965793,-0.0398812501913891,0.14975194534920205,-0.07041538247262154,0.15270270700887298,-0.6312118092336485,-0.10057349624951506,0.011253888268283479,-0.008505692473955157,0.0676757161827146,-0.13460143929792195
1438,0.0368039916065163,0.09896872241330792,0.4155420487092037,-0.11141027533395874,-0.024292231997279957,0.06269105679295411,-0.020565499330191698,-0.033852696496809824,0.11616708222773765,0.07274545281101492,0.08611693913187439
1439,-0.2542316701457781,0.6284484243084957,-0.0007270527183917581,0.05074790121958593,0.024181915458852066,-0.3008472175561292,0.1373466779304884,0.03416520246822051,0.017040038010700347,-0.14421335843147176,0.056165848946948795
1440,-1.4306082946617535,-0.11047006650287981,-0.012885447398544577,-0.031141863464447837,0.08889882548941985,1.7627612430758886,-0.0926315969490751,0.0016253649829334237,9.29943694268127e-05,0.10382068881933369,-0.00029506430011630707
1441,1.845489662372515,0.03319512638596402,-0.015859558914621763,-0.16036570570886852,0.03182376536792375,-0.04110963180240083,-0.9047439540822733,-0.02385405762541432,0.0339737599021187,0.008212205952733774,-0.023784225968635928
1442,0.6603149181493355,-0.08932720727994255,0.03478838872813358,0.02801484675570742,-0.04748106234836017,0.06431945874084385,-0.08455309167652343,-0.06115836481391876,-0.002132873902511821,-0.06755599793914818,0.14957164425764835
1443,0.5676420409719638,0.014591473891796403,-0.04431361667775649,-0.012455071744528312,-0.014161162103109814,-0.017560212599966568,-0.05421358265310838,-0.04256473127288289,-0.03720136469456247,-0.0044348869310108265,0.042478263627576694
1444,-0.12264442433453293,0.1270050009060118,0.027620820588125383,-0.0027083986361842814,-0.009285284419343148,0.17403413088976494,1.3954649546577185,0.04033185453795615,-0.19755989193551005,-0.8682068979850877,-0.13567057436149468
1445,0.09299238803154099,-0.8181232239632319,0.03291123958302413,0.12097397165319922,0.04610156224435468,0.03773696790141508,-0.05720840864976857,0.0663821434653045,-0.04585910369089702,0.91596179430154,-0.0584915363737588
1446,0.15165674259099313,0.9270039374646493,-0.1779128701755023,-0.012829336641196957,0.061010187422879454,0.020129551568453474,0.03548833522418262,-0.5936532195242473,0.04924396522742372,-0.07812552003754486,0.1361678895260986
1447,0.05542907201694872,0.05313750417083974,-0.012506664326005537,-0.6592530423208164,-0.0876475384182629,0.14205559019883152,0.11356829065689576,0.8450113155776153,-0.00554835792556862,0.10234441783467327,-0.027990691460438467
1448,0.003475011615698057,0.19829944272198205,-0.00021981372704900706,0.779579199032473,0.045897695848796397,-0.062332407862675875,-0.0036515887017512126,-0.015561410085785824,-0.05272573287969745,0.020382243450643746,-0.3455567435211584
1449,-0.10898023915300593,0.04384276661842814,-0.041069564347719384,-0.037320614026708894,-0.40704931775661646,-0.13309050548331497,-0.08050828083477318,-0.17544964206175895,0.07874979752777242,-0.04982139646057912,0.9527483664879238
1450,-0.011317639568497294,-0.04025524807445013,-0.015509911871827493,0.007832566600032526,0.5790030805455403,-0.1508645283878776,0.1361437471158528,0.06940351871855878,-0.3680792120643668,-0.01220185728310234,0.0551272518625915
1451,-0.04109580567424637,0.1619168363618172,-0.0344158954438743,0.0001353513828626484,0.03334467394376169,0.035922447552144236,-0.07421362693851336,-0.11950839273207672,0.46843488119259236,-0.0931851575943099,0.10005463961817199
1452,0.18401956291075522,0.22924703174793618,0.6162292313773466,6.570323281562818e-05,-0.05390533252748636,0.02498069005963563,0.16212220497240448,-0.039769492251424156,-0.02949744162525096,0.0809334628343285,-0.053876564320138286
1453,-0.01641061634318692,0.07124076927958116,-0.11926867398113614,-0.006726739488087396,-0.09980329541699572,-0.6774549108237465,0.0006247233113492621,0.02429586992987469,0.04013504181132463,0.0007352734591998104,0.0911825129640297
1454,0.21334717968625033,-0.09924025692705463,0.42996781219777785,-0.0057174765315481674,0.06655537243790681,-0.0591906733030518,0.1376974932361014,0.07922931106925904,-0.10297751354924035,-0.007298052719055556,-0.2106692608592952
1455,0.08075249997035706,0.6747141931209086,0.008032612337533978,-0.005224815759469039,0.03238896549189597,0.02308766578591138,-0.007999462561702655,0.017438189283988343,-0.038046200048697784,-0.027126868995056827,-0.03403889513263613
1456,-1.6755547487614144,0.055837428544339714,-0.14463362126073157,0.08901651166526847,-0.033630019654410745,1.8182252345643428,0.06677088382738919,0.025002055207195076,-0.06477866949123735,-0.09624237611246798,0.14783497473630397
1457,1.0774269809486885,-0.07986740401517137,0.02544093478987962,-0.16393196352826855,-0.00011880894129485432,0.008534624453938672,-0.9801945479290755,0.032333019555301275,0.0584317646675952,-0.013476742493515052,0.04070583790570908
1458,1.0190772580934608,0.10269816151125642,0.1027101573242841,-0.05816304660351772,-0.02682958103769756,0.13519775028153297,-0.040366452031448764,0.024399601840004424,0.020514675259903234,0.10172749201509956,0.009869032838611538
1459,0.5914294276479537,-0.005649765739588676,-0.06255441477820768,-0.0029007908535561193,0.008391027234264613,0.005798197046643951,0.03861969484417588,0.019925761321148164,0.012546080447334781,-0.02189163647118446,-0.037046058214781276
1460,0.07522746976526268,0.033071713567503644,0.024278776918194724,-0.039284696957912424,0.03274951546146772,0.017421364687119627,1.3079902759040323,0.013273634610033105,0.0860808652360973,-1.0244983295149128,0.028056635992387207
1461,-0.39367279430564955,-0.6876505428063395,0.008466422425911297,-0.015066066961958847,-0.03547101150588622,0.032027172320637634,-0.030840099630451416,-0.029705968209623193,-0.04934958736355585,0.9751531341090379,-0.08441594996297737
1462,0.2153842767843485,1.011228010805258,0.06995806925254268,-0.02080455259552027,0.01676863675804543,-0.24476821948768232,0.11088045417384292,-0.5751455565093581,-0.0008033046085962965,0.07489822913036116,0.09806184772092517
1463,0.1329279653644821,-0.14501056391143238,-0.010299769405173586,-0.5429494316756305,-0.03971768725387472,-0.089683257906877,-0.12270902933318092,0.9430772569209831,0.07146599841230043,0.03013797400080107,0.14130192500929847
1464,-0.03792699211700682,0.026032182381492727,-0.0817057804954057,0.8355950348453827,0.016124106042288096,-0.07778020984460576,-0.17486033587703748,-0.04021571136627449,0.15445456829035628,-0.0497625440073402,-0.47821136876038584
1465,0.047504282407687434,0.07292835606176984,-0.15138401865433093,0.07266543920499396,-0.5825069646020076,-0.03340008893886252,0.11853275886709005,-0.09379986348679406,0.14701335097447726,0.013056878807647526,0.919242390734236
1466,-0.2507262834015124,-0.053143405454869536,-0.08635074861938438,-0.12762556784272402,0.5794741461129161,-0.060480327394153856,-0.010549261483971813,0.04605945136201575,0.0045818028020926105,0.02460956039102363,0.04849849659610151
1467,-0.11902535564368653,0.054954234703970053,0.011096260175678385,0.00855850305500199,0.05514265326136627,-0.05400796430974165,-0.08953529973654951,0.12411886961934562,0.4456543466966003,0.12287097515260327,-0.015609419364206123
1468,0.06623479792721378,0.21646408434870434,0.5775901328214174,0.04795610576791417,-0.016383410946497055,0.08217991863948501,0.16280459120424934,-0.17984506094646138,0.12494236269563533,-0.017414051217673497,-0.06399204026716654
1469,-0.07122514515530244,-0.03242193218604258,-0.08765887651892074,-0.05160622416586986,0.05062652587247997,-0.6352120333563932,0.0067968180385149304,0.058017126284515476,-0.08646969299466975,0.04174050779835476,0.14218325269869447
1470,-0.07371281631131082,0.02166850995673023,0.4097889494704825,-0.018763802318927103,-0.017101555466286937,-0.2475837449684197,-0.13409238327686063,-0.05761524338168424,0.062543935550051,-0.03584448241200646,0.024723570174850436
1471,-0.04377700993544214,0.6829724487034781,-0.027373150307571818,-0.030942810286695613,0.030496810584684068,-0.005903189759504303,-0.012395940888499608,-0.022622777348882267,0.020090999142523148,0.10424227459451155,0.04377244736212987
1472,-1.8979575196535623,0.0402321075088982,-0.016554331305958507,-0.07951794031832794,-0.040503267041593266,1.7525312368567554,-0.08677169893325767,-0.02650039476405725,0.16401484411791928,0.08496364895859174,0.17608542406779615
1473,1.3186126373319378,0.1225071922702258,-0.03821617916795287,-0.00992365365520683,0.04183267002285111,-0.03364148769593343,-0.9468501113998741,-0.05909195240236444,0.048803211265726364,0.06302913844927302,-0.08689969648563699
1474,0.7361118399427823,0.13527725110271785,-0.053149463920830975,0.023629251590226764,0.051321469597823625,-0.10400516131858058,-0.05552701051232239,0.09268701747636793,-0.23871400832202763,-0.06992804201988216,-0.04477238849419174
1475,0.666094158551718,-0.046269810441457726,0.031143388786130214,-0.07143474956504905,-0.004807002457013359,0.01211140437860404,0.0037772394281718642,-0.025367068493937897,-0.013213129757533446,-0.07301597712076154,-0.03392943346570583
1476,-0.11113683925903779,-0.019403454131883054,-0.10780702818175335,0.061090790569306885,0.03279236472202088,-0.042586699308455725,1.0743287032765698,0.08154082082554354,-0.003045830820272785,-0.815126790182535,-0.05037250551542645
1477,0.15034191116456644,-0.5508351014963868,-0.07168685526353753,0.02103911948179559,0.05683778832793246,0.12800093628734643,-0.06610997499417756,0.05086217983873012,-0.12848506251478822,0.9602063019411038,0.026318590783559255
1478,-0.011472400544695683,1.0034564228129916,0.0614226086534599,-0.09655909138710084,0.031604313880164825,-0.016435604772768203,-0.03232857722197593,-0.5606469178163555,-0.00016315567314386173,0.12829018440087286,-0.11135564295091603
1479,-0.09067571665049774,0.014541678722359576,-0.060697794251601975,-0.5829694782285263,-0.008368765864263506,0.038803756433292674,0.16940615255818944,0.7125694339214972,0.10055206585387189,-0.025446661522105764,0.015214685409352217
1480,0.05860714698731078,-0.07673352071860053,-0.02374743132034809,0.8248748184880507,0.013712703904499541,0.0649844504715438,-0.09586568221346584,-0.005897090488116169,0.0036904934947200336,-0.09942581017957276,-0.6047595891957305
1481,-0.0773329843634699,0.03397882844015091,0.03627437511572042,-0.039566867653945854,-0.4096360773184997,-0.12814205739417434,0.03282190402005897,0.04913226507274144,-0.030538728346869597,-0.12522482344203947,0.9285411608992008
1482,0.2103989694514197,-0.011191829197832764,-0.17299273345164537,-0.012720078425006071,0.60005357632641,-0.06837205429896094,-0.054119754035952164,-0.06319794611036088,-0.18058992519099737,-0.13034579239233587,-0.015065075806833686
1483,-0.111202703719213,-0.2029133623854245,-0.24616720933645575,0.01070307620510579,-0.01789211759895844,0.014351854611857708,-0.1596364857058926,0.11069438890678276,0.4826171055128791,-0.12713164959532494,-0.008645556416266863
1484,0.28547494230419357,0.24741375034365035,0.6444615131350234,0.006793921097856412,-0.07135814385927916,-0.06777853746361277,0.12019798828829018,-0.11582380463775659,0.07524241576277951,-0.024483774955822508,0.024579004762359816
1485,-0.03871616320826996,-0.0005071124480471138,-0.004756493003623902,-0.0008325127174900384,0.028782905669890883,-0.7022414162096204,-0.051716461064354666,-0.008217807108914432,0.010822997383435767,0.046191894736392736,-0.041526778094905493
1486,-0.061754148810585247,-0.055106761542756025,0.43110507336932674,0.06972901671209038,0.0484408995201953,-0.0435791568817785,0.0954011875088221,0.14839303711002821,0.012437146686003696,0.13824789839584267,-0.0728189665053094
1487,-0.0836739285644052,0.7067666813989034,0.030805968710083183,-0.002047314701375138,0.026677257865840256,-0.09151091410416369,-0.056147349489634055,-0.0059400278674726255,-0.11950810514237378,0.014615599287203549,0.07209321881733083
1488,-1.677653877548547,0.03444471826532147,-0.03621860789217178,0.058666885768441514,-0.017720149897809078,1.7337831958717804,0.040150264646378386,-0.1609149113811744,0.06111293047729466,0.05413352513128437,-0.16941391964845195
1489,1.3213018506239496,-0.05631581296192818,-0.09480031354541872,-0.02072373699418386,0.060277923950171904,-0.1235195127795373,-1.1035800272984944,-0.033810145313130285,0.03392652304727765,0.045785926608076115,-0.14797187917946703
1490,0.8750598918278115,-0.10016639469879993,-0.1552207001465537,-0.0018995840752829615,-0.0642308070837682,0.21451357285285821,-0.01547466710341885,-0.09327945697858991,-0.0414726022108879,-0.022041770832859527,-0.007629017336275339
1491,0.6462897776500781,-0.02897304590863306,-0.07924015908166387,-0.05693650866458405,-0.05506867810670085,0.016967419453175,-0.05447771370614757,-0.06460506495493519,0.017259784055891618,0.010712862118917843,-0.08889010238825011
1492,0.009727255427348544,-0.03521949775600657,-0.12615030006244765,-0.1866944636076083,0.1176520989563933,-0.025745513078580095,1.4249050673380488,-0.06177031578970615,-0.03562386972295745,-0.9224393210328479,-0.07040483153954356
1493,-0.07857901366043595,-0.7852325036020722,-0.011436682819883557,-0.03937613616612961,-0.008282727291549281,0.002939817142434447,-0.11554900606103648,-0.029731025547615666,-0.03559014005205897,0.964870858931657,-0.12388773003125624
1494,-0.13674309211738236,0.9004633662138556,-0.10335428410095879,-0.07455602147824392,-0.03839958337012397,-0.10995609493608997,-0.04595194462249654,-0.5975014691044815,0.06031893101194838,-0.08300578059953743,-0.09260077449516885
1495,0.0031844908563026216,-0.021661507096111855,-0.04888420883926162,-0.5270252918480681,-0.05559030664904903,0.10389503395988803,0.027627499894480975,0.867642037031795,-0.06418015069263089,-0.08467562371652221,-0.06149756296832585
1496,0.21784820684181616,0.09209402235854391,0.024798566919677512,0.7678038682221273,-0.03829827218646069,0.00419838802121879,-0.032594597792395874,0.0020798008342515595,-0.04214254050838366,0.1035227527189138,-0.3713640638572854
1497,0.0907024776211038,-0.006893709597843886,-0.07074400184631263,-0.043025664351184725,-0.4264499205871325,0.06218395427121402,0.05175444898659422,0.17629255400983815,-0.06661288848128936,0.02649666436291568,0.8446228008653968
1498,-0.041450192503992365,0.0880939109090534,-0.12288200368833266,0.06112891763319649,0.6223223382271358,-0.20386781509369026,0.04684874966303286,-0.08555544021415873,-0.3201459390989234,-0.06355058238096732,0.018669082368481887
1499,0.10357055636529261,-0.03688307618498207,0.016040656855236243,-0.10081732024100586,0.04390494261877059,-0.23368248904247232,-0.14414856225807376,0.02110524423295264,0.43937652705688085,-0.05156193488571064,0.07814460835292464
1500,-0.08727983233014186,0.022280261706582136,0.5441899164687874,0.050338439046585304,-0.08407501038938871,0.033972638651016025,-0.14819890848079936,-0.11443451337993392,-0.04272502705931528,-0.028789566548520048,-0.044466394288018046
1501,-0.009756769326164193,-0.13770428489539605,0.0441964072037417,0.01928816445034169,0.0948634520341747,-0.6875809056157793,-0.07310920096729051,0.02637823526232785,-0.028248890645729514,0.0733182974183393,0.08574929532631553
1502,0.08333081714018646,-0.05555317039537168,0.4467087198312903,-0.02642940242133259,-0.0594514050868609,0.038850918142836414,0.03614061115596391,0.06327262547987685,-0.028107952769322226,0.22597998816190823,0.05326023621413924
1503,0.007566635506302134,0.7073369601601859,-0.11379998932817179,0.008269732262089597,0.03226616291852129,-0.13527865764300234,-0.013472267248325787,0.005259177753991854,0.025044249126847384,0.06484992385939445,0.017299437993215365
1504,-1.9702050837888,-0.14905204124994928,0.023895985853917598,0.028152681592630967,-0.044874496337862786,1.7675959815709341,0.1083959110715514,0.023874271384532825,-0.05089531424264347,-0.029575787909226825,0.1359913709639247
1505,1.2593658075825656,-0.00883415779129246,0.0058244165024748966,0.07417578710129466,0.10892808150181885,-0.0016750768090235076,-0.9729278162594258,0.060519399022575714,0.09444841477111678,0.03075912850067645,-0.03968380544432278
1506,0.7493503223305125,-0.08973329721666334,-0.11800535144914638,-0.11303795819410087,0.0007456238830785373,-0.014114950797108165,0.05064993381548956,-0.11351110505371784,0.022067857028582556,-0.0136282761447774,0.1156091711157044
1507,0.664909528617195,-0.05057669613562954,0.047531684321569574,0.0017100180221687493,0.10206808596386688,0.010770988257277032,0.014153157075551169,-0.03909359444119675,-0.06034369302748398,0.012731748741965842,0.026643400057559632
1508,-0.07911067227392199,0.05868317294920019,0.011561839034248978,-0.05841038085861326,0.05103120615223039,-0.24154255921770887,1.0935934547263801,-0.031692956324444334,-0.03296701199748996,-1.0029177103334916,0.010909670925900773
1509,-0.14381975058048704,-0.652849351259006,0.07269494531293559,-0.01102983439264439,-0.0652565603297275,-0.07210262750533239,-0.001830021632922531,0.03762259328058558,-0.044252350319096606,1.0717524629716695,0.05284652805240385
1510,-0.1423432453945283,0.9336003613041589,0.006073431039035113,-0.05326128647562717,0.02480292718557611,0.013521596166949411,0.09152560385624434,-0.7128365117057874,0.16709336086673202,-0.0019110771388886625,-0.01600972104387921
1511,0.06851027184260937,0.033908941792252824,-0.18121791261123626,-0.6125111306989246,-0.08158764988223556,0.06247884289635901,0.026398146049639852,0.7603271795175479,-0.05276757352007416,-0.0160045170541113,-0.04001983619823737
1512,0.048930357482564614,0.04051283430699123,0.07198924621723708,0.7560709750299552,-0.1259908988120292,0.10932562232235583,-0.2817714105651284,0.04344157121026884,-0.06262010169417594,0.16475395438088522,-0.468938100561137
1513,-0.11134232836987464,-0.1637445344307293,0.09705361496221102,0.11035945485607981,-0.7143730629671423,-0.0533047458869606,-0.059268074956699016,-0.028016538422281675,0.12448223691553174,0.0029283345431193033,0.9136995455776495
1514,0.08758731144324258,0.10835408788796376,-0.04551368592477696,0.038252377295921326,0.6188625010739286,-0.05243986747381592,0.18367614531807389,-0.048805384812852626,-0.16147617599243175,0.07518060937589181,-0.034795937569307774
1515,-0.17189914196411366,0.12544583077788937,-0.12947875246319546,-0.004778422295723554,0.06385142204229292,-0.04383059355753043,-0.05979791333337792,-0.1321581196686727,0.4806559703313553,-0.07143053046797583,0.033264866468424165
1516,-0.006127545468140514,0.03728693948938397,0.63520485654906,-0.16690452694192554,0.022932940836818794,-0.07539104926609355,0.01396391982444806,0.05420867723009477,-0.1923582000625701,0.06137527907730301,-0.014544940769294397
1517,0.02953532306312917,0.08501970988744434,-0.050001322763840075,-0.04142294719565654,0.05574599793745748,-0.6814305129138145,0.004327904128598906,0.04285864138156529,-0.07847203700894174,0.033151277362116816,-0.037077535098727785
1518,-0.06238274657167389,0.12646950185476905,0.4537118320921569,-0.05954058166786491,0.006327054193340258,-0.07013219353966142,0.19085580158186835,-0.13477787564605767,0.0919843591039436,-0.12836611648707338,0.07065109447103897
1519,-0.0602516219736927,0.6917123177551137,0.04243600276490256,-0.042171289793441494,0.0636729479432237,0.043138107229979,-0.07154929954092037,0.001131363081808603,0.05092850435851521,-0.017072860060120383,-0.018192067851498114
1520,-1.9081462436253243,0.046491635297914294,0.035369102205374855,-0.12763423959134773,0.041423650275872095,1.7155619187733717,0.09819606081007315,-0.0497971233803429,-0.07126961021941512,-0.12208240718993121,-0.012931918680906488
1521,1.5012007232370541,0.008210238940638215,-0.08352739054782289,-0.10042619267937836,0.10049921383129724,-0.0006655390454901357,-0.9313585432337959,0.04388583161730269,0.03565302165099969,-0.02411299003074611,0.030648636609183193
1522,0.8274453589401713,-0.02304969464503156,-0.009791980739239235,-0.08774756773588648,0.011303359412874045,0.11171373682460906,-0.1455286401538861,-0.12184366421635823,-0.030548468850666262,-0.0868324605678518,0.17480063598055268
1523,0.605364508414755,-0.004204101014426267,-0.021208026345142718,0.028638298298363257,-0.033812139271741204,0.04130461651024148,-0.010227177477458993,-0.03837779717443344,0.05226538906314971,0.02438304727664814,0.03319574605959539
1524,-0.05517591679307123,0.053265445637076046,0.003715109737876068,-0.14063709369486097,-0.1144913303350257,-0.03174156159857599,1.1241975933237236,0.20743354296889152,-0.13708661850401677,-0.892684031304349,0.06169331464051089
1525,0.0021442908682138416,-0.6926030590762957,-0.08641729699602504,0.07605968605974037,0.17950409089688907,-0.1693107314897733,-0.17013572226068538,-0.024138920548482667,-0.01933157194995364,0.9899573552478206,-0.11644190554706982
1526,-0.009646894945374442,0.823177696201588,-0.04554421444434485,-0.06298530759538085,0.09240885936564168,-0.01678290614754476,0.11870996742035132,-0.6344861800606149,-0.031812262598406166,-0.04530907241115926,-0.013618668163630384
1527,0.04298943304236912,-0.02012232814573944,-0.10137013121011774,-0.5508324483209482,-0.07670864420544808,-0.14954419635018382,-0.05515210304965047,0.8593931996922337,-0.14022118498329086,-0.23850774971904745,-0.10955264832396036
1528,-0.09451150277098609,-0.07691504603906979,0.22863065078090056,0.8099815235637631,-0.07127709472519109,-0.09296500078698411,0.09009130798470238,-0.07027737824815651,0.04961406863239737,-0.049227469473390156,-0.4643683838049575
1529,-0.04134152593552817,-0.14946310181320296,-0.11486196536408594,-0.02682319565634484,-0.3278495082560924,-0.05925227916481501,0.04876849917121415,0.08002090494707369,0.0706434832440717,-0.1109003497715385,0.8396709089467779
1530,-0.015795054690033717,-0.24510664283012965,-0.11738215505365604,0.04713453824656725,0.5850988691174748,-0.05737145290519728,-0.21955425608211934,0.13147615251823797,-0.39066531074496813,0.005491005273759663,-0.08561628140352752
1531,-0.15489968437182988,-0.2588459925368636,-0.32789024469295164,0.008980865056978902,-0.041076985661616335,-0.01553129674037659,0.10149969360225648,0.11697391030302876,0.5100619881646351,-0.0619581210312715,0.1121240399992801
1532,-0.013726963005364651,0.027266619197275813,0.5987950065106619,-0.003960132633161615,-0.07305906697730911,-0.10448479231407923,0.04421917602492014,0.020345306063489707,0.09359667562892862,0.005030205282755428,-0.009119852303263466
1533,-0.021559147259962406,-0.04730557756122951,0.00488025739174567,0.059056275087737566,0.05005749527856246,-0.5841517417489095,0.004862574804698441,-0.08597693893846557,-0.05051183083898495,0.07404872304603244,-0.01397858634349519
1534,-0.07698037731220801,-0.13394092829105433,0.4190259445252975,0.13357854633140642,0.03797584542641815,0.05655380140882036,-0.08150158027859002,0.08568980865902669,-0.04946093868520191,0.09014308445820084,-0.16858746900149837
1535,-0.1730723111193234,0.6079121699824062,0.058745417520451815,-0.012645046591797906,-0.0855802300279465,0.2283940544189667,0.0013354961365042613,0.014776498049126202,0.05401849180346903,-0.10112250359587154,-0.02786612250500714
1536,-2.010657600371079,0.0705119547777512,-0.00794988228351889,0.026614655285614554,-0.01568142947932788,1.9908492741340797,0.05851434316199395,0.026656465785873447,-0.03157715392260922,-0.028629334570516814,-0.0035893820459985334
1537,1.1944491372101187,0.07523685162268838,-0.12354488799821807,0.0035094850032563506,0.08473016783260227,-0.07004434547366194,-0.9218021783695023,-0.021012968698569893,0.057585763765435005,-0.0001606105259615567,0.04984013128258396
1538,0.8260814544748216,0.07500737621705042,-0.03209329617253317,0.04440682706967852,-0.03188062107725916,-0.09001202391859069,0.019591930200721624,-0.041361059433371206,-0.03837761348488722,0.002156528477789076,0.08530142477789227
1539,0.6118002748812198,0.035160664520518185,0.04737935132742819,-0.07723684656263188,-0.030109864451483677,0.0034539356086162737,-0.004133045823783828,-0.013606906673446053,-0.005727310793093599,0.00683066409128596,-0.007896316376981653
1540,-0.027809309747096007,0.09905187056601561,0.06721254456183208,0.07277095330768561,0.06513929250419498,0.07064568988670755,1.2966244069723571,0.006567306020063496,0.034842923600197265,-0.8385734882114357,0.09014994549313006
1541,0.07276590136205852,-0.7712946672563423,-0.01715241623133604,0.019659349462570676,-0.0825098125812464,-0.012452584381821341,0.08497360149007627,0.0465501307177473,-0.06807507105265918,0.9414033168779894,-0.03785723199312978
1542,-0.02740577415525737,0.8697580875880843,-0.1413269061417767,-0.002034660683942937,-0.058204994723432525,0.04058636110325652,-0.032028999742744514,-0.6115646078979023,-0.03826545293976165,-0.08957699394477352,-0.09748251444305941
1543,0.2191834686259915,0.03650439115986589,0.06473431333910402,-0.5685959990953743,0.06400104154546694,0.08504915587022144,0.08151592809437364,0.8560900893019585,0.08673696485783208,-0.10286012277784709,0.08642099214090826
1544,0.12260584871616226,0.048849047746577355,-0.06092690766946644,0.8653704092924507,0.10602307300861007,0.08108069289293582,0.008541954689931026,0.03675382980071022,-0.04125315918400359,-0.039592659422431065,-0.6540956464342761
1545,-0.05865818544785541,0.026480378352623672,-0.008671299242699836,0.16317269253850206,-0.5313559392143747,-0.09513820966963873,0.016852296198493016,-0.08224349763564444,-0.021818160256280316,0.08313304526827082,0.8693239347326976
1546,0.20321215858230776,-0.07884854720477621,0.10329194936279718,-0.038113875606322234,0.621901037771325,0.0452237689906743,0.015083012742024851,0.1047968178470951,-0.3393234227830812,-0.04039699971325968,-0.03211619443556889
1547,0.12546773565028527,-0.02519032276002951,-0.209478360777619,0.12049108879864705,0.10990914513695302,0.2130646289993101,-0.1723089336881493,-0.002914730294934959,0.49384215654312325,0.16980525103151373,-0.05983792104123266
1548,0.030235899670189012,-0.022372252149209362,0.5398778359177742,-0.13904931109326144,0.03086729112668207,-0.033474202500440836,-0.03996332809483862,0.09320099660738723,0.041776901596653496,-0.08706016567555967,-0.07255926944796323
1549,0.04760818377324606,-0.02609600749524342,0.048006641371454634,0.05793226035491556,0.022980661206107755,-0.7037549393939783,0.04170669522664509,0.038981474079631095,0.1915715863484094,0.07699491048479588,-0.06166337909973352
1550,0.09413055361906054,0.18498253480486834,0.4053955543258006,0.05571212903456441,0.07598841526471913,0.1589633179877133,0.019085915229391442,0.22357432195702887,-0.08444346950371784,0.14747298401347603,-0.014161940779290023
1551,0.06581888553499823,0.7080894784415678,-0.03338518978353298,0.05889819824038521,0.04224873010956662,0.05728122992807019,0.11895115893788752,-3.421945351686842e-05,0.02112627935821647,0.06408124694418386,0.05005448262664547
1552,-2.1844661383933968,0.10504372737867736,0.21305308112846266,0.02517526924417605,-0.03173229417104724,1.858717080361469,0.09304824618345557,0.0057480590343504286,0.0019201375487927375,0.1233178974460994,-0.06577208491399009
1553,1.8187086274766808,-0.03362591587553141,-0.047672329264840184,0.09100701563035765,-0.06244655925748648,-0.12870543590507827,-1.0494481187586395,-0.0036191529929335492,0.0791727520641679,0.009408371416816268,-0.016289037206828477
1554,0.8159391938061011,0.09076836844040934,0.20167778727027375,-0.045039541134592895,0.14474110941629334,-0.1822935370739166,-0.1188676313776933,0.01718807569654954,0.057395811582096265,0.06213478446269228,-0.056545594741715936
1555,0.6127603798660848,-0.021794505804471863,0.07376956288824438,-0.045401779919751376,-0.0823170189568784,-0.010774976526368878,0.019841790556130626,0.016540282884501177,0.00025276555419731506,0.011281540856875332,-0.030172014493609973
1556,-0.03749715764101043,-0.03895641746620258,0.027350027165056707,-0.06635879627934456,-0.10761785458055104,0.05458134728666816,1.2390709389999082,0.11568816887882026,-0.10220396185097437,-0.9885887631776419,-0.0312870170944084
1557,0.05439662388689434,-0.750398489662486,-0.17620655607288496,0.034124448773054705,0.014235002287596617,0.14679926640218297,-0.0581593722980779,-0.003993746558758469,0.07357783832450644,0.8834893658439865,0.06140801189970792
1558,-0.1723600972506814,0.8930133173623528,0.07457916554748048,-0.005181357275645806,0.0636378854498642,-0.06502902221853535,0.11681218203981851,-0.5477617347713779,0.07797500612834218,-0.19348597131251727,0.011012179149687756
1559,0.05707361440321124,0.16385133297478696,0.09909402402325627,-0.5333452963411763,-0.05474440427900155,-0.1292915014629477,0.15752106667469035,0.7645887409875494,-0.012054760536236945,-0.014734527011405929,-0.022495847303416704
1560,0.0076268228194065,0.038985419392176764,-0.06952898835594301,0.7697435703792277,-0.18579535645196069,-0.007405412029768212,0.16801847085901706,-0.0973875504803876,0.004213911320784188,0.017153108323570386,-0.521376883897057
1561,-0.07987312118849463,0.1931135844750434,-0.1249977099945895,0.03353334587826243,-0.49946290129022713,-0.3024182943655447,0.04542109806243198,-0.03229652664021091,-0.12437093682841878,-0.03168971774469774,0.9115668465825293
1562,-0.05130042942063948,-0.08454656279266906,0.014027553542142489,0.006521117668270209,0.5577184491725454,0.017722981709472604,-0.09201315548986758,-0.07369954161514793,-0.3345325919328185,0.06813421488524257,-0.0175488921223019
1563,-0.12678303835576332,-0.11746705159990606,0.001578018609912149,-0.05184309664668424,0.07022262717222591,-0.0648457442407839,-0.005288362356848044,-0.0751132625537478,0.4369170962782236,-0.04278203819376555,-0.006308446530669479
1564,-0.191348439819824,0.26504382659866155,0.5991795932134549,0.05447610694424407,-0.05425040858513945,-0.15374092714098522,-0.12111295825622057,-0.09656425192399239,-0.09969668782055646,0.06839979588615239,-0.006570386443567106
1565,0.06094946288177198,-0.1527321249120088,-0.07138710966486335,-0.0023465696622373463,0.010539520984388873,-0.6760743130745923,-0.08900051194781802,-0.08763784409596607,0.04498373545828702,-0.057451783859048006,-0.10200700950670454
1566,-0.05280175556725243,0.02393865716939779,0.4442249625422457,-0.05815873584504486,0.05448512556318724,-0.0864742398011861,-0.08592488159499125,0.21952033352166725,0.13570607494042133,-0.12383325781313036,0.01623862234356757
1567,0.04585344889945369,0.7114446324573965,-0.08347326329671892,-0.0021845038719809397,0.026305345724050307,0.11752771885363932,0.08185726861807534,0.005820653841633528,0.054440420960737694,0.0055395145384001905,-0.036388995184644786
1568,-2.113755762813739,0.12958992542262385,0.19433896896881542,-0.12862431590322554,0.019754278919634764,1.863104622138208,0.0868154779863425,-0.06949730836635597,-0.07712611331549798,-0.056136632842588484,0.07081063922805961
1569,1.8431040160951406,0.0019412873225236951,0.0765703583585168,0.028469543182096234,-0.03678602503094125,0.048299518194533896,-0.9383939278380629,0.05714621665826916,0.053233716499355155,0.03466145189407386,-0.0014017246094587587
1570,0.951330880929314,-0.031918380171454444,-0.16327970148092885,-0.0034033972945330723,-0.04290130814308721,-0.06072244145690854,-0.04160042790031484,0.019089098660122716,-0.03128089652404514,0.05126270982013895,0.028859462763048037
1571,0.7202854298740912,-0.08541210190279368,0.016490543749035868,-0.048657963332944996,-0.02730892551646133,0.031446506332016746,0.04493679149135167,0.027953001816018327,0.10010811286627626,-0.0062294161177702785,-0.01101357107672293
1572,-0.004980629985892156,0.0029859433109324807,0.08569414949545315,-0.10645830728923023,-0.07717768759802067,0.14234641077843257,1.3265765664851241,-0.036315149327483275,-0.07413465568238072,-0.9004671115176967,-0.09193351001051678
1573,-0.08737503647893664,-0.5494580489393965,-0.055132782874900525,-0.03235174494688508,0.07438837530476126,-0.14993473822945702,0.04947774021596616,-0.02304969279961133,-0.0856807452005917,0.8519071549789012,-0.037909751019026425
1574,-0.12983372272367127,0.9079180365343612,0.05249690168817406,-0.035590571833798934,0.12131528990099055,-0.20561876234264923,-0.020409048698458915,-0.6374534741064579,0.026171177185964872,-0.04787981080101521,-0.01608933861090782
1575,-0.29083685519165164,0.13048611684259254,0.015266065144947518,-0.47407416943227576,0.002796009012279922,0.014337662249591248,-0.06265544050486438,0.9058079591355493,-0.05400654767485159,0.05511814484928135,-0.016495680387882593
1576,-0.04326005799352443,0.11044866387462224,0.021941267720280128,0.757151474686615,0.03525028978070258,-0.07175466196441259,-0.08597792481228744,0.029901140494511105,0.05738980393305321,0.15395477870233304,-0.49322267606764286
1577,-0.18544681716009723,0.09349172506868171,-0.034436040889350324,0.00406270681542883,-0.716026100241539,0.10619382708572933,-0.09220377462238272,0.05627365455303036,-0.00024478206137501426,-0.13247517851018617,0.883629692627534
1578,-0.0693880168424208,-0.016050834652942107,-0.08285462888849025,-0.020121137547860532,0.588422513759942,0.13811877142152731,-0.2053404610540111,-0.110757619485112,-0.3566453986990285,0.04784218989873944,0.038669614542198985
1579,0.034561294357231216,0.012216280884405248,-0.09515376792566099,-0.20179042359215665,-0.03476649287983497,0.1768691819431254,-0.03720275538827657,0.03737002095485865,0.5424987783333164,-0.05731513020032176,-0.003913785313813277
1580,-0.011001019285996092,0.030716515592005375,0.588216593434384,0.09296775831508546,-0.02660072837835888,-0.11742198598762423,-0.052215469791993804,-0.1980001387427339,0.16243554852484926,-0.03672227378663326,0.08974695715767401
1581,-0.05232970658348254,-0.03673434102943369,0.07243271961124192,0.05851589848071973,0.018966639229901154,-0.606582958450602,-0.08448237180098529,0.09619495790450155,-0.04325609299217666,-0.015993761710223712,0.06188587306074226
1582,0.11163768273312132,0.005131756775596339,0.4015456232056464,0.21410906059431414,-0.09190053095407162,-0.0290469482732211,0.10830031870886625,0.07353188018503029,-0.08517119513349365,0.17652945027639558,6.979873199142173e-07
1583,0.07537591273482834,0.6661610646428027,-0.014539866913725904,0.005543694820534659,0.0401597034966468,0.0016732251813751722,0.09291699764566468,0.039708680581996156,0.0762917076516455,-0.04598086235496328,0.011010146764605669
1584,-1.9107268904577452,0.15741249828172,0.0038412691053636115,-0.017101279754975687,-0.0643052479741713,1.7282147142952664,-0.14656681033790844,-0.059712446645316976,0.22609703549967022,0.2411140139105131,0.13621873581000882
1585,1.4349954065058246,0.00586266836757416,0.23771155205142686,0.008687982116648455,0.07149594723218941,0.11846591722485726,-0.9509354137190567,0.033244626501364984,-0.05258714011517254,0.005747006459309872,0.028708382729304285
1586,0.7782783408340778,-0.07416527701713248,0.0502882302382842,0.10478485540342372,-0.007188496195376914,-0.07988524090467641,-0.07125128498127692,0.10955406458717415,0.11476283307514018,-0.05302737256837671,-0.05198918467023747
1587,0.6612591034956737,-0.022354735659027344,-0.03348080524465474,-0.016266161774167936,-0.04547176467069542,0.05786069716439361,0.04157908000348461,-0.06075662212371965,-0.03404904859845535,0.002779779986532461,-0.008474730794055085
1588,-0.05226293079415241,0.11936594664654968,-0.0921580330934152,0.1289829112928873,0.021883914216196506,-0.1139789200146179,1.135293791992512,-0.06778527277164563,0.1285976702739884,-0.8330040103790148,-0.029232294745845207
1589,-0.053907044255440975,-0.6622598898804415,-0.044944963068283376,-0.023733406306958763,0.01807778600277888,0.129092207523644,0.10879374294346142,-0.10107682150755688,0.07796188871257906,0.9808388148854935,-0.009994726642604215
1590,0.01725976897874211,0.8736466486991274,-0.15413522337463692,0.016073026823478116,0.041844854155202976,-0.17124884636884685,-0.0021009068043962246,-0.5767536410156533,0.07742053331723953,-0.0710430942629625,-0.07698396504443816
1591,0.14470549656147952,-0.056390246685173916,-0.012735749425346051,-0.44014463672671533,-0.030779194097739042,-0.031109433110522812,-0.03941724760547443,0.8212927241376815,0.10829488189217117,-0.0008171465055312171,0.022160437811469896
1592,0.023603793978595685,0.03755322070327744,0.017129280242368438,0.7453827223847174,0.09921031913854782,-0.09480915528732128,-0.110529947805245,-0.06210216578317243,0.09490029979134268,-0.09938843551789489,-0.39716245186373256
1593,0.09565772486445474,-0.14322833570261978,-0.0007376566307689771,0.004469964289587134,-0.39793213107273273,-0.19226593403874082,0.05363148953441266,0.05256406522000631,-0.09424499392335758,0.03736514668676135,0.9132875799751008
1594,0.041201029562754045,0.05676284678341552,-0.11887911173907302,-0.008433566727760168,0.5808290802577052,0.2599597705379196,-0.04783462898577157,-0.04649238560134928,-0.14462719529913265,-0.03325633622199596,-0.01030981345138793
1595,0.03467458970843571,0.09013063825699133,-0.23610661447720588,-0.18408593810839685,0.043244552355359685,0.0175726210572638,-0.022595850283233992,-0.05226192029834054,0.4736284178382937,0.017221397171479854,-0.057557291576722576
1596,0.09502117060402283,0.009836268950241986,0.604863256117381,-0.04436658155260491,0.05450801664819083,-0.04164718038897179,-0.049252064305586894,0.015121406331085527,0.021177292499273217,0.09481833653909466,-0.0997414851854661
1597,0.05116303062979094,0.00180940582918421,-0.005584987036905208,0.09186348146642663,-0.03497499004688098,-0.6302658326076446,-0.03127744595142633,-0.08073877369718004,0.0061394459205547074,0.034180436576579605,-0.1345645495093843
1598,-0.06677826958239572,0.009739760765566142,0.3865213945221122,0.04733488571301476,-0.07106372099632771,-0.005124917887788018,0.10070632191051566,-0.009829364094215346,0.053183473683176344,-0.03704937487950496,0.0055243891231805875
1599,0.06772929250720543,0.6925043616247647,-0.04926124366962709,-0.006261441831833012,-0.0393867355783757,-0.0031354134240275944,0.21417353773545988,-0.08951303192144845,0.09247205112073156,0.10710744247840456,0.03814434872444718
1600,-2.111219963887521,-0.14085043236052633,0.15601342434701765,0.009156306272523874,-0.057013035902053505,1.804541952676621,-0.07510960717936883,0.07944106039472186,-0.08292429429971743,-0.01970227882586049,-0.08194485650616468
1601,1.1539482803746763,-0.038158810345270675,0.0493248467507924,-0.003808254587876348,0.04420481357352727,-0.05595210101343432,-0.9585641974987161,-0.011039345471608453,-0.05796807584662383,-0.04234541352759959,-0.0161519983930735
1602,0.7279865403260543,-0.007191783674547838,-0.07100002352708877,0.0183304630960626,0.10182916064783268,0.021040359333939183,0.05910932069552921,-0.1461762614936815,0.11285511191700436,-0.0814931651640415,-0.09014949921735171
1603,0.5941027898797164,-0.06474500002237664,-0.04867187346150142,0.044754659609917626,0.006358923135432273,0.02504970655348409,0.0767278041439769,0.06529938538711894,0.07197306760123673,-0.0449725302925369,-0.009744980602466341
1604,-0.1544720782808469,-0.07500636925212675,-0.07233181758728734,0.13514137506481516,0.005655839247255724,0.24213048343461907,1.3617614451215434,0.004880417737347317,-0.05485328778962447,-0.8704906199358221,0.010715211470296986
1605,-0.08021496008697711,-0.661750131642766,-0.04664453170615017,-0.023013844261493013,-0.01772610219269989,-0.0029351459083362527,-0.04983779097647831,0.021563327379853985,0.30939773464680204,0.9981457822534734,0.049713017004618415
1606,0.06744968483810419,0.842193573191941,0.05933014469667251,0.04176504304040807,-0.05189536055085572,0.13704604099925433,-0.1703498916599147,-0.5982967485394141,-0.027292369814345026,0.050791362438196576,0.02488038571837116
1607,-0.08319691973698272,0.046301286027346435,0.06915305657641345,-0.5078708253202895,-0.09042319482784024,-0.08273837558549485,0.1152661158394335,0.8363193077937372,-0.12533512524023713,0.062141720810405796,0.15086738424815074
1608,-0.07530510071271732,-0.06178364736746043,0.08845027523230552,0.837772450407838,-0.06904810160940082,0.09757673962299176,0.07293643346289777,0.022124511361091576,0.020065702268074925,-0.19217737866203852,-0.3843603708508978
1609,-0.1708043330133426,-0.00617153772906526,0.031476949467870455,0.051394532202502105,-0.5748261700486914,0.1923926879349663,-0.09089542716421946,0.030832930250141444,-0.07583085033057245,0.07892865707515673,0.8628559579450304
1610,-0.03402529623653984,0.09682712985512278,-0.17446219994776893,0.05837025562741937,0.6377281700529001,0.17437980370021386,0.18691189700531302,-0.03669137056812434,0.027919189382818482,0.027136294081665017,-0.04663457102654392
1611,-0.07273665529538209,0.12992858813349528,0.06390556317905745,0.026268907809137754,0.056827494853421236,0.0089877275872327,0.011638726413983244,-0.04395392993682462,0.49133874143082873,0.06010993372726787,-0.2652820253205224
1612,-0.07220599600341486,0.08075289933985226,0.6222484562850925,0.0357118924941041,0.02516437692294156,-0.08020637430709417,-0.11659538744633721,0.020355300591052984,0.09328748075706622,-0.05710457582142667,-0.01878792003543729
1613,-0.08954988915617283,-0.053292251440223426,-0.12559121017750868,-0.01994482249847951,-0.09241382179551755,-0.6192131366672803,0.030595006466387645,-0.08339588311892779,0.07628840146566492,0.005329701458239259,-0.0015787962090809057
1614,0.07220191804467269,-0.022665170158565097,0.44901790253488777,-0.04751715565404757,-0.023728213487433352,0.07895551320950474,0.11358824071823742,0.004667069137871002,-0.029192395717338126,-0.04696289164253452,-0.03856107546640117
1615,0.12339895339271464,0.694174949970194,0.008389878259122269,0.04278718475858793,0.05336291048969169,0.05223479773536487,0.17346350892475648,-0.03867243395906124,0.06719442596940323,0.00469999260979823,-0.010828913579995832
1616,-1.9898120452782688,-0.021414771468593052,-0.003316110345932379,-0.05161763140874196,-0.037270495047896056,1.6094343151031696,-0.09033665205827443,-0.004555652620705234,-0.09206177203731146,0.17605310538816035,0.15764633346960233
1617,1.4460769228795312,-0.013277348590151655,0.008867145739594491,0.026168624879955377,-0.008270766621393338,0.004506018127668802,-0.9431795049729901,-0.059127940939227144,-0.034792918645050686,-0.045544938976520094,-0.02521749109058499
1618,0.8129057076471035,-0.05305185583316843,-0.11275252400308429,-0.12813126626756696,0.0277190099796214,0.059615835972678194,-0.046588864962395365,0.0876034130770357,0.014809146709223665,0.011565645458098957,0.06132511829571935
1619,0.6304246060055915,0.025603432339828196,0.08497526477743352,0.05275554294587099,-0.050209754193020754,0.01629124443600537,-0.015863408214256993,0.017558328748784442,-0.0227574854943741,-0.011990092228207424,-0.03486395893730311
1620,0.004178585942288539,-0.053527619358351965,-0.024143527056933876,0.08998507445073026,-0.05515079833419952,0.03335316174323282,1.401018122386783,-0.09823089724870714,0.1137548644541943,-1.009768105970105,0.0019486671352160834
1621,0.24710371499471093,-0.6740124667858912,-0.06621117497030436,-0.11697005604335822,-0.018866832050936904,0.005680350466050692,0.015295195388330702,0.009460826483353274,-0.15521421755706388,1.0336978192828146,0.06911968595386682
1622,-0.10089440948906186,0.9227874672452673,-0.02344472250763121,-0.004672612536262394,0.09134140499985137,0.017005706194604054,0.001062649377487226,-0.6692562010827552,-0.018769014866633998,0.25603124939520217,-0.09839634881585543
1623,-0.04797049535512897,0.01048924367667941,-0.010839661770540812,-0.4802986893896912,-0.07781356376001197,-0.23284599225319488,0.18027671710193593,0.8539958925231099,0.013303746941384448,0.015231010782412423,-0.06141892526028023
1624,0.16588949823524046,-0.031041265623980574,-0.09079848707805188,0.794501719459192,-0.025634090496179103,-0.09758127265986895,-0.12743524998164696,-0.08618573339143468,0.014853146861800025,-0.004214883614010996,-0.6767538079818899
1625,0.21715545789731228,0.012145893409639064,-0.0035971745759498805,-0.022308952518173015,-0.6151075313844938,0.09795420270378583,-0.1696114625572509,-0.057949919289367297,0.16814956354020513,0.02448658894703556,0.8713034800206721
1626,0.10677693866930656,-0.04984680634532447,-0.19108594492449113,0.14667719294341125,0.6047581133772756,-0.10390577223990823,-0.22886492855748072,0.018042436334384557,-0.1654131348921286,-0.09559453421772988,-0.01504413142287324
1627,0.11524063206382462,-0.026020078553931104,-0.33501595595093825,0.1750706638877562,0.02037533627902767,-0.1735021380098657,-0.16431790830039222,0.04138244450234976,0.4787955923744989,0.01585553336214515,-0.06492168117643368
1628,-0.05090148969250567,0.14101815076418994,0.589490740166436,-0.04839450708393157,0.04729587356458638,-0.2188370688807843,0.2039837019675623,0.10261497324225648,-0.036450395078842034,0.1885195697157984,0.16293863628431654
1629,-0.14652641125192203,0.012203703849822594,-0.035910294146759586,0.03623943304169932,0.10610122931500612,-0.6393599711519378,-0.03788288053630968,0.048154876688420195,-0.09241507622524091,0.026507832655866793,0.010398427426413571
1630,-0.05929888012992196,-0.02755571249852852,0.4299172360446449,-0.01580611146930302,0.04011624447894186,-0.23354001563123605,0.09657624351876534,-0.033588107464300694,0.07988339978373887,-0.02107899534043206,0.06477599567133725
1631,0.05352667492460038,0.7159061422184942,-0.050007597671683154,-0.044041261145499534,0.049739377743731925,0.10908465189606384,0.0010250929802704811,-0.02050143623260985,0.02394508570168478,-0.029575441654889782,-0.009661797202122199
1632,-2.0002874634848147,0.08266581601527097,-0.023195290637916508,0.09712665397770298,0.034439730954082294,1.4980473406216532,0.07776672961051063,-0.08011939733216893,0.06357783110694418,-0.13587316433834493,-0.0216252288428513
1633,1.3487783811285194,-0.10499129871677823,0.055545638483568416,0.0732542139248899,-0.08135563892095014,0.011554037633659052,-0.9795866907147623,-0.051695628397332986,0.1324094133018388,0.026849736005907978,-0.06321361613055525
1634,0.9916555864997559,-0.03379480103994632,0.06292903103717434,-0.008824926631128091,0.07392552888109348,-0.027666127690436998,-0.11888725619300496,-0.2092918669406002,-0.14639671836636595,-0.048478735180959895,0.24302435264528283
1635,0.608163718541727,-0.07076058191693926,-0.09689751761077214,0.01674054389877009,-0.06161640980298543,0.042386783641577754,-0.0313150562743065,-0.0018049520782847605,-0.0870167050195877,0.05255067696427608,-0.0001291728961410818
1636,0.0038176685228276577,-0.03837165236833147,0.032306229354839656,0.06510046649329711,-0.018575731520454584,0.061462688411974796,1.3950302039331228,-0.005043142097789988,0.05499358899506848,-0.6959785935200772,0.0371030119887969
1637,0.027346673671266527,-0.638152872510465,0.1538626246590257,0.02825789759644308,-0.07769475083102671,0.019065875496344222,-0.10543777220043865,0.09957164173748895,0.015807877994544136,1.0344618587953702,-0.014086628898652264
1638,0.05351040081932313,0.8525171382935238,-0.006777573150004544,-0.035151840446016644,-0.047704076952098794,0.27144597561647615,-0.046519515059600114,-0.5654907977226056,-0.02590964079618533,-0.14933158119747747,0.037337724088540206
1639,-0.06078050298484883,-0.051718830972185756,0.1009727715308546,-0.5856073272988245,0.07069440988019349,-0.12595528022790636,-0.05474437044903554,0.7833364287174147,0.03317831753710955,0.048521085521930546,-0.05900922030122302
1640,0.16179555537878715,0.06328104287787505,-0.04597941765859641,0.7670011965100257,0.06569297145332895,-0.12935230701025055,0.03001881659782056,-0.03127069084632882,0.008089367280633728,0.07637201791468934,-0.5125396490420804
1641,-0.0060461295781622515,-0.10397180674287516,0.08998523254947674,-0.022965444678144233,-0.5053307314304686,0.09647700651318479,-0.2697507108656509,0.11493285845614223,0.1754152955611001,-0.0752142179513041,0.8774766836504154
1642,0.07543259959333705,-0.1861177232628041,-0.08901751696311518,1.558609167068379e-05,0.563278741509452,-0.16375816803462595,-0.24432597486931001,0.031810346637446835,-0.2153188237561813,0.07327407809843257,0.007959367019828547
1643,0.1116154454134159,0.05097398952783281,-0.25916264387325827,0.046408820218530586,0.0376920572331051,-0.16843055216698524,0.05293836843293098,0.13041432488783522,0.44480252778515317,0.14803161962290004,-0.05314118369686261
1644,-0.1251903321724993,0.055408878064969844,0.5685943010431331,-0.042868147652075556,0.11229961368279749,-0.007159679810421619,-0.10649008866960638,0.05035199762156987,-0.05435558903461787,0.17843807978654194,0.1360471088201858
1645,-0.034232152893311656,-0.0037461162443940673,-0.05806955785709959,0.1030062634498896,0.1027987611847645,-0.613713710885258,-0.031314355879448925,0.024954966049837553,-0.03613855533517673,0.062556642369153,0.14042754513814668
1646,0.02299670021279706,-0.11310930727348088,0.4561609789030773,0.13122592097976862,0.2677029767385368,0.041449376942056575,0.06200542964716276,0.09603837343262275,-0.04785426392778852,-0.028960444959973443,-0.07669710876064435
1647,-0.1182922722262805,0.7248632009183957,0.04275453157902265,0.0355493624901323,-0.03313651343409443,0.10445707635578771,0.13439809221621207,-0.08497404680231607,-0.038557380988526756,-0.011409062700961805,0.0021068927899965187
1648,-1.63507161018916,-0.10550568386731132,-0.15559912442951865,-0.06745112599144928,-0.043523117859613554,1.8462701814148874,-0.05695579108525815,-0.0013867026075237883,-0.14461192049195218,0.030806122383098,0.11215980708708356
1649,1.2745708623075276,0.05138272960491687,-0.007835352375719612,0.013143577180669715,-0.042620052394454634,5.832786147339278e-05,-1.082026098348023,-0.02192102709891522,0.016919794232546744,0.020176315624160848,0.058754903009171626
1650,0.8849803061968478,-0.09989856629852614,0.06071449245622161,0.048028245742308004,0.09597947201801085,-0.27808182516392393,-0.008690817537946706,0.06729704273478475,0.020903099139349644,-0.10658476933971567,-0.03425328720036633
1651,0.5779981606732618,-0.0065797801541232865,-0.021880662493008702,-0.005654731220567043,0.03360505390716229,0.07826032667852359,-0.004412952796674835,-0.029584271323444017,0.048938308969417796,-0.0006861983772346114,-0.07063015361896642
1652,-0.12272256787564838,-0.03690458882203253,0.02532580467850121,-0.15546845364859463,0.08410801726664768,0.0702623771079269,1.478152586140068,-0.02516032968826256,0.11739227940736588,-0.8395502541235694,0.1038609364411774
1653,0.10489647360915251,-0.6611024007079415,0.04486962928608502,0.03269413154292951,0.14415371828903994,-0.09232433907973446,-0.009837306206943711,0.059206842492726,0.13488059447205247,0.9892518342680228,-0.10741479216879822
1654,0.09490324464413658,0.9231442596323437,0.21614306484642434,0.014871609743371862,-0.03912494549019718,-0.05439123757292608,-0.07641875292520339,-0.714332923840341,0.0778935487657983,-0.0007149214308375144,0.06706351929384805
1655,-0.005725638470060666,0.16632566952021596,0.0024188495264872993,-0.5567808119944904,0.07531661613572094,0.04134486547345335,0.006136528094224817,0.8718588499374633,-0.07451228335965682,-0.06505117334341909,0.008356462747617813
1656,0.017259626367032623,0.02768865126644312,0.11270821914871271,0.832582948838218,-0.02745103907126156,0.09613657590158842,0.27395438258598004,-0.007693787612137074,0.017447830348486876,-0.05698415914577226,-0.5300072763242855
1657,0.02264371146705007,0.038206192831731996,-0.00994623038631037,0.08621765673269029,-0.6566131395823289,-0.0404131448523435,0.00738728618577025,-0.07841182911264911,0.006982448978703033,-0.17200489144849396,0.9112084591934086
1658,-0.000562023686733304,0.21237713201978642,-0.13186210107249308,0.050391502760176614,0.6304028762566647,-0.1667658870620087,0.013305168321231232,0.044466128940154885,-0.07727640091191032,-0.12965613935491402,-0.02267033120503286
1659,0.04064387457546912,0.06717245423111248,-0.13533561746507167,0.09223116132770864,0.016715723157086942,-0.12785591359684315,-0.15427798436138343,-0.14877360615334825,0.4961661633326859,0.14297192905981596,-0.04578205602861355
1660,0.03079179683460703,0.050599404106453486,0.574000816184054,0.19949251900299148,-0.0296124129427487,-0.2480880149883191,0.08512746501542232,-0.02105086391096702,0.08983303385006644,-0.06865379385706412,-0.04884408048502143
1661,0.017267386992699793,-0.08286945626506602,0.042619182898994336,0.045709843833486336,-0.013961957276448032,-0.6121053703335128,0.09461880321724343,-0.01569916287848063,-0.0842154584871796,-0.034064389075384574,0.028386718410776696
1662,0.2081066170592159,0.13324330272225327,0.4364126295523619,-0.16693128505738883,-0.10995145867135712,-0.04719004964670177,0.09972777121243435,-0.01132774192187422,0.0641414141393407,0.18767994731338444,0.03253277053626509
1663,-0.02958313741819609,0.5896772797446344,0.0020130058037455215,0.03474638883406209,-0.016399760867395925,0.11019779301452297,0.07986570484940281,-0.055600502002385116,0.028374661532609268,-0.0693768600475611,-0.024881893031455733
1664,-1.7679924931865152,0.11651551652852353,0.07973331521173124,-0.03889789414533777,-0.08940665431054867,2.019155183329097,-0.09605441076973403,0.07295914949237566,-0.1170094719357689,0.005166724761200055,0.07940674715017612
1665,1.4639200891388602,-0.08490152549459891,0.08632263085633962,0.11746740460893275,-0.01720897849809326,-0.04766992843885805,-0.9645717761141439,0.03684493729833427,0.008807778041532467,-0.03610192280927924,-0.10831119506140433
1666,0.7103655347962723,0.10781777376059483,-0.024757253222702547,-0.1286817883109395,-0.014475174666059718,-0.003836390154833773,-0.024443522255704363,0.05654921905318123,-0.003427124282062457,-0.007571654548995545,0.11503888658486813
1667,0.5621622651613557,-0.04498605504539758,-0.04817665546634388,-0.035696131970594534,-0.00588872984638455,0.10880057939683867,0.006201587862149515,-0.007661177256055241,-0.03012883641579036,-0.007244615267870443,0.02714920298807143
1668,-0.09704420765407544,-0.032412658880192825,0.04991513809623407,-0.0017587533343027357,-0.0058843536078793494,-0.09480466914658092,1.4720908815844036,0.05975540962943167,-0.07013960814241575,-0.9293686242471577,-0.17457210240927984
1669,0.1259696740898201,-0.6382102219477526,0.07711050183156777,-0.023702498703692135,-0.041366998879837094,-0.10957616236702343,-0.038017461875140844,0.05015089469200628,0.12973839073118587,0.9584045269820408,0.0328134768430067
1670,0.19423757437928954,0.8336789574243559,-0.03557776653833597,-0.002396336261291373,0.017215288924998802,-0.08009991198329648,-0.02009572954653354,-0.5505948011300367,0.07087707800839774,-0.06267232512564164,-0.03090135262725986
1671,-0.03927648928620742,-0.007313495002190869,0.13116776446388184,-0.5143561472674305,-0.12980882860169193,0.08864791298846289,-0.00441784784017717,0.9933263662713604,-0.04587494207750566,0.0358766255716403,-0.07757867352583847
1672,0.027103730909300173,-0.016782971376856245,-0.09853460374022949,0.7046472939462174,0.03680006354395089,-0.07488652149038127,-0.04174045628808575,-0.0972615405817064,0.006493735585015226,-0.11369648279448424,-0.339462532600169
1673,0.26118294657862734,0.03325659892533154,0.033375284288901734,-0.008893178761338324,-0.5669973792782974,-0.056233141100523076,-0.010497542858982765,-0.11930366108615048,0.022324914868916877,-0.2566486975971435,0.9190665282281979
1674,-0.24964340805430685,-0.06083163325831084,-0.06572352461122351,-0.010714623303494354,0.6307584471086648,0.03166227590505002,0.024176502086806828,0.0028115174773007115,-0.38131292028554126,0.08488419021170479,0.056516420772349814
1675,-0.22907418394697818,0.16477244525079465,-0.08503804177197352,-0.0013891432619048145,0.01743989106520931,-0.17166717438347975,-0.07113174492870404,0.013317633943246943,0.48671754842168613,0.08021317841249066,0.013325298810094748
1676,0.16029642807724817,-0.06613846542865766,0.6342378766239392,-0.02031563834082235,0.03880601661580506,-0.0617317767280711,-0.06898857829574703,0.027332996826428917,0.0803860536118697,-0.1548143239409774,0.0705734236202855
1677,-0.111905697655954,0.12795677248807782,-0.09194194358973003,0.004840094534807699,-0.01452928716850015,-0.7018706577633986,0.04213712648353969,-0.06777207410303623,-0.21120807493536356,-0.051474498549850554,0.04134772695236066
1678,-0.04456840485502228,0.05596376203895954,0.42994491521202954,0.16090297363738895,-0.022869888158914827,-0.004947007915251081,0.10611894225532492,-0.13460281090750834,0.07008128881977313,-0.038132489944124846,0.031946428878553944
1679,0.14743639071279785,0.7182602936220954,-0.11668461299182163,0.0026531604725124397,0.06513530874377083,0.18589027815950043,0.14853401454225262,0.0037045502935838023,0.08355658576427061,-0.04294826824385783,0.002539477577095573
1680,-1.8868120042502807,-0.052899838977215716,0.15980178271059725,0.050005396464055316,0.09522833160013867,1.7246341635840627,-0.02604933436769299,0.0639115518009414,-0.1283916144553552,-0.06633212610866872,0.11482669572000898
1681,1.534866669002315,-0.0675403360852906,0.028353394756687102,0.06320514260408981,-0.06908843717557961,-0.016592383079892394,-0.9550368144169757,-0.006950708111382095,0.027753042026957275,-0.01959914333912915,-0.0006321938088872355
1682,1.046366966961918,0.05323241881384678,0.04030969380369187,-0.15966219250850602,0.19087567888715684,-0.011870971546478884,-0.12983570702436936,0.07606737625006066,-0.007413276744124365,0.17621516411678675,0.08479694779105892
1683,0.610522893632582,0.0181106348397786,0.01432913622681711,-0.0017562244994452055,-0.014409426724360245,0.0014282516223361463,0.09342272693305927,-0.020437201497341823,0.00477012977207035,-0.012216050468494652,-0.021365061284040792
1684,-0.12548623988754637,0.05514916723284091,-0.024897415249137342,-0.019148685201888702,0.07761052770027865,0.12737511675953464,1.2834043915808033,-0.15053851908658428,0.13434445169738002,-0.8861603819700201,0.023005646363760537
1685,0.012455094020829758,-0.8009871323114257,0.0032163759220732073,0.0026750689673015636,0.010531875068334442,-0.0708063081521931,-0.09151685099973497,0.053434701684708805,0.10866564268293889,0.9247072493697798,-0.049968490541724545
1686,-0.4718992781665791,0.8513630553846748,-0.04024060725291413,0.03382575724705962,-0.021117617913497953,-0.11557870233750747,-0.09807525177957768,-0.6796762280559796,0.014247788536027439,-0.06389293059851785,0.13387102862479255
1687,0.018868777537817107,0.0943096134864291,-0.07364796260121055,-0.6805360951464388,0.05384693163863514,0.07039444369372597,-0.17941292408348464,0.8791767679462801,0.060705586008567514,0.08918244223343544,-0.04176369550193746
1688,0.0010422910627836466,0.09131687417054957,-0.03528746413624364,0.8146604828946478,-0.06371581602613806,0.09058564380617934,-0.08978691072088194,0.000906241714653574,0.04250940070472428,0.0003570018354767209,-0.26018486683456665
1689,-0.022113091476253448,0.03223998871332848,-0.04926424443603167,0.12150722806348462,-0.6186502716593931,0.017973095993337358,0.12127139702890466,-0.027812365359460963,-0.1025772143387085,-0.07421409077710975,0.8448919292515187
1690,-0.2548545359441553,0.03040483567664825,-0.13200980848517183,0.01887429983810363,0.6334539750410082,-0.06877751614753609,-0.06687627375841274,0.021799503231790113,-0.19018636300318215,-0.15636519199544976,-0.028291490235953433
1691,-0.3254903906907477,-0.015188702503498849,0.16364588012504594,-0.04603026060684684,0.03710679236809584,-0.09378531725619858,-0.040367544861700404,0.07288032869639607,0.49690698283132817,-0.03630030646453928,0.027932831523830744
1692,0.008418413214211209,0.044925325494285885,0.6029198720316463,0.023945223100241275,0.10104874768062247,-0.1476430979910153,0.03218769149723022,0.03246205999534366,0.042984711920364294,-0.06845417090077612,0.03241440571210828
1693,-0.08209817064266858,-0.08538308005159179,-0.1443790905844409,-0.06586002588413957,0.016777886617679656,-0.7422272559211117,-0.04216987067817602,0.023039083053596785,-0.009949353772145005,0.002287975582969338,0.047284637751619285
1694,-0.11556822298092373,-0.04595268517860895,0.40900629488508433,0.13039365280649284,-0.09455943674633108,0.086784635615418,-0.05652425659646462,-0.05155564770212751,-0.0024633284817218454,-0.08975173030477848,0.05157309985379788
1695,-0.09741850055626292,0.702601673311194,0.007209264584605361,-0.04743237125535669,-0.0434199539473224,0.26006257574553554,0.04845133373708689,-0.019412424162371354,-0.11457688275738681,0.05390325180686971,-0.08500357693406636
1696,-2.025466724136485,0.054675119406370404,0.012795828458144797,-0.1380627774488794,-0.0006792581962135891,1.647681003815051,0.13591377783052808,0.11804004775221001,-0.17437129022100792,-0.17002896100563475,-0.07850770304942362
1697,1.6993460869559873,-0.005730217470405675,0.025677423905728202,-0.06689857911185063,-0.01132329365800352,0.06494530497558734,-0.9239296249023423,-0.10579973772630728,0.07889237698931584,0.03355427716529615,0.004820189982485326
1698,0.8383174399176679,0.0028672867091682677,-0.07631858362451423,0.0295284833088414,-0.036574433779155674,0.05350468880909508,0.07329100556009596,0.044358817281360166,-0.07812968105513426,-0.040841746143326,0.0372522428309391
1699,0.6086392109729426,-0.03746603349686411,-0.06662263678961407,-0.026013666345649868,0.007316631565355758,-0.003240239853273104,-0.0071937921671875885,0.0058882526314730545,-0.010557316926395202,-0.018040425950733727,-0.01758532491775365
1700,-0.010062564979723462,-0.052169453480306764,-0.1761756892056051,0.09463196038382046,0.056254407333042336,-0.0034173216516572083,1.048123980888107,0.06704141712466637,0.03721965709221531,-0.7298543602850062,-0.04987334933423
1701,-0.058262642655414934,-0.5673312008000524,-0.06077306925057634,-0.015321864037734103,0.0033580821339514785,-0.08371622624892651,-0.15084106380866924,0.03824727308120286,0.013519194174733441,0.9744789827840333,0.06616416986595589
1702,0.208919116569841,0.9246143227958923,-0.17175001788411792,-0.023812194501721638,0.05563430229579317,0.004011144350160982,0.19522956371574765,-0.5415971929660355,0.055666679675619404,-0.04754270643261168,-0.03238313262177837
1703,-0.026695217120974734,0.025561313818327654,-0.03981181232699635,-0.5220765112322465,-0.026431960530449064,-0.18057673286791287,-0.06664688247472833,0.8476827262524996,0.05959500242255554,-0.04886234632719403,-0.002109581573487996
1704,-0.1944886529080797,0.09507870739297217,-0.09749933201240286,0.8044710194762187,0.018280421552888327,0.1773444357268922,-0.2231036200558551,0.02369483615433954,-0.05259810180685005,0.004443936082371594,-0.36122553972222454
1705,0.17069856120061014,-0.14290823768339114,-0.1253204247690559,0.01569728984203399,-0.75604014106887,-0.11255819657666423,-0.14121634538480157,0.006333492241488607,0.06778759880536542,-0.11084758842136729,0.9493806743971672
1706,0.061200812851898975,-0.031764026222953046,-0.06616507703355802,-0.0597622772237691,0.5831951290758287,-0.14735464679012922,0.0014554151619586893,0.10442079177551923,-0.24384608653835493,-0.07888238720111894,0.05220086638109472
1707,-0.22744608031536317,-0.08203151737940936,-0.25475140926186646,0.1192721675187813,0.030236952400326454,-0.05025591340672471,0.24321040934841306,-0.0759639877979704,0.47404923398793164,-0.0961322385952671,-0.20661158903915602
1708,-0.08023062742269998,0.20925067446039666,0.6474530616033074,-0.04352463704242371,-0.01810898002022815,-0.062164456117402435,0.03138039225615576,-0.1627812951912336,-0.023612310944794115,-0.021283886937180776,0.07699328198650371
1709,-0.13665910001400094,-0.12362869540060958,-0.10319828971743564,0.1776503926500398,0.04254232382763982,-0.6800415871683235,0.027775487748006124,-0.1193623828329532,-0.03020016218427658,0.08485494944441264,0.01188808512572384
1710,0.025316094282379527,0.06515894817906057,0.40655618214069017,0.0949438456880937,0.047825690659022604,-0.090134118963547,0.09476506624433918,0.020126758109942314,0.15658789646673546,-0.038456929880932376,-0.20044743345710342
1711,0.11962045633072974,0.6618531839631397,0.0288433364584003,0.007920399898790058,-0.005838672722425286,0.18034777281782705,0.23791878426873175,-0.03048886681781966,-0.013053989114327218,0.019824116199526592,-0.04598783534368463
1712,-1.6906321486479061,-0.04533957835750451,-0.021997676957607324,0.005348855666256407,-0.026227646708323428,1.5808411047778734,0.04588155974151031,0.04320450111610776,0.004291369701806279,-0.061994103530871904,-0.11044612487772038
1713,1.5801377770727802,0.03465026660778136,-0.06150898149220687,-0.001975465455617282,-0.032322305271268205,0.05308087043841694,-1.0256894756679769,0.0541703422311428,0.01823674330917116,-0.0006929373919766731,0.04209502303760307
1714,0.9529553308011378,0.07676673734749764,0.12584157181292357,0.07661314539006951,-0.15629763976930924,0.0385174361420033,0.04487405792211352,0.2104034418823537,0.10257820355525471,0.013016603972076962,0.07348172931582939
1715,0.6774668290259851,-0.00862505499968892,-0.08481285837352887,-0.005901779654407637,0.022743677688559144,0.10917054597772254,0.019594861376486028,-0.006240105592565255,-0.011557038311275084,-0.013697461001254957,0.06466802139771287
1716,0.13400626965717324,-0.05568808248868071,-0.014896568083594956,-0.038810373039040384,-0.07433905267500647,0.11206110766999652,1.2771817596711525,-0.02637467668645937,-0.08047723720693253,-0.9623678705205292,0.1130790269032308
1717,0.08904193774893324,-0.716386760361635,-0.04039791576809621,0.022199147448506144,0.01398450603205521,0.06315474642176021,-0.14780104179612885,0.11907278539169465,0.023800387206762495,0.9382021886182724,0.03980514184999251
1718,0.04004297639207941,0.9591881117815553,-0.05608117307924884,0.06108571328077561,-0.021394705221710737,-0.21428676933461224,0.045421906801916684,-0.6394878792799825,0.027233356558645165,-0.02218692500261253,0.0038202396810464445
1719,0.2291730878226736,-0.03457452278821739,-0.15981931224180826,-0.555782365143251,-0.04003340650112278,-0.014630179956738883,0.09631839431583933,0.9136772938935394,0.09242166445656197,-0.00657197286992264,-0.006807617978044518
1720,0.10699113268382406,0.16189446870111796,0.0051579115447643155,0.7605218366021709,-0.004841000109180538,0.19277811835639258,-0.056538487247816786,0.06430812546364871,-0.08553692932907576,0.1150032353203035,-0.4719575102028688
1721,0.014683052923330622,-0.11473366735213184,0.11654355312712572,-0.06119462646298565,-0.4397524822278477,-0.0028195198328120194,0.11267581361125553,0.005227064187703656,0.04226904894708466,0.028647019077917453,0.8316245443921891
1722,0.007092593066951694,0.0570414467051686,-0.012991261130151654,0.12070710311737151,0.573014484008681,-0.05080872799056742,-0.15546792174801885,0.05866478281658777,-0.17110765617161633,-0.11503713344498306,0.02041985012815202
1723,0.06404971384319476,0.08470542224269359,0.047515643125613335,0.0008168398796095065,0.07629925480455352,-0.14447629158380568,-0.08769617120466675,0.03994795437442858,0.4688342979873799,-0.1044729573559645,0.09219044087764397
1724,0.10219882496585131,-0.06526398228213212,0.6250280676468858,0.023062122892116767,0.11256396378396574,-0.2967211408636175,-0.22454034748657484,-0.023104712885385834,-0.14364278913207934,0.3368636955397592,-0.004828311063398897
1725,-0.04531005968779761,-0.027766937899801277,0.0995690226847214,-0.1049394258557303,0.0017963772043256302,-0.6604082193644455,-0.010260920256863142,0.015291329460610938,-0.15287328244847948,-0.010818359213842263,0.019651520122196252
1726,-0.23580942008818553,0.050405809677183125,0.4045508285241171,-0.06460394484275402,-0.04841092072855014,-0.14079713008552136,0.03179264050990214,0.04459957372361627,7.930051056505814e-05,0.03404680423268882,-0.0015594896842739594
1727,0.03132416847511231,0.6637227805622451,-0.058646913923717764,0.03414380067833731,0.021486619793127746,0.07906287630027453,0.14935224525119595,0.0552169990882352,-0.042944108675921924,0.047789334202199676,0.046828497786921525
1728,-1.779332216875099,0.04896343200979535,0.029238110253363397,-0.012500990284062978,-0.07420416666852725,1.652821381321223,-0.013639514231941102,0.11868370058467502,0.0993639043524237,-0.01884310923172045,0.0008246570523105633
1729,1.4507788745633625,0.04387208324381586,0.11571463823655136,-0.0048726972161774835,0.0024602506160610266,-0.14182317012812581,-0.9255442350384483,-0.0800951891673674,0.015698901811154548,-0.068279247931295,-0.008039733063639429
1730,0.8435924194359653,-0.08821897870399695,-0.030839448932269076,-0.023886722306835483,0.14225583928902388,-0.12454953813995963,0.003836456699213349,0.08959569209544273,-0.17802293556671073,0.1574060327990635,0.05508777678271626
1731,0.6281251788043183,0.03079684419159067,0.05443201341019315,-0.013131507845232579,0.03081826315362959,-0.013241247658842902,-0.08722519317671361,0.023515150927437507,-0.022861562299213458,0.02062635688580869,0.010430146057546389
1732,0.13684639017269334,-0.0444913731680875,0.05664329482739096,0.05407813093339976,0.11817674066217491,-0.1627983829962044,1.3457278080346478,0.005977387607169609,-0.08986142864343025,-0.8361765283190712,-0.1105893287369313
1733,0.17978862700854187,-0.7642747680887313,0.05709935877961746,-0.05092944506585199,0.04055651673133539,-0.23606679637273195,-0.07169594081016774,-0.03636620677399473,-0.002551271528649433,1.0109646120300788,-0.00887602343084318
1734,-0.056488917254167714,0.8038373680104541,-0.06311644521671844,-0.006036983989344896,-0.0017100797252281408,-0.00864364540293464,0.06785799133008867,-0.5987971199719103,-0.10527623262163609,-0.11680857315669096,0.0162916786335337
1735,-0.0828121993263262,0.017891478745804473,0.04677434923515854,-0.5414920295016166,-0.025597155303965013,-0.04249602382930978,0.14118174723827487,0.8790761279930097,0.10886781647383438,0.2967570889419493,-0.07697597613527424
1736,0.022142550110534922,0.04590137934967703,-0.047531093131015105,0.8406181566256862,0.0074870865864932,-0.011753510187741135,-0.09009541563451406,0.10864371225879607,-0.1025034255380769,-0.087033379662553,-0.503668495875408
1737,0.13224782784577407,0.07951481322472374,-0.02600402400683028,0.10070657297343323,-0.3619902330348713,-0.17001907607345437,-0.08142403680506119,0.03764758024262514,0.045071034652655176,0.069556056213367,0.8338844271733516
1738,-0.14372430125286814,0.0027344880296939003,-0.012719177189178053,0.08860511905848757,0.6384396454802623,0.03139626043751048,0.07214976327304798,0.07772656443463495,-0.02266504811062095,-0.02433840255937051,0.050893732775326904
1739,-0.16513049474136157,0.03320462486136123,-0.10544698995461813,-0.08859259175149126,0.006090872597855303,-0.17358807644821952,0.09596548476152995,0.07421000383633697,0.466387074937098,-0.011458655256697793,-0.011277068683209872
1740,-0.22262557841578534,-0.21041132737232368,0.556511989709628,0.04665467247597819,-0.023227538275047827,-0.062338268771272014,-0.20532082181548894,-0.10872713556439352,-0.014904723382127179,0.17466231262061835,-0.010202356477835831
1741,0.04204743660773177,-0.05051193461988545,0.1493579698536334,-0.03687105481091202,0.1332441788045987,-0.6551917769383885,0.0046342345329562825,0.13338146898720693,0.04610672535578145,0.0363475483074852,0.05771739998159398
1742,0.023054242286383766,-0.21200755617288952,0.42912870883148496,-0.0666283040630092,0.07638156088603311,0.03920331020821904,0.09661746063006037,0.05572170840054453,-0.018316578017195582,-0.10177080184768218,-0.03690708309532062
1743,0.060462655726608944,0.710206647141935,-0.1052148969887753,-0.04675443644251798,0.06702603890629308,-0.004817510054283047,0.27348695119837463,0.018368811005192304,-0.015329157390094368,0.10281783347014403,-0.01315416587090993
1744,-1.7595649156809532,-0.0695450318031081,0.10616529021123648,-0.02772401044216205,0.04338511665018936,1.8731099940515994,-0.11958035773413712,-0.004786474159265147,0.15539982730521257,-0.01318449607387847,0.06888411559194862
1745,1.2272858984331894,-0.04949705171776464,-0.018631752073017052,-0.029005606752460295,0.019915435115951906,-0.16472419206843897,-1.0786500264642933,0.006446793574436459,0.05811206864675199,0.02378841765023811,0.043502677159355504
1746,0.6578112372788232,0.03655103729508037,0.01116296714293866,-0.040172838037534006,0.016721604345458316,0.18012151819654854,0.0018831193589803725,0.0016951366114381946,-0.04832914629912215,-0.05461321525699023,-0.07601007451075285
1747,0.5430654095848413,0.0015646027144811982,-0.08615760038050481,-0.046831042440718604,0.0009849359626955432,-0.025342307114971818,-0.0632144754274432,0.024111173722493627,0.016592233419743554,-0.07199228337636146,0.011683320455786343
1748,0.12622211054593835,0.09738711021242427,0.029632834873431282,0.007519495881894953,0.06727807108427503,0.007361734734024166,1.27679439011497,0.010201097446980481,-0.04019742583777598,-0.860304385607817,-0.004042330372962765
1749,0.06923459928011526,-0.5982153547546327,-0.15179059012841414,-0.13907588381751232,0.17324676525722518,-0.05151282840466914,-0.08195240789104774,0.04541292267922349,0.10190881047655781,1.0042080400631452,0.05692126033827817
1750,0.038659252011311526,0.8086972560450092,-0.041754334449290595,-0.010502680036475547,0.045202928167527696,-0.04109434456470358,0.02977304057534543,-0.6106114308504962,-8.666908437339384e-05,-0.002882064942129773,0.08550826966463289
1751,-0.11865010480437399,-0.13074848910477152,0.05475553862725025,-0.6410404630492914,-0.05752215402373182,-0.11051950879915978,-0.027098534924829047,0.877126632992828,0.0030882443342191944,-0.14382694303573948,-0.001713990800039488
1752,-0.11160995227737726,-0.036670279398830004,0.0796116406259525,0.8217844476184936,-0.10841630214898951,0.2367508717973719,-0.09967438665980413,0.09126983265642706,-0.1292094502295081,0.17707384068468812,-0.4904080738872009
1753,0.05528481001409495,-0.10063923256881549,0.059490970055817535,0.13018203947384133,-0.4663374780759413,-0.020998379608930688,-0.09002136218914694,-0.1626405601929886,-0.022725168712554967,-0.05038302582753178,0.9354746516495214
1754,0.005463467975651545,-0.09823753228994349,0.15560449553751493,-0.04417934795760024,0.6398033718395312,-0.10799292951404706,-0.09530264261193278,0.03785808752172771,-0.12734079486716668,-0.026344237060972595,0.014081590147087307
1755,-0.027232659758721023,-0.10570945588293451,0.045490562981414503,-0.016619260033214,0.06577966246312648,0.18699117369981108,0.14354080286455634,-0.08381908122830445,0.4617984091762251,0.07695281006725141,0.02335785692731297
1756,-0.016679197410354844,-0.00244149856692563,0.5956240574296214,0.014556808043702109,-0.0016085636557660495,-0.08653928708203432,0.187398515437414,0.126383991695937,0.09590009815142958,0.04809116107580562,-0.08030269746810328
1757,-0.0466184904276546,-0.05960484307210448,-0.06321395611862284,-0.010875791648602175,0.018777091988374628,-0.6603128205304205,-0.0520144699562385,-0.007542989326386314,0.19375921983854266,0.10224360794765096,-0.04609722651301261
1758,-0.031451195890996986,0.14237458587326787,0.4535607150872917,0.024900899871295384,-0.08905550785335645,0.08366429423950507,0.2359701009307685,0.0008541463362485423,0.09078514543365955,0.08918486649894719,0.04374585639507844
1759,0.30515822660616115,0.6374726814675574,0.11532945806729937,0.0032576197822117457,-0.009541789899545308,0.08325731608372636,-0.05306243726280006,-0.036652553032746976,-0.07572756653212376,0.022762562613073238,0.00824055778988901
1760,-1.9700652649444403,-0.13171323210897304,0.0013880901607996807,0.0030731145592248475,-0.04446198224281701,1.8776010056319687,-0.10700370383455178,0.014394098658230308,-0.009441478099038758,-0.02894432227548354,0.07459553448118633
1761,1.3716548179667716,0.03423793573054721,0.02587403070693847,-0.056751275537568126,-0.008375958123068569,0.14949667469191,-0.9120713012997432,-0.07616310060294997,-0.019454060832728798,-0.008818570379500634,-0.021591515107830524
1762,0.9174025972408758,0.015420805948404523,0.0966564983079839,-0.2217665201941376,0.11822779127484835,-0.053085162038293415,0.06749468826706144,-0.09697318788935778,-0.03840486422311803,0.02652316767865029,0.09019745192105193
1763,0.6526323547183572,-0.005171030940257825,-0.04633944725929008,0.00018976214728528944,-0.08131772939966689,0.04467192049026105,-0.00800281231977339,0.0022110268113719475,0.025305988361328302,0.013604932065928605,-0.051671174330362245
1764,-0.060615036518932956,0.035693252827915876,-0.06051544615130172,-0.10910633839175889,-0.06192323744595739,0.03275512606718017,1.2680796051804635,-0.0024057353787958545,-0.033521510944635666,-0.742092368740329,0.07665476623363911
1765,-0.0399245404798483,-0.6389548662191488,0.02556453836885862,-0.0843207572629139,-0.03646828076272986,-0.021530225816828993,-0.09877361661252959,-0.10480845438784642,-0.03943359959679512,0.9782209733459032,-0.09191048709800798
1766,0.09934588049647965,0.9488562774145186,0.07174908188178984,-0.04779579067707744,-0.04528488118549019,-0.08857978730562575,0.16151805331731933,-0.6241341487290029,-0.1366019630093917,0.0004011656319903769,0.027910220407306868
1767,-0.08154424185432585,0.021566253195344158,0.08438929989427374,-0.42237228585306213,-0.08478236135696661,-0.028498498666082624,-0.017433006376676656,0.8256513463997917,0.022657690452199477,-0.09909964430800178,0.0086348184090991
1768,0.19659808208217516,0.02487759620674915,0.01577578567166207,0.7727788188255623,0.16570828525803458,-0.07840583977871214,-0.011290083159870115,-0.011170738333542917,0.054593940730266965,-0.028222734006524385,-0.6400526886541293
1769,0.10173615623458378,-0.14577344986989768,0.02877642016445003,0.029379193419701157,-0.6512027463590022,-0.00038689867717785556,-0.2732299101204724,0.045624950680662225,-0.058820679947893216,0.06590689007407109,0.8417489684099726
1770,0.16633856592621932,-0.1340910554177388,0.17813796467111692,-0.017279451272627904,0.5781462666355816,-0.007697062499241452,-0.06725422907811965,-0.003958790442297471,-0.30416506764797074,-0.12252399785706862,-0.10835778656825922
1771,0.004435150017066901,-0.18557736780734016,0.12043142425043636,-0.06606875078722793,0.03151950503278188,0.11433088764481075,-0.00019618641817250107,-0.06800897021408349,0.4585475183613241,-0.03896841792618128,0.004013516195703531
1772,0.06025619464344453,-0.17132469298820963,0.5319164759592576,-0.005512297509765871,-0.011082914864439606,-0.004037459226350576,-0.12565558010550845,-0.0236830629564711,0.26819665348742006,-0.043764651852157714,0.07244108792623763
1773,-0.050569797160192685,-0.03690902699384119,0.009739531900617174,-0.028214379159467336,-0.02581879961092466,-0.6703697523719809,-0.03565521013539889,0.1023884571608611,0.11091391454270652,0.019439537388378253,-0.12500294379199242
1774,0.04185966793553908,-0.023626437200674456,0.42238852534092086,0.07115696043984165,-0.05846933174631445,0.02632961479878393,-0.0747997102446267,0.027667577135813175,0.021177920959330906,-0.17188587733158386,-0.09610968548927692
1775,0.04155921386532941,0.6907224320634529,-0.008995651198005791,0.01834856647408204,0.03959562297649491,0.17213576946785042,0.12311726853071744,-0.022382546276453315,0.04788139351937463,-0.019739723350119413,0.010548324809522532
1776,-1.9887089133056404,0.16879954454951798,-0.006842636640957786,0.11205063572611264,0.11497897567745635,1.614515178336595,0.012421963840027151,0.059856475685030656,-0.1149107553290923,-0.2694295955003454,-0.10785394772246149
1777,1.4980207771142147,0.08971702878227715,0.08642623493848761,-0.10849991145114718,-0.02973408581935249,0.11841528819127531,-0.9095563033025954,0.030335527509151652,-0.10071358126823726,-0.01921224720236774,-0.026175958371010236
1778,0.6676969964031765,0.08042799008356653,0.10091369104130228,-0.1337477686741598,0.09847186745780316,0.2990747460968708,0.008767535476255679,0.0008974457781950915,0.1160656425254316,0.0730163868536493,-0.08063829090240253
1779,0.5865091149228012,-0.020790395645251793,0.057460073461514945,0.010205567950991017,0.009338419294987754,0.025946656085936205,-0.01820100589983413,0.0516823945106008,-0.018083170011906402,-0.03176469408929038,-0.014003059542564481
1780,-0.07984094441973054,0.02611909059700944,-0.14865614570400465,0.03493764152981957,0.015342015572633273,0.12941014524271516,1.2644062487797834,-0.10787911103451908,-0.17373147641497422,-0.8929617354316799,-0.03141597244159458
1781,0.06398237117259169,-0.675065634282671,0.1037167842918393,-0.03405929543099045,0.032399222850640015,-0.10250174990221227,-0.25718179509601685,-0.012618429861299938,-0.049554448744308685,0.9691629087004495,-0.02233293088721905
1782,-0.12608887344174852,0.9585219907027477,0.16698105648748002,-0.05906982630558889,0.0017719208047153592,-0.18898487542634393,0.07482611015499674,-0.7020705356827565,0.04920233655562711,0.036701282712380975,0.03440911765386502
1783,-0.20855654634573748,0.0549212528287061,0.05716478780345751,-0.5638794353100837,-0.13817620223329383,0.011137875636801315,0.09849379526564116,0.8247131862024519,0.005597156306916012,-0.02157915429491201,-0.12074429099174505
1784,-0.06052225115217515,0.06059708803298546,-0.051830564275363165,0.8116612488244895,-0.0170510010457498,0.19949903477858738,0.04634223118266024,0.030695990752816545,-0.11722211585209324,-0.0788510996225209,-0.41411499408594943
1785,0.04665781116351407,0.025289487242739134,-0.0593796611226906,-0.10587762468363927,-0.5659221035828589,-0.0250170834036669,0.07527509277435694,0.0439217289963483,0.1665394133312121,-0.09528422235677263,0.9204555786208668
1786,-0.23625668447201642,0.05515605271030098,0.002199231778221785,0.07998503158237906,0.6059320048612211,-0.046289990215550754,0.02315559671316891,0.055179427531720546,-0.262758079666388,-0.10180391022653211,-0.027127585797887682
1787,-0.22875379462967604,-0.0013573214233224126,0.03560852955141752,-0.12727163626639762,-0.05117415903435829,-0.0917919550154634,-0.16287570871260704,0.056507501657199886,0.47200336507533297,0.027952035410609928,-0.04555318428450673
1788,-0.15246846398310718,-0.10481393769137323,0.608052857178132,0.09254284105517697,0.17608006897291037,0.04338139177960521,-0.000575782638641097,0.08419023644104243,-0.08699577157754546,0.1539449943112189,-0.011610721913458058
1789,0.003835324993174739,-0.049913183517187314,0.03687317750184805,0.0931305917031546,0.04993091867259443,-0.698353361004727,-0.01669938200343941,-0.06169890797346857,-0.09609660567467827,0.0339158729465056,0.09214147334020191
1790,-0.1301873946796361,0.027616532092602168,0.4551804224680708,-0.01666811913619277,-0.059236287750574095,-0.029354017274919854,0.011919536064301687,-0.12211493911050793,0.08000183656685277,-0.31259162632221976,-0.029916065425708297
1791,-0.005452447725522079,0.7317787115471301,0.04039881844128402,0.002035214420975223,0.07005778329811732,-0.012089198850376792,0.06371396385584696,0.008354940454734155,0.07683797849113008,0.021442200895563927,-0.043409006023720026
1792,-1.9063886925686713,-0.0166457091321697,0.026345183004677572,-0.10211397291173435,-0.10420745428146296,1.7260590136741565,-0.15966122580528694,0.16869803242555798,0.18523190423290364,0.09103642600514829,0.013473908869736281
1793,1.415980751163328,0.03198515640453151,-0.11178856448023967,0.019336607870423468,-0.12639534243464243,-0.02325289554074969,-0.9810292885005414,0.018788567848628274,0.1378778915602281,0.07029652141635676,-0.09003050098597551
1794,0.8076527543917418,-0.04667456658391216,0.0540635394566563,0.16595938538993027,-0.055317261592384884,0.06508635078279781,0.17450923283347566,-0.04172812591287543,0.12186095593382526,-0.011415018490722607,0.009390159038688646
1795,0.686702353842003,-0.06386551094301503,0.005861758195190007,-0.009936004948994836,-0.01160121719291533,0.1783498695089913,0.024643977247492035,-0.06571471576680507,-0.03516501866938475,-0.07170732926160522,0.013777733914101486
1796,0.03326625748051884,0.10716810644585455,-0.0585982365512184,0.0065974565976889615,-0.06555775030694824,0.16380229749505168,1.2202280410888708,-0.054552446951473,0.15864384897126788,-0.8820101367404323,-0.027150008963224323
1797,-0.10248339821225336,-0.6190587147328594,0.05589542829719366,0.07259361270736521,-0.15317972701553306,-0.08638693918497728,0.004015554581980572,0.08545177750618346,-0.08819185786200945,0.9506722971059208,0.09429518669039444
1798,-0.10210489504584391,0.8785102476837123,0.10096554532509953,-0.013341651250245286,-0.08632178715343118,-0.10580272286775648,-0.041168552029103744,-0.5968536567274935,0.02108741418414499,-0.1393461569447323,0.005831626958416595
1799,-0.0583945566219625,0.13416365471468908,0.0488626530410756,-0.4799451448241557,0.0006376242686248271,-0.19167459206523269,-0.055521471708179525,0.9175599721327826,-0.008905516762814463,-0.02491698287756699,-0.053651420931987485
1800,-0.19311177079488018,-0.06175955983677673,0.039827900111696256,0.7758965140537052,-0.03262654264853414,-0.06077708385536124,0.20188561166771565,-0.08189624283392524,-0.017569334411143923,0.014363972450619229,-0.5445513638027877
1801,-0.04566706834129236,0.04194634675251995,0.026161508249060085,0.010812559183490812,-0.7310567045345918,0.18430043589293935,-0.12085854855082437,-0.028367672618220666,-0.024095971234244864,-0.034188556666374256,0.8423233683927512
1802,-0.012981573077567563,-0.037290212336298964,0.0784775840696398,-0.012796525486928938,0.6290309844256498,0.08911438999424416,-0.1792506303193728,-0.017329997692017717,-0.08449884817158149,0.18405494611623013,-0.05009458411962693
1803,0.04154323552261828,0.10514214029891308,-0.10393857027515038,0.14013282971845137,-0.024671493344925063,-0.040912462672778135,-0.027617823911884748,0.06931487192858303,0.47651806598465346,-0.11964385259536865,-0.0204974365096688
1804,0.14377605878190708,-0.09945787555399455,0.583871466356172,-0.146689268585705,0.060270958810082806,-0.23809537478116086,-0.07938012402325409,-0.006624942148572786,-0.020110827345860248,-0.04200154475896684,0.0017139360278358648
1805,-0.015403510980611343,0.05903796974805895,0.0022892813283889317,-0.02044092633993806,-0.04523338341576954,-0.6799316125875361,-0.01119900535979322,-0.09400691937461304,-0.08679556268463771,0.018450029413509855,0.036553243670608804
1806,-0.05335228066690702,-0.058452501680660504,0.4072394076082814,-0.11985916168634746,-0.057328153950151374,-0.03261409042590433,-0.08326489092066994,-0.028462381963323992,0.004341605840715956,-0.03545028387493933,0.024097427980278183
1807,-0.057816749841100024,0.6740115249968444,0.09187206727692131,0.001444969486767839,0.016984176664066847,-0.07033140430709035,0.1263697616060852,-0.019007988654377857,-0.051613140503146984,0.012095556651286076,0.05548482595213361
1808,-1.6053432251396582,0.08752389632561425,0.08008457805364695,-0.021514469428432253,0.07102540227081851,1.9821863793381607,-0.04035140868483724,0.06277869392327694,-0.1582374814790793,0.11216252374298759,0.03108452111157746
1809,1.3278921111687192,0.05085496074404728,-0.13852019192331477,-0.018639495695521233,-0.0028235738600605573,-0.08481029721061233,-0.9835435247653656,0.03585308007005386,0.07816840279678527,0.028065376552699417,0.0934110006792569
1810,0.728315992280103,-0.15448890159811068,-0.030985041534647605,0.045194572067701486,-0.062438759767529266,-0.052316111931682494,-0.017677910395947263,0.03477184737484636,-0.09952465203683313,0.009262296589841783,-0.12284813818399004
1811,0.6685737727143846,-6.810748478575275e-05,-0.10283068273342368,-0.03863649623459203,-0.07221213034623312,-0.11311784564942977,0.0028317220909014522,0.0036365268488971264,-0.03485768046896193,-0.04728567818614422,-0.027991170425108163
1812,-0.2085894832937743,-0.07831117225654234,-0.21920788525720297,-0.07040363868993706,0.011364611557836428,0.07622678502190958,1.1603099759576423,-0.06916696543392728,-0.22479198892919888,-1.0449328991691667,-0.12508763869592407
1813,-0.054060921478441375,-0.7456201498242006,-0.13354637749440001,-0.006183300731644631,0.049673881217374156,0.12470679370206368,-0.02729501227742158,0.1019018629605583,-0.017198880137495293,0.9496800356238622,-0.03954050476677411
1814,0.12177378351383114,0.8888827618283424,-0.050510753002593764,-0.07157959928770731,-0.017563565166713445,-0.038303390012791184,-0.03255619296836447,-0.659919060918313,0.037408080466693805,0.014692030379941833,-0.076279833150487
1815,-0.015130685686583248,0.07488794768925618,-0.18132176459639468,-0.5135839366546368,-0.10615341530810404,0.05191154463793566,0.035563091820884185,0.9882291991496206,-0.14862739389848317,0.12306167295345544,-0.10285474272805831
1816,-0.16132349047821107,-0.08334446692710377,0.038493154829066394,0.8074833508968682,-0.1135150498965597,-0.02938770093067484,0.06579355906766546,0.021849668960284608,-0.0216211073357504,0.05277636357119764,-0.6341116389269998
1817,0.08479271515630832,-0.018689448826432316,0.14048498617464686,0.019652694716074476,-0.3177362023078849,0.06129020654623872,0.004078703618326606,-0.09481496190699627,-0.0003312753768774726,0.19419481132858452,0.8727767087972427
1818,-0.09006937735882453,0.19565205693781157,0.02022742142782406,0.040276273066367795,0.5961836387246485,0.10159066867135218,-0.08409941214406862,-0.10323594397120936,-0.1657230805434594,-0.009178218595297504,0.03860389821050467
1819,0.06799899054331669,0.1200943802403997,-0.07648014769003478,0.06395835129994483,-0.024069361284794696,-0.04856276534959892,0.10790286740850706,-0.07973915349941203,0.48468297144885214,0.043536095301953986,-0.00932711651846672
1820,-0.003020415563838668,0.11744870678058167,0.6466402826167216,0.013003753595717886,0.0940877050818877,0.09737147253557722,0.0638782267645071,-0.15774343127853288,-0.015785720548017784,-0.05849046082769778,0.04580394798802633
1821,0.04554677243196779,0.024938334000461457,-0.02041076178348028,-0.03471478659491522,-0.027594297916506312,-0.684210966129169,0.060954338576527954,0.08791457843664166,0.02941755721865958,-0.07435675563084233,0.015667329906592548
1822,0.10185289605628252,0.04508347406554919,0.4661538295778532,0.025411369933763896,-0.0005712393200095521,-0.020594060757305098,-0.018139366305424922,-0.07186877007962766,0.06806468705799705,0.01876432250692115,0.07582959855417239
1823,0.11323880089499713,0.7113670821808517,0.011416875886644674,0.07207461072830126,0.036892675102784656,0.10427813913186168,-0.10288790646042788,-0.0315053819051324,0.02881653034137691,0.0028180465809732047,-0.01714678789833111
1824,-2.201170980263172,-0.010755568776939258,0.11345341938905786,-0.05694057926414038,0.12061586701651902,1.6238485969156458,0.055202273177329855,0.29271002089386655,0.06957735678617671,0.1265486157238654,0.037350643723607246
1825,1.4466165721068704,0.07390651059965625,0.02847757197694655,-0.03958587075392676,-0.005871943188156203,-0.06451685326519252,-0.9664927395104937,-0.11528695341915972,0.03816543276720237,0.04211456972697206,0.038894354621716275
1826,0.8307355026016622,-0.01837704657864144,-0.0397772153679167,0.02884824398306623,0.047517223182319435,-0.09983159583036065,0.09925327264985126,-0.06812321121993056,0.033676423855786924,-0.0546996661094845,0.05115925198416313
1827,0.6032350906646793,-0.009882438618879172,-0.026488800231565177,0.04816164513186198,-0.01679932959701424,-0.005651120386539581,0.004184613058723124,-0.009794983321567634,-0.05339133680424681,0.0028841252495076675,-0.07440449363493033
1828,0.0577005972414073,-0.029229688276181547,0.09536515395645212,-0.01163284049918165,0.05853365815138978,0.17621526519270836,1.1892542581741408,0.050997502512133704,-0.06497901359191227,-0.9628576806562729,-0.03769135525023293
1829,0.25548510536195723,-0.612996909725689,-0.07627265034276542,-0.12010291391844408,0.03686258601336296,-0.016282710293374282,0.08181365043186462,-0.04551569496809354,0.004681463172256976,1.090641198076265,0.05202013126848232
1830,-0.011307126982256615,0.9170616472235149,0.06579182191521364,-0.027141108263879662,-0.007882613614222373,-0.049461688210513416,0.11995578932023993,-0.5917634594417497,-0.002863421458328788,0.16429736401654266,-0.025004765546789025
1831,-0.04161284573040989,-0.02325087481187198,-0.006666213713796256,-0.493031487483648,0.0006624978109929062,0.24747760979165032,-0.017004969886512705,0.8354704066515302,0.02677835572349496,-0.024395780679914592,-0.00722348913603659
1832,0.014108443263087193,-0.11338913849967547,0.028924159537938966,0.7496221888054948,0.03161906986034675,-0.13438808218645887,0.10112266019795182,-0.005529794117260443,0.1101693302496104,0.02798474362447024,-0.3175462448351678
1833,0.17809705079996077,0.10667928231526004,0.1930814174674,0.028254311643463342,-0.5369818033722955,0.12235440688061748,0.0026155750039706348,-0.028619618680229136,-0.0353619246395348,-0.04165085679266332,0.8335248441750246
1834,-0.15996039574522,-0.06687053044284634,-0.10550739924364917,-0.07512253124226952,0.6013027803830524,-0.04273453964559705,-0.08518471631115027,0.10680454882547477,-0.1600413780452154,-0.0149957763611917,0.05037412445927211
1835,0.033499593135104,0.002895867947609063,-0.12745192883298323,-0.061400068599067714,-0.00648282718795829,0.2514508537274174,0.1319708532575437,0.04930269131634515,0.4687529486443598,-0.19239351794953188,-0.021366333881456343
1836,0.06421269785954078,0.14855017328475753,0.5506064702115451,-0.031181604416686135,0.11703219559456135,-0.011069422686869295,0.07591468990496705,-0.19475820996911458,0.010997469054321014,-0.18342648395182487,-0.0625311512287737
1837,0.00807760358497384,0.07682678063446853,-0.0010875237854060871,0.046884732269416765,0.09856170109273651,-0.6607108511758858,0.05856566072639077,0.09912749515657378,-0.13596948573622591,-0.0816515383428802,0.008474593653155461
1838,-0.18994029195853956,-0.20700005518376918,0.4070311419024566,0.11799013366555201,0.032633957041222295,-0.05426877766614511,0.0034953054755197804,-0.057225563231482826,0.0220945476868958,0.0688074515412667,-0.01866860071027397
1839,-0.009943626548276073,0.651674827463073,0.03580339236758134,-0.07540269218719092,0.06125995241026365,0.03549387934628919,0.06223685875139375,0.07985023088561978,0.032243807934998744,-0.033317618959872654,-0.03440080372641016
1840,-1.5885640306130349,-0.029816082884624694,-0.16775627349937844,0.12279464030134465,-0.06976937236669513,1.5843451481603328,-0.0731230154831426,0.09649374531184265,0.1275465280975774,0.14174279769964446,-0.07096915704461404
1841,1.272559557349601,0.04263011271095045,-0.07768216606246156,-0.04228465596092516,-0.05468446853066719,0.16444730112606937,-0.9448694409531321,0.013736920359877301,0.07511571303396833,-0.01951385756104334,-0.11207400865744147
1842,1.1818888969328072,0.011942520921963464,0.052899987104362584,-0.04250285635159084,0.04212343703111403,0.027569053656754258,-0.03015829583000861,0.048301358076664185,-0.043568586987260904,-0.11961283876183434,-0.06365992792077453
1843,0.6250479347966527,-0.00804914141080053,0.04353386581781543,-0.006117035672649891,0.05901885305369859,0.034200190510536035,0.0159559107166303,-0.0022136486783979068,-0.010418759276813593,0.01267735538222055,-0.04046925580964578
1844,-0.037628213142522966,-0.02069044076932091,-0.004311563458281813,0.0032524754460799997,-0.018612691837141173,-0.08660792634890896,1.259729084070034,-0.0012634294272416522,0.012881413062097431,-0.850695356794883,0.045589166478832654
1845,0.1690339550559591,-0.7683493174165741,-0.05036048093752585,0.004832856550656588,0.08825966025162646,-0.025362605695634064,-0.046535386715747654,-0.041127765501481554,0.027271955415663723,1.0239068539186673,-0.011920385470280237
1846,0.2066550519273311,0.9711692538589162,-0.03329360112120372,-0.01731196475658675,-0.0452259971592044,0.07978544298689087,-0.09271991559450139,-0.6045342629098585,0.04309861630689192,-0.0912506511045047,-0.07809141916106252
1847,0.24362462165905618,-0.1552021249605016,-0.06782192437824014,-0.4557092074971718,0.19266145161385542,0.04103786996985676,0.017977867170948958,0.7902754810176759,0.1540302621574034,-0.08419634679789018,-0.19610691376564934
1848,-0.07824734791217265,-0.09237490066823248,-0.14672723353062966,0.7402517724255989,0.13918691614671228,0.07889183672596539,-0.09601869276814282,-0.0610948926726495,-0.16611780202373055,-0.10229210841673783,-0.35183659181204513
1849,0.032941236034183446,-0.011596454127343888,-0.0791310912915682,-0.028244164054346186,-0.5016697725245954,-0.0235331406690748,0.16801357980992138,0.04971945990359329,-0.019095723563866282,-0.04823742769190132,0.7898381606200535
1850,0.0188885276386923,0.07866131514447265,0.07651771781113259,0.012556935244403503,0.582732946848602,0.02593903197926899,-0.11789170062915322,-0.11421298455068736,-0.2839245692883817,-0.029645365412849536,-0.018438595860982898
1851,-0.1913231660836865,0.045943073111958235,-0.28328909629408217,0.18692237549717355,0.01977501141808038,0.11773784483631138,0.14478623743936364,-0.008058825539042204,0.5219067022460755,0.03446903871928204,0.035738463117310354
1852,0.026492880418048106,0.0828714916363466,0.6050933040392045,-0.035003191672128314,0.09060387173990478,-0.07754140904640047,0.2671472486534638,-0.00018890795079340092,0.1287836487871456,-0.12373890572624774,0.1706419345212927
1853,0.020500385173539054,0.03291976178183561,0.0029186648909940395,-0.0006645402455219326,-0.10930783060521412,-0.661576565624999,0.04237187387465703,-0.05611941364059555,0.038589629863683014,-0.039234688579777,-0.07326356495380723
1854,-0.0009311231758063563,0.02140183001554216,0.38713988480811173,0.08605587430859714,0.0855419181213523,0.016278672626792137,-0.016173240672728004,0.1896364230465491,0.0497254232611854,-0.1450518532424814,0.055432414252351
1855,0.043529835664101554,0.7330802104396223,-0.015145569845997008,0.07581401115218125,0.02459803292597208,-0.043195583615976196,-0.01710396665404064,0.04762811822985162,-0.049281837747051964,0.045886164710351084,-0.007732142693880008
1856,-1.6789536445909272,-0.002024632231986453,-0.05789836816445938,-0.012617095187551957,0.07871129342963915,1.770034562635227,-0.01758172476514057,-0.2666062461157071,0.06768363977684701,-0.04516188123902795,-0.002184529272158532
1857,1.7142426698715503,0.02698973794129827,-0.081511931440345,-0.021429642100470287,0.07418029471300226,-0.05448231525519167,-0.9519901958480038,0.01252729308232644,0.006359833465217029,-0.03885046228103109,-0.07351419877640859
1858,0.9057914960952025,0.031588475824649104,0.02375676976921418,-0.10953391295904233,-0.02981204772798822,-0.0004748261689895769,0.12588040975670173,-0.019526629343096753,-0.13679864430392663,-0.09949370070273655,-0.033953706150522144
1859,0.6755143459545462,0.001995823018172223,-0.10664090109059404,0.011534691364176564,-0.008058919385450303,0.039128594005556294,-0.023357524986896715,0.011161246954493076,0.038858730518923926,0.03585904265754233,-0.010264317372151017
1860,-0.01072529846043762,0.01375695084835653,-0.03557048097621541,0.02017741177113368,-0.0026695169804616106,-0.17371361393876875,1.3305718204080377,-0.05166563858361063,-0.013420776205637855,-0.9188264951622558,-0.08341344080792387
1861,-0.06733499189900116,-0.6886930321203163,0.008955623875533565,-0.05873946935299866,0.11546510873655152,0.050235395218206066,0.14260748729715347,0.04275044360228909,0.025294372267747126,1.0380360996557254,-0.042765958464575635
1862,0.06075270751201507,1.0171951483367088,0.007699044800186594,-0.06461030701320673,-0.09126017294513171,-0.21207507466327943,-0.0928196212684888,-0.6232022843481564,0.015908856640001866,-0.03830565317794119,-0.1121128841009389
1863,-0.13523388301652792,0.05109215849378363,0.014220840621083919,-0.5747039096414972,-0.04977402744161721,0.11123460425286572,-0.020134383020043,0.8646409828238393,0.025109237499414797,-0.09674138896303491,-0.03351742891388114
1864,-0.0014791818933052264,0.022615393744271607,0.11162131438037884,0.8039708705722831,0.011312450819350388,0.045978480827986265,-0.08363322568201209,0.027853922642361476,-0.19400253430903658,0.0027064847078790625,-0.6121611214171236
1865,-0.04666116416465417,0.10387187142336568,0.012992184637688451,0.0764755247864859,-0.4328098953877406,-0.050377716506127504,-0.021901946134798254,-0.1674992906454262,0.09931577433449368,-0.18250884241952178,0.9501959391717184
1866,0.11360784842298251,0.11338431727152237,0.020292025242027733,-5.3513968876122385e-05,0.5592238126839638,-0.128409803463244,-0.03158856177735585,0.0015787312509817192,-0.09547944007549639,-0.03262727455278748,0.03616575127665393
1867,-0.07901356743763295,0.1859655871163528,-0.35487279683476286,0.006035093850022537,0.0012937878200504553,0.0033974706482319634,-0.04704051660541317,-0.05503068646509877,0.48793995307664034,-0.05040784128639844,-0.009309276098343758
1868,-0.062027811380589264,0.0892898391872737,0.6008299647771578,0.06426874357663857,0.10336522323870893,-0.06047038255833389,-0.02804640619490286,-0.0808177512321618,-0.08774970878330093,-0.046955706264218335,0.009135702632427207
1869,0.044252325711778555,-0.03320159367520693,-0.02110076158842013,0.005118202150957066,-0.041871457182964755,-0.644913125346112,-0.06789761866637646,-0.12040707873106904,0.01785946183480373,-0.05546172871879722,0.09967829044215112
1870,0.046687139575426376,-0.06893911859886306,0.41339386668837447,0.15395632250545369,0.09991690521472055,0.033568191870960856,-0.02009115075373506,0.03421893843236146,0.009408283116286114,-0.011323706848668976,0.06934069861629355
1871,0.10832904705128962,0.6810333228252992,0.021735441458971744,0.007549070928807161,0.027700648648740365,0.06581613642807808,0.08024845760489624,-0.053425914782329206,-0.021789604904687038,-0.07124968585502009,-0.0018537787981749289
1872,-1.8916792508505125,0.025908609168183203,0.0006400772429072943,0.10699802498298121,-0.04551456066621106,1.877566816645095,-0.03818893358739252,0.0011084316889001817,-0.012303130661830643,0.11592427214551994,0.10420111545277122
1873,1.2468239473715992,0.03633748291664215,-0.06685962694816493,0.08731098424307046,-0.05914149767912952,0.034286010340113235,-0.9262951486535753,0.050570248807316386,0.06277915725662885,0.08956146419734429,-0.1295177550983097
1874,0.5645737164071701,-0.14285791293359917,-0.043976357527118815,-0.10094866120615831,0.0848027018779887,0.026136026731778752,-0.06817605290711831,-0.013880336566305402,-0.02787646570114205,-0.1340120524734025,-0.018116563326550948
1875,0.5265848829078927,-0.07979098659673937,0.09141716909077648,-0.03130283800058384,0.002630217218992173,-0.016437386554605,-0.005356861033572196,-0.03398146033310683,-0.03236443780082682,0.0014080515788915393,-0.02207693671436584
1876,-0.03212808096510074,0.05197461231814686,0.01631644076205319,-0.062231649338960464,-0.04415449463060365,0.0393192447467708,1.1932989337345468,-0.04068987013066929,-0.07740572750323262,-0.9249426250135325,0.05765376509768037
1877,0.21924851855698055,-0.5395596067949395,-0.025801586975411323,-0.07737883080855659,0.11490887616305671,0.04292331056553611,-0.1338097376548652,0.04316031716511319,0.0024542897630004247,1.0623042580059703,-0.037551772550998175
1878,-0.06166021757310412,0.8959919270757349,0.0805984450730781,0.013008384518898807,0.17314365412678118,0.04194881009402855,-0.026405670566089764,-0.6861833368622456,0.013453923340647288,0.008212900359241496,0.029567907704119496
1879,-0.024551536717442424,0.03598240340354631,0.049074182305647016,-0.6564434313012946,-0.008221032400054076,-0.1633070356317918,0.09806007384713614,0.8131777369449408,0.04331517989877352,0.14882491065782352,-0.06612240743139502
1880,0.08144249468636588,0.06615909416020663,0.06493034515082537,0.785543836412356,0.025293664470273577,0.018583958667120933,-0.05001374426256638,-0.024696020873849783,-0.09444375329060986,0.07867085355976151,-0.30934224312797926
1881,-0.16521597781397837,-0.0620009592177745,0.09013568050527934,0.10941495552438145,-0.791127396699149,-0.132850059386991,-0.08893616386855695,-0.005799096172082903,-0.10443462372465508,-0.001952658297528693,0.8672934190187056
1882,-0.046246515312817385,0.07169050062993543,-0.1765261434735774,0.06238862741161157,0.6131453153995392,0.09325021279114351,-0.08629279648759898,0.020209258091264917,-0.01581422567053986,-0.04779793821929601,-0.09084385664827752
1883,0.03156119666429973,-0.06879970942522629,-0.027313053683700586,0.04916770622728106,0.034467730862146495,-0.049217962363842835,0.17991244328965844,0.026296128168325966,0.4988199094690349,0.055598221409690354,0.0035711553409650747
1884,-0.1988779457310306,0.01617442476005635,0.6059011374508121,0.03038352409328593,0.04627157057993986,0.2491280038133424,0.05360176763296585,0.14826326031823417,0.008335016951664727,0.07080967484333539,0.06616845086513638
1885,-0.03159982229955089,0.08793101760122521,-0.006415817839711697,0.01631440599783177,-0.06502952014027578,-0.7129901791333274,0.04748396725402232,-0.05395638478509128,-0.0747794441957308,-0.06283598483711951,-0.005004391523104475
1886,-0.025269551112108667,0.15009766931785398,0.42041817850791136,-0.030248792804726442,-0.18366329981946733,0.006621437581580807,-0.089668712876881,0.05936383499729563,-0.06913676404615988,-0.05848742222553497,0.11175833946183206
1887,0.026184003320413943,0.7439516638786586,0.03614122390294986,-0.0028036687663654278,0.09019370476350987,0.11121844161086113,0.0853833262293398,-0.007575574652734302,0.06475952059003076,0.03636058799612588,0.05174743327190432
1888,-1.9643615086681643,-0.03754967174068895,0.015177621678891393,-0.12028142488674927,-0.0692954416834548,1.8454334259233784,-0.13649472011484134,0.1327271320142006,0.15790950554832667,-0.03640200048475764,0.0504886342319916
1889,1.0661862239447655,0.05161439447341929,0.011302734457010973,0.006489742163786898,0.016055722397285626,-0.0672975494460186,-1.0659208370794708,0.06216592732503408,-0.03820817935063468,0.02180968124488079,0.05389763487518045
1890,0.8498654572958747,-0.2040866396738338,-0.06800723743963519,0.022984924258833025,-0.008328330851979565,-0.1135439084434212,0.15000104668125216,-0.033707677523233386,0.20286879898387428,-0.05151127517926255,0.04024552278268126
1891,0.6848824772976697,-0.011606758147770947,0.07778270544332538,-0.004676320720499005,-0.020567364391015284,-0.06078142344505949,-0.05057818040192925,-0.034220818483171975,-0.057757439743047055,0.001974018543927621,0.030735681667525886
1892,0.17143804763082957,-0.019087060069580764,0.024822867031637698,0.04356298713978096,0.09854800527960382,0.0877581207027742,1.2474395505987812,-0.004185511866087395,0.10570817667913283,-1.0199466474465275,-0.05874677459618473
1893,0.06660897844199,-0.7496535663365981,0.03987106234624278,-0.026927185786592284,-0.020525243016405025,0.12627899477308738,0.0018196179215037552,0.0007335096411474414,0.08114831512889392,0.9103899659450837,-0.15641615312549317
1894,-0.01625949858176655,0.8343049276102269,-0.0003877358242029142,0.03245395700566518,-0.007704099493585094,0.010736625673047853,-0.11813534964812149,-0.5165931222493567,-0.02640891901075409,0.13257141082550417,0.011543439762499011
1895,0.03877896470757157,-0.05039726027053288,-0.007488015854942231,-0.6063736004856181,-0.040327142655422414,-0.19807480295007002,0.06935143450652431,0.8760178032561835,-0.1579313402196351,0.093537069594094,-0.12357792556010205
1896,0.18857427118811654,-0.04415076738306868,0.12296102607386025,0.800496927297258,0.06797714230704778,-0.11675090020228558,-0.10178181485317198,0.018396091501308758,-0.09350553822639573,-0.06023411428681392,-0.29368417766606025
1897,0.029934850934043928,-0.14503883782221677,-0.01896472354890975,0.006596515948733079,-0.3273802164475893,-0.11786537510653358,-0.10361161655391356,0.07848966002410758,-0.013803304110076397,0.0034787811406580852,0.9475621657367724
1898,-0.06269973903823246,0.04269682903671004,-0.1929758111176897,-0.04266000041177995,0.6599450363825481,0.07998816324512514,-0.06212156467350175,-0.06048699595421399,-0.3143362042100905,0.03731765275090687,0.017717014061198966
1899,-0.12097841273480271,0.014699056575450781,-0.10032749545828845,0.03680933147353302,0.044701735975701234,-0.1677748168200247,0.08226903127325903,0.08478156437807256,0.4887039624563844,-0.16685944045737583,0.056151225796544836
1900,0.12171133924635102,-0.16180225562088973,0.579508270691647,0.09392386122358694,0.09550893676564191,0.09823226129434859,-0.11448049951033769,0.05735851503453211,-0.02874334955797199,-0.05620771783939706,-0.009582225378110902
1901,-0.030096559604421674,0.07998757916278035,0.11550177879139487,0.05071564552586916,-0.044497853465739305,-0.7126775435910354,-0.03331371262664805,-0.03935716772256101,0.11422818867316191,-0.04184613130450865,0.03931156328219578
1902,-0.09233087466017781,-0.004711155037697513,0.4129508680116833,-0.12767568019165343,0.16271563146805168,-0.03486213752890813,0.01960496309856275,-0.10743916193106405,-0.096784046721579,0.10414351762509493,-0.02349403391686589
1903,-0.012048068737441407,0.6891836226574677,-0.11172279609160743,0.016205125247469466,-0.0019137379147745152,0.029941857092262034,-0.009299965711951665,0.0029084326886604124,0.0146849602391913,0.024175829820562565,-0.1055704180379499
1904,-1.8431607341915837,0.02440519919664339,-0.06622970689957791,0.12539354245856257,0.0013686295535438719,1.845867200064063,-0.05872134858251292,0.11383997035884885,-0.0658288516226127,-0.029809689182216347,-0.047871294383194214
1905,1.4605084705847664,0.060189928247999895,-0.03401942299974059,-0.05469843225274577,-0.17476733931164568,-0.058453847939314366,-0.9505633207095462,-0.06464101139601765,-0.07358670906226675,0.02831646411212391,-0.015996697526373217
1906,0.9242787680078122,0.05371029353161363,-0.0031280255542949762,-0.035422206818298205,0.0166587520537389,0.1318853842058971,-0.06888817614614066,0.11959700608016664,-0.0014600613196964346,-0.0029204307227105536,-0.11091101007407438
1907,0.586676843093195,0.018751960468486192,-0.02725796067003149,-0.04347043985087976,-0.009375870812103096,0.00816249573146434,0.03865148109380097,-0.034659421240324395,-0.01496293189953338,-0.01648920304844946,-0.01292419732511177
1908,0.056702417979485054,0.04755517086251616,0.04313460292727389,0.0879141210573729,-0.03152104818071841,-0.21070214264720813,1.3045998004567434,-0.003333194663257511,-0.0440985693838425,-0.9143540016205973,-0.04695102793813588
1909,0.041590653990417434,-0.5337148632364318,-0.0034354145218688575,-0.014206523447503944,0.09124947419467642,-0.05291479768052837,0.006844955594877333,-0.06796592869336729,-0.03356987106974801,0.928176965526722,-0.023733003672038986
1910,-0.08194741470435112,0.9121820670213691,-0.012315011815381274,0.029060840931033026,-0.12766818262638013,-0.0016834725166099424,-0.020449969227173223,-0.6028259111746723,0.09749473380165165,-0.016972093177072742,-0.013813252394474469
1911,0.057808056255851344,-0.11229157419829747,-0.025377430370057383,-0.6604978331153453,0.08935097025665784,0.01206367052193638,-0.052828363759319825,0.7826720982618391,-0.08766788436977857,-0.03389863546697318,-0.07650282888718249
1912,-0.10539019662409954,-0.11859220447017069,0.05502064077031277,0.8180528446492968,-0.02138688682073733,0.007573103205953153,0.013757880063218805,-0.05391152404714744,-0.036385451612267826,-0.014439887943404025,-0.5466819418137197
1913,-0.061201665246634715,-0.12645759217944105,-0.03974987698799483,0.05319800958186248,-0.6915831290138054,0.029672742343261338,-0.11110034473523968,0.0006245523652723068,-0.06604436905574174,-0.041149681938414104,0.8968481971425395
1914,-0.22356826970413196,-0.042648721487283645,-0.052411295413610295,0.06883619654965834,0.5669370460504156,0.13470884066071906,-0.08352444249545385,-0.0384363514331706,-0.4532640436656333,0.027948610542880538,-0.0068546248331667805
1915,0.002264008835513454,0.1336203957091279,-0.09015061131635362,8.533560349100085e-05,-0.05458977911434095,0.024647649088322437,0.08616209912262787,0.022520152650363816,0.44257259405468224,0.14595145829659764,0.149712512779248
1916,0.12810349812130858,0.2852065692725179,0.5251611794442231,-0.2055706047136384,0.0578645271320999,-0.049637203124814996,0.05171926974705627,-0.13579908605564658,0.07633356466101307,0.25285943384963394,-0.13361483420477413
1917,0.0034076585877515146,-0.024160524009343223,-0.0787314592344477,-0.08255942086628561,-0.06634497176473675,-0.6706382362386055,-0.057528295019018245,0.02411329572596618,-0.011148428075933123,-0.007768546127500511,-0.02175344724952334
1918,-0.053007845491442454,-0.004384693407186479,0.4166167083288397,0.04980926956246537,0.14404958243434532,-0.16426259240886815,0.033684224364874144,-0.05070100155942905,0.025157873258005236,0.04984993627149168,0.038510224330743206
1919,-0.21032273197080062,0.6890228242797773,0.045465012674646504,0.060071876166320176,-0.041816077790535325,0.16402286629866297,0.06327940006792124,-0.03693298419620007,-0.02804121331259873,-0.03525822258350898,-0.11936469427191877
1920,-2.0215803143327893,-0.06742308840608358,0.05486235081610119,-0.12978651124192775,0.039784956175137214,1.7724088286143342,-0.08855389272474522,-0.0005766941080916337,-0.033807535324117365,0.040314309840325344,0.054947548459169264
1921,1.4900887428074356,0.10081365918428031,-0.15850019312125768,-0.036709043338162245,-0.07290304770786393,-0.3125591877766128,-0.9705244381073258,-0.04961854134551459,-0.014429551271987922,-0.01873074975989291,0.022208611044138356
1922,0.5946542842349218,-0.024537909411579763,-0.17368276409883893,0.10637446025245725,0.06514667547067916,0.038058146897869134,-0.03245022156296666,0.10152741072140367,0.05365510463110652,-0.07138957979685856,0.031776035556883755
1923,0.6714695849479527,-0.049417841904022715,-0.06255971628344716,-0.01752069486503794,-0.006220522488157482,0.12084879943287297,0.02934372649381182,-0.015453462341362509,-0.10353284240195397,0.0286619256992127,-0.03585824077145051
1924,-0.13436924980640644,0.006774155359730831,-0.0873159341622807,-0.043581197890922775,0.16005098500633674,0.0656636507280596,1.3531041289799033,-0.0099185332718374,0.05528480704917137,-0.9665732237020409,-0.07185845707647658
1925,0.03938016406204546,-0.6162269000966779,-0.060819308156472775,-0.011846642925079245,-0.06639836582564189,-0.15040374158393058,-0.04931173809497196,0.020030087412115177,-0.10388208910170012,0.9835454448337079,0.03519347889063238
1926,0.013813963093442594,1.028000517857837,-0.02647469409712551,0.02406854098699733,0.07858391093133098,-0.03181284511366159,0.14143747257550937,-0.6712330207261976,0.05440019352399163,-0.06030407139306113,-0.02116625271448154
1927,0.16711354712377247,-0.05944712342235391,-0.11684313610373567,-0.5010894722108006,-0.06308504043851358,-0.06996084597452526,0.042036008016435235,0.8780126059043218,-0.06415129669417595,0.1352431299620181,0.020675133443886523
1928,-0.048087241434171514,0.10250314496588389,0.10570190832388701,0.7457719359189865,0.06451090789433916,-0.14623484907142317,-0.04663118765223428,0.03799109490092074,0.030027215717581154,-0.03478136926123163,-0.5008493520731797
1929,0.2199864166771078,0.07978293845481974,0.2425910689247338,-0.0008795360188797259,-0.4605471667694988,-0.011286639435475978,-0.15719044140535512,-0.18015274258394004,0.02752867213165729,0.07776890010492014,0.9118417111451369
1930,0.02136373697083896,0.11332537006382892,0.15422978793466624,0.07175977488547158,0.6138207041935769,-0.09938926984135377,-0.26011494273738955,0.11915688068715943,-0.2804480488056999,0.11274372279963543,0.04753590120645083
1931,0.10733381998224246,0.04353468795753017,-0.11801919261031939,-0.0012746134742760117,-0.03740011998718847,-0.04375891352730967,0.1854622863550308,0.09652795994577597,0.48781294655350255,0.1065578722124799,0.10445918684049617
1932,0.15913466198916168,-0.17970482627150428,0.556420812465135,0.022439022860070528,0.01056442203317451,-0.12990768346786535,0.1332187318201958,0.03330108087316444,0.10671175807843014,-0.0053846037375630245,0.006067692830427723
1933,0.03151280506391153,-0.032864428819775846,0.005753011806177153,-0.030749832832278865,0.08471139937128243,-0.6629592355922811,-0.004128247968860711,0.06334420337780507,0.04984007918267892,0.06924774657447409,-0.12368054701652846
1934,0.11270627138174799,0.07398287933879649,0.41839724278675583,-0.1289459656011991,0.09429452342158383,-0.011032658530984887,0.05997246537733561,-0.18358353223934445,0.10972935246643914,0.06397096610410907,0.20892252629345578
1935,0.0605948317402487,0.6182591035927947,-0.011272266369041915,-0.03819446291237361,0.06065235500476053,-0.13270215076296615,0.08627811203079042,0.020528079406200425,0.09091887772512994,-0.07633808169560743,0.011990952973828472
1936,-1.9025248457254373,0.08798706131519114,0.006823889986242315,0.0750346910895447,0.04509290715274196,1.5988862764659317,-0.03274316219387463,-0.1590846030473648,-0.050805294765225266,-0.059945221143676224,-0.06433377723522554
1937,1.4749104971294793,0.08833644902951857,0.04782462517559874,0.12078927913205575,-0.03330704376862355,0.021233087784555564,-0.98149091254991,-0.06711948495147206,0.04005380770536162,-0.039294138023604874,-0.016296688041598884
1938,0.7588023837312821,0.056443824455129625,-0.07081889352069323,-0.1559590561314446,0.10044838768737743,-0.0634082232408601,0.10689683599370511,0.031221743203285236,0.06687486421902566,0.013027949934539634,0.03653757393400407
1939,0.6482335614884287,0.0814058149411978,-0.1254012618498991,0.010665878045364913,-0.021912266736032776,0.014486545235319857,-0.040720847284102045,0.008312080237464629,-0.055434347481829016,-0.032714410440666954,-0.04626697371561268
1940,0.11027250943684408,0.10214765467501517,-0.07945911070003887,-0.06686822597309836,-0.0995411462068153,-0.12997447498318412,1.3563731418151812,-0.13301220454680768,0.0866890886638116,-0.8835582132108094,-0.14682139899230612
1941,0.04999856480760326,-0.7780347602794734,-0.08311847339919448,0.07299404452433239,0.016085928317051624,-0.17923565674671804,0.0782244226943712,0.028479785456254864,0.019959936251717388,0.9868954689529377,-0.0758629347557738
1942,0.11832008721725984,0.9389281838237106,0.03089564151544115,0.09374636528357976,-0.025969676597094,-0.047368108988377365,-0.04549781996956393,-0.6061874291176393,0.09848347740652758,-0.10208321247103035,-0.02835665879532429
1943,-0.07130984532400882,-0.040765858629205134,0.09868460689014681,-0.496138474295746,0.05126733257923791,-0.09693614292806155,0.11240177920090522,0.816851445886598,0.13104982458538839,-0.10864695846625971,-0.00817206261892184
1944,-0.011707655955068737,0.12450552875322857,0.01734897469695246,0.6991807781171838,-0.04846759662023056,-0.02138626089293587,-0.04546357104337252,-0.0027642771870471515,-0.015634937885885415,0.046418970087541644,-0.5952385655698749
1945,0.05527827461122055,-0.095758151925002,-0.044926535360171056,0.07916302577881021,-0.4974151346396285,0.05773881548809043,0.10036037119828917,-0.024672138328975333,-0.0905034159986846,0.06155797772815392,0.8777033763173229
1946,0.07095168480066488,-0.10103878561155011,0.07855803116804272,-0.03574692968920135,0.6448934789462114,-0.12461356720243692,0.04078808635311862,0.007249885970007482,-0.18471640523932914,0.06547100773293464,-0.018406873362083936
1947,0.06592334815444531,-0.029164464177300377,-0.036796852630935226,-0.01653353227924928,0.022105968634942175,0.09234824749426544,-0.19041010409186934,-0.0649015151424061,0.4826446816046005,0.043815942695934786,-0.1551314520008761
1948,0.07818439794942271,0.0887795252531636,0.5662048276428061,-0.021509094811519452,0.10580003434841817,-0.07786451274309146,-0.06658589095550575,-0.029229497814000305,0.15844115729149216,0.012202781378423622,-0.13971952104858795
1949,0.06005138569385011,-0.08443309049053625,0.06368474330766152,-0.03709210463389463,0.005744548801290697,-0.7077078836599837,-0.024996363708142365,0.025327626420112097,-0.0035153086285083764,0.0882826841186699,0.08388649285450743
1950,0.2136011510238432,0.05686694273699951,0.3982231687631557,0.020630897971735323,0.031980398037629316,0.19183294178156673,0.024534947759992768,-0.02261954918756761,0.053221733514623414,0.1264542307237928,-0.06751748642976803
1951,0.0955755798445175,0.7106781387854632,0.002084690087412253,-0.017761467577367403,-0.04566507945715281,-0.2760207712373052,0.24063514440375322,-0.06484456727018854,0.03990565006785322,0.0008695222987020017,0.039329363230948974
1952,-1.7774463271106549,-0.0586536935272416,0.015913902868451627,0.048364808886171964,-0.02618269110508552,1.7568091055477368,-0.052583671947928984,-0.0036108384323117176,-0.08931649986428596,0.04276069274894495,-0.023572887273367888
1953,1.5750844273304212,0.03907684285193565,-0.0297316024664013,0.0687971435713542,0.16017384243732172,-0.12178560768409391,-1.0013889995576692,0.08291086357342156,0.04362045914943425,0.02553212618123408,-0.006951304563953342
1954,0.8392418620445611,0.1477099939960466,0.10343405652695145,-0.028712717973961337,0.0818778354772952,-0.10339770717130255,0.12389417017447862,0.12204184015443009,-0.02884782508238476,0.07643248918353619,0.007234683956357886
1955,0.5734443504614612,-0.0667086381895718,-0.016370300310000398,0.01539333773807722,-0.02547816250276863,0.027506330311616357,0.03297160328877744,-0.03201038952436128,-0.13693768369297105,0.03300117880479875,-0.0021650896277871034
1956,0.014716217000626287,-0.09498911130906883,-0.07763870473922897,0.0499954531977845,-0.010805654288731802,-0.09318916241415545,1.3869106121640646,0.04515641746442605,0.03042968599429613,-0.9417195628156686,0.0037796815888277288
1957,-0.03668022161784847,-0.7364787470451781,0.021335391965419434,0.0592122721119948,0.04789829833639831,-0.09213789036924103,-0.043318198208833134,-0.03294828714104859,-0.027138155577250068,0.9132393781015566,0.061786895228140945
1958,-0.06544543674098957,1.0172787844181792,-0.019623086407548784,0.0250355959311872,0.026849387729371642,0.09309787387681137,0.10167678114726458,-0.6941441644804925,-0.07350871490321632,0.10130005157769874,0.02374360044188942
1959,0.07514481045877795,0.013287010754646967,-0.02171100318521144,-0.3793443571351317,0.0913799635386579,-0.049415935022975734,0.04184392165896115,0.8127962023120007,0.02494155512225846,-0.14913890660484022,-0.029667278925063642
1960,-0.007949486468861866,0.004173537898225757,-0.14706859208570056,0.7579349184528611,0.1709852875029755,-0.01772893141047579,0.14887970900989142,0.02069258534074386,0.014561813705400255,-0.02606245534716653,-0.42922399863614336
1961,0.26148949240951735,-0.12250958922303826,-0.14119976629073866,0.024536140804561846,-0.2539264021368664,0.0968972212154374,-0.044260891681551576,0.05650117848647711,0.13921423234364955,-0.010505178649462283,0.8523295205023591
1962,0.00170749532481445,-0.04385218568563697,0.125942836713885,0.046067680950641614,0.614373311490024,0.05076341745295745,-0.1599567522087241,0.01889315972851411,-0.2336866587779315,0.19766969995983447,0.025663962611887955
1963,-0.15738133117305145,-0.08940769745106725,-0.31713953158537134,0.056190137246725655,-0.004737497048479796,-0.23862796662180547,0.12994323797704377,-0.051049074476555246,0.4651923938771337,0.027397903212596057,-0.040918413721808336
1964,0.020597008974845163,-0.011519468832242198,0.6112544187138189,0.12175591246472664,-0.03282908372591993,-0.08285862361178997,-0.13341622870742365,-0.02515453516599213,0.0531534015584078,0.11141885345587609,0.13734529058718248
1965,0.006139779585291389,-0.02077147603944029,0.09330100743862837,-0.008470606634212318,0.035897102384335196,-0.6796912757124068,0.030504843049377568,-0.03454302659840076,0.13102804594867917,0.03997239072819791,0.036523838156534455
1966,-0.03183785616725204,0.052568803645420666,0.4088915160912887,-0.11667798577368688,-0.08502894711727267,-0.10735763739893182,0.20792992503593855,0.12964331120966,-0.07037058680970888,0.025645883687884646,0.059889005258125724
1967,0.08293922385431192,0.6656088571537189,-0.015217212804310643,0.040256579311913725,-0.08149083750324243,0.011149882663602458,0.09040674688318265,0.02079626269753581,0.031008242027160675,-0.08029587158169847,0.003957962131004647
1968,-1.9530394278264576,-0.03724888279225049,-0.06279206962572598,0.0762213608739208,0.09965050128271598,1.5879680076624982,-0.04109403642387731,0.14402717379598284,-0.1464551641358094,0.10532979449905226,-0.07895666885544692
1969,1.3587538572385511,0.00915923921377004,0.015662806314405375,-0.004220338308442328,0.021081921253208274,-0.03408270307752965,-0.91720128896535,-0.03498179572007948,0.07527327117497637,-0.12683199732388836,0.06031888085251578
1970,0.7938171714191544,0.0043370120038835665,0.011224789071913696,0.002555288317333043,-0.03029714127816431,0.17964324383056973,0.10873068032674475,-0.20123539626393924,0.09943303660161781,-0.026823016832731365,-0.049458265633043695
1971,0.6680028697141698,-0.018891163011115233,0.1632418031106165,-0.0031639542870684993,0.02604796134441875,-0.0024031932085395794,0.020335771239350365,0.033792714330269265,0.13166594624029088,0.035098589602794404,0.08157805895083411
1972,0.2101926642337559,0.0018586149217976657,0.07370014552741269,-0.02538642215082399,0.0306260118872873,-0.018882679835570414,1.2622927418699121,0.16017198785437245,-0.02346219716878839,-0.9479719148327462,0.006160013430414514
1973,-0.05093659920392274,-0.6550511333547254,-0.01484044732076627,-0.044621813259996056,-0.01766146665494769,-0.06480758600116034,0.026799715442584943,0.12444345326928855,-0.13355914255532336,0.9460302448655886,-0.023874629755131205
1974,-0.015069441475499877,0.9597236196883314,-0.14993305752509867,-0.05522082809233117,-0.061816709673042154,0.19899527077235055,-0.09726182623635843,-0.5718325182821841,-0.005525890367276429,0.008107159467479573,-0.02121896760772989
1975,0.014984923308071987,0.07963860203502529,0.12959791540602839,-0.6128171698987767,-0.07435720762356113,-0.10541406661868208,-0.057244252983584785,0.9098678332110396,0.08868337386022916,0.0738731593087989,-0.07578249843421822
1976,0.08855123617896292,-0.06590567984702601,0.043422081682040696,0.8087579099621452,-0.07433861450794367,0.11587677039544576,-0.14416986490795253,0.017313562440649258,-0.07934204073578632,-0.04542439190025363,-0.49687906864801273
1977,-0.15413403732776257,-0.0010371746115024208,-0.07384236210945624,0.000181296801618967,-0.41738475058248514,0.011079783269119818,0.003777994192806342,0.04909006485414721,0.03450560198785029,0.06417554505270504,0.855705631377432
1978,-0.051123233523225786,0.10824363866665293,-0.11225617382864322,0.030348691999472044,0.5982909927359065,0.16279005500755078,-0.17888298237681,0.017473643231678,-0.23004739823846385,0.016904538252854213,-0.01421231978568844
1979,0.06014318099801361,0.044857861750904796,0.16476899485789132,0.09647481030483253,0.007920508519801826,0.033098796749964396,0.05763388519091138,-0.021202946427441548,0.4827829785960923,-0.21347820586212285,-0.04458057284944429
1980,-0.08079012818693336,0.10119727058649054,0.5815945890004067,0.05963527916695065,-0.03719980880594223,-0.04111991519180372,-0.0046753786477725595,0.00035829661315263384,0.04012795079685204,0.285916917752039,0.11192390627772102
1981,0.07905419353695116,-0.040051657349030004,0.031483822583589,-0.07627629945885457,0.1360842514649784,-0.6186550369938503,-0.01698602469209852,-0.025929165701588198,0.11106335399857023,0.0018051170917315305,-0.0806741929188871
1982,0.02113593787127767,0.006071222852086003,0.42019294239192956,-0.051300193371891685,0.06321710691943955,0.044188089168805046,0.08659888852796098,-0.16031051869703214,-0.0349293368782174,0.05468148759874243,0.14742293345251034
1983,-0.014489715972338097,0.6806078122452595,0.004030413164943739,0.019017913912655664,0.0038435193683167973,0.08904884062026909,-0.16795003470010017,-0.04829314509538042,0.016359496046902663,0.049158078322584085,0.011711591719495878
1984,-1.5374643207917065,0.028645216879148595,0.07751188671939731,-0.022602144237674763,0.1807495337832366,1.6582045361545021,0.09426005748069176,-0.09086583731026253,-0.031924863609210395,-0.14891866661090608,0.06496904051528174
1985,1.3245294325719068,0.03142826837917135,0.08714467171784936,0.015293876408847738,-0.04906084222740537,0.05246294470519184,-1.0698178774326783,-0.07875227714038677,0.08147452100540814,-0.01731760990681412,-0.10770443568691783
1986,0.8173783322559561,-0.02163252764047665,0.06808329552279228,-0.1026903726434892,0.1428974605071484,0.08924129098308024,0.013600385253642914,0.08208974907142404,-0.02721576273329155,0.014597716230819319,0.042802078597434845
1987,0.6951464447091199,-0.03443577065876501,-0.011861728241611226,0.039584933161057996,-0.04576381824373698,-0.034471910445323856,-0.024647135469701542,0.03496741990092618,-0.014454927272099054,0.021644997426142842,-0.0033689834557062365
1988,-0.004160981971039017,0.017043536582163565,-0.09033076398034867,0.0635263440344883,0.0018816289358406031,-0.07355426707066748,1.1337037330688138,-0.003926072173885533,-0.010787213462418819,-0.9582168045725602,-0.05030617993561831
1989,0.13731668372186867,-0.7635149818391731,0.06655228323864253,-0.0965575773052454,-0.04058754714417867,0.10458873074077096,0.013456826380946054,-0.012300600685852323,0.11669537918308469,1.0764802297327885,0.2154852177755684
1990,0.18254757575641692,0.8169309918227028,0.011618782571444468,0.0008957550272941117,-0.009091909258654909,0.09025433357841103,-0.03913850622837922,-0.6242261664281533,-0.04164605104124973,0.0477807777694181,-0.02914485145318833
1991,0.2200241537477791,0.05700207573507218,-0.0670733585454578,-0.571235929491465,-0.026504840087730724,0.15492290592234248,0.016466032678789603,0.8534845806404323,0.10201562833481051,-0.04780615351902109,0.07030676681275588
1992,-0.03845388144982787,0.16994064483093216,0.1258565698402505,0.7104472764106047,0.08010954929413067,0.09728056658929483,0.05488849665440103,-0.020683605031237232,0.11643103739458947,-0.029065170422452494,-0.4924358154847972
1993,-0.2949399204269123,0.021472786127271375,-0.04253226105757336,0.02329578477129926,-0.7854863174145827,0.08904234163555876,0.06167538150823022,0.0530094438496658,-0.012308657458101415,0.0756336594436774,0.9733001162421065
1994,-0.21543591293642717,0.02699954251472017,0.05112763376421266,0.018326628691122556,0.5761749462293301,0.17482672482303593,0.23203678950000606,0.016406678722587994,-0.17014834785513738,-0.010952780893815229,0.015618233154053024
1995,-0.06472666645694941,-0.2080389831953741,-0.1969317267749369,0.002742041898051167,-0.049750988101914174,0.17272420691223983,-0.035562124159695736,0.03930270517221576,0.4881545560933572,0.06689940989088373,-0.01592234184683102
1996,0.20692423279050393,-0.0960845378673101,0.5762429363551418,0.07445122958552851,-0.007439407049366745,0.01139188561687667,-0.16583340223274634,0.19322953257817707,-0.1661721100582051,-0.03120094166132339,-0.03481942917988862
1997,-0.07508366439771383,-0.0006605726701055187,-0.10350556189054916,-0.03759222505769515,0.051844603177883086,-0.6525098002131605,-0.0342142033826609,-0.06485928445538308,-0.02479927709630246,-0.0326723684237127,-0.06648783672114665
1998,-0.11403363536663788,0.06792474252711445,0.3991334661948037,-0.06728290554611883,-0.13201135068487277,-0.17733398477829906,-0.09700280497751099,-0.17399497797789676,0.08698048044692958,0.15830891155439497,0.019059870168337
1999,0.05093148430916389,0.6854266718864644,0.024732008251076458,-0.02527200010472478,-0.0761397981729031,0.17678293968512077,-0.16306519220242782,0.04859290973500126,-0.021095303937031202,-0.12830736907079815,0.016469737889622523
2000,-1.8619976551379145,0.0365554468154707,0.007648965844462997,0.1286821777859007,0.12973519202642836,1.6850775701848826,-0.02436862505447335,-0.07681155412480432,0.02629814431250079,-0.03670753530241788,0.014719742185919414
2001,1.1806281888558474,0.03294658182978029,0.10858404721803751,0.004848461607389366,0.13364848666571433,-0.0063009065517587014,-1.0051189429117882,-0.017366472243423216,-0.01136690920070426,-0.016872356888507738,0.0038778182475227305
2002,0.9876656551095206,0.017126178721667017,-0.18417671659770488,-0.025936952797573697,-0.2233418337805878,-0.04798225540325331,-0.03539515839430437,-0.11212241348877976,-0.1480664579577767,-0.11039744920407886,-0.040106375217457337
2003,0.6378021681839458,-0.005363060553187497,-0.0590725070784142,-0.0011446782960664297,0.00580110344315908,0.12145745652558841,0.03397984003079351,0.004931704891952729,-0.11701294774707394,-0.0051082879911194335,0.013648396075845181
2004,-0.11994099043674912,-0.027044184142629386,-0.0578426801628015,-0.010702362563422996,0.07300819977335173,-0.1212144211585599,1.4288608956101254,0.0079529016691712,0.0027900318953036503,-1.0755439266118387,-0.011841683240316366
2005,0.12889405132121284,-0.6458649865876067,0.053603631288768085,-0.012784766464291773,0.0986916547941564,-0.11168058216786353,0.10940376931010735,-0.19699777206725452,-0.11973858578907691,0.94590323858656,-0.07603865227871393
2006,-0.0355826986207005,0.7721040576027322,-0.021216743599963336,0.05068612797651309,-0.18484996500642759,-0.10180947772504072,0.1453947732746973,-0.5654900228041296,0.03522370883139385,-0.05154064214382412,-0.052652772350374445
2007,-0.028046006000088053,0.003921418303996605,0.14873735727125847,-0.5158878062857398,0.12949946946153013,0.1452200284191233,-0.01198611354391132,0.8699428592450377,0.036496309541307226,0.04067669102510913,-0.0017047973607497852
2008,-0.16586633368938064,-0.01715642043620929,-0.006072848735022589,0.783335275092313,0.014019797096597187,0.07209678283978332,-0.10852043796939059,0.05655687172703761,-0.07262246381677856,-0.02927900397524015,-0.43996374670731964
2009,0.020112505178145192,0.04142240084611642,-0.11467987209410652,-0.0011984468071976214,-0.3869687476095143,0.02627922340619252,0.06538790508548586,-0.03131213273405248,-0.023854348752411193,-0.12019805928359283,0.8819278832974852
2010,0.013784148056315022,-0.13667799837531552,0.1298947284288008,-0.11508171321908442,0.6464592820855299,-0.01769611166788033,-0.04984234889204006,-0.0029488944762714455,-0.3051065532481442,-0.03338897194656347,0.04837823938701851
2011,-0.06763717642424544,-0.05556909762880917,-0.15462096833774705,0.036883930419378125,-0.01852229804002511,-0.03492053924448396,-0.06261700154537347,-0.08836397091851363,0.4850382612051514,-0.1460769930602757,0.05921690888388137
2012,0.018313323199139506,0.14818602585684684,0.5753233912582024,0.06140338425339906,0.11079237089665209,0.09228003070475511,-0.004839794345063931,0.0636852096145766,-0.0357491223199899,0.039881909364491715,-0.02139211245391446
2013,0.018190169064918937,0.009039836089266798,-0.08062719503435382,-0.040635308988163574,0.03307378217428146,-0.6518499733075046,0.10891977304995129,0.13060175196604584,0.07596578172881119,0.01591907103247899,0.08873921949294819
2014,-0.02048980826412339,-0.0925674419219156,0.42199321935461986,0.03838590519745543,0.0041079991452011595,0.07495184136446202,-0.017819421415469914,0.08505753031071389,0.025956931014596247,0.08509886752787384,-0.0884042200288324
2015,0.177098580351067,0.6402445156605251,0.013573547570651396,0.03713844467118296,-0.014380117763437835,-0.04907722354025523,-0.04676222957726062,0.04556650628974243,-0.0028766599294989307,0.021057864898605453,-0.03495492357180756
2016,-1.9536354659405732,0.06498635159286242,0.10433282234883087,-0.01561340343024364,-0.16778315609869862,1.9500839392811888,-0.08137673243691143,-0.09483715227291241,0.07443628899935635,0.030368961371980377,0.030814113884311205
2017,1.4347878394333795,0.03167609095805033,0.12179962768451513,0.039650116098064694,0.005893401104555785,0.0460571386510766,-0.9830992606477025,0.046400757829763335,-0.07634113791608846,0.05573156717309619,0.023747894438469693
2018,0.8374450887651745,-0.01917840554317102,0.023338359851099513,0.030560735972608378,-0.10626242603925938,-0.031226974305637492,-0.03229495159514856,0.08896122745056924,0.015648067007361627,-0.06498064372204519,0.051128378817101826
2019,0.6318251556210195,-0.024209332143348,0.07210238176874635,-0.04949644509306428,-0.03114180975531185,0.05293241128225992,-0.015415731127787756,-0.08458349986362816,-0.07157016772195168,-0.04354573415643323,-0.0339249383814492
2020,-0.028776633101103576,0.0032365014182232556,-0.008155204378423422,0.048783270431072445,-0.05747002588336262,-0.0894614578972854,1.0425496696697025,-0.014736980095410733,-0.15036784394059294,-0.9023793764019196,0.07212286196777644
2021,0.17016617452151608,-0.6578754852333661,-0.032143705706914036,0.0663886001435134,0.021149400185466346,-0.17806112971453716,-0.01701234208220964,0.047920003971534814,0.09341380001881189,0.9155964934478658,0.025204752427540583
2022,0.08210176071213016,0.885145710080613,-0.014239527189918633,0.038508731215893266,-0.024867071616415458,-0.04883572158953304,-0.19286561918936915,-0.6483303471029974,0.08705384842495364,0.0676917423190457,0.09359652415661297
2023,0.026717967606890772,-0.03738301818283529,0.03743029224645224,-0.4476241216402215,0.04773377421599747,-0.10206668619447987,-0.09110947997775241,0.7041465058311759,0.08237097753388765,-0.0363272898928348,4.690559595082501e-05
2024,-0.014112429341627205,0.05125422189625258,-0.04979527794740033,0.7387392241236446,0.1055590400905503,0.03913836374959416,-0.08026781850463721,0.08362589742358058,0.028524029843221558,0.00826823659286128,-0.6396644286473302
2025,0.04401619776951396,0.02585281885367353,0.00278248255438207,-0.024308717527562595,-0.593220705605492,-0.12807593483462795,0.1906235067425194,-0.039453499480084815,-0.05164551861196638,-0.07537097187278867,0.8923691026496502
2026,0.10883334848300603,-0.06722770820850871,0.0703548030710292,-0.036585547963330835,0.6146772869717012,-0.09621186348851064,-0.03272784562088853,0.04918530661553007,-0.2588875829840231,-0.04633426846183046,-0.07699828945525812
2027,-0.3119561357197144,-0.20437900508699036,-0.2753576527190577,0.06995938291468834,-0.008299412711252792,-0.2981206608083082,0.026644730669886693,0.009631527977077326,0.4512152188595424,-0.13002425463572573,0.11758773442825408
2028,0.021065068367420597,0.034532131900183435,0.6269233178709354,-0.03297369196160538,-0.07237439150217366,0.0493027233780182,0.002982083596990262,0.12476939877123294,-0.16726875847655331,0.21053353638030808,0.19556734592513714
2029,0.0311652053547926,-0.014353175634430712,0.05159062873401452,0.02509345376029164,0.13178303620608522,-0.6337521354186162,-0.030096101008412996,-0.008980681064224751,0.06949242385971714,-0.00721230481438876,-0.013075900791781734
2030,0.011855955605639212,-0.07988758175511061,0.40755025713478055,0.025634254656729957,0.04770824647314425,0.12122334091937371,-0.1670007162594498,0.2788456405926573,0.022115982869118908,-0.08617382737544617,0.016946268735041195
2031,0.047680333132058814,0.6888718534076624,0.12032501658344295,0.010708150577127588,0.030413873254794634,0.34807918228090545,0.04025103999471767,-0.025348568926195966,-0.054098702113687905,0.07488139980932733,-0.05869561676175333
2032,-2.1125844241335656,-0.14503629364197296,-0.13848306748450712,0.027558730104604103,-0.01962631197698132,1.787591133027356,0.04676934767647575,-0.020000510437484645,0.02143499908278711,-0.059347612295249354,-0.019772240274771393
2033,1.6832587162966937,-0.05048274285424516,-0.0028379146315127704,0.026089789650392412,0.05194376800688439,-0.057520954186375345,-0.8915929186452277,-0.008943758965441036,-0.08271955676768401,-0.09415762190052726,-0.05070693469420452
2034,0.7249393509789501,-0.08534778956925912,0.07466018762065404,0.031456300611090504,0.031677054496251265,0.13511661809871278,0.005204851553544635,0.08486864014838855,-0.13775483671555627,0.007742171047396038,0.07819424209741067
2035,0.5959721174945309,-0.036608922357938875,0.010464424403439514,0.04167156953178158,0.025074932105876437,0.013900885140277108,0.05444578812141962,-0.01637633699094292,-0.045631266917099726,0.03544625350106561,-0.01169741366252671
2036,-0.07649939180913437,-0.03646442391960817,-0.1032390515160626,-0.12945306484842437,-0.11580205607406682,-0.013807715208563356,1.2940057793074873,0.008104104000908864,0.14908578020790336,-0.9740561076972993,0.06364225599880072
2037,0.03779230431133196,-0.7227976847979456,-0.1059513350194689,-0.06480943723079058,0.20333802501430176,0.1009413930914235,0.08549135464469393,-0.09287420978330072,-0.011918466072913955,1.029482438802736,-0.02426990755487758
2038,0.009025762272157092,0.8455709725631144,0.08434321317453654,-0.0303083113347127,-0.09820513854780223,0.14609602674769148,-0.030813822761046494,-0.6655067005360389,0.024348370696265498,0.037000007717951935,-0.0718716940241796
2039,0.017890837437312578,-0.04308740309893337,-0.09669440007238504,-0.6379453474258162,0.06049742451927464,-0.03148605167659043,-0.040883471725186395,0.9010140168410525,0.0464234727708341,-0.10980124989570164,-0.019480403117611587
2040,0.13435603577853145,-0.06574834199135231,0.019961871507071297,0.7902201397081673,-0.10699030197513086,0.07985096002863933,-0.002340797192545452,0.009158164197517343,-0.00703470507928753,-0.007291974541710459,-0.4885539373553013
2041,-0.28740147386149717,-0.10515504046962187,0.03582231636903379,-0.06938889422987542,-0.5542362099423648,0.1780963167756462,0.0890162136297693,0.07329065353704849,0.049547391529607826,-0.17903261952025867,0.816483754067564
2042,0.11158911565421997,0.026802334431143895,0.0631265738534217,0.11402054334070373,0.6210380234727353,0.05688733610322456,0.06640582562031491,0.18491769850908876,-0.3689434628484854,-0.05813115929541137,-0.0416410942174757
2043,0.2786712952868903,-0.07247668489533182,-0.0004890389069251155,0.22603507041155707,-0.008185274900074105,0.029234003044455007,0.09940382480857093,0.07376664415447047,0.47916152544053464,0.01059278816234595,-0.06465010850789749
2044,-0.07180171456521033,-0.0008781414225816249,0.6165309819873875,-0.006555720600065828,0.11076073271022518,-0.17003644435894427,0.09986811006869573,0.13227735619008754,-0.01136409709740984,-0.0393167869506503,0.0038563149484557736
2045,0.05230985734657339,-0.013946557624275623,-0.023031537689478025,0.056590347221764294,-0.03144293355384606,-0.678568285894726,0.028930221526358667,0.06567835284469242,-0.17037558690729288,0.012520682930515007,0.0192057632060244
2046,-0.1017402184374396,0.05543916913739532,0.41688555353309176,-0.027006948190894213,0.12366889933806495,0.14244944096684597,0.02902333416853389,-0.044918278025682386,0.024992171140637662,0.18482596562690448,0.05771569437904342
2047,-0.061256647768355946,0.6599415629968132,-0.029124973149576294,-0.002775060796524401,-0.0017362786126483556,0.05958918573013579,-0.013738296340046183,0.011231719428717774,0.016494664986798437,-0.08252530954047835,0.0063178966934568734
2048,-1.8658935740205922,0.07494537984981202,-0.05542212513557994,-0.10904138757201234,0.0567527257547217,1.7352865712055385,-0.01412582667699128,0.027121722218556313,0.09782381005795748,-0.0924200768157545,-0.005881566378082766
2049,1.6337016512155018,-0.04983928002693833,0.04665131912853463,-0.034172602721537784,0.00028656037934414414,-0.114531041555612,-0.9540549759018359,0.08402371466204026,-0.1687125843903844,-0.11802551109877532,0.036339640293910895
2050,1.0447127694374492,-0.007338014882048363,0.020378037728012978,-0.0334643074327884,0.04733293712839687,-0.04069133809056055,0.004570120184350293,0.013919965763912804,0.05403077155660521,-0.052891775653263355,0.13328557061447754
2051,0.6078403155248306,-0.09411834056177917,0.00496641670691167,0.05913419120350609,-0.01959161237803918,0.03116405219771849,0.004467935596643617,0.04581437879535792,-0.022965170624912122,0.03664986300704843,0.0015841057861439726
2052,-0.03772412926549377,-0.048393800194730933,0.07367310388778828,0.02892231810354475,-0.061677020082482055,-0.024326298624320123,1.2473921794243452,0.034411284724181236,-2.4745671861898643e-05,-0.8457115103270778,0.04670012106385914
2053,0.01706288357478568,-0.7751070482206809,0.08942594078556045,-0.0047217246988238756,-0.11858856714076084,0.09102083849285582,-0.05944359310816331,0.10278082086848198,0.015974622071552064,1.0628564704037389,0.06894894620924477
2054,-0.0758019579157954,0.885577580132887,-0.059474921852440694,-0.0521430248809316,-0.08543762487198531,-0.023908251146134915,-0.01185812698097414,-0.5298016592649921,-0.06718043690643227,-0.1632910891657027,-0.14519687571762047
2055,0.005720416122198235,0.014329094209572549,-0.011942566024128997,-0.42369942130229654,0.006969800270749721,-0.09239955253004295,-0.03372379271849168,0.817565533317594,0.16670284560463502,0.0005588064824730357,-0.07128015860080789
2056,0.1043654903602027,0.04278575748561256,0.015161079077816133,0.78569778667003,0.005496779889231525,0.18648913457374477,0.026492013952676266,-0.023431905853536123,-0.03921988695888916,-0.03301270774945299,-0.481650152033696
2057,-0.023635596556422177,0.09338392618368925,-0.11225508180010854,-0.013483266184410023,-0.5582551044635558,0.003998823291218409,-0.1518277304335097,-0.014026112607886585,-0.01976016956723098,0.01425089962388593,0.9181397990922924
2058,0.033370436521434094,-0.11525509109659282,-0.04909322707910832,-0.0649293776565313,0.5601634714013884,0.021668129418937882,-0.17846486415366242,0.06292063608791734,-0.1383077761961392,0.017013696181959633,0.05676745358739039
2059,0.08435280682662365,-0.015136091263388284,-0.024229615556326647,0.09880083326740148,0.040516536488118475,-0.0980097359585435,0.023322842465194636,-0.021080760658555617,0.45975592242137275,-0.1592543657391357,0.08697723145781253
2060,0.034528784360315666,0.20621706054678268,0.5162395902549148,-0.06175774075341542,0.02942974080981084,-0.02310303197359881,-0.07844068100054935,-0.12749133607026972,-0.029201681346644595,-0.08407035663505182,-0.07367175234017251
2061,0.0060786086547576544,-0.07092118817166142,0.07566139074924877,0.00270492532119333,0.016752378907932984,-0.6847141137472631,-0.039156741544938305,0.04748715832660745,0.05678712471488119,0.050609052641844954,-0.044852284210386374
2062,0.11597655115990942,-0.10028296125521353,0.4323023746305723,-0.0943998895849944,-0.03966250671678944,-0.003986274940043779,0.02868259789420111,-0.08119708430460006,-0.04417274897453946,0.20692864501960453,-0.1550764046478886
2063,0.13151048447501326,0.6891687836237335,0.0737880367946738,0.03507371302902334,0.07723563703816186,0.06613427715369512,-0.011532858988373515,0.026756603120502386,-0.02526473859577701,-0.01747555942288584,-0.06348879749593724
2064,-1.8926805305176142,-0.10339533356923417,0.01757689227232727,0.011591898670014358,0.014618633455729335,1.694628608880798,0.32867249529997383,0.032112664963864404,-0.022564228354342353,0.1085241920207456,-0.08185191315770166
2065,1.6390840766047101,0.009456316068668338,-0.025975916939645773,0.0800445229869432,0.08811531762134045,0.10517794174645459,-1.0563351173972952,0.002478806319266997,-0.025244244629292954,0.04773484692787106,-0.01658770534291854
2066,0.9541404299855017,0.007804391477732648,0.07703421532602764,0.13846142460753258,0.04190406585604177,0.054983994224199674,-0.012334726428543202,0.01477102522644512,-0.028513135052646882,-0.016243001272190433,-0.0003997901083824317
2067,0.5368764477645619,-0.03789536367292402,-0.05797099823999831,-0.018889703688458808,0.02559067944748199,0.016912178726875858,0.026650231414537928,0.03691183116620736,0.0242629868133738,0.011625030087116984,-0.020726858051373375
2068,-0.07571362389545734,0.06504261443702723,0.08372149043122704,-0.017426690891721285,-0.13983368020052056,-0.07306471826385656,1.3016404785748812,-0.0248436522642882,0.015875467632941575,-0.8076592310006363,-0.055941566344811
2069,0.17267909450974117,-0.6196436476465584,-0.08333112465271111,-0.09741483842599333,-0.08802727627279408,-0.09583989509610515,0.10543824966884147,-0.08511946828485385,-0.04658603948938977,0.8827989543535893,-0.050955128166638275
2070,-0.11905770588263877,1.0549547906746872,0.05548325428385167,0.030610621670370607,-0.020855434696184536,0.05760457965027574,-0.03427791596757896,-0.6594254628934203,-0.012640006013097754,-0.05783452436787553,-0.04880329696386302
2071,0.09138851125689486,0.0010900725200482762,-0.1283754946145037,-0.6266678278182434,-0.07484757958151998,-0.05338467541123607,-0.032807371769461274,0.8400348241413708,-0.0831699793407014,0.06748747892059787,-0.02514829870071173
2072,-0.008353470449875035,-0.025688616240814928,-0.0011300838079093233,0.7445163132724897,0.024985704327927672,-0.0677928774143451,0.10476853113174608,0.109122322084925,-0.017817580091224507,-0.01243301547310586,-0.5321896184595732
2073,-0.23278019551635265,0.12214382070939754,-0.125396921977926,-0.0330594346685841,-0.6355606909290685,0.10625077897166192,-0.013379199170464314,-0.015421703265974675,0.08661196139114959,-0.12171234039382635,0.8907936596560133
2074,0.15301728300749648,0.06413540836229614,-0.07953950925762808,-0.02116394744691569,0.6256650717761156,0.05470134604442748,-0.12450516011461503,-0.09728093762331123,-0.36647815990728794,-0.03218714111739824,-0.017818129623360726
2075,-0.07316368583348154,0.252608264876239,0.17755965933090284,0.030350373584182758,0.05652396719960104,0.014328915120496305,-0.14867289613273763,-0.140240834632363,0.5054703985136203,0.08442057148930321,-0.02963880188176046
2076,0.009145691311328603,0.013016932150107186,0.5653370519819818,-0.196258696821772,-0.12510409254223262,-0.045394537189329294,0.10043932247502026,0.02839649483999355,0.04166341080670111,-0.06387255215108974,0.018797402227624337
2077,-0.006106011967276305,-0.09273117737221967,0.022251202378245093,0.04068061386283574,-0.001272575780465958,-0.6663193479644555,0.10915432926310589,-0.03690856709027064,0.01752782740620191,-0.07647003891511416,-0.029875990716393123
2078,-0.07128647875729135,0.01124829975735936,0.4311977307459796,0.2609278575663389,0.1373657726385963,0.0010588105098953571,0.01249096266691863,-0.20676799058143244,-0.05221394402687739,0.04744352090431547,0.04337640581103641
2079,0.10611045485963537,0.7055439895379567,0.01619584906203574,0.030803042707020636,0.04446375022694446,0.13248078571673885,0.0415425414909841,-0.04255191268712555,-0.03294042544445148,0.011259424466109008,-0.01342949942167032
2080,-1.7618332888583128,0.1086978935270975,0.03447891756882851,0.0334221157336478,-0.059983227835470006,1.7268641185520646,0.039472783326086655,0.0037840225521724776,0.06944008541900674,-0.10989165333879382,-0.03281231559243532
2081,1.739349661492418,0.03093806189271394,0.11910643929521084,0.040853397092956406,0.06185406430853261,0.15733980073958262,-0.8858690482072058,0.16892815837003428,-0.007143798386796788,-0.0036229055889272447,0.005208262835785645
2082,0.7874263595375457,0.21793938639180155,0.0419485299605081,-0.07677460888206629,0.010960897045660953,-0.11221672724831737,0.07131639222875932,0.11495624178352036,-0.09171784176425068,-0.10404779231011481,-0.045265132606414495
2083,0.5876977382507578,-0.04684430396926975,0.01841312660717732,-0.03337889386991192,-0.02505867701577108,0.1058119380025151,-8.217333808418607e-05,0.040567234465918506,-0.12274686500311942,-0.027867012158886893,-0.027919047273416438
2084,0.14673111833265481,0.08672625497381672,0.08315063236325722,0.0004980668664784265,0.01541228555071336,0.07684165291096667,1.2324582885306112,-0.016841045819925564,-0.08614584326468103,-0.9038252622909504,-0.04833735702163204
2085,-0.23993230781114464,-0.7422808083940257,-0.03169442675247053,-0.02802934765555138,0.05712327624079855,0.10689201101942268,-0.04627236076351123,0.0501248055227591,-0.09091559933795668,0.9544563889628691,-0.006568947723879188
2086,-0.1027927723405289,0.9434899962930597,0.0530399642666659,-0.04718745206999503,-0.03736456826409506,0.024843835382642267,0.012275211055929082,-0.5924562729843439,-0.0698057085456322,-0.053303645473758314,0.012381344087300017
2087,-0.060797262958672105,0.044337139951096456,0.1044484833644446,-0.4890234187912123,0.0007932564024754219,-0.14858036269240377,0.044520540023674914,0.8101968782463108,0.03601631847516991,0.11411248056404669,0.00937654709604701
2088,-0.008677378087549401,0.010354927096514987,0.13180324559614423,0.7600317623881662,0.06871265733381478,-0.006410055313998518,0.04673195175043359,0.03768601967471816,-0.05411443931134022,0.028018425908371197,-0.49921829407445745
2089,0.12391059483420308,0.009274497887852423,0.1285160979097907,0.05647985207118689,-0.5483245449474742,-0.055025258718538125,-0.2062589097964922,-0.0518881538432142,-0.10901013699152998,0.059199281351574574,0.8460215459008412
2090,0.15408546430787187,-0.10271874674423313,-0.06466467829955491,-0.1206577012516678,0.6104168507971558,0.0614888415784939,-0.05116029967916748,0.09093590181341184,-0.10359736362633798,0.08266503826701171,0.022660583087172906
2091,0.18401232875585768,0.08761932690967358,-0.20369369775475127,-0.08496512287251821,-0.007783543216854828,0.13326934198955576,0.07228353329318254,-0.12071324256889021,0.5025407122020578,0.07898462221562878,0.030567292223702813
2092,-0.01182146230061909,-0.014928082085416754,0.6369136020872204,0.1356371791119356,-0.03762291152134124,0.0017101958695147782,-0.08530602597528998,0.18918638304945803,0.057330228959162656,0.07164818610422799,0.1264758239180051
2093,-0.019968604954002787,0.04710951988040868,0.011542788702000139,-0.025990720984444115,0.029839322638700053,-0.7161552593750423,-0.01599629963553594,0.03948655318845277,-0.1394045391911493,-0.12456374345582384,0.03599884992673478
2094,-0.08055595128140695,0.0733729797691907,0.4395865468547254,-0.06494678998977722,-0.1746134732715721,0.1445379213895704,-0.0029760952371155405,-0.022748435601235475,0.01851009163574279,0.04563344855643593,-0.06842556634048959
2095,0.07318859166893085,0.6942066695007904,-0.0184425816558891,-0.017773279721414983,0.007029025334369082,0.01240433255751338,-0.05728861958359972,0.030103197392838146,0.013306380484794317,0.018873698083539756,-0.0017050585970981406
2096,-1.788682113236047,0.06313095904245636,0.006596143180333757,-0.17493065250087422,-0.024018904662399546,1.771338240415769,-0.054772228245038246,0.10648846821396223,0.12986650913194372,0.05760621361650435,-0.06055010382912184
2097,1.6690866637824753,0.028575469270982028,-0.01655747230481432,-0.09829973873430312,-0.12193629930547698,-0.08398152581120129,-0.9715009943392617,0.051364655028831044,0.055667863539910455,0.05363398302815327,-0.07970577741793991
2098,0.7461507897979304,-0.016329096494294912,0.16952752171910623,0.05189432605419393,-0.1074541625470372,0.061850830571126385,0.08386322231455683,0.005969722991790846,0.10066428019689405,0.07226625018255396,-0.040876270064217166
2099,0.5958441063536706,-0.015746088446251867,0.04578078973893953,0.019792454963394324,-0.07489945680324106,0.012168919385226525,0.012272981332266068,-0.044262323149037275,-0.03877096085683458,0.007222688092812828,-0.020211778214140275
2100,0.15690497042819884,0.17943852776212632,0.04141253097979662,-0.015227384990163573,0.08129971846243383,-0.10793591595582594,1.3057445279088344,-0.030247130233212897,0.13798899610102958,-0.8946234132479397,0.12458604819225225
2101,0.12799332693044485,-0.7531188720416347,0.09197063600942655,-0.012057914517598028,0.017571427447124116,0.06931313335098914,-0.04817637836690987,-0.08358307400191325,-0.17601819475192038,0.9873680271969999,-0.00435911950225599
2102,-0.10393596396239009,0.8559747756468828,-0.02987871222823056,-0.019179406164998934,-0.04358776305116761,0.13739234043706622,-0.009858401507055017,-0.7087445161235734,0.043680265707819216,0.032992864551479144,0.005637574780402327
2103,0.011728177106723319,-0.09844174355380711,-0.09504744376350065,-0.49535009875806835,0.11837994305116739,-0.02851622034848518,-0.037002739331658575,0.6808697843270257,-0.022743435768579207,0.060746704125217994,-0.005104605689085113
2104,-0.03334247927331763,0.038718004028465654,0.10361566763617393,0.7955175438879575,0.016650564224751196,0.12313238746148064,-0.09773064882701263,-0.02360009712900853,0.04667054617640423,-0.031114942362341427,-0.5621147930557712
2105,-0.07204361070935827,-0.11826160105708465,-0.025336274497646298,-0.05510839809354327,-0.5200084799097411,-0.11656123063794512,0.14804212688280047,-0.05530296691570256,0.044691817890994176,-0.05694978050265469,0.8371265232085828
2106,0.061362611293374454,-0.01142540889295863,-0.07364415875493038,-0.03849590919215233,0.6291632653323498,0.03163151725641331,-0.0767285876747419,0.03158346206064572,-0.16888412602632155,-0.018698690196413167,-0.024366960018399088
2107,0.022728435037427726,-0.1291095354977924,-0.24828606388875657,-0.08733107674433194,-0.02593379548802388,0.19899121992414892,0.16556846655489632,-0.11558981000401888,0.4778783537040855,0.051825556594818974,0.042261198242750986
2108,-0.036349119013730426,-0.11912771231804008,0.550037169962191,0.08199109266591577,0.01097210342728254,-0.17013415312617527,-0.22298959666985405,0.037007952356267144,0.029715181518438785,-0.12819206820495932,0.16371629007739485
2109,0.09585484752290145,-0.045833715139954725,-0.03313202954417355,-0.02892034210316594,-0.11973202199856159,-0.6305805827818667,0.01665844215256795,0.006775068141787572,-0.032812538955906086,-0.002871292839623272,0.07192506743266969
2110,-0.18903774682186386,0.057162211065781704,0.42521803708477857,0.07250870851897821,0.09973566449554233,0.003043392001518836,0.34069120746085374,0.08725643176017715,-0.010225005028392234,-0.03215869785877178,0.03338141169179738
2111,-0.0805661089734414,0.6491565658338767,-0.04302201482760712,-0.01828899996045006,0.03218303775143045,0.13186789190351456,0.06545621400751153,0.008429222699140435,0.09817495279529773,-0.06618515430873818,-0.09790563121509815
2112,-1.8446020669027725,0.053008966000141905,-0.015046025124553105,0.11167511068008461,-0.030560499124618713,1.75161837227951,-0.14611716413339493,0.11258336054551074,0.09956379424019389,0.13823414179498855,0.03505777347947574
2113,1.4133074372645125,0.006627214165410238,0.07399365658982314,0.15419995886825968,-0.022661008578044744,0.10978643329410752,-1.0211430613056258,-0.03611724555974106,-0.03461737339151018,0.03538154866424026,-0.026339850960422184
2114,1.1923099914392308,-0.017570587916022784,0.014799705799572821,-0.08090190296805733,0.0563158668148719,0.0792459112022246,-0.010085369077705185,-0.1044719338423696,0.16003865987057286,-0.20714136282402792,0.042622365591251696
2115,0.587584484948674,-0.006089469388490483,0.005940541496921733,-0.046069849923945215,0.004970016650078933,-0.036002387853447476,0.026965220909934376,-0.0015955873105168547,-0.0070634973996391015,0.029206112732587622,0.03381244787622848
2116,-0.021469235765455494,0.0007018408435707987,-0.10000609473003101,-0.06855317104817743,0.08592292551334478,0.11265220671133497,1.3387839751887087,0.021341846146763245,-0.004453029180666339,-0.8723574780485255,0.02461933981255004
2117,0.19296213120749953,-0.5458586570133266,-0.010936838136473177,0.0675896238884505,0.03372971050892882,-0.041251741508785314,0.11646331147489933,0.022654559009310606,0.01017903736502003,0.975884034620372,0.17510946724331522
2118,0.4258001769371403,0.8535670187269249,-0.038005882300905125,0.034712744137895074,0.004697712004570492,-0.03781466830307088,0.06542143150325459,-0.725316578673364,0.06402710699001024,0.09719755467069538,0.017206701596846913
2119,-0.11797864126688345,-0.012515025815332929,0.04988242131105501,-0.5399674522845442,0.03007515287434323,0.1074167866890203,0.011994600624201409,0.8363397583790558,0.02358293432882067,0.021532637120774988,0.0831766291944179
2120,0.10632929888456571,0.024910524104464687,0.15074639236346066,0.7896589827252056,-0.040905645255484076,-0.1141042690172929,0.0421250351832046,0.0018845886615786469,-0.23203602777920748,-0.09341943623299125,-0.6624598996752873
2121,-0.03548869331058936,-0.06937600410969762,-0.04576705555600726,0.10347128137077155,-0.6273625080532432,-0.04375911147100823,-0.09422951989817624,0.0024476699836467114,0.07265661843473005,-0.020789090775776724,0.869370992746426
2122,-0.16139304922760797,-0.02444220782717805,-0.06839668251256206,-0.10258601476146813,0.6248552620808719,-0.18570574109144414,0.01309897964778059,0.052174435859796836,-0.2790825779762425,-0.04906471566115692,-0.019964988828147227
2123,0.013361625359898082,0.03845474475809424,-0.08448397227958794,-0.05137826912223774,0.07371885013776266,0.07724815863683634,0.09010526932844214,-0.062355013983700656,0.49914044999487284,-0.08555653688813242,0.05257617366155754
2124,-0.16817961490289224,0.013157698192359474,0.5322937317273159,0.09449007062220423,0.12396654762979475,-0.0020805992370618812,-0.10746863127160934,-0.11303759480678237,-0.03454974116186549,0.05799903160464254,0.10657583886753325
2125,0.00942586107762848,0.025220598459717785,0.0913544313220389,-0.04012297316376486,-0.019282905486381632,-0.716601243391235,-0.01704685731513547,0.007441944237263277,0.05429407560793835,-0.0181744133716734,-0.16217878736687016
2126,0.19015426504093946,0.05453796246728854,0.437945157393794,0.031370221742441355,0.026134547097443443,0.2071747975155421,-0.12379729561266192,0.06912815873792075,0.11658615928812371,0.03607106165446701,-0.025001548873725136
2127,0.007027688288518511,0.6695623212066264,-0.07915344576033895,0.0291123006295027,0.009550245439306326,-0.19691658919685923,0.07149139612853507,-0.0163648503910043,0.006342698990279468,0.09308272112120232,-0.06645876937876956
2128,-1.7612882695215728,-0.18997009426626638,0.17001456278562357,-0.20083364557613173,-0.024606022578324026,1.6810992518940489,-0.009595992715821258,0.07122866814223099,0.023591271012175976,0.11427999428823235,-0.05187024184016205
2129,1.370589058534424,-0.023079953377009115,-0.04173330955776951,-0.020695037495598815,0.00467696074999862,0.1922437369520476,-0.9947491365940723,-0.07974824204222057,0.04460554934143478,-0.015574545172758286,-0.10433257565822245
2130,0.786950706857231,-0.10460894948359935,0.01664302693674589,-0.06362515160629145,0.054997879253587345,-0.07784242775218432,0.0019722952415462836,-0.0393611628006586,-0.10707671314557768,-0.23180623782273824,-0.1126806751465351
2131,0.6325624246881432,0.020906421266428693,0.005222027415637033,0.0298321686995089,-0.07027666316674007,0.041228405502970335,-0.0012133245653855988,-0.0036277990412023125,0.026518288308646658,-0.1202259862886235,-0.02238720638560308
2132,0.12851473005284236,0.049369765693815,0.045830887938022216,0.07242643516578048,0.0743646023781077,0.03547616063224475,1.3299646573187462,-0.12140406868169587,-0.20342948665706362,-0.9437594767081178,0.07441948298758827
2133,0.06927805447669405,-0.7434129533159789,0.008901116165197271,0.025870840375603575,0.07683835798662865,0.03109413724107325,-0.080311602258484,0.043435114900755196,-0.01378210393278249,0.9797831118790971,-0.04457337750972122
2134,-0.045790143585242825,1.008088981546797,0.07775077694644114,-0.020866474135423113,0.02764895090425333,0.07704581365063815,0.0884137868333277,-0.5547970835880138,0.0333397172888692,-0.07141862736198473,-0.00409987327148831
2135,0.045663233718516515,0.16413927780717363,-0.006081305879902785,-0.5917590532650157,-0.034510489971495466,-0.04022323041781387,-0.0441944048260744,0.846217705680854,0.09435277403704521,-0.07438242188716274,-0.1585250531370925
2136,-0.13246333560818493,-0.004846473328499603,-0.07145240496306525,0.7906907827643411,-0.1956295814571585,-0.1618803073949402,-0.0038046912488479204,0.04335996051888977,0.1292836180734414,-0.12014955496555685,-0.6256848842171256
2137,-0.0018303895409899464,0.016471952254461797,0.07761497486243546,-0.06998258104343019,-0.4401660923529472,0.10692281244468554,-0.10282348950507877,-0.0007040262846062691,-0.038177955418289715,0.11514635015110573,0.8948978663104076
2138,-0.26686857784569984,0.1817351679242619,0.0639250316858517,0.04873983566124666,0.6426309832583752,0.016072441155891133,0.03316337205973797,-0.08277073595738414,-0.3242385801350882,-0.0435752093897678,0.05469675788363811
2139,-0.1145946262692487,-0.052280510640556783,0.23438436004389418,-0.0357539366557828,0.01973062984160999,-0.01158982120613917,0.06964268943693326,0.11904914152155271,0.4764748695874359,0.18521233880364948,-0.0801652378341797
2140,0.06445908385919785,-0.1654116221834907,0.5922540906345197,0.14654904831185192,0.14366930997788305,-0.0777556303336515,-0.04911604033803049,0.018994366670993117,0.17289022551275962,0.1677091744329862,0.0825644973760441
2141,0.024259501161418416,-0.04242072847617968,-0.07540834319964468,-0.02773676597738499,-0.04117767479040507,-0.6653992491939497,0.00026918323477581564,0.06752482905825859,-0.02957171096771544,-0.0006007284319911226,-0.03326690679561552
2142,0.017285697132601356,-0.2310910277632415,0.42530626576117897,-0.3228736260954387,-0.0229284497288998,0.11913858026300292,-0.016511290077200064,-0.14705338232791787,-0.12973901416697606,-0.07521977815700766,0.07440621203057415
2143,0.045381608403094166,0.6667877551629336,-0.10045031954258486,0.023423403924516046,0.06214811961646412,0.008207333897451617,0.1534647511308328,-0.0573387607253526,0.012231340011765101,0.1229921865140933,-0.009761405521469582
2144,-1.9219906254215375,-0.021760463915222975,-0.07845481370713067,-0.08953942596011095,-0.03263414148375254,1.8502268802261799,0.02781071807434342,0.056374297671359465,-0.11009255753379772,0.03274979014294005,-0.007477446746606529
2145,1.2855842565346758,0.037586372767284076,-0.1756644390945588,-0.053082179317529406,0.12017129080179868,0.024769214969842447,-0.8873460106193817,-0.006587139745089075,-0.12564723445412296,-0.09462385255771227,-0.06665348226891497
2146,0.7815807011838026,-0.10345734360462977,-0.028588235401857898,0.0371742195977386,-0.03607231856824377,0.12669195392440918,0.04111446083434461,-0.08410020792439887,-0.02531132066359275,-0.05489749143016047,0.01950764645480533
2147,0.6696625479137286,0.0038314279080221853,-0.034913873074405084,0.0434043464296445,-0.1392127587410918,0.0027025266339016293,0.032214730509114456,0.020371215207055808,-0.047165650782645716,0.03600804685349835,0.005908685469765859
2148,-0.10542738126421282,0.05733038110724064,-0.0855493076049138,-0.01073521872986499,-0.009774908538400188,-0.05624327345946459,1.304918594897241,-0.05368470849366378,0.030252675545186916,-1.097860595099213,0.061102471577678966
2149,-0.07018168111806655,-0.7834478910956297,0.055730369094993355,-0.0037546665409188707,0.03254489356046789,0.09139758732997515,0.02789742799399822,-0.021392011680990846,-0.035819588142793776,1.0351217925591407,-0.11770147705869095
2150,-0.17714770261935472,0.9573294167869512,-0.03184693574171233,0.10689978741573362,-0.04261092263135525,-0.1358439935767719,-0.02638533995257543,-0.5776237526878443,0.03577240659165844,0.04563791553354954,-0.05169203350339688
2151,-0.010911635277287182,0.0583659607971456,-0.06268347339826194,-0.7096796040155301,0.05053128169829985,0.06744360522460649,-0.05208440663787617,0.8055616869449713,0.08493097501940393,0.025667721189433154,0.01001831924627395
2152,-0.06804777811602246,0.0781043963182565,-0.1796790751660403,0.8128446863456875,0.08473274410851357,-0.06684044004911728,-0.11761445517449637,-0.05890261033348951,0.00818550892250992,-0.06296159703533363,-0.5487256669676522
2153,0.21513179899217577,0.09435202325365166,0.09314936114984568,-0.03478361405960372,-0.48159146192597346,0.01997955885706975,0.20341390114334482,-0.060745378591064,0.1467546145043284,0.18178097180411515,0.9540637142373875
2154,0.08081955031493525,0.0512034971875216,-0.0036507262732800028,0.056264021568317536,0.6142487362708713,-0.4962812427524836,-0.1074457555184298,-0.0545035709051821,0.014003779549889489,0.15407326182918518,0.014938464167819781
2155,-0.11587905997699036,0.04225676916108978,0.03890623126171018,0.057703396021901596,0.08358065974807445,-0.033625736363263554,-0.10935053865663061,0.02394037887428583,0.4604446114328156,0.0844735406718547,0.05617540253219535
2156,-0.20407130712043986,-0.25027804703570344,0.6676086298640613,-0.028204484416879613,-0.08297401648615853,-0.1114335606325006,0.08788668665373604,-0.14065201068529715,0.031921289367445045,-0.20875473520010834,-0.08677182779467293
2157,-0.043976844911148096,-0.1118828456960222,-0.06579161838596674,0.09814599770457802,-0.05579573526769442,-0.6594657698723578,0.02733551213011486,0.11634602547405137,-0.05138783315632358,0.08815462642142051,-0.060605080965967895
2158,-0.017828421669079077,0.050670804725926104,0.45036987975668796,0.05810402457903271,-0.07049527584682924,0.007465407195494279,0.0821236376327675,-0.15218218330022526,0.14088765659506133,0.12457131337063353,0.17756780937730804
2159,0.1033684856218203,0.6553817704244113,-0.07887605588325382,-0.026676898381444346,-0.02786348663901136,0.2788137446404914,-0.1159393745108457,0.04714130014373906,-0.07149433293255211,0.02989374316768928,0.028288239917285813
2160,-1.5268211673134733,-0.09381497254105639,-0.024950977978555996,0.022957945854832507,-0.08607706600553748,1.8618199218871845,0.13930730601023353,0.1044817049196974,0.13236144920012985,-0.06789186169114035,0.014281613278599128
2161,1.7356376380812975,0.07999374846642246,-0.006309701268827963,0.05452843741812828,-0.017310449958046526,-0.11487090564882808,-0.9261462190343218,0.002773809186698492,0.07132721964721869,0.06713953737829423,0.009069284819858862
2162,0.955511061008255,-0.03387004654655117,-0.029804610309008953,0.08338717436718493,0.07639541004684207,0.05367661628676637,-0.06719093795383077,0.14699411881440094,-0.10031209001840942,-0.045771283580271827,0.029904527529828362
2163,0.5206507057450934,-0.0091357403796914,0.006463991925524632,-0.015701704919842296,0.012675222162091417,-0.01422336828022848,0.0002681263057018334,-0.009184914463810721,-0.012517721378421586,0.015878711712986986,5.972994215074773e-05
2164,0.14807544687835753,-0.07485628420597765,-0.07440641986290737,-0.11674493662651489,0.02437585438167109,0.2584083966082878,1.2763782993358412,-0.1468461863392989,0.1072103402068611,-1.0542126184724994,0.04549911911988053
2165,-0.029223267122016058,-0.6171353863317072,-0.0033510752034770558,0.11220059965076801,0.07272234948895397,0.14556369187773102,0.11404453222708522,0.012718898707793556,-0.12437469317020929,1.0087915222212744,0.13620634095764927
2166,-0.06799562744593242,0.7170763016745889,-0.06042286773820408,0.02496656694401771,-0.019361156023292875,0.04340140812712068,0.19652533002595796,-0.613519553940346,-0.06055267974976074,-0.005003737299489215,-0.01670676032480751
2167,0.14541620937393657,-0.03490937161332028,0.13488108228002257,-0.5391998167094878,0.047571914340143,-0.026416002532579547,-0.09364207777239578,0.7623952734859425,-0.1095918907789687,0.12132622695257123,-0.042226288249674414
2168,0.026248646143740857,-0.010576105342752039,0.06298843421816334,0.8192972502502781,-0.06826696759187682,0.10690314525150754,0.04416412393073067,0.07287209402972039,0.15248891394014805,0.012816050298850782,-0.41187867633870495
2169,0.026792262565788653,0.03992927953312609,0.1147689067089527,0.00417250003858779,-0.4554461883426166,0.07765426341090123,-0.11148641079468054,-0.0398296624408636,-0.07001815412653548,0.24377075038469878,0.8824983075793417
2170,-0.07780638629256452,0.22811512586818597,0.05505036085226257,-0.1614092354665313,0.5613069443647185,-0.09086478484697556,-0.07125422195832884,0.0251669396192813,-0.17493583055719372,-0.24308339975408788,0.026174864567603588
2171,0.2976834919311926,-0.15958400541167764,0.2110316656512642,-0.0999737397638525,-0.028689370515456326,0.14998999382735984,-0.027400482507895313,0.032804389887358856,0.4937878835862291,0.004844786337632908,0.07956660559878287
2172,-0.018747209322379523,-0.0054513574265487065,0.5704791877483515,-0.07666131862406252,0.11686332449626936,-0.12055014863105505,0.09040123314235286,-0.17815196457093385,0.10096525803867018,0.02723455633119789,-0.05353387401288635
2173,-0.0952433671894665,-0.03435877072071567,-0.011790354964398325,-0.024881794172915344,-0.05413021920675567,-0.6856842374744865,-0.018761864916900996,-0.038701996064297355,-0.083761706054058,-0.031199056289588148,0.0660456578595447
2174,0.1989612359703167,-0.04704178555532429,0.41764035140670297,0.06284278196261962,0.03099049129193848,-0.024189550005278386,0.007906779945011108,-0.17192561838295656,0.010831019569343705,-0.14938027112047222,-0.08468118629277566
2175,-0.08339047195641144,0.7193502531661878,-0.030250686139084472,-0.0106879224116344,-0.04441686887464061,0.039769469316563055,0.14975257807066264,0.002103042544573797,-0.007173353428512225,-0.0007520180956575532,-0.051304164387836464
2176,-1.9323184867392813,0.010963405163742543,0.05002213440748239,0.1278042583735844,-0.0214050757521829,1.722113292138364,-0.02017726356900571,-0.10425099155335191,-0.025091361506375,-0.010347583618892833,0.1627468841879385
2177,1.5807028926748794,-0.03121488512364456,-0.09186645317694478,0.03218171662544138,0.08576454945071457,0.06196543557384534,-1.0363661070323267,0.021333362478505716,0.00083910338728591,0.018207470805080565,0.11454792150591216
2178,0.9250133362539051,-0.04286247011213172,-0.027455106158752882,-0.12195213778418622,-0.031276242935182635,0.1227184238597601,-0.13261926771281232,-0.16663263759189817,0.03824502365102769,-0.03356075651142493,-0.07531906068707549
2179,0.6040886492724227,-0.0007160466404239072,-0.051481959571903685,0.0145354973128294,-0.050390761553469735,0.06655973143219551,0.009403906585474282,-0.008956226337906374,0.02711686506403655,0.016106415854749874,0.03528867335322473
2180,-0.22445330290091095,0.039895295977390006,-0.039431325433413544,0.022474458395856715,0.05615944607627964,0.22129625595294128,1.164682534760559,0.0673286228559282,0.02922618731688502,-1.01004257286879,0.07153479498682404
2181,0.1158221739728873,-0.589181588554279,-0.005289561884509813,0.07379004173868113,0.013818268067389033,-0.25244855884954964,0.09207139015018204,0.012364155437191444,-0.003842812283709991,0.9743352770002119,0.03564228089154658
2182,-0.03593147563347469,1.065889382789668,0.0457326594368689,0.06852803135028358,0.04391794175224304,-0.08417715640266636,-0.05286092916086134,-0.6218492637993617,-0.10823428234891,0.06601527374117017,-0.0972469312175537
2183,0.12269618578706945,-0.03290731767982343,-0.015392470565232002,-0.46606982140528863,0.018456606198986432,0.07782406398055441,-0.021129754397187034,0.7857515230794739,0.043375983791257594,0.09503293101414426,-0.0940190832103305
2184,0.21192349854450127,0.1165845498619705,-0.018928283611055426,0.8328627339925171,-0.1719106931717431,-0.03256884890472861,-0.17345896410887382,-0.005271988077413886,-0.02000476301399739,-0.05728713121355115,-0.480226270387786
2185,0.0673503529124394,-0.04677849427642785,-0.08946122184894004,0.023231838795317646,-0.5205981818955493,0.13678513414700444,-0.042303847449307305,0.010013937867153336,-0.039053108576664754,-0.11856993202211387,0.8852843732031405
2186,-0.025241902290724497,-0.0591201257417908,-0.06186384364629624,-0.06815181189296578,0.6299690291049407,0.08154872177795514,0.10130635378930136,0.10911624491801736,-0.0668504198818197,-0.02006281218014974,0.023340845332000003
2187,0.15972501348706725,0.07458004469383,-0.07008677992375642,0.15327924500548404,-0.005784380394306966,-0.08331785265795165,0.17086132664720644,-0.050291829900151123,0.4727646560444232,0.08493621303322664,-0.05091238048322254
2188,-0.061479100086209805,0.0033989736799185264,0.59827338995917,0.02134200218897546,0.03130849892862574,0.14695054250487585,-0.1096342345065389,-0.01965365598701791,-0.09734850787680002,-0.08791841720695155,-0.06063122334423892
2189,0.010710456244841866,0.004264068919416781,-0.07365873791926464,-0.03103768064974941,-0.0071674470065213255,-0.684388829885949,-0.019930516495224784,-0.04667207107978728,-0.056206574046454794,-0.01625282351649406,0.017930734570761896
2190,-0.022990096954909608,-0.03691605515948024,0.4210797803565555,0.1414815274164964,0.10550540919869983,0.016725520281954113,-0.04939453689347789,-0.0915835464096116,-0.0075857751002643935,0.060597253760413146,0.13363745085350148
2191,0.15546082495606012,0.7154203366816401,-0.06352683662079844,0.036882856637568115,0.05130134816718411,0.04522838827208073,0.010408336678235573,-0.025275859278883376,-0.08702186279070365,0.07713770222386458,0.016171034441792055
2192,-1.6205064127998494,-0.026253002873999336,0.2623603393450655,-0.027962870985386478,0.08146468073350221,1.8983897386859507,-0.10537642711309694,0.12387067176550412,-0.11476470018685371,-0.0247460342276355,0.02633618697850921
2193,1.283409741497351,0.004340127548693534,0.0024419633251285813,-0.03447233447960657,-0.03414571463063911,-0.10032715213011814,-0.9551403792395328,-0.03672521172857089,0.05475303271658373,0.0554362800853488,0.051767675063789494
2194,0.627874632990734,0.009076188435337888,0.2456059852658097,-0.029084197640937833,-0.0204091282776006,-0.054610701229663355,0.04889233683159489,-0.1273080844306585,0.04803335323156549,0.07850024656758539,-0.025015398952492655
2195,0.6776556276594171,-0.020579442853298317,-0.004446204802538696,-0.012427382413524726,0.03820351009384421,0.11176230523074392,0.051000127230118514,-0.0048530480742318355,-0.042697950520541206,-0.003809942726363382,0.004148060699975971
2196,-0.2136513868828645,0.05239314437975109,0.0961865957685168,-0.05647847349390318,-0.08182967843918344,-0.04135199732865603,1.2889744850206148,-0.08591940785319122,-0.10978986214843581,-0.8193209570041348,-0.036230891366488854
2197,0.09893991715426723,-0.7154377613160193,0.09880407600055333,-0.09629958080098167,-0.07040591085656693,-0.1917039949466585,0.2330803809410612,0.03936425886410801,0.02268949433625684,0.9171371585008524,0.12312312166810717
2198,0.012741577853455043,0.8369847553411565,-0.08592549539491257,-0.07849390257737059,-0.06323439278442633,0.12088913348837746,-0.03641769550958234,-0.6443754647162229,-0.022812504058353025,0.1024827103099093,0.02424058828647385
2199,0.27616643942223074,-0.044186618832565916,-0.11509381406978078,-0.5064261408637721,0.0385423526553284,0.2309524886045806,0.0904879858897396,0.8273252578409693,0.04620135607811694,0.013655509719767474,0.05027077634848935
2200,-0.17921038263677833,0.05256799086657735,0.05908237135961026,0.8240652292954689,0.10034307181056946,-0.03143125124503048,0.0015490819364016597,0.05436233445428091,-0.20330019906378843,0.08403648536868298,-0.6228758670297134
2201,0.08070149490479851,-0.059084383272914744,-0.09356108137727534,-0.08797545329540228,-0.5466597833170731,0.1747603681791976,0.1127975559645345,-0.051749982025057935,0.04633471679865197,0.006671342257394629,0.8854735400844556
2202,-0.06262578959955566,-0.03322307642435311,-0.010584789131517652,-0.03735273816965295,0.6679254818492508,-0.02137365792163318,-0.23105852481156902,-0.08850550100445717,-0.2779134730262782,-0.06553942853905773,-0.09627977020269506
2203,-0.18059146236407472,-0.10576000714585423,0.05242375430625158,0.0313299842807334,0.10425675230889603,0.014992240216944397,0.09689955519750083,0.006330332000485382,0.5057986816653368,0.11269777187123065,-0.03973716365022886
2204,0.03494988002949466,0.17200363000897817,0.59514983298892,0.1266639118694662,-0.00010543970136283644,-0.23746873858952536,0.1730450404529051,0.054107325469684636,-0.019956269300205616,0.2259090248634432,0.04136349341624782
2205,-0.0639624790375525,0.03673272525630793,-0.07345207485842703,0.0019001312998586503,-0.07721509771250666,-0.6693626290354577,0.028974590201382017,0.02521768903863323,-0.009311294559173853,0.0071236064267012926,0.010708739710682872
2206,-0.1552810027640026,0.0016369886558494917,0.38378146819376946,0.005884435450851457,0.04995224647002206,-0.08806374407422489,0.17677958296277801,0.03439923566819637,0.16905813932696007,0.09551507401390011,0.10161137571338262
2207,-0.10596017253933447,0.6607247093183557,-0.06490288969928142,-0.04196454369923957,-0.051890294516056895,0.18328002493623569,0.1357494565374751,0.0169286627992054,-0.011268955912824544,-0.033731201768883445,0.059338393081798155
2208,-1.7276320903425295,0.10377103164304494,0.16310735949692393,0.07540283842381114,-0.15136212944729213,1.5409966186103272,-0.10219103132014198,-0.03402887025933857,-0.0315198549211234,0.16229327731065193,-0.07020360048193475
2209,1.7830550076885447,-0.030157416008843262,0.029963363789821944,-0.009612252334647721,-0.017711445155556484,0.02225998257982313,-0.925208957472281,-0.11313791018864469,0.1574697848935082,-0.013083203035722581,-0.012529768653175122
2210,0.9042924364776359,0.019936526567839785,0.12382608413827256,-0.03217595652643199,0.03200901324907848,-0.10903627119504415,0.022955064201843074,-0.10139448102185185,0.08927427374335896,-0.04619398278875284,-0.030477827829014856
2211,0.632868408266755,-0.05399911622626027,-0.08853464537956285,-0.040533871231784355,0.07109817598569602,0.06710498070229157,-0.02232136785490873,0.0343507199777394,0.0010219812917681113,-0.0033637406113154605,-0.016764138362981552
2212,0.013038648224286298,0.05956208675644061,-0.08949234113500396,0.05518460522798758,0.01375379966175186,-0.06289667164400285,1.285103031007796,-0.12434427746362837,0.09111597246769829,-0.8713336294693035,-0.005140215143788892
2213,0.21597273372966214,-0.6832110824821137,-0.03175395167827485,0.1383057276395069,0.02628255096915447,0.07887453179333279,0.050145499259805194,0.06222688697257413,-0.11996793996354657,0.9460567367728769,-0.06240090650402724
2214,-0.07085572832870966,0.8172149938957683,-0.09769016373654077,-0.0382401629276458,-0.15916028120483214,0.0062254423245874015,-0.1574702482503026,-0.6486390595444873,0.05680133849580456,0.12888896286351043,0.09768718602683311
2215,0.00810119725126411,0.1682477592473188,-0.07767828951175094,-0.42035229088942827,-0.14441338113668578,-0.2564912837286798,0.25691341696433767,0.893174172139023,0.07128037659607343,-0.04545348006764816,-0.0324507083657061
2216,0.10814555066690892,-0.09250763553900225,0.0018297388228176855,0.7716237301383836,0.05508661036113833,0.1436077617743984,0.03746021834802211,-0.0737905695432923,-0.06941990648743399,0.02924613886239825,-0.8251094130821329
2217,-0.17605445249869814,-0.04587605788764825,0.08913381437720272,-0.03878879984885267,-0.4645176148000195,-0.026059238074336195,-0.1200294886182829,0.027703101765749742,0.025255483835255162,-0.12448926756614326,0.9205967122428219
2218,0.0848587977083192,0.18237867219932183,0.1914702222983143,-0.11848641614151201,0.5753622049621586,-0.09397219621575871,-0.07909941744818591,-0.16431951399203593,-0.3096188711449731,-0.03157647545943932,0.0334256950776931
2219,-0.12934878598176483,-0.046390990216413214,-0.15653533897362842,-0.03296610304575613,0.012664259334579672,-0.02051701894236107,0.014797767025264098,0.18866309553468455,0.5091330736304224,-0.011996805245171632,-0.006220845529636004
2220,0.02121421419666178,-0.02633007402329507,0.6724661838192285,-0.043449855337815715,0.05110812388195034,-0.08904182162198601,0.04743576713378699,-0.0816220205511915,-0.011381239313388969,-0.04557465905190452,-0.02484163668528523
2221,-0.034233493433950116,0.016766018654546133,0.07148601056321455,-0.059673903984398625,0.03278129044289104,-0.6435562983945549,-0.12557032030426596,-0.025017531066271723,0.07809944790939048,0.0056194808730455565,0.0627069639351094
2222,0.030741012982444436,0.003890724050598207,0.4313077546739611,0.12422151401759543,-0.13107521317006712,0.019060889812870067,0.06980895309902548,0.10337191582931196,-0.0827637848455245,-0.014615914221949728,0.04198602689031654
2223,-0.03450092941805368,0.6689695462186959,-0.004298480551718388,0.05083479704166661,-0.04308983776557976,0.026891488874642083,0.07564506752060751,0.00038883547433513077,-0.05391849980728578,-0.0028342422698458616,-0.02094565211104809
2224,-2.016531089833729,-0.09677896814192145,-0.13110103579991658,-0.10205180536727279,0.0863582845361738,1.8204836470820087,0.0016527004735682666,0.17543213811513614,-0.09856162857872829,0.07053786790704117,0.014911398023613267
2225,1.5694605418785526,-0.05257645775208525,0.035516143793228545,0.005543335802455768,0.0210023133991778,-0.16390372653482305,-0.8233767218329995,-0.05038495161551973,-0.06412322594041325,-0.09045014284194722,-0.05859346288764444
2226,0.7485802918405464,-0.02515352841951521,-0.004580725604320399,-0.06311806609634779,0.15027950360964004,0.1442560642100924,-0.06417883369324388,0.11124911059280437,0.11630594573784989,0.03639653492957401,0.09625336784414334
2227,0.6632212197288831,0.010244630539358602,-0.10357442611913462,-0.02209107219336663,0.027359785344225365,0.1332123051360634,-0.02895406232258934,-0.041547031952711005,0.018747421303426725,-0.0729826480514499,-0.03170735012385893
2228,0.18848660434488185,0.05940955752256232,-0.04958964813677225,0.017155726790855055,-0.022557210756218738,0.19799054359457752,1.4243689981990455,0.03673482897400628,-0.06481168503130831,-0.8259172945267033,0.04565528329779893
2229,-0.0243305787741474,-0.7133846965993498,0.09531006071617146,-0.058260787885652685,-0.041286836739268494,-0.02805892860241267,-0.040418399189651996,-0.0016054597453930238,0.1266495300881225,0.9807795994819156,0.019688200606284043
2230,-0.031282434995986916,0.9377319436098347,0.004194379295200517,-0.046783578394485256,-0.007071276760742609,-0.1333887061366997,-0.06953767645949825,-0.6249291820793104,0.10300347176161612,-0.12836404510704413,-0.0383655906550313
2231,-0.05102631844535177,0.04255480530620236,-0.12018497191535484,-0.5164598758026901,0.06693555912970346,-0.08316136461412743,-0.07772393691454711,0.8703175909731311,0.003285396830731535,0.15708272221810005,-1.3335453192736546e-05
2232,0.023939762042059807,-0.0330587183066135,0.142763160137634,0.8011258049626775,0.05007147545517077,0.07204391425515531,0.007919533031562617,0.02304820077659712,-0.08144256295157826,0.14675129889795033,-0.200847706668209
2233,-0.0327832808958069,0.05149757688093016,-0.09410982964140122,0.0009241425130321512,-0.790775616188867,-0.22955360979064307,0.014915446322351093,0.04701471496582437,0.04426710333310294,-0.019291157723186358,0.8893129733245232
2234,-0.001217382801052243,0.002740093324308827,0.037749604823343094,0.09027625644134196,0.6043580898869352,-0.08316015435578307,-0.15086026093624413,0.14512477167948026,-0.42952875625006404,0.03691526795632585,0.0018773393701585939
2235,0.10496394539076805,-0.13490519051266595,-0.017545109409780976,-0.01641476110748716,0.0619924042390496,0.10670380478127288,-0.010673947847721013,-0.04785470132005417,0.4792601077746738,-0.15680493145570282,0.002824282671067445
2236,0.004840675694220864,-0.20300601238173743,0.5944821203548512,-0.14388582443104247,-0.0669264411521904,-0.11743114719794649,0.10020699780607159,0.003179363864498465,0.1202156175386464,-0.10448920648658204,0.1551321010527686
2237,-0.01949853220659066,-0.0012435525103536905,-0.032786105127528734,0.08137650224527587,-0.09071363976650007,-0.6835095344956713,-0.08015517945879559,0.08074618161101595,0.030846620955734746,-0.02818065068361374,-0.0018071630487413101
2238,-0.15212644215603766,-0.015956164572364526,0.41474336298837294,0.041618732722910105,-0.03904316541530628,0.00748334762205349,-0.025166356479436852,-0.21005216763370085,0.005251366636647217,0.32288407238480704,-0.07760442910452069
2239,0.1342662975943541,0.6914593705482084,0.05818540851434777,0.012511817902294093,0.01689645483615626,-0.11347559247599155,0.032627861260857184,0.04264108370422337,0.07757155377173164,-0.05896617050483163,0.06381385746164725
2240,-1.9257238539157624,0.0689227942471879,-0.07540985542330667,-0.14237218870028276,0.09194044078492741,1.9298153502828717,0.020339749933049725,-0.026481031680683935,-0.08390990069258732,-0.1188235477291586,-0.027286697494660363
2241,1.3428008446103636,-0.020744231234956414,-0.007927751820492619,0.03928271170809048,-0.0073505872907013315,0.1550224759189993,-1.045441939661593,0.022946492356445677,-0.11328008769336581,-0.0016653940790045808,-0.07365901905538774
2242,0.7548933263693073,-0.020325734032984835,-0.034033512433080094,-0.04374508666740527,0.18031845813343672,-0.1298268826091319,0.041040196070937986,-0.2382260231164535,0.07580965956932634,-0.138781275199828,-0.0366394107475406
2243,0.49607969183977807,0.033625686803566535,-0.07995425874607907,-0.024875995257379147,-0.03891831198438402,0.08004496045172503,0.017164665496092843,0.0433754418766441,-0.005500053461750225,0.029486403276047783,0.04087839150706501
2244,-0.03582348875409612,0.012047080614805966,-0.11980059384361583,0.0358859559461552,0.14134671367720072,0.11380443575452942,1.2750464850091654,-0.07267315267007758,0.0070343472716925155,-0.865661748422482,0.2215429894460289
2245,0.10364844758774548,-0.6709826540259876,-0.04269134952775709,0.09538925980740703,0.045320978676944255,0.0503833149440123,0.06965019542543138,-0.024143635759964786,-0.03592768499323681,0.9339210201838465,-0.11621002069505937
2246,0.031714576405410595,0.8833391120864078,-0.06885542521716471,-0.042516913694194344,0.07192040277068552,0.11533504467412213,0.11213746422871235,-0.5897980930684308,0.03694640600508456,-0.09620610097528577,-0.056912484132875356
2247,-0.0932134450080059,0.007928969105930767,0.051173613654689885,-0.42677669966862863,-0.10920393167478978,-0.10825710695656093,-0.11104826152600915,0.754278377292097,-0.00034730857573008443,0.03827331756804787,-0.0635409120468479
2248,-0.13222189302040557,-0.054908972269038764,-0.09020754791480247,0.8025983847856476,-0.11648476533996868,-0.03938647231099722,-0.10711078597202564,-0.003299046477330737,0.08755610428504755,0.12147615550786212,-0.2710893969623351
2249,-0.21638187156480768,0.12423806345441128,0.07057885469820882,0.07789456396838014,-0.5651445883116594,-0.05194205228693761,0.20847435511324824,0.013352367969639813,-0.0980124767388812,-0.036955248457463605,0.8374096219135927
2250,0.05547727445722189,0.06005098535697033,0.10442433502847942,-0.04791444034562449,0.6066939667033152,0.02450121244827761,-0.004766195447060962,-0.053852514351299625,-0.3553013129121728,-0.10322092013906378,0.030186102421375365
2251,0.19660165906938826,-0.010825511672060415,-0.28381727718761235,0.13873782584012473,-0.0016226107064558376,-0.03063602905419631,0.059672582596238005,0.052008276798102916,0.4949466934816397,-0.04170057616761527,0.004458622033013717
2252,-0.013176693479872076,0.2527665095204579,0.5686085120191845,-0.04584654706216584,-0.02691935956729174,0.09334678087887126,-0.12389657408172128,0.003760687206108738,0.04568815302844996,-0.10816395007616114,0.015387719302528515
2253,0.023769615244955515,-0.008712910556681355,-0.005150586845326391,-0.049010137133550784,0.035816665340893,-0.7332278726052381,0.034986108794987085,-0.04146837516728332,0.01976802463408075,0.09644116736941706,-0.04445811277594119
2254,-0.09683198632448484,-0.05263918243150457,0.41572282396258897,-0.01612201544160604,0.01851533638247206,-0.18729017851809507,0.07773585782680921,0.15968392834941705,0.0680434935823775,0.10344529057101155,-0.024462473436531577
2255,0.09492471357510374,0.674376889274742,0.07368933067263106,-0.007307189531529758,0.03473219698540471,0.11176523242644289,0.08379384558540665,-0.00441833772957901,-0.09469537000920039,0.014590212986953451,-0.03883846823800291
2256,-2.1034833303373035,0.051928013310777114,0.1064571399372155,0.08213683275476137,-0.05742841428374659,1.6021070624015614,0.04800557700872128,0.05567354361475422,-0.13355159414108136,-0.1195575386548758,0.11988550543108548
2257,1.5407393371670133,-0.10286991944351905,-0.05679701042731317,0.0160182102268334,0.05493448505984125,-0.04399426671316187,-0.954901754775935,-0.01637478832936758,-0.05342072499032827,-0.08593106333656556,-0.02038420055402408
2258,0.7911085706385826,-0.10773978270187407,-0.14131331580286205,0.046153552041539175,-0.13869225614257344,0.025626521046239158,0.0687383239316047,0.004224186695808046,-0.16074145147474161,-0.033378725661555524,0.009257327124621344
2259,0.5713202779193232,-0.08719953129628841,-0.03719434511595642,-0.04621417863383884,-0.05028231316850102,-0.01033572052087868,0.016825819059985137,-0.02293377276921288,-0.005536629470697494,-0.010337693716881535,-0.015584255965798096
2260,0.2287081470290284,0.03859787513117343,-0.04545108845259606,-0.07732290290054618,-0.07356136398165343,-0.00698218523085441,1.3287945822600227,-0.0450913205771662,-0.07648712844452846,-0.8284498885053396,-0.027992136658141847
2261,0.017499237032992,-0.7642443031718655,0.1671470148057797,0.04394020877786426,-0.03796691566571927,-0.0981254631538269,0.17328298376569884,-0.10032937044911358,0.0893043830001592,1.034772940768151,-0.031244930768778326
2262,-0.010016031415806828,0.9517413823644069,0.05434672541466823,-0.04816955936749617,0.023760185441648953,-0.05168567766513455,0.019031369566135894,-0.6286305882238244,0.04141955409313676,-0.048888765922223104,0.013969357247741225
2263,-0.41669626566345414,-0.09175598656643244,-0.15169888844080456,-0.48828256542419596,0.059901258960743047,-0.038425852805847885,0.1827858082195405,0.7748909927101931,-0.009851755835181214,-0.10764122381123889,0.0972302349592869
2264,0.1096571257817002,0.17332042784540427,0.02609755423237801,0.7746567695410839,-0.06992060029240627,0.038870329299282996,-0.062007493976564014,0.043663401377929435,-0.0006781734039527183,0.004353157957926128,-0.5288622447796083
2265,-0.20658103575482564,-0.1080223333350702,0.003118981820809303,-0.07858439455765444,-0.4332575182618729,-0.17481892482185507,0.026161437545923382,0.01947870296555019,-0.017989939466874095,0.10102264779286442,0.921688947396328
2266,0.2229569974275288,0.019874970352936658,-0.08242708627530634,-0.052134784929494665,0.6267447299117654,0.032981044185792584,-0.11592316017681023,0.015262613942535773,-0.10721220609972543,-0.05770257519145231,0.030152785710089357
2267,-0.18023872384253262,-0.046313382831857604,0.06416342563775189,0.03385710273239219,-0.01969261224371722,-0.11923620309741399,0.21055273376658687,0.11801237972001871,0.48047366653641777,0.055236626913265995,0.024991228954987257
2268,0.08703961199323099,-0.14998783407112662,0.5285106701395246,-0.138655633367191,0.17776632846626883,0.07231209732238664,-0.13283739855174265,-0.06087112414670301,-0.05773588257903243,0.027545593313445454,0.056061955462395674
2269,-0.04247561172145409,0.022417806546689126,-0.044311777258410914,0.10807092902944876,-0.037727951139948625,-0.6728242548774684,0.011035535288567018,0.043960897577323556,0.1165173312799594,0.0785701485775482,-0.03316801946755529
2270,0.005652907671116807,-0.125950310996797,0.44790653749506565,-0.12221450343434855,0.08168801030698752,0.06672522210920302,-0.10915141009620655,0.05256444442770175,0.014013785450927173,0.09523857284014968,-0.08641723304411117
2271,0.26355291960003036,0.5768162462972544,0.07487059857643572,0.0020342923307246044,-0.016805107824448825,0.055764005642458724,0.05052507111014041,0.025457050296012324,0.008914283791911457,0.021324081666940248,0.035802587837661465
2272,-1.7721151978710938,-0.0978419752053318,-0.037461573145844,0.05630298999785607,-0.16832372946060975,1.6825696682001463,-0.12061271360342554,-0.08325474615913304,-0.03437989965535144,-0.15620278831682083,-0.12480027231635096
2273,1.4836153854167196,0.06878105553870549,-0.09129282167775216,-0.0477031644317613,0.021898986071284036,0.00014411665788197602,-0.8507254956103436,-0.021176158924611336,0.15479596821666344,0.005824405395151583,0.09592980174790444
2274,0.6683678453189994,0.017180316030126506,-0.06692998346509066,0.05948909690675473,-0.0773391521230002,-0.06007023463385239,-0.04763174294903306,0.05863839475427661,-0.0973225795273237,-0.0072439208197672515,0.12077122014946105
2275,0.6036999571128887,-0.003983767044743283,-0.06277889995227193,-0.015477792698164666,-0.00920622134337996,-0.004948096951383728,0.03972623334385668,0.005604429112544088,0.0965760031747598,0.004470736519566308,-0.07569173831631712
2276,0.008302425747306646,-0.08404288890809193,0.01427717563627666,-0.09711060967797303,0.09722140479710982,0.22632195115731982,1.4658133924072458,0.0625784978984697,0.01141127626258407,-0.9429900811271653,0.04416503594636363
2277,0.025843175466619222,-0.5452184537410568,-0.006550740747711641,-0.03646957627700935,-0.08659306585858817,-0.004063375810150612,0.128938690398548,0.09966517204521048,0.1368095197506559,1.050553291116983,-0.02558170096313837
2278,-0.029650012506378998,0.9296828481951959,-0.010059539786773843,0.011713675767372523,0.06528842955200287,-0.02286611804214156,0.0278236679622961,-0.5403970453998487,0.019519612343073804,0.06118035075453688,0.03024696102734829
2279,-0.06293154419946022,0.035348518057697044,0.0004945007303631543,-0.6637378370320908,0.04374321330949404,-0.02602613582395897,-0.050192528518889945,0.8636008090406885,0.0359282958177156,-0.1073102530101413,0.023901486786414405
2280,-0.2286672098132295,0.12876815877225992,0.00033142117136486255,0.7712463376923859,0.08795782986531271,0.0932768432991268,-0.012709244854212754,-0.014374694073226963,-0.19791334508100245,-0.011805021342215585,-0.45944121762132467
2281,-0.02401072830650055,0.03115875561706919,0.008780562676805418,-0.09955534071077356,-0.8602792609821691,-0.16371185221222623,0.08054331016965229,-0.15800962341068348,-0.13816114950554587,0.14559132660726135,0.8492297404958681
2282,-0.18329782159693545,-0.12291932607423249,-0.011207575655156857,0.08930908738841091,0.6237382461709693,0.012905018379340868,-0.0016535569428885568,-0.03936486977891105,-0.3650787533270556,-0.12213051223366692,-0.026232765169185476
2283,0.07432852534061354,-0.06930766446983028,-0.10471109254152614,0.05631918868784551,-0.07064448581390026,0.4594647108434792,-0.017804966390733937,0.09449311624786115,0.4892627607062655,-0.034145932921952685,0.005232403951122774
2284,0.01836684018722214,-0.0008114330333774695,0.6131792098178714,0.13387858082443677,-0.06992189211925545,0.03288424250938173,-0.22710028178183508,0.10561754677419653,-0.030854021778963563,0.18757884268017816,0.011262192734645574
2285,-0.05287519905334174,-0.03793946530257199,-0.17049427895311112,-0.08969014613324841,-0.06459072423408992,-0.6794927327193431,0.04941081094405876,-0.09087917540841309,0.05414786880647012,-0.04800872697411489,0.08222348549754777
2286,0.05495148605343411,-0.07202343386395206,0.414036204817752,0.015694328210281386,-0.0037493701230227874,-0.13794069026166597,0.05040607767007634,-0.047940280541418585,0.007835340285705358,-0.1356485384108381,0.05112623985864423
2287,0.055923108341039154,0.6940953257214341,-0.18040437787708907,-0.017858534361751673,0.005847529278697564,-0.08071611226552754,0.07057257577664014,-0.01961563797516307,-0.056644653932613684,-0.015969112764699887,0.04291205748220842
2288,-1.8578664703482883,-0.030535937313949005,-0.009245325166918564,-0.03597783385069681,0.08723372754431434,1.8175264557126285,-0.09360466471852363,-0.07557492217801182,-0.0036025872474919436,0.03684516371700228,-0.006407857978732414
2289,1.4094075937290067,-0.03196181851260036,-0.0008459387502765055,-0.03254072046472715,0.12920239716824877,0.10327445141218085,-0.9896853868681993,-0.025720020816785413,0.08095631083652165,0.03241624788809451,-0.04745958417179746
2290,0.9588226224230637,-0.11073130917751169,-0.1708371734908922,-0.12716895610141607,-0.10615377881449173,-0.08075769774360969,0.1200042734522493,0.11710218792318042,0.08747260414621034,-0.10878563976124071,0.06792898449166672
2291,0.6113460417458247,-0.038417694940806386,0.0662551928891208,-0.0002643659788842687,0.07004073909804734,0.03535904397733426,-0.04150023001177649,0.01939018054249453,0.0012379772816651542,0.0308767404814244,-0.07811370163962203
2292,-0.08214288729279232,-0.0012830168252037418,0.051037926266725535,-0.013982852138298606,0.0728294963760983,-0.045734255768607616,1.3327597534956803,0.1230388509637843,-0.0903723682163156,-0.9690801268843329,-0.09655261289592285
2293,0.02702424015226816,-0.7104886606841008,-0.03249911191258453,-0.007936357014646912,0.023890346063397922,-0.13852249691471294,0.05479348943386975,0.05737342929894053,0.04153631878555084,0.9744881210746541,0.08095263960544449
2294,0.11538416623782957,0.8538063123200943,0.05133270551962518,-0.009899802818577054,0.05474126259657048,0.11514895257895694,-0.06112229793841431,-0.5566857884133296,-0.06597812396382172,-0.07987639876818717,0.10927223298517358
2295,0.08789131935324836,-0.040594953805255005,0.14092896801389287,-0.5459659342833497,0.07552203948485324,-0.024251028889716385,0.07133634215035915,0.7955120083381646,-0.1337164127185644,-0.005039851981677954,-0.0482431807790627
2296,-0.06836036531672084,0.05684550411383113,0.08375525114331134,0.7877139599990922,-0.006477910689979645,-0.09646995298774048,0.003245315753137164,-0.16190987632580528,0.12174303881394717,-0.024127490109516023,-0.3922218210530551
2297,-0.04631017003690488,-0.1110729309624604,-0.008200606997707346,0.011147300663907275,-0.47453149214701396,-0.08880350288432659,0.040917214872185095,-0.08755332252268365,0.09934382696773707,-0.09924292595758338,0.921423901275026
2298,0.043366569651197166,-0.016718476772949686,-0.11385229845578214,0.023213765914532856,0.6249852828402346,-0.13914953382486403,-0.07228733020785803,-0.09539190781110174,-0.2924628231935935,0.0218346957378176,0.05006561599357338
2299,-0.06988333123894358,0.0571843493187212,-0.19301233087643693,-0.07257928042942854,0.030091390672340297,-0.04027376517598006,-0.004951338512669325,-0.21004096832972485,0.5253295027367298,-0.02385147917348706,0.03295504848951595
2300,-0.02215198150002137,0.14227055566758587,0.5436352125277241,0.03918391261858517,-0.10901709933930513,0.11533989734335835,0.052581785361071796,0.09312677568773511,0.03655177729599495,0.046883738337109494,-0.00512536876924846
2301,0.010003351189687905,0.017660981541883593,0.08089951884519234,0.011420246366752897,-0.10665635080723973,-0.6994368059593976,-0.03496851717709938,0.012533135231088828,0.01898441659142155,-0.040082664566000986,0.032539132652064796
2302,-0.11208462702787236,0.1248335791099043,0.4607653995276868,-0.1467078541438329,0.05369434769868444,0.10140389803919998,0.17602642873857244,0.04033677568319138,-0.016726888082094667,0.03408394456495736,-0.046672380644452935
2303,-0.09071960375906563,0.7457225569489361,-0.08029711315014004,0.05424791207253196,-0.0060969825105115175,-0.12040646309010643,0.05285309706123251,0.024275975627793624,0.08244414163819946,0.04554893199814662,-0.004628281538930423
2304,-2.19734127762968,0.1276270533060479,0.19626415096040278,0.13324380726914986,-0.11502098019195153,1.6949534815468654,0.15651187413219508,0.14870174846849157,0.1553295563086311,0.05367070105605586,0.0674945471287515
2305,1.514543926354804,0.016423893656908647,-0.09123419134824541,0.07689332823084095,0.026303317319656072,0.017932823329952413,-1.011107846789094,-0.062283748865316305,0.0021742293909270414,-0.08035319460407495,0.02449384031424971
2306,0.5192753558460348,0.03414008407742219,0.0871499818206591,0.0691643005827543,0.04285370487803204,0.10821391327461545,0.05558559348516535,-0.056370631191213216,0.0990615655352292,0.02296864490252712,0.015023098202172217
2307,0.6223233389199548,-0.02268173614455777,-0.01037984153542135,-0.004276456620159327,-0.0015115397796529526,0.08398942770216104,-0.010489144001720819,-0.04355916415042172,-0.02633567233262797,0.02919958807064974,0.04767171040463669
2308,-0.0051523479461417976,-0.048552742815987066,0.14331598648804414,-0.037251037096698005,-0.054531901559801685,0.10439548407867932,1.3346047774556271,0.02371381983167217,-0.01682823330619325,-0.9113223555728588,0.046306511647476706
2309,-0.0910901927511672,-0.5928018987691194,-0.10220588046137792,0.012723842691541629,-0.046143919500795674,0.13790399008426601,-0.035439288215628036,-0.08505451654823463,0.07242686475090271,1.0077847289857809,-0.04268489340260885
2310,0.025286121349077068,0.9197685174172259,-0.09856760394528802,0.04396213663545345,-0.028388270008136363,-0.005420605716793564,0.1887807337336865,-0.711654200631384,0.02413995127837022,0.10524762562795821,-0.004084359891237523
2311,-0.11507915487195539,0.1403460934959131,0.04569034764605161,-0.4448823616188843,0.07601914774137619,-0.020976491608385623,0.012717456282067744,0.8691620945965662,0.046280727653226106,-0.045182121864405296,-0.019638333614244614
2312,-0.02373279214089514,-0.09722435750324881,-0.012630104803832198,0.7991944722299902,-0.0013388528753038261,0.11853513650828375,-0.07650046735720051,0.07827035735465794,0.11319465187623831,0.12280131219453819,-0.5274976455928335
2313,0.21176266479078007,-0.0673529943547085,0.05355326732931253,-8.733999396648255e-05,-0.42530669221139106,-0.10307003040657002,-0.0774419144357054,0.1296804164053344,-0.013560521604809323,0.09802699375436508,0.8248961369470158
2314,0.030552910471469793,0.054699039056432544,-0.07383541511980447,-0.13989256897385796,0.5931404265699618,0.06971467820344845,-0.03276754294095027,0.008258759808468661,-0.465745730612081,-0.1006146414287666,-0.0682154685028932
2315,-0.11194244097245683,-0.13165513836715875,0.01728905788012733,-0.09198160845348968,-0.010203444965536847,0.08763359523181673,0.04058439937566498,-0.0004260531571416027,0.4960312678231865,-0.11368653489483305,0.09794340883803236
2316,0.009284518766852691,0.008200896672552086,0.5700569783010548,0.044468183378183215,0.1734693177646651,0.011741473016047327,-0.016646900246382358,-0.04003168292892992,0.021327583430319475,-0.00343128643881318,0.2802271254748794
2317,-0.011970835415735704,0.009307217562632496,-0.06321884401423425,0.09386241718337347,0.0029133984933895915,-0.7011719618293504,-0.03006666481870627,0.01361720463623199,0.004259680171764235,-0.012097037799785954,-0.0632638506977726
2318,0.06711563669352472,-0.07650646057986521,0.447432143245954,-0.09232503371145424,-0.1544989698779487,0.08013494551525577,0.235577027243539,-0.13699236989906055,-0.07208730269318267,-0.002377666963674802,0.04115662516471325
2319,-0.15923874269383273,0.7704417256397523,0.00015119805120019508,-0.018283517280267555,0.06013459866952692,0.10479518002437577,0.010946392714923594,-0.04950949471000034,-0.033077970437348475,0.07061132802558806,0.014014961625197052
2320,-1.6052655201555355,0.04930679119985292,0.05584024100322678,-0.11360976664533308,0.08909625292696721,1.7269487918974997,-0.06290182936396643,0.1513038011483543,-0.09223486853190921,0.026107078534070415,-0.03332644215602806
2321,1.7883115261840588,-0.06734445571878822,-0.0066609012211097446,-0.08328481027471565,0.1689503870350577,-0.03311449490070425,-1.1492315873005008,0.03715055563928924,-0.10280351755972332,-0.03231856634294119,0.004700600107237566
2322,0.5058272167102738,0.04329649636508189,-0.10417138011717313,0.07760207498670846,-0.20708018326876557,-0.060787758698731584,0.034846499907552904,0.13379937326359326,0.05008150105815905,0.11249390965783619,-0.06050033791061827
2323,0.6181469101714357,0.01566111307318528,-0.025664205495151773,0.015325937465424662,-0.005836870746931602,-0.030638499862715787,0.018134740506304342,-0.026916567954580063,0.019897975332939206,-0.0003703950819916417,-0.06690605130572935
2324,-0.07768723519697804,-0.14960616883279132,-0.07769412797487626,0.07900195249270535,-0.148743141950738,-0.2046026580938672,1.2330914495950942,-0.013283721361331387,-0.060915851799578716,-1.0266072105592476,-0.05843165536089881
2325,-0.022246644172403553,-0.7634596213096121,0.05923288213364707,0.09609291203953298,0.05175139971185566,0.024196171111547145,0.06029121276601467,-0.02714031730092274,0.007324609421068993,1.065383084405684,0.0702750608957102
2326,-0.08138829345092143,0.9482808058888283,-0.14307217453311336,-0.026839192342012375,-0.061907014270774295,0.1934321767815523,0.029460200171935076,-0.6640390634813467,-0.031946834605699,0.000931782188309296,0.014982907565911655
2327,0.011799431435071582,0.0644635580452365,-0.09994597652892939,-0.4741380837087335,0.036296381960921865,-0.07131300924385442,-0.07040441822168647,0.7929337539535356,-0.0909084371564881,0.09283518721893425,0.12221055462346547
2328,0.09468927192217258,0.040416832100464574,0.1550365583044016,0.7863427028911978,-0.04237989869803787,-0.08806295515670996,0.007611158864980204,0.02088131577860192,0.04255960349602256,0.16818769206736325,-0.46904377653487905
2329,-0.094168389767291,0.13495625231844574,-0.11608772158413186,-0.042707594519033866,-0.5503813643997263,0.16831329764368966,0.24327369808405175,0.008985615864448526,0.17299500346039726,-0.2388378993256526,0.9182929756687664
2330,0.1798485912645368,-0.026832861880833052,0.03523634876378458,-0.020239887191780805,0.5820832016888904,0.06031513928878127,-0.12773486969523484,-0.0403357863415771,-0.27396697375601603,-0.12087355154177086,-0.00929904785461436
2331,0.00047903552234664255,-0.018026273232382418,-0.00035276326052870177,-0.11727572836245471,0.013110874713126074,0.2763454443637932,0.1011426060297047,0.08419929547774957,0.43915191452991,-0.1454072687626487,0.028810597021298928
2332,0.11707594313538347,-0.0018733284814360512,0.5793258406069052,0.061563391750013505,-0.10690381189889245,-0.014265908439738876,0.04361298194961804,-0.16724151660368686,0.0096930321744536,0.05689240836712275,-0.01808201057736266
2333,-0.003610998850839136,0.001525506659680433,-0.02459742485567038,-0.007303667579763797,0.010765285249335748,-0.7136026846933975,0.0005872193652992044,-0.05208649348361766,0.05164427175407888,0.07056598208425095,0.08877571986197401
2334,0.0949848559103579,-0.12561259913334213,0.4289322684955592,-0.05535988510763934,0.030128456466691447,0.028393516310695248,0.06444803216652717,0.06739635134896356,0.030833868579741085,-0.016343008391821928,-0.03813504954606235
2335,-0.34770805052692666,0.6625243438192471,-0.044607017414504645,-0.06476780309616634,0.03144305172928427,-0.0293898308352758,0.05780381044385557,0.023315006039929316,-0.09631315991317149,-0.029329823567214003,0.06430324671082865
2336,-1.85236029783638,0.0074899583571376655,0.042206982909789,-0.18712472113530115,-0.15143738720998695,1.7756583358204268,-0.015037008528274614,-0.03268297623469117,0.0668145500941839,-0.1171634369563954,0.06663342055914695
2337,1.454790651022805,0.13746803908129324,0.06763098569630938,-0.01268613148467948,0.029955207092240557,0.1455983589955321,-0.978206692652707,0.004937594587101062,-0.10483029181877287,0.007926550727853188,-0.007633368448934343
2338,0.5184518663645578,-0.1015050066881895,0.02210146950838525,-0.08192291378889079,-0.0063324783235375,0.1339064772014247,0.05897525879729137,-0.09223159529628953,-0.10061659382122173,0.10080196743241594,0.034346733127198
2339,0.5949376342937602,0.04683926309287454,0.010213449496081873,-0.03801102441039403,-0.00022981899625763424,0.12377700058012452,-0.03982020648705907,0.041468958412286636,0.01828282066325434,0.005470993581961309,0.029170866875187013
2340,-0.05591412381729595,0.008063334634959103,-0.12058318362545443,0.025738563386683226,-0.10045947354039164,-0.09080640457127254,1.2813352939067422,0.010634127537834819,-0.006876082271508958,-0.9041274649780044,-0.03680381430068212
2341,0.05672369982240613,-0.7299919988850905,0.0016283912552900615,0.03267659069878898,0.004874000545776025,-0.04225027134337049,-0.03004743617235097,0.11748107413709079,0.09794941869503448,0.9950657941489641,-0.0858517346539188
2342,-0.02156602089573692,0.9435951011691021,-0.03903401946343729,0.03845828834639069,0.09839051565499615,-0.2400855006352813,0.041191334297927915,-0.5779479815936795,-0.005513717706009939,-0.022048539252668982,0.06392048107318206
2343,0.1671069054720992,0.08388068990217738,-0.025109975915580805,-0.4422275950270982,-0.09126294465638285,-0.12898293260787486,-0.05476697330807492,0.9037372120627369,0.08170095208601473,-0.24975204124606062,0.1027689694131094
2344,0.08259921474925663,-0.02947067122040368,-0.06712329231552565,0.7572055662944281,-0.028195159325218898,0.018982893068033607,0.059969141469256,-0.03588343968274358,-0.03160062686198004,-0.10112852483452264,-0.5063990695012898
2345,0.16841889691206172,0.025920616531196542,0.15372578456506306,0.0882664262227103,-0.5958476361228807,-0.08136978981784133,0.11593642083109532,-0.004371185832105995,0.15143949619192504,0.19239469792574826,0.7987077339939196
2346,0.11708227282862034,0.2042330605598443,-0.04755210707309718,-0.0024631002862694653,0.6100791509232387,0.12282036414444648,-0.0640032133457136,-0.04459717632676152,-0.40837049984734536,-0.10540633643450037,-0.05501381141363851
2347,-0.17907242480604219,-0.1183239990955457,-0.22133949944683978,-0.036159772056463355,0.029424787384279255,-0.06668920858545892,-0.03792635120765222,0.06820882077553714,0.4894706772813514,-0.0043988300739433205,0.07955806702898231
2348,0.07313224883175264,0.1733687814751986,0.5847890846542201,-0.03232425785122493,-0.041469995042858115,0.07540727151199021,-0.08730297362629172,-0.08694923738511964,0.07359008807675338,-0.09811257818057555,0.09705603666760065
2349,0.12628481911988693,0.01238181076264101,-0.12708042609865186,-0.07168215262930479,-0.015857968498874393,-0.7081904937807068,0.00747509042097253,0.04820541194721021,0.016821470642151642,-0.0275339686134315,0.019532171797826552
2350,0.020917707884678564,0.2690570061791656,0.44072043750906537,-0.03836862093003043,0.00581765146371868,0.11533086910426579,0.012242716753401914,-0.06837398082376708,0.05368284771949685,0.20411625495295374,0.14345981288311024
2351,0.15877841450240904,0.6125313658507165,-0.047997572253404064,0.029548916043810387,-0.0056946976722538015,-0.11633196343527692,0.13570825154975294,-0.006579453456441328,-0.05828959067771711,0.00783448443090231,0.03402510149891136
2352,-1.8909864669333487,0.19053509347669095,0.011418426657636085,0.11202230003461786,0.027816730142138504,1.8352795094676342,0.03894838704224598,0.11940950073358143,-0.03325333758959997,0.05511738021821149,-0.11978251254105887
2353,1.804908188707777,-0.07221464668204548,-0.06922099082039798,0.16571495026405014,-0.03327571371187772,-0.032807775716946506,-1.0296457799242766,-0.015377669863270493,-0.027800771392573708,0.04600320183453347,0.0002577928231990998
2354,0.7897049335155495,0.12121299916572364,0.12987465820995528,-0.026018778220490844,0.046970234990727985,-0.03109877102992946,-0.06611314276318153,-0.041422820220606504,0.03332484748425227,-0.09337777996251545,-0.010258401454629019
2355,0.6046714272347125,-0.01633944530953104,0.07311800105605175,-0.025459291983260357,-0.078202928051606,0.04136024024515943,-0.024060822758370366,-0.0349237763080923,-0.10247252411528049,-0.006315110003983049,-0.03302009966304377
2356,0.09036089518083937,-0.07649110668661027,-0.04280532047784086,-0.03665929506514833,0.02177077902120157,-0.04294255954635185,1.200008439405993,-0.012090978909184267,-0.08933442468914819,-0.9616306420771745,0.013117757682179924
2357,0.035113034902994604,-0.6732512439042002,-0.00448580119182439,0.01530642796330116,-0.005394788493510571,-0.11146189331929904,-0.13195452791407491,-0.04852965193943707,-0.15237791937168402,0.9625111579028374,0.039450917946731195
2358,-0.020159349918147752,0.9485568909558019,-0.08336177137927654,0.03715238914976782,-0.10777765359672736,0.18730711198841377,0.011172336746198767,-0.6051368064956235,-0.014895160946742233,-0.04160125457176929,-0.08817135674712115
2359,0.12895931930557578,-0.07549735981253654,0.09695344716101365,-0.4916572590519664,0.016922352017661436,0.1687108288764593,-0.02981477687632251,0.7929947531888649,-0.08340798322120899,0.05940565705156526,0.008362840025993037
2360,0.30156060929741263,-0.10649293684252331,-0.05813219920817031,0.7404253208233423,0.04936545912717428,-0.10508142893186506,-0.058170758044339334,0.04859067340655295,0.049449736713390674,0.05794297345863322,-0.3291157188007454
2361,0.010453449306536345,-0.2609766926408861,0.19283817151309754,0.0412537429177397,-0.41677718190389573,0.053811125083340954,0.07535874702144443,0.05689985620164343,0.14406752853009097,-0.07081216621624238,0.9177294759648023
2362,0.12444054034014802,-0.1143606595339974,0.03792565731510748,0.10245459399562516,0.5686197553814021,0.11287362864123954,-0.24365099646519858,0.14642088329496666,-0.01890145824631037,0.10824229895750029,0.040814076366827615
2363,-0.07619272402041702,-0.22391193711563342,0.08651509655418753,0.01621086133535781,-0.03650574926317243,0.07011575496444532,0.15842112137981987,0.0069307679685644405,0.49003138937881563,0.01143036191115644,0.058436648031492684
2364,0.020612248301965327,0.13862709448125213,0.6076064181499443,0.03775283313279113,0.03982744847039861,-0.06004476820330192,0.1354770262322885,0.19606086374257195,0.03632855976010384,-0.18824205289106682,0.1397998283430034
2365,-0.09961453078362233,-0.04391415861384171,0.04993093752634648,0.06888284802603399,-0.038972416698519724,-0.6415392724331059,0.028524340765198733,-0.02916927640731107,0.025516898486156455,0.0465728868251562,0.08300790632943314
2366,0.0029818686465646997,0.2088634325126001,0.41759394793255294,0.014818478673681164,-0.02603874126754924,0.1311556748490116,-0.27851736303041075,0.06298391694102937,-0.041546666416302995,0.05249750655593059,0.09414760279325039
2367,-0.03466499674190657,0.6280540275014755,-0.012696358249991291,0.0074370736710819875,0.047781964681036265,0.01291981826258786,-0.14526977542559133,0.04837146768167627,0.03419578925254452,0.017097079735619053,0.06958388133813449
2368,-1.8052906295326698,-0.012511097878653779,0.14199149448285248,0.06419074611941984,-0.002312698562333051,1.7675898884707961,0.0016865063189158785,0.21478572821970945,0.046409803895090584,-0.0837163140315315,-0.14907377113380685
2369,1.523453217669072,-0.017931971974233497,0.022839840225133974,-0.05507982815925195,0.02287521114087623,-0.22492098769242208,-0.9684692315282601,0.07524871633675166,-0.05740411771813322,0.0017475836242229479,0.02839842433988091
2370,0.9322316682660547,-0.07878215817903114,0.11648353536817584,0.10190793646484383,0.06495485565595922,-0.07368137692131133,0.2121656400239979,0.0584190857988514,-0.1146394697142872,0.035015045297962906,-0.029394594656357596
2371,0.6009777724883409,-0.02900343442608025,-0.017231990079175922,0.03423560370747341,0.02505944975749853,0.005966497649456441,-0.021238637237275728,-0.03242106565861073,-0.014986546023845698,-0.0007824825888691528,0.04450401670705556
2372,0.04770586217585209,-0.02570708668639219,0.11980667808706753,0.07941262469771582,-0.02403441191697611,-0.25587790273042443,1.2656582380936499,-0.005354563337304408,-0.10418075599644298,-0.9732502922897153,-0.025188905369106635
2373,-0.1018427441638815,-0.7475788341973337,-0.03775216730919171,0.012763320098502062,0.08573838992553283,-0.1685735498493409,-0.12140074618688175,0.02274322631039613,-0.02984425429339649,0.8932566205686117,0.018664547918262234
2374,0.0009498579790596148,0.8384354027352274,0.07002219486023324,0.05654289868189061,-0.05527392573288207,-0.00414698099903961,0.11298989596905397,-0.687202469636523,0.07142738707913414,0.07343162346041975,0.013598349774828478
2375,-0.030883013317560635,-0.130728032310762,0.03773434439435744,-0.3781767642020351,0.07821538093853118,-0.026921353034483782,0.08869648851682671,0.8374228028850601,0.02819035953078076,-0.01912952547540252,-0.040758497132563
2376,-0.20989047052090584,-0.028490694958955558,-0.025395162240703543,0.7700807334484422,-0.13815017700686075,0.054200377848907424,-0.06175325340320079,-0.05667820163241844,0.07517334901514658,-0.17472688015952959,-0.5290401345921112
2377,0.03829905280323999,-0.023975035554487586,-0.014894900710989903,-0.09616864033993992,-0.7651169659413163,0.11680128088288111,0.07563823018677136,0.014065941083588676,-0.013995451998176,-0.12122464102877137,0.8463901111022337
2378,-0.023630786559945247,0.04414817156614016,0.06071152536093519,-0.22987786707862742,0.6019321492137996,-0.002955592021172402,0.018246813661675517,-0.007208251278580169,-0.07071614722773584,-0.12269929103594436,0.06475789566775307
2379,-0.014380671325860846,0.058437071317200495,-0.1730220139590981,0.21525548856023258,0.06842658006232773,0.08051828849647914,0.007796858855481701,-0.0587345830075588,0.4617084989516822,-0.10199408377534362,0.06237500366646669
2380,0.10494752551489377,0.11337449107772025,0.5931211669076337,0.11829703473007658,-0.062043695400167395,-0.030264271843397146,0.11739577238407964,-0.01722549644417859,0.04825046685969874,0.09018578205985689,0.15193934069975001
2381,0.04438969632900263,-0.0707697952016335,-0.19752403862512788,0.01203794856094513,0.01416884950311542,-0.6321660651103016,-0.060630127037394586,0.03310716024640456,-0.0006479292833084958,0.0001404104401902923,-0.06442528811868341
2382,-0.15574924193050477,-0.06458158900182724,0.4017356878857568,0.09142467484336324,-0.16792056833631952,-0.07396975285929426,0.054437181280203244,0.02147214982458808,0.05588692550437091,0.01331620546507008,0.07492992921757373
2383,-0.07114661663139181,0.6904707560933444,0.036441949906232125,-0.02668092757776365,-0.0802084184656412,0.11634286828691946,-0.0069838462626730866,-0.019784136909000376,0.017991029962770206,0.019585252286295,-0.07310959429142459
2384,-1.7518526620564006,-0.0982520800190967,0.021500306773170594,0.0033402908546865547,0.0041602359240031864,1.9604950166800377,-0.010275531498389053,-0.05640619178471356,-0.0072430882959797,-0.014390965816188043,-0.0032976630286156283
2385,1.5633294493450292,-0.013165624851067245,0.0019303644113724784,0.07185603071028475,0.05975082641762506,0.09529604000049322,-1.016495771815441,-0.06062983747753975,-0.1150112484185858,-0.004847676499926343,-0.08559992920970146
2386,0.7095049764353452,0.0035850150175532683,-0.01959013032725235,-0.07363912686243258,0.025638417103831634,0.03321464920588399,-0.03466638284340569,-0.0019218812097120883,-0.16300626294050538,-0.013094251359220179,-0.1384857304409316
2387,0.662910961645108,0.02124078731123477,0.08158089606243028,-0.029888738651756355,-0.015046862531180276,-0.013204821401163164,0.0040424942509369,-0.03861165664457541,0.16505015722337085,-0.03522242195602878,0.006819523713322063
2388,0.027227352277837166,0.1318034615522743,-0.08509093130377868,0.00318482348263406,0.008931489328685975,-0.08270086386316397,1.4130059041704846,-0.05865686176715579,0.01015430774756746,-0.9513501923751644,0.020188846407529028
2389,0.044970506579822676,-0.7832912877504471,0.025540170582444004,0.04107722412961889,0.12124770856690771,0.029076573778420083,-0.0065339427006636756,0.04260455998026027,-0.004299851287849154,1.057679203343955,0.010544958792882041
2390,-0.05179535085328143,0.8247992774239759,-0.010808922669816578,0.020466591963181856,0.08784860351242466,0.06729410913497626,0.02011169250939516,-0.6274836636791692,-0.0020163449047758348,0.022640624056252428,0.004903843975881107
2391,0.0010382591420381693,0.12071798084797257,-0.0048394329575484904,-0.5134017725163261,0.0018560257723981184,-0.04693733982611176,-0.025792571536649635,0.8072439289119029,-0.0530449638978026,0.0905057998806704,-0.0916647836504523
2392,0.009134801918650754,-0.0829771058480932,0.10112848640905528,0.7669495530575656,-0.11405552196366613,0.0691435358830055,0.06889809130497321,-0.1403002746239562,-0.01054569387657307,0.0926941281438207,-0.577105851628304
2393,0.08938070994221829,0.09827615784710833,-0.03128132795482186,-0.08658697560622049,-0.6482640031021893,0.08361381662866361,0.17720201641595038,-0.0987419826439733,0.04395948158274922,0.010414778985150686,0.8976337320724928
2394,-0.006473529335971949,-0.029446496263452443,0.01848807504201246,-0.11076757243185928,0.6433689184502389,-0.0297487753541266,0.21393382847363962,-0.09665980368244313,-0.3161654672704677,0.0009184124740491175,0.021758036138369116
2395,-0.12414794211622926,-0.013994842004208755,-0.07108352554842759,-0.07736655529533422,-0.026279293362192653,-0.17660391818090393,0.015993502228966477,0.10445786932239877,0.5072738130900987,0.16421705108316884,-0.013819752208076196
2396,-0.04547142079406528,0.19661690564954204,0.5590391865245528,-0.09716899986641614,-0.04787095687270687,-0.025894456912830946,-0.013760204035149302,-0.053823511626990714,0.12718404630556396,0.00625981183608962,0.13492423008046564
2397,0.04829453332215141,0.010766100910979043,0.06334351756919694,0.011030020843514666,0.04332209794572096,-0.6434723540767516,-0.002951745264720442,0.013062195326965825,-0.019171713346070325,-0.024083415229904714,0.03878325281107729
2398,-0.08412879092526655,0.09674488041457786,0.4280284062807634,0.04656937839848209,0.028479656133830786,-0.0012843797579094457,0.010539546445999408,-0.03332866134482618,0.19028140827900925,-0.037195603222362886,-0.015158650430103577
2399,0.04818974041653551,0.6379551551087423,0.0756309384018476,0.028248525174387515,0.00892824051481306,0.0499928960132645,-0.015080538662991909,0.03906772764435215,0.02075603139683816,0.0013872576174749698,-0.03995298878703271
2400,-1.8420689059496178,-0.01809014309950141,-0.21859105734225287,0.00953415023400596,0.07155806793930142,1.8366971440081032,0.006460211333978956,0.09629136423745614,0.12556390598720923,0.06107192556542456,-0.014114692158993108
2401,1.4252754299126378,0.04094658676355131,-0.07734716461607309,0.15810213321348013,0.041173477486863945,-0.06734633745611993,-0.9365528628833115,0.09314441593286131,0.0007465430080364149,0.08270493895742548,0.07631250007326568
2402,1.0890127753490677,-0.1688288250943074,0.08741204986560132,-0.0393964732257336,-0.14302805847132988,-0.05062271553627595,-0.22102270405040353,-0.12497531885315777,0.17072563963970885,-0.15154047593238038,0.1200663636962403
2403,0.5912646973148229,-0.03652690207822835,-0.03196849998826636,0.014507367225448532,0.0005953843567415339,0.012719996979080116,0.03766900575505878,0.03966974085046488,0.03036244962106799,-0.007085797437337823,-0.030488753270890418
2404,-0.0282386935863801,0.1035696712540703,0.024200582181969046,-0.07546401316500548,0.07596125392671979,-0.012129913704674148,1.2159669238425053,-0.0019689218609064696,0.008653635669668654,-0.8616414569740742,0.0819734391439566
2405,0.09156390523909964,-0.6967791628888593,-0.14184902132711455,-0.008182539621680682,-0.04517473995945986,0.11949599016887229,0.09495776071184045,-0.00811941554969655,0.01131095312611407,1.0713029755075913,-0.0016665406267139925
2406,0.27642758375361753,0.9266235160980519,-0.05868739776849881,-0.04812160153609067,-0.047509457691483896,-0.10840012500759802,-0.10478602315692305,-0.6246773779437202,0.01883485111760532,0.010889656307592008,-0.04119523577884093
2407,0.15239036693035143,0.052455873092117924,-0.004656278460029487,-0.61328652033803,0.04472749862474804,-0.089456207961219,0.07076640318176272,0.8796699226606576,0.15322807491125276,0.1309663536272574,-0.13339773680974715
2408,0.05472118403512778,0.16506770814832816,0.04886862692707287,0.8547244424614017,0.05245309750418035,0.04889977228912862,0.10193753237072589,-0.039400224220434675,-0.16543369535660177,-0.06535921148562951,-0.6811188901593207
2409,-0.06721574415779712,0.1590918389889631,-0.0789793125987858,-0.08881355667023837,-0.45601888561150206,0.2930436913726791,-0.04635916752913398,-0.08026507669034494,0.030218529795692322,0.1324468794673711,0.9078444517070221
2410,-0.05473322388784047,-0.14244193391684812,-0.06652888199914721,-0.05817586041326178,0.5767557641987416,-0.007983591187245485,0.03450771815324562,0.014492941327235824,-0.44908744807902506,-0.05956423667837377,0.016738340884550507
2411,-0.0053334304265764566,-0.014835176095889028,0.009259989991592485,-0.05773777917504887,0.07101097801359221,0.12005663319918003,0.060232025854577605,0.09058064197579209,0.48636837721648696,0.1478869060442823,0.051353264275513275
2412,0.005253920608343295,0.06110115355117165,0.6240381457602542,0.07139826395288736,0.16812859405648745,0.09482511672914236,-0.04896175591936826,-0.006014719379647879,0.07680723634289309,-0.04785292759475394,0.006055801718205004
2413,-0.02466518524674325,-0.06268054876589171,0.05657503367377442,0.01337523309190835,0.003918136229817437,-0.6361218733410888,0.004069756065936689,-0.07483170451426895,0.012882842525844951,-0.03691121091120208,0.08483824744417953
2414,0.1641378185436447,-0.08878577396995456,0.408444659644011,0.0801824475620077,0.11870561357944341,-0.05248941681400605,-0.09696637918859181,0.007609122986869199,0.08254610053614982,-0.028525492885436078,-0.00508832904604287
2415,-0.09087897423553232,0.6629767346916436,0.07166311340227416,0.0443254365616992,0.011132943226859406,0.026917141479223756,-0.01134756692938152,0.04963084850515803,0.022960955404248362,-0.10229394366117818,0.03374546357041519
2416,-2.1546670928365916,0.013971507967748268,0.13564179009155658,-0.11934933519768773,0.2640114898871329,1.7517382599114377,-0.026502058939660046,0.05496632664965401,0.026266682333083144,0.04758230895745912,0.14177842819127584
2417,1.5103264246344967,-0.0035601815890436506,-0.03688870027044864,-0.04151937499669477,0.07502397212951736,-0.14735394433143942,-1.0181077932809295,-0.04226589974600895,0.09957288988925315,-0.07444074763470357,-0.04178606645150029
2418,0.634289795761181,0.014286416066457605,0.02279723250779014,-0.017439628513682585,-0.11997113475968359,-0.0027622152265391955,0.03053062131262767,-0.039660619225783095,0.06487783432373138,0.05940125314002923,-0.08942684605021471
2419,0.6445907290237672,0.034759058381346186,-0.09328291267226521,-0.0512173657102223,0.059351134979178204,0.06344844281670127,-0.009599361345030505,-0.035033062961956636,0.020739784011308618,-0.05550535522075239,-0.01918240653390146
2420,0.00972237126525462,0.15389526444580948,0.15590128288749663,-0.018130309618977415,-0.16044240348740174,0.14751119140093003,1.2205552454036939,0.11387532338884034,0.09517482203976886,-1.0291732036526953,-0.047746052512621526
2421,0.10354711642953351,-0.7002437584914306,0.10743920587858029,0.14172004897568138,-0.11568051604767679,-0.04834800103089808,-0.17747868979730216,0.05993273135711626,0.048777327137184294,1.023841951339129,-0.062150122124770474
2422,0.0003332105769552592,0.8787502484053153,0.08117894024769808,0.13011566967590277,-0.11116065404391555,0.049023613500153704,-0.03496212696255276,-0.6667569213059762,0.03065976997165815,0.023118776266827748,-0.08270852803498117
2423,-0.03792935033701029,-0.10005681070384712,0.04316507524024644,-0.5124565428035096,-0.0017005506974737458,0.21646208034933873,0.11660193712259398,0.7918023020747378,-0.05239271405902353,-0.0035618958587784032,0.009190007485974816
2424,-0.021813897849989477,0.036572186360779274,0.003118953433457641,0.8510016500811771,0.00822818809825468,0.04903448086261996,0.04681965388732494,-0.05124457337602444,-0.0454035901185989,0.006684178055621886,-0.49472813628734635
2425,0.04009685378688985,-0.011653206530228805,0.04614878172061261,0.027279126664139976,-0.5895749332566468,-0.24018436490464734,-0.12074549787351258,0.012466004519687879,-0.12528363743386406,-0.03662749415387173,0.8707356183239179
2426,-0.06420725636925732,-0.042478492384496094,-0.04594066114505467,-0.04699409821154987,0.6218267425993438,-0.08653291666484743,-0.09195184271777859,-0.011090927323920809,-0.2809142897562442,-0.2844246254718652,-0.02541417461821594
2427,-0.10789159857484766,-0.021273761022500254,0.033541977808334705,0.08314507990804047,0.06786856729746191,0.04214371434437544,-0.07661734456794153,0.1566178864161751,0.5130537209462318,-0.10354575682548836,-0.07519341466122863
2428,0.02076912266346673,0.07852203132839577,0.611851964281543,-0.033496415671843416,-0.02683083166496748,0.09996889461114676,0.10834985683750648,0.044552648462749485,0.11318952686753672,0.10600870045195304,-0.09443899370883799
2429,-0.1265995752202551,-0.06505384796950224,0.028425463367568075,0.01352097693018564,-0.04131267749850026,-0.6263143878970026,0.09505358930473384,-0.06651756620697928,-0.012480115525723975,-0.055578065190131136,0.08828788081795615
2430,0.01563145765837784,0.07468297500836522,0.4500500409216294,0.014762218007078883,-0.12122828006535516,-0.054818900335380664,0.0821112832723762,0.03001929009609483,-0.004309168672441617,0.17892840642154884,0.08246149575633041
2431,-0.08944229860440381,0.6939133870351547,-0.051262624177458346,-0.05351481312191402,-0.022276674628524187,8.057473435935797e-05,-0.07583321617961228,-0.030619617361298573,0.061632454563078115,0.02397073517661412,0.02016765673866485
2432,-1.7825475697225486,0.18447712694614737,-0.09446173148806003,0.07971633751334826,0.10677480390825551,1.8465291535343271,-0.05000487047536275,-0.021860532197053723,0.015842677866568972,0.02423861601791667,0.09811634806017491
2433,1.3211116121791255,-0.03098119198765562,0.06539188338644397,0.02830502702725972,-0.03453723305512276,0.0034698172576808975,-1.0008648408478897,0.05475588809747724,0.01632827803777457,-0.0042018259059829486,-0.02148761136060852
2434,0.8811981427708953,-0.07652694159474266,0.1921127340845166,0.02927436048468796,-0.13767458866363042,0.05660941927710958,-0.012436681979703323,0.04158834497168623,0.07241774016901421,-0.093638943541456,0.03370043063939452
2435,0.5756693725273107,-0.04444683801738303,0.06457435268472098,0.08806477565670826,-0.047915828377284725,0.17189977552364683,0.004644046905055975,-0.00945330720546457,-0.035258829075997054,-0.011011971856088817,0.023374386544090818
2436,-0.0339492997325327,-0.019129108452264062,0.037107765516009354,0.02065843327959173,-0.059410117452635386,0.11629762392341941,1.3052973795372842,-0.10650066223824352,-0.09369311270211252,-0.8975217846922621,-0.00715864742059539
2437,-0.09199130202023126,-0.640506725246964,-0.016642711681857186,-0.0354806815756131,0.09107425324967514,0.054894620413793116,-0.17236490536635707,-0.10991301901770367,0.01825418832376396,0.9939582132630024,-0.09124000182186003
2438,-0.10677382929365375,0.9063156467580624,-0.11840570106893948,-0.051195489170848735,0.12233537191509677,0.22007766436525353,0.10437852814673625,-0.6359684326308932,-0.13895316748498984,0.14009928456754178,-0.0575480382858281
2439,0.07911227757200329,0.10349388632035829,-0.007314330706933727,-0.5168634723884425,-0.04124587048428577,0.2827795401391909,-0.02277058861945623,0.7989899434904588,-0.07783723378709709,-0.22002626552090615,-0.022379047554960865
2440,0.12333060226872383,0.024012693099197596,-0.049047660197958684,0.8028870557375883,-0.03192669087893575,0.09324865398367285,0.0019418926267616376,-0.054988824948942104,0.04478673354853706,-0.1106765030428613,-0.2981675805010381
2441,0.01666126887473246,-0.17483306540771987,-0.018918185901784765,-0.04149555840234131,-0.4058176547516825,0.049852400669154195,-0.12399460957271918,-0.006972362386833684,-0.0525937295279818,-0.13919253696027972,0.9169606256813685
2442,0.09553995252243509,0.26561238975433377,-0.03711037734956174,0.083185444550839,0.6368644063744618,0.14463462490930812,-0.07024885867212327,-0.02873722858112897,-0.5521242811888566,-0.019839572184558864,-0.057102282795712604
2443,-0.06173482823598242,0.035705371325223084,-0.18539755337550612,0.038467601404371374,0.010604915463414372,-0.00584991610172954,-0.18554003428358767,-0.09775194662380376,0.5024870560577558,-0.15423567832422513,0.030253140039720624
2444,-0.3751577288859905,0.05374823537343414,0.6563682021043508,0.024672232080040622,0.03472179844046565,0.07831191050120236,-0.14663331095966106,0.19614829914172946,0.025872399953812138,0.03413143422478668,-0.04599255964442306
2445,0.008599781218009002,-0.014619318172361333,0.005618520755543437,-0.05693719820992724,-0.01375580402500865,-0.6277758129542965,-0.022104491590171648,-0.008452768584158776,-0.021108636003046556,0.012238833636528043,-0.11892458650873801
2446,0.13529036719516888,0.009994442072844266,0.43121990851971737,-0.07236303475171721,0.13217955967332817,0.10323334066258945,-0.009583788454534059,0.11010029782819684,0.012404067046519418,0.1431427455407545,0.10242695674488772
2447,-0.1354319776065323,0.737761845889918,-0.04817033616603637,0.046417871334939326,0.057480465332111694,-0.05265758389795078,0.06559573267561417,-0.04962875333294908,0.10010478012207469,0.08364290288724245,-0.006366660713881863
2448,-1.8347070610462413,0.016516985476230303,0.058204630855195616,-0.11371697892084051,-0.06101430755749259,1.9386750773605899,0.061365143299857615,-0.14965481087174148,0.007858999804072547,-0.009479730977599403,-0.02304263162748928
2449,1.3862772214832544,-0.14311129843910372,0.08354669042555325,-0.006023073705825118,0.16859623178816396,-0.13211841150933645,-0.9335422571731038,-0.027195966057803785,0.003182711566611102,0.02954826065913186,-0.021961208219468252
2450,0.7942070737731373,0.02803584228767788,0.1640297075846347,-0.06329808801324445,-0.1401802729843763,0.1311843874880645,0.1458254650333389,-0.03189187881341787,0.1941140250142153,-0.05381283061951262,-0.04560777854238241
2451,0.6399913211314584,-0.01487875416478501,0.07698684733296188,0.00464930355490611,-0.011784913649726262,0.03856979310929899,0.021518588389659168,-0.03920001952461188,-0.062099668020318015,-0.010138458208911377,0.016719139400499863
2452,-0.13723121735396981,-0.04157934153537736,-0.015790129204762783,0.009203951732687541,-0.01530713176532464,-0.09601605063846977,1.2379880694425536,-0.006229878141332882,0.1423320184798347,-0.9971551040039758,0.040314981982241094
2453,-0.034827115685927355,-0.8100806208387507,0.07268377782942972,0.17202917225798509,0.1479288329136769,0.183156748115648,-0.08986084739309605,0.03434704949563481,-0.07345477233918091,0.8681258107899433,-0.018336126417288
2454,-0.014610340462733034,0.8992650143074539,-0.036289885904565125,-0.06184737974935718,0.09597722009138462,-0.016852114562580595,-0.23185703431183322,-0.6697875721713868,-0.00427289800181513,0.029692182813158777,-0.06050290665335205
2455,-0.05123637986043926,-0.05520976834201166,-0.022509887005096704,-0.5097695457004922,0.16688489448832539,-0.027330060389353053,-0.028842413191586716,0.8348801076892665,-0.00409135971217113,0.17772480020127399,0.03096954302738593
2456,-0.025272214042142707,-0.06844286583048445,-0.04964327838475134,0.8186545518217159,0.04746651740956564,0.051820550913652834,-0.01652281256114294,0.13554587115769218,-0.060390337652970194,-0.012745492166030358,-0.3353845975616182
2457,-0.0793759393664458,0.10162786408690974,0.017088061410048663,-0.14625211677424474,-0.47529476103989166,-0.0516094870616033,0.11146101193382091,-0.08818128839379123,-0.05935123122991315,-0.12429949193404638,0.8774486358203869
2458,-0.18792237436678552,0.005425814585432188,-0.01263956492513136,0.08436202961013267,0.5964631163959245,-0.08728369003042007,0.12305819656946894,-0.07375497895253919,-0.62730060636608,-0.06028730106878888,0.019826625498882026
2459,0.16069749129855904,-0.015919226016147703,-0.18445696559718378,0.13140846568176182,0.0021541164728121178,-0.08919505214760025,0.08195177734244634,-0.04466795338493741,0.517174237373818,-0.14048475049548376,0.07205792600232155
2460,0.023150532043775554,0.07152806195998372,0.5971854920560887,-0.041325931642127264,-0.06387612708827499,0.1113658839082913,-0.05389783058669247,0.16173291623332836,-0.07748676228918847,-0.012343947479100637,0.2061882734743455
2461,-0.08139876077853221,0.06019359616669214,0.003754509527392189,-0.03760107410195641,0.02395482163339474,-0.6314169085471905,0.0426111382824583,-0.03256994330722006,0.10487107735000056,0.043465903373279755,-0.033327245950852104
2462,0.017506031791258283,0.17513734800629366,0.45479757771478263,-0.011036101979533818,-0.019600416997771646,-0.06203765839883182,-0.2159117684518038,0.06645487055701993,-0.043999425318146906,0.08149426636289452,0.04116903621309445
2463,-0.07544186258993489,0.6450145416630575,0.07631286872685145,0.041141129564208734,0.0518137126244677,0.07435231534518474,0.030985372395623333,-0.02987127557980804,-0.011910564395544644,-0.024767186400757875,-0.006825230612689401
2464,-1.7417120528019794,-0.14820193001668083,-0.10523374347263727,-0.10642047668641318,-0.12413267626602649,1.613670586753405,-0.11524479330432126,-0.09315000886538705,-0.04035511971510076,-0.0372718926546804,-0.0889344422969072
2465,1.2408483190261097,-0.07895650685705588,-0.04101517229839294,-0.01241577334941708,0.09415904086268781,-0.033299102658705594,-0.9440100318415781,0.009661134455211974,-0.06700935227817169,-0.07896186183622478,0.08248998068799296
2466,0.8998807781706768,0.16478699714095138,-0.008281447529377359,-0.051314251231645236,-0.0826615914784732,-0.29711436672309355,-0.00300583882116273,-0.019170702640896025,0.03814848616400664,-0.14235759699639747,0.08238724113718641
2467,0.5924325858024435,0.01957463935433207,0.016322837193219294,0.044727159765375786,0.025664424647423304,0.014073943235317476,-0.03229917190957306,-0.04495948815655563,0.0096294545368929,0.0015070917244631018,0.0070789796935044795
2468,-0.10909020722776724,0.027678985002920868,-0.10413307911244607,-0.19921146689765692,0.06369366173853737,0.22928739411524748,1.2456330734829413,-0.04810740138537242,0.09988873059018497,-1.0268716443380224,-0.0733125512040453
2469,-0.05222657985427502,-0.6022945520081442,-0.11223598239031365,0.137268722763148,0.1672020735486092,0.050543965051624284,0.04216535633957759,-0.12081916991891718,0.014706338849127336,0.9525481508827365,-0.050003510744579135
2470,-0.24476612110595736,1.0015310964146495,-0.0710808215636804,0.06899168163658706,0.05232074800544466,0.11573206252244339,0.01782516522702807,-0.6919198422891615,0.03528412718206968,-0.08369771501838214,0.002201100267004439
2471,-0.06351698720291547,-0.06611259300914771,-0.042041315761278834,-0.5592638724532635,-0.0010143805766224014,0.11968201453669397,-0.08744477748862985,0.7997789362276214,0.10697127806184431,-0.1753255442875718,0.0685743283977732
2472,0.06798065790922554,0.03345898238547484,0.07589675916429209,0.8001681652077723,-0.0924205950199372,-0.21070446365375278,0.11184647343178017,-0.012090204418869026,0.07012821067009348,-0.03924619317928097,-0.43495777176308975
2473,-0.053800451008597,0.12014707277213735,-0.07807658728745173,-0.012023964774874753,-0.5453210187483245,0.14516939794959507,-0.06246695132823499,0.08415433766418577,-0.06516384765381289,-0.22703355197684866,0.8512625663601284
2474,-0.0656532883556343,-0.13582471597762824,-0.02312025743434571,-0.10078645996275386,0.6001732398071531,-0.0015600022860454616,-0.10467083214280118,-0.11173713887845992,-0.08755797262371348,0.13550067631189142,0.07454300847636032
2475,-0.06906511783668376,-0.1599605111551615,-0.2392064926388568,0.0791123609786578,0.07326935682869942,0.10147415807078802,-0.0795886229900716,-0.022816955414231004,0.4896167972610675,-0.007263985949872817,0.031555242110554056
2476,0.028535822117689753,0.17668983160758822,0.6118454281250005,-0.038100474212447874,0.10631949886895245,0.07361076198931021,0.15994412085808415,0.11416727755914027,0.09967918176550433,-0.04036438224570362,0.04509660359654242
2477,-0.04395339331676972,0.025324285468733287,0.03814463247747453,-0.007116382760419932,-0.05479995369473445,-0.6757572123438526,0.022633683292513217,-0.014742664435757778,-0.06202081442175008,-0.03753478849110768,-0.02671410093725117
2478,0.024183959257865976,-0.052941846196978004,0.4485476064635569,-0.20735015591808775,-0.050139069213174084,0.015279993762331263,-0.03515458010704105,-3.7686427345196764e-05,0.05233230886263544,-0.03765050213559494,0.06019437262128702
2479,0.054454200693792816,0.674741148084131,0.04603937896487827,0.0021500649110278557,0.02161860892446861,0.2915750846923456,0.02701939517600855,0.0040998419539724955,-0.03444224042022748,0.041285647957624814,0.09858358533994008
2480,-2.070010904213697,0.10486871464429584,-0.003216843427575439,-0.14971749947322413,-0.14052374651965396,1.7836645120378993,0.06815822937543986,-0.06360410031097687,-0.07595490354797862,0.12937538418172218,0.013643423751319049
2481,1.8912849384759238,0.04989808672800114,-0.006786410409795886,-0.029733475294683388,0.15109654161648262,0.033689416052020894,-0.9596178664294392,-0.003939416518250389,0.06500753384512346,0.04300718042601821,-0.03392211760096485
2482,0.86983104357445,-0.10912043532966327,-0.03297361730253452,-0.019137124286673787,0.036289619473652744,0.05499239787050739,-0.1251853278797139,-0.03860311331422342,0.05937941408741215,-0.22842504598642782,-0.052303990538514644
2483,0.6199242369519531,-0.04283601748524355,-0.002345723481941924,0.0338106050857203,-0.016332838760024795,0.03687073262549946,-0.004159057902139782,0.0038212786228191496,0.04986789562558182,-0.04345388833906212,0.048036479390998
2484,0.03414416001096115,0.05150829618267564,0.0019599922224879116,0.02648301607790822,-0.11706892727730081,-0.03724296938641694,1.280356672180726,-0.001381109235830951,0.04554186979993194,-0.8887148878172236,0.020642717833732886
2485,0.24061519426337358,-0.7518896791605846,-0.02426604860678371,0.040358210662237,-0.009628822470357925,0.14341298640936403,0.010054731817417303,-0.017066954419209083,-0.14356500678721318,1.0366178168809437,0.056662932698493304
2486,0.023202765227471764,1.0414671593692615,0.09360965652476577,0.020848856649827295,-0.09346244502897294,0.08189215464558479,0.022394686294054007,-0.6029339890574682,-0.09197340240173994,-0.005609294795971917,-0.0597862864744399
2487,0.08107081869894057,-0.2062309820120836,-0.24148550756954926,-0.39848264784391796,-0.10131053034687945,0.21916703324516842,-0.1293969505093944,0.8357222527510664,0.021291251263524578,-0.03853359052411311,-0.056870605044782765
2488,0.1530325012464194,-0.010074169978789372,0.02941715553956242,0.753444749704874,0.2333506684844729,0.20501242971910486,0.10845710671380521,-0.016524368560914878,0.08483022503071483,0.030956881735457485,-0.47645811446558667
2489,0.14430093787465373,0.05582037262235863,0.09001794071347005,-0.02805256726893757,-0.7741240601665307,-0.14531665979920938,0.01794928972382429,0.17988975233824017,-0.05435377321292988,0.08475287832909335,0.8276664815266457
2490,0.03204721563692607,0.06338284114624695,-0.10621894766185809,0.02841956767577658,0.592024040258433,0.05725682105075351,-0.0284663702554436,0.04815715856593475,-0.44037940549000937,-0.01932848697965849,0.034995087228890165
2491,0.04428849487212409,-0.040871567549527525,-0.18152843671225438,-0.020816317789145864,-0.08191385806910045,-0.0030697025490004953,-0.12153827911670309,-0.027421946382007234,0.47868246442926565,0.18921183592032023,0.007564216011571666
2492,-0.1247844373677744,0.15778155685021283,0.6089797392050409,0.2221687964093487,0.02342413990299201,-0.01273819526792336,0.09851317833121552,0.005951581199943533,0.016072397799130198,0.048018855684534956,0.1267291661470243
2493,-0.046317093839880426,-0.08699805748475989,-0.013550672933935873,-0.055454840379047604,0.04376783624750459,-0.6783779302003932,-0.06545149563220747,0.09347275818168145,0.055460533043917126,0.02222678907128307,0.05920225653646744
2494,0.08076586309394061,0.18841100444383665,0.4115899881311954,0.045403504848921916,0.048523887123503334,-0.010178715097437544,0.01646132904197077,-0.07948051879689935,0.014021639230712995,-0.02491024018310449,0.15249333324081105
2495,-0.042861743872640995,0.6380595367287146,0.026508643038854432,0.06615903995792641,-0.03793112924733183,-0.05239387051711393,0.030741158811476495,-0.014561432471874906,0.05080727249594074,-0.03218767054978581,-0.046968498020494
2496,-1.7096536364797001,-0.044120340639140526,0.17449671743181214,0.13588341330736195,-0.06752475795748004,1.7261636334561252,-0.0343903072271346,-0.23365981699631364,-0.19544789163776585,-0.018351596716637872,0.06330784630693473
2497,1.3298820740667883,-0.003123250856532967,-0.03856576929090624,-0.059935749290864496,0.014632211512056532,-0.12105441740447971,-1.0373597721677195,0.024604955849162873,0.06919153819483637,0.07126189874872743,-0.03852370977081841
2498,0.9388157633818494,-0.011016615208176617,-0.14712906996023475,-0.09014736592448384,0.04778074555859703,0.2472066691902538,0.10513985551375195,-0.09629077163528492,0.043729783217850315,0.009413379034199386,-0.23689619029556028
2499,0.6034267414703817,-0.02289752115063886,-0.030041616290014967,-0.025653435636127268,-0.021887434767216447,0.08640593444970418,0.007693390084714584,0.0057541051631387445,0.027460875565672165,-0.009255898751099003,-0.027846221994100136
2500,0.16855319896179516,0.026313311332449914,-0.15404763974677993,-0.04875526515380768,0.1081231568879252,0.011735609390983084,1.1555625379900352,0.027563533506421302,0.036289224531088425,-0.9166604636741174,-0.024340986688589427
2501,-0.13101618227491055,-0.5108680414559412,0.010392561669722482,0.14305702783881305,-0.09511887956871357,-0.07423847442967749,-0.08111978646465143,-0.09111816286094514,0.04884973933984221,1.023927103545833,0.055899853609182926
2502,0.1499714826106621,0.9685864528165871,-0.027331721914021202,0.052194310378685105,-0.012250245455851537,0.08711935411477058,0.04647364061189414,-0.5520843599530002,-0.030409947595534004,0.0715768122592832,-0.008150351785046004
2503,-0.2711050610623035,-0.09719972118263627,0.1107413562632988,-0.5789739261179494,-0.16150469475281434,-0.0099771318520114,-0.0007058416528679273,0.8461881036086526,0.04513120071885959,-0.0975583680689664,0.10811665367578721
2504,-0.2251831495774358,-0.1859699066190261,0.024249084262857764,0.755486692582703,0.191640063004084,-0.05769101615207691,0.14609531264664335,0.02760958730901778,-0.10913164837936488,0.02310495370134271,-0.38398831406720163
2505,0.02200275816304082,-0.09368067331543661,-0.0887819344715175,-0.006015670997103947,-0.5795685159160359,0.04342352048350297,-0.07051244606711128,-0.05272577740055702,-0.17743797450787172,0.0655596335180453,0.8589906267505169
2506,-0.017627737460593963,0.07478565944300297,0.09071467551379599,0.0340386922233036,0.5709950611989348,0.07808735372838022,-0.045827360103012985,-0.08608739946312058,-0.0166249897060341,0.06712893767353595,-0.047497231090131896
2507,0.05230031700123964,0.0787404601209516,-0.032809880164464386,-0.09598929662752914,-0.005721275582145466,-0.11311961791926467,0.08827857038724876,0.11801084197883994,0.48372724117500765,-0.12220468408278796,-0.002810607742860353
2508,-0.11330639694932859,-0.06839707024879609,0.5050431829105312,0.08047767569022714,0.30055674239065877,0.05299013009842486,0.07636297780349396,0.10366632665229976,0.031141794220678667,0.10043634419598904,-0.13694440244938447
2509,-0.050573813964591825,0.01605443485035607,0.026958532885278955,0.045344184014034235,-0.13492852232354288,-0.6055666153973902,0.08843991841498991,-0.07227779393477629,-0.2332237369293504,0.02652682939397637,-0.04024822855274252
2510,-0.19417985776377805,-0.041505632162612154,0.4334427894287038,0.012553692001513688,-0.029005666409815615,0.060553236066365014,0.003174739855442682,-0.007934809201628912,-0.03833090353056937,-0.1013505938797673,-0.030192633816717492
2511,0.055442048387720655,0.7190497061818784,-0.010627768825208926,0.0005257246028448985,-0.09915128308641441,0.04417644546981158,-0.006111923436290606,0.020424243144247158,0.05928559030988505,-0.012667859407134047,0.08621411226388596
2512,-2.015248730719734,0.0192158504006154,-0.013822473644739958,-0.09837400555381942,-0.12469070399094863,1.7621505739718473,-0.02319223825442765,-0.2034230889039139,-0.09682986883215632,0.07649262931771675,-0.10366576341979822
2513,1.5613607795774416,0.021144199932199532,-0.052188634002266344,-0.04246965898873107,0.00527204826596326,0.012905280257647008,-0.941858644330058,-0.07064914344452557,-0.02977498821679618,0.00445289722605943,-0.01745642546477282
2514,0.8843493296720498,0.05568630299439544,0.08738797047942201,-0.08362804218055923,0.0699316290330261,-0.021321833355063553,-0.035420367739519926,0.1717008504297501,-0.04918167627260277,0.05179152559552568,0.03180835269447478
2515,0.612944545877706,0.0015508612502051471,0.0022122914621766658,-0.013071606408933444,-0.03898909113149684,0.03979500340623875,0.06577829629266964,0.043103940918583813,-0.04647816740797334,0.03622309364064626,-0.027895506750426204
2516,-0.0807319855391934,-0.008203784069789506,0.18343619320367907,0.03863319607482166,-0.10824066749726462,0.02858556478253329,1.376388589210523,-0.07251747717136707,0.1659030381955362,-1.0146535447895033,-0.06108208342048019
2517,-0.3924670385096381,-0.5496784880116669,0.030493164583565917,-0.04658431913293886,-0.08878619453297913,-0.09099057705832496,-0.09713730822601753,0.044753654666759346,0.05335760527420431,0.9400980638000751,-0.028769623869531743
2518,0.20398669379410245,0.9893800273159676,-0.03301016994114878,0.0019293560973868405,0.026161907597988924,0.19388761950320246,0.021177240413745062,-0.639591822056789,0.02312297698256913,0.13591188779855554,0.03662166113699738
2519,0.13170323818754595,0.11020082332849526,-0.02234427152381334,-0.38770009402641825,-0.07659486051173162,-0.0021273846486446783,0.009816555245526267,0.8815887204990693,-0.03414051484462888,0.07194281527865914,0.004658201984939582
2520,0.02209347806202685,0.007599869063998841,-0.004253362895131606,0.7277317782975872,0.007983877987656197,0.07190728231853608,-0.03673691087554373,-0.09787331659521759,0.01518730572505245,-0.1014124688469688,-0.322879802931581
2521,0.39271930572873476,0.0559045533030235,-0.06540720158018296,-0.14699539438003406,-0.4805888098331928,-0.28813560885476136,-0.016334737283121653,0.01656329949976581,0.11922382521338053,0.18243311765611103,0.8405241757417927
2522,-0.2131315691562437,0.03357759058229881,0.14706218535681423,0.05226280804553032,0.5933702993292369,0.08292834368116786,0.1352616032497285,0.10159287806669742,-0.14601853797088027,0.01206357152763745,0.029685617380510843
2523,-0.237352994027234,-0.11243708584942369,-0.23114292133223296,0.04894765896525741,0.035785638470621384,0.12041752497236934,0.2150589481191767,-0.12893465094452292,0.4860565389753049,-0.024831379653311152,0.07419228241241158
2524,-0.028416594817537714,0.043786598044957416,0.649673110033875,0.008395202606496613,0.0786539503255336,-0.22875888251285578,-0.005528569723532628,-0.1624382529364543,0.04585367094778794,0.18163288567340496,-0.11361582308789625
2525,-0.016368377381989527,0.017257834777447835,0.06472925252202961,0.06859501588006824,-0.08977281592981061,-0.6990836238515468,0.028125763556397003,-0.05915439221081189,0.06685315493442111,-0.025542571514178176,-0.012837409750121044
2526,-0.13113596310493103,0.1175902491902246,0.3961071233592499,-0.00036637186604914634,0.00893403714813233,-0.17728367522197652,0.032085889812347265,0.014539595216464406,-0.07792217096295448,0.016915372753644638,0.005695265072316096
2527,0.306175650601626,0.5745934555406218,-0.047157220437899286,0.08162340866651145,0.00022593897744236768,-0.015523842796635628,-0.045031678405672015,0.006689257992626224,-0.08690552624570841,-0.08735998019860002,0.01730896362040671
2528,-1.8173519743198498,0.11530458111123812,0.06849267596228201,-0.002596513257681559,-0.042428025711232054,1.8411219857404284,0.04224768855253747,0.12250492370064008,0.005215788776728546,0.09443398209762684,0.16112517152749706
2529,1.672274090872358,-0.05346416157139334,-0.06767078694243286,0.1069163676863356,0.06197469273210603,-0.15478115021812264,-0.9647412526256826,0.003918776803117146,0.08315827654323792,-0.0211031696136856,-0.05262455776055906
2530,0.7755741631035198,-0.0503128803380027,-0.06054838637285417,-0.05393683664789836,-0.019383970910724874,0.03338661825135195,-0.023678245236485446,0.03423194737928522,0.11804130141209784,0.028898707121754477,-0.01602400190073306
2531,0.5679934189895751,0.048725161610115315,0.06760893169484486,-0.01038028298464588,-0.039364538408169975,0.07035357869334552,0.0736982924501756,-0.021982006653155597,0.019961086141279047,-0.0019077560725075868,-0.020173917931412152
2532,0.04218715561675493,0.00018365944762510807,-0.0955099174271129,-0.022901310680086922,0.07848148230138971,0.01498411473317143,1.1270600088610767,-0.034099088498582515,-0.08325678386735536,-0.8906347008141253,-0.04821477395570341
2533,0.12132813492975653,-0.659003299950015,0.14723232206622577,0.013599769491638145,-0.0963594830128774,0.04967283678619151,0.009311255685673267,0.09222258941144243,0.03048321990036962,0.984487907440731,-0.1825911239409921
2534,-0.1372432450268526,0.8302151723849197,0.017676003245375042,-0.0483473361806178,0.014644802129902667,-0.07833027902911131,-0.10968136474768199,-0.6385590513701961,-0.011708693185199173,0.02852688678441621,0.1404331626407138
2535,0.011706477498482621,-0.14543707466458447,-0.09115610325948577,-0.5603616179180516,-0.0691198280335355,0.21573191572761488,0.003437955532230151,0.8008907581755331,-0.21136029290262587,-0.2680539757593982,-0.14342639745113553
2536,0.2631300812498218,0.05960674774972518,-0.015031289029060613,0.7900826111415105,-0.10945777846977348,0.11371009148689458,-0.002999597918981304,0.012837135186213431,-0.19252922188700392,-0.1302352823213885,-0.3999358586195257
2537,0.1855381741132519,-0.06754309774671521,-0.055075032873948306,0.03911923847529853,-0.5071299254380395,0.00940342037240562,0.040642566879290576,-0.031644275954284345,0.01056385931423422,0.030779506729617746,0.8540348862337829
2538,0.029738636648443624,-0.1025067113267113,-0.04998698788484636,-0.02644940003562825,0.5416277003210779,0.011425835617353016,0.06144459124642231,-0.02530845291400719,-0.062144320809094517,-0.02518810072553816,0.0423605186851449
2539,-0.08622199613983593,0.07495692892655095,-0.3285663432058344,0.09831581333377881,0.03019232191091641,0.06292971824640242,-0.009698137701024281,0.14744387060663489,0.46447778772077286,0.17949452741606922,0.033690293827873946
2540,0.047334460418687906,0.2977123958650048,0.589644513402195,-0.05688393588613737,-0.0036391130725488326,-0.028268352511794825,0.021011032932324574,0.01213312781604466,-0.1089935423164256,0.13231005682045158,0.3036802462768162
2541,-0.07817297694245844,0.03802592502189633,0.07932272628746165,0.04657686533927825,0.0674565776082201,-0.6643991622801023,0.0008589323089215838,-0.005675002994084476,0.03322415696391202,0.044838591875416334,0.008684864182231515
2542,0.11659570154211224,-0.1971310833141039,0.4292646052453235,0.031647520276462414,-0.08433767799967272,-0.10783001194883692,0.14037642253387722,0.051761536691409565,-0.08559346293982295,-0.08158835403172084,-0.2210827940422286
2543,-0.15359069675419737,0.689189059338335,0.07948424103133446,0.012842804387692705,0.013220752800976883,0.18033593662646613,0.037120532563817275,-0.0639763436475262,0.04366702081339693,0.030380552733128646,-0.03884271440402276
2544,-1.9458352010902342,-0.0018929261009020103,-0.08487222623986058,0.15677972268928983,0.02462508992059551,1.8824777355037479,-0.13666430121322393,-0.10564637140960836,0.12313924733910948,0.1606518793689173,0.008511258200836765
2545,1.4956705015616139,0.040814051488606486,0.014548846099562576,0.06207494393899252,-0.033312031618685324,-0.09832225433667512,-0.98412462485932,-0.001759797699499746,0.06846644189998873,-0.021950073966548023,-0.083083212676587
2546,0.770246208291328,-0.04336441176169305,-0.05561926504115613,0.07358315634689028,0.2164797442495354,0.28737833019044673,0.05454121023018781,-0.022663092923668488,0.07817227144996061,0.05699384220579904,-0.14541642251418657
2547,0.5799004943475996,-0.026143046715062034,0.026069584858795642,0.024507115832134434,0.020020342683817784,0.09828404848663114,0.01800730314765165,-0.002127846582338916,0.005551828885292345,0.0007771352867976195,0.01668244155979263
2548,-0.12192447593127749,3.6133967429836586e-05,0.006419951625293085,-0.03274277025653233,-0.0668643969938669,-0.17629912334732883,1.2382318809538773,0.07827816886659203,-0.08421821867393278,-0.8246683449151744,0.053349047856146845
2549,0.1453412690954598,-0.8312045805485674,0.02825047224747973,-0.030681455567298087,0.04061173230960593,0.04276189428007489,-0.022940177426311527,0.00690675316321263,-0.10404663428655508,0.9300806012215508,-0.06135613856084207
2550,0.05980961603680739,0.924222206373891,-0.12733552518418384,-0.0033270144866331943,0.016385640425034313,-0.044480784258363416,-0.0070720192375503775,-0.5027582894940208,0.04582061127574287,-0.13204367383649582,-0.12268671931105213
2551,-0.029617736365196875,-0.003810809349700932,0.11154495880551377,-0.5695954474997545,0.049580088057434885,-0.06390995526826687,0.13696916780943244,0.7417344536229419,0.10094191810256267,0.004667384621982885,-0.1388724781179539
2552,0.011850457047560405,0.09380361242604886,-0.07835380217167365,0.8121408914495115,0.08577840973821017,0.011284119023573017,0.17674803618568885,0.07561181895518354,0.024371669904776797,0.11788150408782931,-0.39438614341495754
2553,-0.06514643327573322,-0.11148940172927135,0.05606103503665579,0.023062748888723877,-0.41248025347854333,0.04003005949698927,-0.012833329645327256,0.17583703820675797,0.05745788998216734,-0.05245365275081533,0.8859633098852172
2554,-0.09548793779946356,0.13255997545933967,0.0568018022799681,-0.1338405382108803,0.6251720655242952,0.3090148500877937,-0.11312606580613144,-0.05074177868897551,-0.385275017663639,0.09133428010774951,0.048875340964768886
2555,0.12664433712589707,-0.04469509029213556,-0.014228095586054618,0.16021684855084575,0.07766673951703242,0.0391322677337857,0.1368043803312985,0.1119181037395494,0.4768479179042547,0.026310805944046722,0.1335983323561996
2556,-0.09324891798948823,0.14689599624296934,0.5729223662007885,-0.19212511832774315,0.060069710866509224,0.1477072119733907,-0.000618850604362447,-0.17876423375079614,0.14453601669184274,0.03956063225236594,0.1183120446639039
2557,-0.03700904270270811,0.03770559608819054,0.021819730107815672,-0.006760163873067983,-0.00127028057057137,-0.6495879923839104,-0.024544445362938254,-0.00383040116099864,0.013314853836521494,0.04808991737496896,-0.04416554065430136
2558,-0.004799777210322601,0.25697282482066824,0.421077029679599,0.058392631969831285,0.004163198923484537,0.06232122811006579,0.12335580781006278,-0.0829284004675059,0.04269275818070795,0.09969898360722046,0.03478911880454619
2559,-0.0442130066184693,0.6954420761447871,-0.040874597755873786,-0.03437858030898545,0.024498028394528595,0.00036117683752969615,0.0826130768594629,-0.00688173968327674,0.023756078772074897,0.007605365471914132,0.025667335684000418
2560,-1.8726030109020781,-0.09422049366263055,0.01905000285891987,-0.09595238545831575,-0.04134621873031531,1.8692946815269826,-0.018162792930351546,-0.06620619842745548,0.04393240617168139,0.01184805601299281,0.022426819828742922
2561,0.9567130871163753,-0.02860852414159926,-0.07140798869475494,-0.03956415345852748,0.1399616569243839,0.03521242146736154,-0.9083908220262527,0.051690119799045274,-0.010033491782971861,-0.0871998376746699,-0.10423497714560513
2562,1.0919954946162092,0.01233385311234404,-0.002449250467463659,0.09644531936353343,-0.0036191417344841803,-0.13378977792745106,-0.04771958231493055,0.004905298695708089,0.13987759071976766,-0.0923603192010651,-0.06622364306493492
2563,0.548367291441175,-0.032308839696558844,-0.051589675296304996,0.06152887094772677,-0.05131846729165841,0.04093317508269648,0.03624794038160622,0.023392948609870755,0.03277652238901018,-0.04360805698973863,-0.00910818257533592
2564,-0.08629681749680991,0.12364819941256981,-0.06218657931971122,-0.16121023961844946,-0.11900704715069114,-0.18425662604339282,1.3241768913901588,-0.05402481059518261,0.04234530902831591,-0.844739531854874,0.010566180822809213
2565,-0.05328886461459229,-0.7724451590586564,-0.1886611948061445,0.013991890542792887,0.0670680814464931,0.11505325579472939,0.003183750003945488,0.008185969397010459,-0.0929830178363005,0.9996464523419261,0.0368253199073344
2566,0.10012782879142118,0.7756208963256548,-0.1495917350005953,-0.018385382236001422,0.01074781568720165,-0.030794932962910776,-0.21684215026717896,-0.5948659481148658,-0.01256193144681276,0.004126596232859944,-0.016781043855437463
2567,-0.02174713006619051,0.158363363461652,0.0963528446598785,-0.620589760133784,-0.07734319715395094,0.018465534636501326,0.014523302990202776,0.7791191273506733,-0.02989561001983981,0.07534271684612312,-0.05646296820171223
2568,0.1868547658985254,0.07107028021012807,-0.027800947948957776,0.7535116124795543,0.1967639634458388,0.047441128858910164,0.11889640250924494,-0.034140841369059746,-0.08989507361735938,-0.025969794178496427,-0.4534471352188575
2569,-0.06731493601375546,-0.017073145418219367,-0.22851097897210745,0.03094163314031979,-0.5728852232562203,0.19346414889940491,0.06694085615169398,-0.12901733995736722,-0.06873298651021184,-0.04047455908095878,0.8132248606468432
2570,0.0763600547884294,0.04968328319293799,0.018554028007966097,-0.04084665430199723,0.6062147178332526,0.14674724830973782,-0.05526044340968528,-0.02762170819384304,-0.36850637368764527,-0.08000854311095892,0.041649063131785256
2571,-0.18724774354230586,-0.05682289669985293,0.10158819034218956,0.02907353218416609,-0.05663036632743467,0.03483373875577916,0.09562105855908831,-0.01743744929683537,0.45663266466203917,0.10319261482930446,0.023917202450966134
2572,0.18451861323826332,-0.1370219133993379,0.5728249967433855,0.061872276991204705,-0.014757643462045552,0.019550933137254176,-0.03381407793023804,-0.06695406260554565,-0.0449556300825258,0.054591834499102675,0.0062204919219918785
2573,0.020158125954046757,-0.0531748830307292,-0.07876706155770695,-0.006676279555527534,-0.0061760500529482055,-0.6734361424443,0.0696805117536034,-0.0008611517276255402,0.050080455123663485,0.05266028063063797,0.08331964626083009
2574,-0.030266314896680146,-0.0028345144067739494,0.41559061382688545,-0.10911129265392383,-0.057004497735537195,0.02315196751981366,-0.09137253162033078,-0.080037030951506,-0.06975360125119855,0.045595728394132576,-0.11941973642720353
2575,0.12056934627243543,0.6145644454962735,0.03638518328580296,0.0676663566142529,0.048582700737754406,0.09254761393367111,0.15423249799487748,-0.05953965192276303,0.006248785878286078,0.053726807016664394,-0.024980832466112473
2576,-2.0573955656055882,0.10061354634001507,-0.01636324735288242,0.10496582722707766,-0.05183176953303028,1.6885581916796444,0.048904618772406504,-0.16391560714359935,0.01001004376269861,-0.05687382683146279,-0.021170758301190366
2577,1.2143698310649305,-0.09187501138211904,-0.12899047511410972,-0.019569554088660568,0.017169976625634256,0.013202368320299264,-0.9341243028386023,0.020109808126343984,-0.11032838635823784,0.05756321463791402,0.07275269765002607
2578,0.9835284237912675,0.00322619675740002,-0.06474866824486317,-0.01617079358593192,0.0989759979235674,0.1473085335029224,0.07354971169319131,-0.04716643935651311,-0.10977208541879489,0.06471111449922771,-0.07162574104788914
2579,0.6204351305276019,0.035951514551707225,0.03151960720321709,-0.017981110800775392,0.029843348075389745,0.010121219481619436,0.010171783686337445,-0.024306920981629537,-0.01831671850714979,-0.04983807463753259,0.03354575679850735
2580,-0.012281223855358549,0.08722455320012014,-0.08228161296229614,-0.02223242773162952,-0.1346657636478288,-0.1359447396795744,1.1785565413210428,-0.07728159327361869,0.05560632786733966,-0.8037498564671982,-0.03632842319829095
2581,-0.08439464218167392,-0.48505022263537884,0.0005221054286932295,0.01034538078926586,0.08934501831758404,-0.01579218981591797,0.04838819561235147,0.014499211321851316,0.03264409578749184,0.9592039384605866,-0.024988290817701344
2582,-0.17019814554460153,0.8178266491850796,0.10917071910566344,-0.04017628557433779,0.06045930905557275,-0.053518162666137306,0.09316650941601226,-0.6797099488234539,0.04787641840262481,-0.010200141723907177,0.054461962610867824
2583,0.0044152246566715875,0.07954118309061918,-0.015047446457247062,-0.5871646508351108,0.08738768281979739,-0.18109515570138465,0.16096625554565994,0.8590332014431019,0.09812170491973461,-0.035053382499390384,-0.013318824624303005
2584,-0.10124577590415779,0.14244344107844384,0.052715995092159296,0.7416692282606091,0.04326708474384456,0.0945903497555759,-0.014552980221804502,0.0057717061009304104,-0.07747177725184475,0.03590217973926368,-0.43541871662221443
2585,-0.19835404116337704,-0.10384259000525868,-0.05594709309509471,-0.013117886024949269,-0.7873981074258349,-0.18104633858358934,0.0615825332134243,0.06119501470237059,0.1317445518237824,0.11794989822716509,0.9529991095636233
2586,-0.11257481871906724,-0.05042648266147945,0.16778940247846555,0.014929426240271985,0.5759094060974025,0.1266661703411295,0.03236594537850184,8.113887573974225e-05,-0.37751590740659347,0.045409596011355004,0.049437157175873894
2587,-0.07483497358089536,-0.07046062219682134,-0.17700006837353144,-0.12033080796840546,-0.02997183343228988,-0.11518099420998046,-0.032906322896653635,0.025447767142851282,0.4926785313556502,0.13068556545642265,-0.025028549183172637
2588,0.21055429772660728,0.05083781569688288,0.5979852186907251,-0.04631631802717809,0.1589433248852559,-0.17445317065925056,0.009085703453251655,-0.012922695729188348,0.060266061921426015,-0.0621024545080893,0.0550366318426355
2589,-0.018318936089539155,-0.0365952602087125,-0.01993742980951997,0.02692279909433198,-0.03595852589628045,-0.6094404424250365,-0.030696034184293893,-0.09047510111177713,0.11342401185710146,-0.0687757565151181,0.0679064741113975
2590,-0.08462507778809074,-0.14349291634600148,0.42082788780135927,0.3210850660754791,-0.046256363315222364,-0.06158411391034912,0.03373335409522409,-0.1536395193752189,-0.07503134180117377,-0.031434987728608345,-0.018176699426068317
2591,0.12316316820163031,0.6642954786781615,0.13247181078197356,0.01261766820040928,-0.0070921887723293855,-0.037260449749581245,0.04422451193052748,0.03305348099426503,-0.07641071740728977,0.053538871262205474,-0.0575237924044995
2592,-1.6752934444497372,0.10170062833434719,-0.11289565076614383,-0.06752154520219467,-0.10177343961736696,1.4869709235906758,0.01086162134365407,0.058519232449025745,-0.23511376403352596,-0.08458501977004458,-0.11406332999618199
2593,1.3940577124138147,0.004132323571332198,0.016619562196247304,-0.00793331081169426,0.031153557629806317,0.05022353677157889,-0.8991690472395936,0.027121148174167144,-0.015962615423725793,0.007385195011442235,0.012554043765151936
2594,0.9492854380590652,0.09438649333595665,-0.019111552600666038,-0.08070537605376298,0.10829131924490679,-0.05037665773944981,-0.0766311132820283,0.13504874965721822,0.044549094585232735,-0.04265148594792922,-0.0039227119623294416
2595,0.6440713421282007,-0.013614126200141227,-0.022582002792807098,0.025457058981685106,-0.019236196973747222,0.060794116056767405,-0.012543562771791764,0.06420052506071208,0.0003686190768186059,-0.003889647164525274,0.004471495187265975
2596,-0.004599223628035476,-0.10444644211369106,0.0039010194511456603,0.06721140239683515,-0.050298024496224794,-0.0781310084789908,1.237133909639246,0.016268983198151725,-0.08103357593035386,-0.9068447609737637,-0.04815652134944469
2597,0.15169426016389617,-0.6968342570237602,-0.09781398782343963,0.032906551994191555,0.05341670633136281,-0.3120120931021866,-0.12531229012821607,0.11041745583430247,-0.1417183986728834,0.9766168765232666,0.0953698756637451
2598,0.0671996110556121,0.9476637132574645,0.14228072628494476,-0.08825099791117084,-0.03595179368391702,0.06231017918273649,0.10643459573743948,-0.6334174813559644,0.06940774896416507,0.06934268812482156,-0.012533771022590765
2599,0.08741298580276176,-0.024410337249191776,0.04353500247409113,-0.4496106438648101,-0.07216039862158251,-0.21989855284824014,-0.041912703723868475,0.8612133626803482,-0.06467582422650364,0.16188245548752528,-0.010614546421152329
2600,-0.10041799073152738,-0.21843246336382732,-0.005705537180147017,0.76034767774503,0.02226684226710376,0.19823970448674635,-0.08808409612500628,0.08504053508293388,-0.10751486970549,0.06658705249064775,-0.6321963058167896
2601,-0.04976357403346185,-0.0709583153053986,-0.03120561232897895,-0.032428215752724185,-0.5434176969494334,0.17559349926194437,0.004160785019651891,0.05715855367888213,-0.11884104980379075,-0.02277922674253186,0.9131974434669803
2602,-0.11525720879886678,0.07455142083223731,0.07500622234080645,-0.01186192783538612,0.6003283660110226,0.1826794186950834,-0.055603210205217884,-0.035366858789591275,-0.22007033540538606,0.07950552675894852,-0.03279767331863124
2603,0.11355950770679084,0.10971409869305127,-0.19127294353860724,0.18235117404310733,-0.007190012383870084,-0.0018188986661681512,0.060740288330558334,0.11608674070065489,0.45738023194686683,-0.005054857247098989,-0.08451738198418757
2604,-0.1336950793547026,0.048982704537495224,0.6144124871949647,-0.01576208528772138,-0.024457981693848174,0.054843059564307274,0.029667407492411618,0.014791976195924587,0.07378766481150682,0.06737204572155026,0.11482884517934105
2605,-0.042234004734735923,0.06783793867854099,-0.03020111652334714,-0.012827715379107194,-0.02990516237834117,-0.7480820307978345,-0.06517839355761483,0.022454555753108046,0.08098450949555179,0.06804872369865958,0.05830492405287344
2606,0.11558285024682204,-0.005048123050240655,0.43375954438669995,0.23234963766575656,0.04038138542138539,-0.04520418496129703,0.052127624353309365,0.09949277027810792,0.05440350765755398,0.19349139286412692,-0.13958538003554952
2607,0.05845576916315514,0.6543121750012068,0.0026915973165412242,-0.008603689320032793,-0.015258760064501772,-0.02217000438898656,0.1097713860630512,-0.06875867108699119,0.014081064160963287,-0.012918740067644175,0.014638821805778156
2608,-1.7174054103889702,0.17655576608146978,-0.06730797793837023,-0.16543110789788032,0.045231062666105736,1.892957718643363,0.09282217696132446,0.08852515247509908,-0.04482286614710139,0.047871452259858824,-0.0027670547766317378
2609,1.2782203210680219,0.013325247558424385,0.07971670490508768,-0.12489053699805641,0.010305962258352381,0.307283607435154,-0.9327164770322832,0.08707036877760205,0.03779292772699823,0.0134914158657447,-0.05379545091979842
2610,0.8516969474005343,0.004842975995222968,-0.056018412183009014,-0.04504512675072522,-0.04165815792882874,0.06441009359199268,0.10005921966004286,-0.20274346954601288,0.15703534309235007,0.1504117841685597,0.09020121056631239
2611,0.6000542831215719,-0.029131013200356173,-0.13003510986370564,-0.01731453328122752,-0.019696734494309788,0.05384715971457213,-0.011429658675894176,0.0076322189272390335,0.059141642577066625,-0.028404190474132007,0.003812152259927342
2612,-0.025736292924448446,-0.013981803140221386,-0.03012870020954716,-0.04082717372130121,-0.0010289841485706705,-0.04460258730999165,1.1524946170407602,-0.07394798653848589,0.0798082045410367,-1.0353070194755671,0.02459358957614207
2613,-0.13060994237549844,-0.6508519744077419,-0.007883117735431336,0.08907481762368484,-0.04952916449932712,-0.07112433739711056,-0.007688810045051576,0.04465029723830043,-0.016750957460454168,1.1320498607132488,0.02422414690742038
2614,0.0067940164578899,0.8122554392659235,-0.1106487367334296,-0.00618082470686066,-0.01807496009142087,0.0009658425831390325,0.034458951003559675,-0.5308416405123391,0.03731510238172556,0.015118392370685439,-0.058036730326371896
2615,-0.12935107627729373,0.06008281518702246,-0.0234199839459482,-0.4791400248435715,0.0014113529991783662,0.15787631910915972,-0.23550292864645214,0.8477920930588001,-0.15692865989454097,0.03805080096430222,0.03797169747336495
2616,0.03595682943877489,0.26098998679633556,-0.1419942496266472,0.817145884206026,0.06280188068678687,-0.05600841733105703,0.08325099890086943,0.059493728105203036,0.0029920199978686318,-0.10312762676518766,-0.5722336735317368
2617,0.029396884968520758,-0.034962605449676894,0.016350369526235455,0.004993517755619107,-0.3468324055003715,-0.19318906122388144,-0.055720757070666566,-0.02815186904083542,-0.015422866147306074,0.0005882614754330068,0.9378050559794828
2618,0.32104411788566445,-0.0639727315490984,-0.05110226409498453,-0.08749114644558757,0.5642026240620439,-0.01632442229877303,-0.1243775990146734,0.01447105757061426,-0.5558319116921475,0.0170697578980428,-0.0076815851138105195
2619,0.141231692347388,0.0056311164838323095,0.0726026448683414,0.006211874515277754,0.0715266703787067,-0.14901783459322773,0.055595493377398185,0.05323608968491642,0.46991592482536426,0.060548137688596126,-0.047606636935600036
2620,-0.036422161879270824,0.10892387690215903,0.5722489509881146,0.15951504168637817,-0.04780240096816779,-0.12732803595559009,-0.05803300861637377,0.08694554018095633,0.08839312999031904,-0.0024732278484496176,-0.18926585706943358
2621,-0.0017980741327570482,-0.10336022790632586,0.048221560755384696,0.019750162150538368,0.03727127044734263,-0.6732229778845237,-0.0876133744689323,0.057351172726628506,-0.0973088784847078,-0.04190737054538854,-0.04134806692773918
2622,-0.07209047055379077,0.04650019866914916,0.40156010326704195,-0.15507304485791407,-0.03527360338943482,-0.007103364949484893,0.0016612290507542582,-0.09935339992551881,-0.051006666406600606,0.04637148540769755,0.118678179531128
2623,-0.17214004078290182,0.6663237106513936,0.10694795168366154,-0.01186402643604239,0.0017828273162227718,0.1223997381207471,0.09852796178746417,-0.07223202836527849,0.056764549543880036,0.05429494421901365,0.01208063283437843
2624,-1.985460413704351,-0.16244765154446605,-0.06258835557107349,-0.026258418961143646,0.06705213201270334,1.6742419075215027,-0.09607738815181102,0.0890234054945829,-0.07109596964777576,-0.0025475493966379305,-0.07732274324538804
2625,1.2563601892304013,0.049742353580523486,-0.11621902605054488,-0.07134067133362783,0.03216250983571725,0.011931008903493271,-0.9213345524941646,0.00914501227595019,0.002956734858963548,0.06854588594380909,-0.00571984170937433
2626,1.0625474997296045,0.006136058153508445,-0.13854818812130795,0.08766912011321065,0.05720003945703413,-0.0921646610506938,-0.04508208784572663,-0.08961426522250013,0.056575338114968815,0.03323286615463963,0.1962673249616532
2627,0.6301360930875357,-0.019152437503280266,0.05848962970459055,0.03604693829355593,-0.054256883607142405,-0.039806192345359856,0.05588540526777526,-0.0224007360536534,-0.028554400329620075,-0.00018580314291085937,-0.025149714851778828
2628,-0.1325799267122856,0.028548761046478438,-0.09326864370462387,0.0357439455211689,0.03749033541294764,-0.06307473774841504,1.3999595591918748,0.09661085632930282,-0.06268836798144731,-0.8872469914223979,0.00195442158313396
2629,-0.07749442214912737,-0.8221567382883794,-0.08421187209732753,0.08272123413179641,0.10905419088476395,-0.12262737384599548,-0.01639076211028766,-0.04694158080366086,-0.039675428947338366,1.0214392143833282,0.032577908837952294
2630,0.10931533231729097,0.8541766556964046,0.18393237695260312,-0.022013440178541403,-0.017070074443044286,-0.030554109332515768,-0.026577844392924627,-0.6109507841694897,0.029659024887359376,0.008116864892667853,-0.002648159366326966
2631,0.03584921302499071,0.014759834185233939,-0.20058943335346238,-0.49578926385327027,0.08183818366345197,-0.10466402364018682,0.05527736969777072,0.8455736492664854,-0.050445109086106374,-0.026151872741782968,-0.10158825962532342
2632,-0.20121475577768091,0.03632353674287441,-0.10765185133709623,0.7286308480054958,0.06634203867021916,-0.03864638743518039,0.10147243010812451,0.036101062906409916,0.13264412001451822,0.044620625689111626,-0.542469778959013
2633,0.05880424497919215,0.06964847683141315,0.10875122336991214,-0.041129267261649755,-0.4284919660553051,0.11214687201470937,-0.15464939485344048,-0.018063168850191897,0.10421451547291002,-0.0783250584013904,0.9148683955098376
2634,0.2174190144460255,-0.09420805055128316,-0.037408927659531965,0.026575382287332326,0.6206796779456922,-0.02314392909773586,-0.06110833746197727,-0.0024655074420727374,-0.2881347184738404,0.008938580004681663,0.02727910029063149
2635,0.11359453318499242,-0.040809836563374,0.11101246615625583,-0.006570272077996275,-0.054106438517751085,-0.06626235561916369,0.06155095276851966,-0.015338398149780491,0.5173838132347365,-0.1993101519678248,-0.04726651153076968
2636,-0.1888540860784759,-0.15205173553297313,0.5885482818946942,0.03502128187486996,-0.12123270980522989,0.10362788630106928,-0.08008350751868977,-0.027409201318428375,0.07515144016824725,-0.06511128041828881,0.020489607258752235
2637,0.0020166545333398338,0.14521580976889847,0.0007035660807157911,0.012950354696424447,0.014868981356923843,-0.682486673759896,0.004874821839598904,0.06827173812722391,-0.11676798378503886,0.014826650171760842,0.03523712090058046
2638,0.07389145294125406,0.18893010724861287,0.4292898678906408,0.15416300108067266,0.056412729511592714,0.10277770266988762,0.08452493231331969,-0.03650030293777735,-0.07943581600662199,-0.13835812522889118,0.0821595623339274
2639,-0.07873945833850064,0.6349387100381209,0.04580596081457366,0.005488349465765508,-0.015592096046467604,-0.07254887524793743,-0.06402831623563376,-0.08027847046440192,0.0368366364914271,0.055993896614746595,0.07216615570527231
2640,-2.0520275145984157,0.024251206956998624,-0.09695517246450464,-0.08402747903380407,-0.1336738733572865,1.7975185897149535,-0.041036135863766414,0.09178773533931632,-0.028847550694901632,0.1631783122821964,0.10842721213873224
2641,1.1964951074368029,-0.08545430145538688,-0.013598201973109436,0.02040165570873816,-0.015663252810495264,-0.054233553543708374,-0.9340876260784067,-0.012134407571996533,-0.04421537970653966,-0.012975399112210387,-0.01811128149272811
2642,0.7870857265828174,-0.09553385248673363,0.02670562093082258,-0.03938758727628777,0.046982828979264,-0.07974122890915714,0.025307538276875218,-0.03704396141410564,-0.07285794370548421,0.10934780465666988,-0.038887834609421
2643,0.6495412942641151,-0.036291003120126786,-0.02426779723566087,-0.019822523161167036,0.029724315623141612,0.049208862238335434,0.051564170296157605,0.028862703668133968,0.09754311045269828,0.004893852888897227,0.009959296477806454
2644,0.09394139416205552,-0.03576553731749683,0.005256729589524653,-0.08138645726010085,0.03677440674368844,0.06314579711945714,1.2922886453836386,-0.04931471288894437,-0.05795979622638151,-1.0032433106994867,0.11620481829997009
2645,0.11565304667605737,-0.7659892890137346,0.04788161248579606,0.08909422213331464,-0.15384765026661448,0.25702736050985264,0.0883734186835467,-0.04479768498367289,0.01357353665200441,0.9637625190398814,-0.09216121904248954
2646,0.07954806519151056,0.8485236383063391,0.08525780000107785,-0.022541999023605513,-0.06734469722718012,-0.1837224831881192,0.07597749354385538,-0.5894397616938838,-0.03357393902450868,0.03762939309725338,-0.0028284935305811377
2647,0.050820516677598224,0.1655378071250892,0.18739812193463457,-0.5819509446291385,0.05254922798768586,-0.15418133027977918,0.2637179574174217,0.7857233124222877,0.0006760547769892947,0.0024074414391491144,-0.028893149114806217
2648,0.04078802012413923,-0.043007018849901414,-0.032373295005719005,0.8104545050906236,0.013874025522426826,-0.07138872319152147,0.1549719995245425,0.02113896007824217,-0.1059782819875515,0.13698572467110365,-0.5370667579171465
2649,0.015096140959045573,0.14303928604054406,-0.15997297356385506,0.06030545927297259,-0.5508672786811303,-0.06151477227503964,-0.02445929332427659,0.09104239077394918,-0.14867759328590718,0.08712648688456112,0.9297334624741187
2650,-0.04906389648889311,0.001716833625107531,-0.05265077305077877,0.0427085205027066,0.5889564173109546,0.03036921115175893,0.05883533820632029,0.056970321029050544,-0.17643123246034817,0.08996903637928301,0.038600618768495215
2651,-0.17275289886655187,0.15031919853571046,0.051224831064508744,0.01308760582661277,0.014172667088356338,-0.015249129648473643,0.22128542429370943,-0.10864905695305742,0.49440108165359303,0.12441420167014665,0.014297781166287205
2652,-0.03786493831009903,-0.11384032337811137,0.6209522267074075,-0.07519002312190727,-0.15128180943616204,-0.015160550526891125,0.019987314427186702,0.051645625645098586,0.02080618288853651,-0.125139621280948,0.10117494650098766
2653,-0.07554033310283124,-0.05166670792289459,0.07490255446873025,0.14000121650455802,-0.08779542966966668,-0.673481384390881,-0.06331260185661423,-0.12264320125618501,-0.08664140508262454,0.02839481664303546,0.07651612202601056
2654,-0.10568992796811416,-0.029662955565672472,0.3896909869446558,-0.016145539236519974,0.17134497842613985,-0.00580828893502886,0.0847936708189279,0.011748212738294354,0.001839783835201229,-0.11694802606220565,-0.11180242361433931
2655,-0.08837094589951992,0.7149507665070689,-0.03825782493054226,0.08025963470203126,0.1166263557714321,0.07882833126568789,-0.05327252209367642,0.06139272345762985,0.008491457442193142,0.09554055766924932,0.012239192869945743
2656,-1.8493215171717419,0.029805998598323724,-0.014876018528885222,-0.004315978743585467,0.05709838804194047,1.6202181647462761,-0.14508947151749246,0.05121353147211971,0.09264386891323406,0.10562238244882709,0.0844550986043329
2657,1.230837079542672,-0.009302548275816714,-0.02386855972575895,0.038431925068874856,-0.1724021926077146,-0.04125084128923103,-0.9507742624726945,-0.018835744278913154,-0.06222943249133245,0.10004645333100401,-0.08568663398492646
2658,0.8914145222714098,-0.016990413362567503,0.019442808003824596,-0.08265514823339153,0.020757582461767413,0.03360311958483527,-0.0022000653352677335,-0.07773105483482808,0.12825618235893882,0.13577550551880782,0.1155864995699632
2659,0.5951511717273854,0.01572806739296074,-0.07577288307573672,-0.020322371073492496,-0.0038778861753683593,0.054567713632585904,0.05242286115356324,-0.09568597488529566,0.029720952282182328,0.014376239255205469,0.008919782322388776
2660,-0.14593956716167628,0.12973731720873846,0.049272083948288796,0.08261176451761842,-0.07425055186894639,0.015097015240204233,1.1765707171045237,-0.009347578219680986,0.009626616558479012,-0.9017610888451472,-0.034215345883210624
2661,0.07872924332133378,-0.7483277696099742,0.10132696440989723,0.05630959801224321,0.019803356935711707,0.0755579955310844,0.07434024652828872,0.02673796482946972,-0.048262350813205734,1.0469892006136947,-0.030450307192211697
2662,-0.139966120388455,0.9501177038947403,0.10963545611205644,0.11468316662123179,-0.010607902224120478,0.11268392534210019,0.16132017455665051,-0.6731930396948113,0.003656912875162447,-0.056449011074189294,-0.020634768533291364
2663,-0.24153254969928267,-0.005947227958507913,0.07536698368821422,-0.5020152415294081,0.030472823749479093,-0.18583098545394777,-0.13390574212582912,0.7214741590829703,-0.015649018576455665,0.21027380813251917,-0.06821421241331367
2664,-0.28364268446670055,-0.0020885906980637322,0.014583599753262764,0.7374314837687779,0.030196143867523912,0.06764491939677093,-0.015728760977665013,-0.05101162043363961,-0.055678306487235985,0.1460850191701407,-0.333209902294928
2665,-0.24082518748951146,0.0031486283540765074,-0.1170840339270583,0.010791713721212232,-0.5812649723368895,-0.15842417435340042,-0.05075184164544297,0.11032615868438113,0.04990796752221491,-0.08742200071243474,0.8325856949602783
2666,0.2669843869414897,0.029959988923900047,0.11441174725546889,0.07191186750164101,0.5836149788182601,-0.17885733553446018,0.010989677699184106,-0.07024672726653824,-0.3148136977261019,0.008838304181032309,0.04680995923176547
2667,-0.07193220294902485,0.09524775368832894,-0.09990823677965525,0.056532848010735645,0.015960439325911853,0.08795974310939796,-0.05812337590187462,0.0979563360479709,0.5095215510859873,0.027762684226259746,0.06567892357653209
2668,0.11176769628755569,0.013843380047178083,0.6074119350183799,-0.09011243295599296,-0.075194497456768,-0.0030023521903966687,-0.10773731474140955,0.07853959552647324,-0.04497651303975669,-0.002400466363842459,-0.07471517233626628
2669,-0.009028682076811009,-0.06867639620848073,-0.01628075277744029,0.008818298198931474,-0.03550155856102571,-0.6914571880174248,0.04352806730213615,0.1114564443466453,-0.11871685993517926,-0.06465789172615524,0.0065961558708280636
2670,-0.08189918608031982,-0.2010200552899629,0.4143454373872944,0.0021153269238573056,0.11165117936461356,0.006302640120959653,-0.04273944245995387,-0.12126988195763427,0.031203099354461496,0.017122489489506846,0.047523783591432056
2671,0.06188276812983401,0.6112334259229176,-0.041911678745399826,-0.0036056859793084576,0.002728109698059476,0.13568139444919597,0.07629991353039867,0.020615261699978515,-0.040563535501931876,-0.04476655335420209,-0.02047468053668711
2672,-1.58860620853437,0.13303548405396956,-0.04807908908765286,-0.02344507365359537,-0.09795917148626314,1.7365213407820483,0.08864175828367893,-0.02841213461465273,0.08424789414251332,0.14183773658072307,0.004696825087008813
2673,1.5489551552348464,-0.020867134187729654,0.012564665379739671,-0.011625437432147123,0.09033280014882533,0.07120621960635831,-1.1101017011959406,0.03570947611835514,-0.028758018113860515,0.0048625399449602185,-0.11314405748281564
2674,1.0757845359485292,0.041245996578580475,-0.0032488251106977863,0.025788539285897607,0.013303194825464158,0.054500909741004494,-0.15792263829326791,0.013831638631191013,0.11008356207672278,0.04755174444264036,-0.08910166442944621
2675,0.599162768339984,-0.0025600222203998203,0.02222673895656494,-0.05397560235913911,-0.05415895668496283,-0.0131473480786213,-0.03620006362090081,-0.038718554810147944,-0.0501656278337839,-0.026967580204989475,0.020044309495986862
2676,0.1298950887662116,-0.007821905453390707,0.05669762739528151,0.04367579356782105,0.0019892057858755786,-0.07680431028597026,1.371284232949758,0.10165973464261138,0.05046027113821283,-1.0315650188097432,0.09366193428737009
2677,0.06091987860314483,-0.8060020984215569,-0.13179285935288235,0.018365687817197027,0.06392912588073073,-0.018778421316309007,-0.014119428011775384,0.048982296379006515,-0.09826190544099767,1.0326418503568844,0.10104005125534302
2678,-0.32562320286221075,0.8950847744080276,-0.10805440813889451,0.017917566237277343,0.0016112522998338466,-0.13905736228314913,0.09773676844049352,-0.7280158003033892,0.12176928165621957,-0.07477637646185119,-0.010164369549526993
2679,-0.1153436463965669,0.009351134096493706,-0.04685603356870317,-0.510883663778969,-0.12028102279891383,-0.09103399317126826,-0.08484398324148058,0.9403194003873614,0.010077454824177486,-0.026660546420085085,-0.01971533914547198
2680,-0.12320347528714325,0.00026994636246262076,-0.11387539147385466,0.7149919054226561,-0.00672864460499364,-0.03851627650688335,-0.15948943062663384,-0.03813272657707452,-0.024472810232254356,0.08068072142206421,-0.3880010121411923
2681,-0.02670857376714974,-0.2527367753248952,0.08591763301638805,-0.0742809004771814,-0.5550201944199021,0.013219996065844373,-0.10272585814452422,0.038977438734975396,0.014748628300532585,0.1654721568701602,0.8947389434372522
2682,0.042789938695780703,-0.21886402605026237,-0.1424102603733927,0.03368867163557892,0.5881559458770523,-0.13415364931133203,0.041008631742176234,0.13899607373038833,-0.26352461315015474,0.07142946543005711,0.060404596656122335
2683,-0.07533449652238276,-0.12817261890741258,-0.12924134925498373,0.0539122211152972,-0.06683445048702935,-0.04719925581319383,0.11738473870469769,0.07953589803100823,0.5025184816579311,-0.1861854934576593,-0.08827926458898064
2684,0.005073551611857021,0.02275325644916735,0.5270091431781282,-0.12108099085873056,0.06479935858399213,-0.02759970570441679,0.14817746603089937,0.09011370387306239,0.03981023718088816,-0.06106065035834162,0.19496986926076632
2685,0.02619774834886824,0.021884620555498686,-0.005704448963824615,-0.08255202351155973,-0.04587809968616488,-0.5994758539321604,-0.050638840827357076,-0.07621661492894187,0.01318492531768588,0.025187785596779567,0.1388074929338673
2686,0.0761368290366903,0.006190953506388713,0.401081217982166,-0.11668706685662315,-0.10448612325126674,0.05831429950751072,-0.007029899022795578,0.1068800206774926,0.04792857174249932,-0.055728067351228934,-0.098646373943416
2687,0.23108525732678806,0.744652876218975,-0.13988353843758383,0.04107825982359822,-0.019836423723048408,-0.208358691294535,0.1823286398006682,0.014544033635722764,-0.007739664308711884,0.010828699117847949,0.0641434906287498
2688,-1.902093801232898,-0.11009841555143089,0.12723826132569577,-0.046544813906641745,-0.0067883495752357114,1.8700334738816264,0.03671413532868603,-0.04167200586132442,0.10283834283402989,7.026423617824233e-05,-0.005843370586626753
2689,1.4875732500890166,0.09804837653078817,-0.01683019196966865,-0.0033483677850343575,0.011266718556818376,0.2590052004668651,-1.0473810392688765,-0.02672218667278635,0.008626518668248798,-0.06962295434988361,-0.04059142229893547
2690,0.8852881067261043,-0.016299748007497814,-0.06852919373171203,0.03224554580059073,0.1300851078132482,0.08808548372181549,-0.13676331253558877,-0.15052313471065232,-0.13214424855683807,0.07370075614737649,-0.034263008299341376
2691,0.6479373662509933,-0.00035227500914507097,-0.03172748396726385,-0.0504276119865834,-0.01085064761762816,0.06637681843549897,0.021436415738798627,0.03219503690211443,-0.07513668652876271,-0.0016440013458520627,0.04264672811465223
2692,-0.3317511547002419,-0.07791633538937102,0.01435628524618384,0.04700423389333339,-0.1725497302165939,0.0021528043824385872,1.4866818460316533,-0.043140263659878955,0.12696008616237614,-0.842756456215666,-0.11554897251008316
2693,0.17477722209748922,-0.8403349736667665,-0.06252342062935785,-0.007336352407174257,-0.08037906928192308,0.030007038209370892,-0.0030905819380463505,0.05716801950915964,0.008684657497866252,0.9792181946657693,0.031022368547741742
2694,-0.025561874874054452,0.8195323939706438,-0.09619582513870795,0.012124203440780225,0.04443501319354317,0.1313170624684205,-0.05739613219159688,-0.6973825495815597,0.0413003815262752,0.05687627067969733,0.024826257572475856
2695,0.24173708615933792,-0.03453033629480361,-0.06481084454467742,-0.46756658487606845,-0.026769724193873023,0.16403246402030972,-0.061004315323056814,0.7811956024714509,-0.019158981818937215,-0.0697687323080084,0.1206667454489434
2696,-0.00014751714144918071,0.0744120970916713,-0.03575181238458751,0.7656216778364325,-0.09747099656689066,0.06104471500434472,-0.08201038530052618,0.14078182261932484,0.05760328580219412,-0.17333297053139393,-0.35552252733402223
2697,0.13836883740528078,-0.021460538161403954,0.04042063375591919,0.047927055985496674,-0.4311484130061961,0.13503888276444187,-0.03994787067432369,-0.04145352573160961,0.002181544412926658,-0.08628620849082637,0.8669316870194422
2698,0.10899860441094783,-0.04786209548491913,-0.07266243222164556,0.09669421500340013,0.6278726969750171,0.15992038509464981,0.10747404923936336,0.13023808701636033,0.03620386814256618,0.14736195911398137,-0.02761635617673079
2699,-0.18161885344021453,-0.103219298340187,-0.10137892528749522,0.0903035962108919,0.0339821453268995,-0.01754543779870931,0.0011258189043957343,-0.045828497757604184,0.5098782695939079,0.010962533679998564,0.055865054179488303
2700,-0.050046231995742055,-0.15309510428394454,0.5943005094402806,-0.22526080643102703,-0.10580773529340677,-0.0020392114115565987,-0.0680484808939494,0.09928028036469175,-0.0776629712359932,-0.06846476603337863,0.023382165477153754
2701,-0.01736331871018333,0.07736506137891494,0.07291601860330288,-0.22575052189010028,-0.09844151382781065,-0.6685309824052705,-0.026704093036247826,-0.008700677480846443,-0.08349527981387672,0.04407448487920032,0.0980139860868645
2702,-0.0703332870989585,-0.18737218980382636,0.4444227521549201,-0.04274309669768338,0.07765769792644119,-0.12724516236870745,0.11097732674128981,-0.11292384199680777,-0.11177018318137757,0.10320372371140624,0.11109416331968955
2703,0.036388450688386864,0.6448247489701334,-0.008053481930275667,-0.10795883614559054,0.03160885508485109,-0.015769088355472687,0.046634925145577925,0.0504874740660268,0.10478887817208679,0.11609010319264157,0.008515536368256594
2704,-1.7668705437414056,0.010798714855720593,-0.058697832297436484,-0.07713306688193626,-0.07071307678139617,1.8045993649401673,0.13113664367311442,-0.1766147517211144,-0.1836699049007929,-0.03334569977674791,-0.09595303847598169
2705,1.107287182948433,0.016723066287641333,0.04043976895389596,0.11541377725867243,-0.04895440040144219,-0.03244113638004408,-1.02773324894303,0.06551714248754195,-0.10900666651660046,0.03780904424238161,-0.03481225054684537
2706,0.9075452863893927,-0.06983578849767398,0.06924575303942748,-0.13568099521101462,0.10650585043698327,-0.01623309137073789,0.19605066392605197,0.08055186440392631,-0.13841430173132785,-0.04527192236290261,-0.02143935710479772
2707,0.574593107679343,-0.015339284119516655,-0.020408071243058403,0.030825824780795624,0.028298534090303928,0.01790538503411457,0.024008443888379544,0.013371233090276867,-0.04011207997255102,0.03215475614137563,0.03882813218673915
2708,0.023484399863010322,-0.047110844247867746,-0.0943755563577673,0.02018953690510755,-0.01687494753787137,-0.08464912622703033,1.2247885470371207,0.04476762748403695,-0.032350134563638805,-0.9741159066570553,-0.035869241594826975
2709,0.07070134864094635,-0.6235857614587302,-0.012136515108544563,0.10244750794314084,0.013029316821496825,0.18639457183189456,-0.01448522917429369,-0.108915919764438,-0.03427590369918737,0.8765213652296912,0.05280014423128841
2710,-0.06845125559350093,1.0134579903895087,-0.09475668292891695,0.03787382062184186,0.04363265891389915,0.052127261600072236,-0.13582672485265468,-0.6786124320616945,0.02401096834814047,-0.016669196517441878,-0.12077523220404979
2711,0.05906922498617416,0.04825582970114606,-0.08201763266127367,-0.514765286507619,-0.03159596350620003,0.05584742760032437,-0.011143486110773012,0.7982840745598984,-0.14084261735743825,0.06161601053137909,-0.03067049136082598
2712,0.12190100148681596,-0.06093913506944902,0.06748962216830247,0.8360532296249095,0.0002595349092876049,-0.15744171390943762,-0.12942385132577255,-0.030318483801118998,-0.1222111989790549,-0.04431305506875556,-0.47138364886317324
2713,0.038969563245797506,0.04486432789066744,-0.0366122236741108,0.009042181429941823,-0.6175187160581204,0.007732676614735848,-0.025367336122013397,-0.20988492926211938,0.1337527519916871,-0.049641546954803155,0.8379116033596047
2714,0.0825883690725363,0.10825163464980972,-0.09813076550225723,-0.09345000479809534,0.6678777063597202,-0.07767585165222635,0.13882528442005557,0.14820211286745666,-0.2161844370812015,-0.05307698771751578,-0.022477152381173662
2715,-0.17670486656322665,-0.10412329765489231,-0.006052985185025478,0.006304762889099078,0.005596916282053946,-0.11513731442223636,-0.08574463327474692,-0.13941526624143757,0.5068674479171131,0.15481136114644276,-0.05854069623574624
2716,-0.09310431541308607,-0.06357095613303622,0.5010670919979672,0.057499983746286246,-0.003664702018836596,-0.025893228883701665,0.18738155071834883,0.05517779012688909,0.06529340964825295,-0.11861936705936914,0.053709106442351634
2717,0.0021341895641354366,0.08216948192125108,-0.10937554346000848,-0.06491963371280171,0.031196107886144214,-0.6108652166255333,0.03137079611937107,0.006657158554936869,0.0027622453161887813,-0.03843341839972268,-0.027315262541631476
2718,-0.04009012748636334,-0.0011654065539368538,0.4130201957265143,0.08683040578154104,0.17222052866276374,-0.02806220677432148,0.0821239179776384,0.12057357279282564,0.043707207917743025,0.05192978837231843,0.07679191763952366
2719,0.05456358088495007,0.7125123119848518,0.02792923735647114,0.0008494001723366592,0.04138539514205955,-0.21730931046043828,0.1565688250542524,-0.005705987490802247,0.08735956369717712,-0.007862789178562425,0.05693232781772212
2720,-1.6673747556316423,-0.06700684574256073,-0.13736703442867115,-0.16311110768739023,0.1630078109102264,1.5594287279904984,-0.04250070050659751,0.02202933082390727,0.08186495283537064,0.1741065314514119,-0.08178065880521945
2721,1.128438353089412,0.0842234669354619,0.011897583826257465,-0.01392131584303315,0.011288952206589362,-0.0302739251116401,-0.9483748134806943,0.060635367550477916,-0.10912356073537872,0.045204620013771124,0.0008850497091358765
2722,0.8513326186539675,-0.0911194615510226,-0.15443439693396038,-0.05924563865226504,0.10861663066723366,-0.04065159295924384,0.057760856075448015,0.01947606609171083,-0.00638617255100737,-0.1021786211711663,0.028479971067933672
2723,0.6612209051502808,-0.058934473015977644,-0.012517539387704828,0.052484931663827755,-0.031445476480237176,0.048948668638553336,-0.016551739709630465,-0.03341988695814559,0.01975819204045986,-0.0315332979833348,-0.006206865095928666
2724,-0.18651971332487935,-0.05713362040112631,-0.10297176552867177,0.025971106126692914,0.023310034604790836,-0.24297547242906614,1.2270832469482058,0.06052679882373671,-0.0017307375952051425,-1.0628842751237448,-0.03889734286694237
2725,-0.031181171488930022,-0.665094452728829,-0.03708111610031237,-0.023904434957180254,-0.010052857467816968,-0.07517577122254815,0.07425350583604068,-0.01698168213826853,0.0025441802528430126,0.8184463945558051,-0.06489121835256675
2726,0.07604465853277573,0.8852411982536164,0.06400113536807822,-0.017690895717956002,0.06934593888363676,-0.03009299360930094,0.045769447860880975,-0.6389764182262676,0.175446923389834,-0.018925126739294723,-0.030066847103723707
2727,0.07107073470114672,-0.10183295431455644,0.04516078568639502,-0.6606960702148216,-0.04812026183528607,-0.03746979198630489,0.0008990271912981821,0.7819717918294191,0.0017862384207249504,-0.17074555097415892,0.04230201081688295
2728,-0.24021525956841944,-0.10445701225882248,0.04522915046489156,0.8089845952974117,-0.034809955862201876,-0.06741475363485183,0.05975154220323597,0.06578776033865019,-0.05137324886598932,-0.05814172062833632,-0.36662233052079196
2729,0.061584501541373224,-0.1655405713234279,-0.2645819527781523,-0.019893658254331537,-0.6372985875919983,0.031122414016088486,0.04700127533111907,-0.008474150941047271,0.05658037134615309,-0.04097537763269142,0.9756709041823243
2730,-0.005886837169784753,0.07925968575478179,-0.10855664548031144,0.07615528909566224,0.5643199902696794,-0.022432679820126825,-0.036301419625323426,0.02110190158570158,-0.2094696323833723,-0.15818362518576407,0.03904895703093201
2731,0.11902279001978844,0.043379765693247814,-0.07422758521110176,-0.08407956292109627,-0.032679671938543625,-0.18958779970736436,0.09349512085527598,-0.051792219210668,0.5111624387749111,0.03780096376779197,0.0006740436360542436
2732,-0.02988932779367399,-0.07416574834368761,0.6091758795876893,-0.07934519737744633,0.0944980504778132,0.049522279233109714,0.014700439655442387,0.019282122358050366,0.02253248958529649,-0.07205912751712591,0.005135693448383476
2733,-0.032717365537960064,-0.034802666641544126,0.12964065482437598,0.07924400795117091,0.04050967814238569,-0.6303894186404729,0.01782088970317112,-0.03559325445533261,-0.023744665964993476,0.040773834015494524,0.027281741685433458
2734,-0.01234041661126455,-0.03672220915594774,0.4123373284046456,0.03069283460486406,0.02821810922367263,0.04454615376131928,0.2003191017098979,-0.00155017031346485,0.0001829327940680084,0.009587371305348473,-0.005114484174470869
2735,0.0019239542995232641,0.7448620661500494,-0.11235973121681428,0.001176799506834242,0.03284638798680395,-0.03940691767710065,-0.058987031428905004,0.0532016509125912,0.0781987092696754,0.041354892203281673,-0.05634716656439735
2736,-1.6971734010383734,-0.005451959759885416,-0.03677284081163172,0.030216795512301355,0.061264047523571216,1.6383151646578733,0.07442184919020614,0.09306467990867721,0.06869087881938722,0.06660855423899145,-0.06244961219113141
2737,1.4315512854373154,-0.01922947370860955,-0.11616767754022907,-0.02915791443669406,0.09044619903202544,0.10371884438365879,-1.0535831467517072,-0.056225739105597194,-0.06504926513498901,0.02773870011528344,-0.15493073773775914
2738,0.6451553495088727,0.06016294519197481,0.15450760236214447,0.04088528988451279,-0.04159405801420564,0.00897079728706313,0.007187458598496256,0.08161665105726307,0.03150040705121811,-0.19258180830052327,0.13065512674603985
2739,0.59213494455592,0.006314308540710991,0.006139132749904966,-0.05777331655709766,0.039409981006785486,0.013100479393106549,0.0438001870335162,-0.04224949844691965,-0.10604496726802848,-0.017468348204407035,0.021082453709215736
2740,-0.24032017764784344,0.009600524696043049,0.026689720955418408,0.06137898108569689,-0.024378385394932426,0.025062422342293042,1.1668377393570863,0.11762296743792476,0.057826209241512036,-0.883044198905304,0.019682101468835728
2741,-0.06546121736525405,-0.6482984319044898,-0.030061308201001797,-0.024020399393411725,-0.15025882130196921,0.12092717106725802,-0.09942374163762553,0.041129744596357494,-0.017194770459509977,1.0840409946827048,-0.005558280107311811
2742,0.10211709831083908,0.9019662952517967,0.023147455422861923,0.019227950731310017,0.03706600778677044,0.06420012238458483,0.09226018858041672,-0.6670970684557145,-0.028661745986656738,-0.042974357097078794,-0.006832607748485252
2743,-0.08260560345235447,0.05646684585617639,-0.130294715477766,-0.5071882234046757,-0.06836867356278206,0.012734954650065433,-0.06688055364673802,0.8794673073090107,0.062333686520387066,-2.1193229736904927e-05,0.024509853329409248
2744,-0.010856392476908151,0.174352047882569,0.06598272110859024,0.7285648355458074,-0.08467816912364164,0.038364180083410006,0.29396115838157544,0.0499232646416873,0.061959277995321596,0.16279487489518585,-0.2990665562257243
2745,-0.20604337312178453,0.12729131412802502,0.09109308063143384,0.0055876900440923315,-0.6340014803099847,-0.00987590983871618,0.04734056001314818,-0.08004921264074923,0.02308772780863176,0.05057556779906023,0.9220230139417528
2746,0.10658088408475892,-0.03604878146803145,-0.009313901573536483,-0.001829492513021805,0.5807226303866403,0.13605718811706555,-0.00941110520202147,0.08620866544989438,-0.3984113819256717,0.1883476746599909,-0.008129566088024296
2747,0.18886295859587637,-0.008692614607611258,-0.025192228588082566,-0.16915700463202685,0.028044415296084153,0.2905024691274201,-0.05862718410405038,0.07762304975652688,0.46684897466714825,-0.018745503621201354,0.06666086551715915
2748,0.034728298284515624,0.011157111915683984,0.6084565854830382,0.020802337256566102,0.12344570535248311,-0.0018711760334376784,-0.10498726943504186,0.06686977591600869,-0.014947757103480272,0.019152330293417327,0.0858986754467485
2749,0.05449521624970742,0.04065821354577674,0.02105525679501104,-0.0012040114196826398,0.07202206230744393,-0.6328271323259573,0.05741831400927408,-0.0482299427371442,0.11961182793904591,-0.04491145293429071,0.08238221370229193
2750,-0.13855449960333874,0.04031006743280555,0.4204682408662826,-0.0482153889384905,-0.1569414459408104,-0.01284121182571416,-0.17953927186583735,-0.017741692179027713,-0.13373380928141193,0.10248155427789504,-0.18656079390011537
2751,-0.13529782312942787,0.6737372531067909,-0.09351859949118284,0.022416418518818024,0.016691243178598054,0.16263224407652582,0.015723817934758796,0.06576483858940856,0.1072564490011963,0.03685748984121572,-0.02284917015669949
2752,-2.058190300464426,0.08900363982696045,0.046167419241674015,0.08386496574885659,0.010084187422792316,2.0357505155443367,0.024490589939297792,0.09961843220549821,-0.009047726276896604,-0.026746049838623522,-0.18917292877501177
2753,1.4037315419373053,-0.021087332926372077,-0.04312627704439502,0.027392558951896375,-0.003020368811925991,0.014421674036940864,-0.907575835454633,0.009901540088495166,0.02334036837029957,0.002142302806892822,-0.09218704319102354
2754,0.840127242426365,-0.006312956172546732,0.06319531224562369,0.15134498353490083,-0.07602414066809556,-0.06797788690283854,-0.0565517032086999,0.01610406788333113,0.02110177942326431,-0.006441157979628476,-0.13853309254982377
2755,0.48819401921438044,-0.0048536892578267335,-0.006907924436479361,-0.004158459352976989,-0.02689218482422444,-0.01254263000941782,0.05481497618417658,0.0008670160319632202,-0.009875382413204313,-0.02735005545640705,-0.09880161735197343
2756,0.1876726928357576,-0.10588892533013845,0.14514927159447188,-0.13232329271468599,-0.23587989178799246,-0.023435883968853734,1.3743904716159498,-0.001690667943689452,-0.00774726113222755,-1.0216637342705894,-0.022086813799915
2757,0.0633684451975059,-0.5836277221521127,0.06194971067778782,-0.05510316889452531,-0.08283268812437664,0.06207570749310461,-0.10044013498925033,0.06890087455012385,-0.06267534333105172,0.9795842792388808,-0.038316231964342765
2758,-0.14556637506707099,0.9746537277821253,-0.15753339602768582,-0.02086196817979641,0.04630559641473234,0.05355821098009954,0.02220739917901647,-0.7447252189288569,0.049988488517181115,0.028908583096231517,-0.028842391511893283
2759,0.03221148363210149,0.05126679380545627,0.13511749932387454,-0.6647816197066615,-0.083422010027116,0.02358248361050329,0.028361658842256603,0.8144663024651586,-0.027572578466642666,0.12157730988100765,-0.007791818037340087
2760,0.11410134175710414,0.04342546032374933,0.012564536512896358,0.748734465641025,-0.03590980526717007,0.04579299003425151,-0.13581783198134356,-0.05418560917172195,0.16019863017583844,0.05558844324424595,-0.442141082929697
2761,-0.059396127177511554,0.02135565312019575,-0.03505459969160011,-0.019012714604606542,-0.44612454397775336,-0.10863202918155912,-0.06324128004235398,0.0801353709636881,0.19894110928627345,0.04283508198123492,0.8549615247503142
2762,0.04789482615093299,-0.002021837641028675,0.009045086680803449,-0.006725050069415694,0.5853138308659624,-0.21460197011995838,-0.015623878977905868,0.021805247330701903,-0.49265252551154104,-0.13560345245775518,0.020170229393804168
2763,0.003840663555770482,0.11641751268475467,-0.06694197274927702,-0.04730524500827164,0.03382863783848208,-0.1264681513763702,-0.03298330696043076,-0.16604686172604238,0.45615149319310183,0.0735997775729556,0.08924602573889699
2764,-0.010699331689935893,0.10737399234893044,0.5791327109645469,-0.06410444224053852,-0.18607915651334347,0.012713692935062125,-0.1513418081092416,0.029018528265787505,-0.03506491190312107,0.02876421982337177,0.04172148695762818
2765,-0.05942106117177454,-0.04916417222940475,-0.13570832036947372,0.057613655204011634,-0.01151066047201485,-0.605781391782972,-0.0019188138846054036,0.048863070395695034,0.023535700023396455,-0.07592085471850496,-0.053470889433991385
2766,0.1361840449011354,-0.007907354671989004,0.468162311141058,0.017034691622954217,-0.03464714344065753,-0.13369789947761454,-0.11400787755499399,0.07783512707226851,0.005216518718133241,0.007408213042451883,-0.022052577708677388
2767,0.018522178148988065,0.5597161888695492,0.054758237724459174,0.014131203581689478,0.06374741830951965,0.10179542603118572,-0.03576900402470983,0.03538576990824116,0.032920454894030636,-0.03690487745085496,-0.02302882583964145
2768,-1.8908261661172407,-0.0018694034331460038,-0.10153958459096127,-0.14203222748210526,-0.021546400637610635,1.670874473095598,0.012053823135323077,-0.1283588326907355,-0.12748819488613988,0.020352969909720436,0.04656799975544467
2769,1.1158502340599616,-0.009965399854548668,-0.013531488455999774,0.016378829136641637,0.011921710926260848,-0.02949251121188562,-0.9145366262397545,-0.007424318864369763,-0.03556725400708742,0.020545994569039123,-0.050394647511317156
2770,0.7926631355638276,0.10051358950552793,-0.06517495542058936,-0.060259445244541035,-0.006180719801360842,-0.013231224558987363,0.05710738548779487,-0.01941800821932403,-0.07380598874518482,0.04572500556729757,0.012520416330565942
2771,0.6333328390469971,0.030412075749983607,-0.05080675471161885,0.009782750529893709,-0.035338173331765095,-0.00868201319381788,-0.025498747731134603,-0.03869189589411193,0.020275586907786743,0.021873909019477784,0.06595354128718936
2772,-0.12490484853483179,0.20738450699404556,0.04418331029072909,0.03794279103798744,0.01258294023003814,-0.02616188816807852,1.353910985353174,-0.030481363399302592,0.06055632137468189,-0.919332486656002,-0.061379626227281256
2773,-0.04634243248663171,-0.7763997338990681,-0.1860301785179548,-0.08860089099158923,0.045097623935153146,0.013479030176561966,-0.047344432229158635,-0.017350956899792613,0.03423120211709046,1.0722880504853953,-0.0226570910881729
2774,-0.048942293507320614,0.900932769113468,-0.06672721007374478,0.05004841197811649,-0.051391146425878095,0.17134802941351515,-0.13411911643987262,-0.6395334468668132,-0.09662979214212704,-0.030389736228971377,0.03430281445392539
2775,-0.024156592431885535,0.010419941579822895,-0.08701447658410606,-0.43578423002059274,0.12729302809114298,-0.13989991282834235,-0.21070944835180158,0.8393947910483497,-0.07020354833234134,-0.047560644346317356,-0.04710961486248895
2776,0.03139835848615531,0.03292178905095887,0.053723637619267434,0.7908688382478142,0.11619455897330006,0.051076867885287314,-0.21911694429690856,-0.0037955179864425257,0.18250089900599337,0.0653240331227822,-0.4686075226402327
2777,-0.15183932968859656,-0.012437980557156586,-0.07293179441809591,0.024303232148192175,-0.5451512600269708,0.1721389825167675,0.1631376455858727,-0.07572102816095341,0.07110307866071536,0.018839079614170504,0.8992249864406924
2778,-0.01297869654278228,-0.1376073742680987,-0.053007089606269334,0.061764851046900514,0.604813767174076,-0.1729152374720634,-0.043115868766916816,0.024554932018624243,-0.260160287011196,-0.014072746089725325,-0.06460862604634243
2779,-0.011462533503392873,0.020440353835299026,-0.026643461151901214,0.02418681431644258,-0.007177275914012222,0.06667070852856996,0.12812579513751246,0.021630475235168128,0.46550703982667124,0.044524374334227686,0.06633200622216817
2780,0.06925126073900122,0.0020208036994465144,0.6413784296547314,-0.09667356515568044,0.05046180071514074,-0.1107696255235646,0.053129974204510266,0.1042617248186151,0.06971864114710277,0.022809428592147844,0.08074279610544675
2781,0.021050688545399363,0.027817211017004986,0.10305946326709804,0.06841426935716126,0.021987910892717122,-0.6928873634048766,0.06853248985348724,-0.007673529162134849,-0.14029638539254155,0.07833104289959365,0.03737095905949597
2782,0.007145461333816808,-0.11259818686745383,0.40873974586608997,0.015586785482126189,0.023327924600560383,-0.12738480037549105,0.22457983170381637,-0.006043770279998794,0.09596923274665217,0.058548664625968125,0.073127261968469
2783,-0.07575974904525552,0.7242000727424849,0.06017839920331099,-0.03179154068201941,-0.005174233058676297,-0.12343430450490243,0.0386969903012109,-0.025075272702946943,-0.054359131118396964,0.008141656179383679,-0.01631704927785976
2784,-1.6238530101564037,-0.1337295712548414,-0.07062576131715655,0.028441194054990546,0.10293611052055704,1.987211088844316,-0.17557474907949652,-0.026563010270382256,0.008851685601674543,-0.037904242474086074,0.08930960180328398
2785,1.2488176336443155,0.01092399480985757,0.029088360821426358,-0.049303107208171035,0.012914637586556968,-0.13647789321897752,-0.9134513351971231,-0.023716076005533562,0.09007347245615958,0.025200681386507464,0.12217524946792052
2786,0.9103678402388082,-0.07120599393913728,-0.057349667893780217,-0.03925066458808939,-0.04852395140774133,0.18077207651609334,0.06737024747789082,0.010228340868945546,0.06666568623204819,0.031023420802167113,-0.29499258605075557
2787,0.6458275707951958,0.0419668490239614,-0.02214309206636024,0.09360007213446644,-0.02628156551955934,0.11967207369444204,-0.03821637296674661,0.041645228367672,-0.03218958998472914,-0.009794525636368082,0.10783662430954427
2788,-0.10411860236662832,-0.054274097299156124,0.0020044954910007594,0.046434274305395096,0.003647086869098247,0.07878363388662249,1.3218477387088639,-0.11258257000804055,0.042545842997179756,-0.867105635624492,0.0685336494523013
2789,0.09877691605784589,-0.8091130926457172,-0.052489232294520884,0.10562518708468194,0.11203696309797406,-0.052400662581863225,-0.011300281816585574,0.005804024297928432,-0.019611744491862006,0.9160314591168789,0.09397065381214287
2790,-0.07578788334374527,0.8685298517564236,0.01723150469433841,-0.014471872364702973,-0.08511567178823798,0.04195583076296948,0.09029744727577317,-0.6652302866600518,0.010439881717372246,-0.19884379201196203,-0.06506533831865272
2791,-0.023066214394356948,0.15150483701655898,0.032643825730971396,-0.44548619117031063,0.0688472860744303,-0.10248023894258684,-0.027253471721108383,0.7505264965604022,-0.009339300162860005,0.17312926612859356,-0.09566060713562424
2792,-0.11314710068457054,0.03542748118988808,-0.04134248953650947,0.6868255750932122,0.13800185803889292,-0.07212845505406583,0.02154404025826706,-0.0659294973492368,0.08317961309069209,-0.07234829082471167,-0.6236926668430818
2793,-0.016804702330293138,0.1021007033608895,-0.002400433985914044,8.735608397884907e-05,-0.4577563862731192,0.10435858695623192,0.011000678944719766,0.034029868207769244,-0.08471702992412546,0.006954101247466953,0.8275290856844969
2794,-0.12180988933599948,-0.11172620034281117,0.014317740171753954,0.07040781950828455,0.5585467765233181,0.1924807182716921,0.07327339594855246,0.026490514973854157,-0.143122434573361,0.15603324636352672,-0.02169213078239498
2795,0.11244304642969988,-0.014400442660232632,0.01192923119562074,0.06591712643751983,0.051858644103039135,-0.0553918604209346,0.006827015845737564,0.07192843263634464,0.5221372576264794,-0.059994117133896414,-0.04173499893165441
2796,-0.06809247061732743,-0.25000450220017617,0.6377559721316448,0.015324291458983891,0.14778414870874948,0.18336553613944476,-0.1198011540774189,0.05094080038691725,-0.0749546209357575,0.14461411927996007,-0.15627957816756127
2797,0.02201700759822449,0.02718780845403637,0.027626187400409227,0.034506607629705005,-0.1402522805139133,-0.6526144247933184,-0.0365776398039256,0.02016518414679492,0.10808591969545212,-0.07409040453556108,0.03548471067997992
2798,0.14634842018648475,0.08750624382513174,0.4477775372248987,-0.06310821861554197,0.07714394450790239,-0.011831532244372068,0.06578585487929138,0.1292438933450106,-0.03553836203488127,0.09903771457123389,0.012031427014260335
2799,0.05147037500303554,0.6977806491608901,-0.03663676201627715,0.05961829980140265,0.03999388958276895,0.0988588136475256,0.040637601823224304,-0.0071634922592291594,0.030671222728302958,0.0311809302362459,-0.0496335114208535
2800,-1.8630057903155766,-0.12622168720961072,-0.11759377631511107,0.011009218432163596,-0.0517474979710166,2.0588025330397497,0.05491252400727418,-0.08915080219350288,0.2897070112811149,0.20241374375494967,0.1337265817778267
2801,1.4642673683350846,-0.005679927144513351,0.02464085938188127,0.013837477444513961,-0.050341960132994155,0.04188616127088553,-0.9969381407367658,0.01931627594504106,0.031747853416630174,-0.055710050149725986,-0.018116406923623055
2802,0.6853041326079824,-0.0856246990970809,0.024210297812241727,-0.021749787686651353,-0.11141671721458019,0.009124749579773387,-0.1592027288547615,0.018711415170546537,0.06444014626633719,-0.010479797196100564,-0.021374449281933133
2803,0.6275046153432091,-0.012837843648538648,0.018212185863550712,-0.025729115412616483,-0.0018440021587947482,0.10365301173042783,0.01165986072594354,-0.04300303745754213,-0.1152813212056136,0.006714188987816555,0.005293488621079615
2804,0.08761034350807728,0.0598784994541755,-0.1550044521592677,0.028163270227470123,0.144181572684907,-0.08597686001313037,1.4000949015133495,-0.014994498330699026,0.10621657175315566,-0.9284995858556941,0.1317272204624681
2805,0.16822643077034766,-0.5953974746653711,-0.01718781563524067,0.042090374345897345,0.07853863249765745,-0.0066206700817508166,-0.008388229642826942,0.02058471024741357,0.02524611752039849,1.01600485408137,0.006762017181702637
2806,0.07264595641352861,0.8802466258136017,-0.01691393453390532,0.05263460228025478,-0.023016911359783378,0.2553667421276893,-0.1369623284388312,-0.6259405118010637,-0.01901816210813031,0.041094483012999214,-0.04934933646043965
2807,0.09489614794931428,-0.0026379635251255946,0.03725046848926387,-0.4439952769933736,0.0067558026891861005,0.148906863021176,-0.04161196333690258,0.831284437084885,0.10219508681601032,0.07760520307034272,0.0693763994108895
2808,-0.27650009277136883,0.07131162758814757,-0.2034944429685547,0.7899578207451465,0.0661389583546461,-0.20725273933022043,0.17320620360900024,-0.1174444776845793,-0.16746255480583333,0.00978200637480906,-0.41445619341991696
2809,-0.17564729664288437,0.061235437637982726,-0.04672655896235334,-0.013940207196291157,-0.33262426754118873,0.09825807554944263,-0.11836782092355122,-0.04795668116376901,-0.09449561000258522,0.07304003700597747,0.8987635545177227
2810,0.061597890741396925,-0.06997128406523395,0.22995081209410884,0.020019717630016164,0.6238205187418148,-0.1326628753250651,0.11939264581133725,0.12647781784769827,-0.2959160816754623,0.023145463014520935,0.011110037001923798
2811,-0.05064230384981153,0.017178634751944262,-0.19714652805608407,0.0058854296198864765,-0.019399480095283632,0.0011031359670875052,0.0785223109350401,-0.10027699536254332,0.46476138804697686,-0.0940962908188215,0.011185268245677499
2812,-0.30732596110172933,0.10996723848037103,0.6104308131629118,0.024079253010856234,-0.035023527599316095,0.011731975780719769,-0.024180306744419428,0.12322383005842312,-0.09135810314237644,-0.006508007691680882,0.05720018578381705
2813,-0.06818265287904754,-0.08803717910076611,0.009455851885825298,-0.06806023284558022,0.09389756936450659,-0.6499760164976537,0.12239811427677476,-0.003622073487571848,0.1585157755211565,-0.05803156352610146,0.08008762961346945
2814,0.22385336596712085,0.06504488302230445,0.45098060930583184,-0.09447214660930504,-0.0040774751804464595,-0.24992217668009994,-0.1481445781013375,-0.03467746339772776,-0.10689263879020777,0.11248945144386523,-0.010331298922153766
2815,-0.08661979072609388,0.6963869044566859,-0.023836780214710713,0.001077132728266999,-0.01117466418259622,-0.09178779679368883,0.04175350750154147,-0.01731972550440033,0.04413662137841243,0.049403931597080585,-0.03886784386777038
2816,-1.9289865142675398,0.0030387883874032906,0.10524880833411802,-0.05255022000086929,0.03738228520020978,1.720153001320025,0.05138315746049134,0.11693435014716308,0.06753029249082551,0.02446905301271339,-0.05460318424255736
2817,1.5304240182521942,-0.009535249743687715,0.07635619235571231,0.027403677241651922,-0.04890637673556539,-0.06401267452756948,-0.9589468501184308,0.0014703097678822582,0.00276721051668597,0.03221225675999274,-0.06174337843519602
2818,1.1439664993485974,-0.1007925161396036,0.14593440085330306,0.03701069357723774,-0.07802338639335872,0.07683616054708547,-0.08879364221321849,0.09037374197381198,-0.002609183396588355,0.027448245053789712,-0.026776835824326987
2819,0.6289880542975416,0.050586814262723684,0.07561456236549581,0.013217313469272105,-0.005232087781039084,0.08805823751322842,-0.04281469458453063,-0.04306813000241085,0.007172908982220411,0.009779220822534778,0.003859066189428834
2820,0.17375690748181005,0.10637516005742738,-0.09718383303766273,-0.053809406935636274,-0.07457774806385264,0.08969439157869977,1.3502570836284447,-0.09438163351619568,-0.09444422326286413,-0.98156185371906,-0.03874905556158466
2821,-0.21139995380335858,-0.6391319045850273,-0.052632678760314806,-0.06878712977986244,0.0417362102673746,0.06170125715253606,-0.04628812132070655,0.02712253512137696,-0.09784709078940682,1.015681893885767,0.13698309637142345
2822,-0.054510552368018335,0.9358029651280594,-0.36437688130173634,0.02961568642506029,0.021693029481527747,0.15502193339943474,-0.048203875578332715,-0.5362057030677587,-0.04991030098618561,-0.17148842485442145,-0.10361644195934189
2823,-0.051677295135765806,-0.012235103052336296,-0.02179539177711961,-0.4992034387725216,0.0425984468113256,-0.040852381002350675,-0.21951762725941648,0.7471570929501923,-0.04776889019288666,-0.05288328562959117,0.02420023688260841
2824,0.11089992670522167,-0.05591401172782645,-0.08039615649776745,0.803706378714832,-0.056570342992678144,0.06368394880864318,0.1634044857730419,0.026429723201120407,-0.006452862318898653,0.18106010918337564,-0.5202797638739378
2825,0.09599483016082376,-0.081814738012194,-0.018556716154224096,0.05335676293812238,-0.7213869361691276,-0.1640132348530923,0.19768739708217323,0.07089263119227777,-0.2759201068472699,-0.009605458736825861,0.9241061306110365
2826,-0.1753584893262109,-0.07400653517471227,-0.1686796335044733,0.029885686098583206,0.5841355391698642,-0.14273139411631536,0.02832986958023188,-0.01595999467312497,-0.23548207290914513,-0.06550498842321212,0.14079939107767458
2827,0.08018584285558264,0.02487779667739682,-0.14731199553632757,0.13256599933267857,-0.057786132360013974,-0.1050579472220732,-0.051612900175749245,0.04860504934230019,0.4838601895850968,-0.21759253845262969,0.014320901732780802
2828,0.045132967155707554,0.07865010033863688,0.5494373719744422,0.08762585476467741,0.07657816874247957,0.12063297903327054,0.046385778830487494,0.037150005289844086,0.06694959154447098,0.09544398824677965,0.005653120157308018
2829,-0.029018970900946656,0.027653264127864775,0.0632944688095521,0.0944664914793827,0.001427508235305022,-0.6897274681478498,-0.020671116570967495,-0.028342801094795627,-0.10765285774385122,0.045292322959874794,0.016311896658252122
2830,-0.15999478829413588,-0.12390889416997063,0.42074512115932755,0.04131545180017728,0.10410290562836408,0.04407669921125765,0.1192681383753418,-0.02805181538040595,0.007263840501082506,-0.16967936517001295,-0.016465260167386545
2831,-0.047233485093989835,0.7272433281355968,-0.061510232375217626,-0.07866099079091371,-0.05763327728712263,0.11902853593476154,-0.09720507071288612,0.010383935710057536,0.04859523607202154,0.02149116398633713,-0.016832347294976454
2832,-1.8279043839883384,0.038016766014820805,-0.005346760709886322,0.1303737501560181,0.1655701181936866,1.7964732447766394,-0.1024538332272268,-0.10589600006859658,0.02808077272098262,0.11628076294353605,0.04854013312899004
2833,1.8329059786249395,-0.1376042325693625,0.07396465474391115,-0.09731088803642676,-0.07139293159621865,0.03507594635631626,-1.0964404114090387,-0.016660917178463873,-0.062004980265457046,0.06059669408261876,-0.02826072866037823
2834,0.7638777656826491,0.05681884767798765,0.0077041468975977455,0.059378346964208725,-0.034707668361009754,-0.09254029953565317,0.11095202908359178,0.14829242220059652,-0.010663016118242925,-0.06785796650979929,-0.0783108762574538
2835,0.6247009091694179,-0.006640869663253347,-0.01953271557445891,-0.03420435565578952,-0.01478597603153758,0.008744847666224128,-0.004187703877472963,0.001037317010655377,-0.1395015663241006,0.026516564088607565,-0.052155732621971033
2836,0.08201037257248732,0.02763909799226908,-0.07150656822196082,0.011228428482006971,-0.041288212378560354,0.015814596706601663,1.4350835315368187,-0.01829442599052598,0.12970407902714506,-1.0279898471898143,-0.024847816210757653
2837,0.15728771122425775,-0.727304146479876,0.040257502693820175,-0.0236570422435331,0.0740488415045002,-0.11055903359151911,-0.010059874621084942,0.22754430153771454,0.0670244751817293,0.9088956736601864,0.02160867582639956
2838,-0.27944764290878643,0.878157324674898,0.0017857218859013977,-0.02917906891313061,0.014861365711673024,0.05283392662820359,0.14494110031552382,-0.5648359123503871,0.053887902552341466,0.16501049598322087,-0.023508515927362632
2839,-0.2605886437224168,0.15271313104268003,0.1514368248013087,-0.5934165323641681,-0.09552811297368956,-0.004452587906289577,-0.1299491567348375,0.8926649823536638,0.06634806252381677,-0.06760656430368875,-0.08676622607717466
2840,0.08996049866032492,-0.02352826668836878,-0.050095410512994695,0.7746621310778912,-0.15960309456865115,-0.01875375561511647,0.03835215660305477,-0.03636037510614075,0.010127953696485132,0.021353241389528873,-0.6548967576931954
2841,-0.06989227320783824,-0.05766849537092427,0.11889895512468976,-0.01987920609451634,-0.5684092949606303,0.17300059303057275,-0.12494657662397614,0.047561530982608465,-0.14351006888438012,-0.0724432783196472,0.9052629777998632
2842,0.1968186691041308,-0.09810845895763326,0.015180391819777681,-0.0668266756333255,0.6186266800968924,0.022401129702426744,0.00398908007168406,0.03805588672781434,-0.13527147785151938,-0.07924729392653342,0.06770999821861005
2843,-0.07318624916713704,-0.009105224279594397,-0.23237098891928282,-0.008036209639163579,-0.013816031592067717,0.05209644110138373,0.15781120092889872,-0.017547383163767277,0.44388610188330535,0.04075127339518829,0.012459996743316704
2844,0.06846649113056665,0.05766786940105501,0.60129274651763,0.12542600625717315,0.0034898172574213725,0.0025194162818867015,0.14175477721987317,-0.014339456808605168,-0.011628307890796344,-0.1792698172367181,0.0683110154380855
2845,-0.1342026764643015,0.0008447757897276087,0.04613329212588925,0.000807005182927035,0.028469747040393442,-0.6915544906173715,0.00331740539023819,-0.08206559234021332,0.053166033378432634,-0.03512292308456963,0.004686718041392385
2846,-0.03215119040010622,0.0707395413696518,0.4021285789324631,-0.16495312091090913,-0.02863045458689362,0.006729985362444086,-0.044199520471737384,0.009474724784580836,0.10082922831177844,0.13052287304677082,0.04808801444084371
2847,0.305990013647092,0.6043765383800476,0.03976233480185111,-0.014663416329243102,0.05465496179070689,0.17030616510372962,0.059649998004266756,0.006593110624042131,0.04629214521619693,-0.07916315667277721,-0.021524629211935816
2848,-1.455378843900736,0.2330762145126428,0.06603697272716279,0.008109229513860965,-0.18680996940476222,1.9290458914478492,0.01945932200940323,-0.02890374726507957,-0.133089989796552,0.15211075982585862,0.14335167605091462
2849,1.3687866460384743,0.06005598680406486,-0.044136794774758875,-0.048216190508145705,-0.11016640919973932,-0.13993915640249538,-0.8979218544939269,0.01928179453642811,-0.02128308785880424,-0.06043160062887908,0.098819910131645
2850,0.5425416732116617,-0.12220817205439836,-0.00268537414846445,-0.09539298329337205,-0.17694711400566346,0.010265042501817322,0.012116734573838639,0.05604865944760292,-0.03614579144365333,0.04188050628332305,0.0200530890487017
2851,0.6447042757858025,0.04232653002991728,-0.03909948360937577,-0.05513787535961409,-0.05871521574531256,0.13715728261994864,-0.017299478460827175,-0.028131823630868504,-0.046017737721771944,-0.01839795577162965,-0.05941954412568557
2852,0.23327384704982462,-0.07989941687881727,0.011341347532589838,0.05099100847337296,-0.09310287936516622,0.04195290264212366,1.260830486868988,0.018379419164208138,0.018324837934521825,-1.0408436866921718,0.12718409281059942
2853,-0.04122821655301304,-0.6092479520842402,-0.09886918443125164,0.04139317157382215,0.06895093180036274,-0.11749654794158851,-0.04445861963944215,-0.03377241810505261,0.11001917294571449,1.056193951478098,0.10564618175993627
2854,0.04936276316354972,0.9366091247860386,-0.012587292293703858,0.021222785841647187,0.04322309191874762,-0.10739247989818189,-0.036116057537940414,-0.6755253877348142,0.06403954889300456,0.028815921005726355,-0.017228018476048938
2855,-0.06781644696137369,0.03814212344166374,-0.13842153629033208,-0.6258849540790921,-0.12356003012049449,0.15219274866062926,-0.046580790644408634,0.7588098040775886,0.08395177238248434,-0.061480828283778204,-0.08646250361414942
2856,-0.12035483003371915,0.06369945934985616,-0.09394969510890197,0.7439810838491793,0.02514717947377385,0.05850422343335447,-0.1121616569887075,0.04012793156929696,0.03296066497156783,0.00511447287979786,-0.4181466757241542
2857,0.05096071280183401,-0.01012293230677724,-0.052872674137546614,-0.015509781489564105,-0.6776257333234819,0.03745542385657913,0.22668398311314292,-0.001472115190862194,-0.12471682321313556,0.16567077072092196,0.8361097642810944
2858,0.018916526174351644,0.072800574041262,-0.14591443152814584,-0.09977440162156496,0.5939297735295688,-0.12828781996010585,0.1346935617692416,0.16830735696866092,-0.2812416047800786,0.03376895754939739,0.00526359002589539
2859,0.07093172336381222,0.21123074836259842,-0.12367023137934635,0.07965076988861407,-0.011427778319393928,-0.011393317208371917,-0.03335014382640878,-0.15737105855144393,0.48967835591367287,0.2946067515873972,-0.03894324060054292
2860,-0.05075888525097994,-0.02072377551744973,0.5769253559617974,0.05283191884074294,-0.0757715100992629,-0.11366799098975668,0.018396708113883747,0.13551704502567635,0.04366679017118086,0.007520700234281611,-0.15379714377957587
2861,0.052695424031854225,0.012193876724054982,-0.004966150852946919,-0.002403512768938311,0.006084750423218271,-0.6324317482413205,0.07482880564214617,-0.07027537071162197,-0.023288855640196462,-0.09370917633448023,0.06414065170859862
2862,0.026912160708045488,-0.053614319424309935,0.4354370811639445,-0.17145876553504605,0.016319910183400715,0.08668663678129467,0.1365606845485758,-0.021467955139977526,0.06652691905406423,-0.01577024996901069,0.13506185863851172
2863,-0.2844809348942667,0.6173889406219546,0.07547435956134742,-0.026283838494944308,0.019818453779249,0.32991874356257117,0.023857688359583705,0.06470872122099428,-0.009347502284743283,-0.06688328889297585,0.004896207160328308
2864,-2.012648084675599,-0.09398808897545848,-0.06919981987915157,0.07486002239597603,-0.08700513133290924,1.7559348821725163,-0.05102158456930333,-0.1705310494868531,0.09918184992704379,-0.08835661613835835,0.10837218798596085
2865,1.6057758512777103,-0.004266101842008318,0.01597560125078278,0.05810029302678606,-0.0064752553013071885,-0.20402173305242238,-0.9991844879861433,0.019702513088772175,0.0054390246972746276,0.017474098906171062,-0.030023433695725153
2866,0.47758959883331564,0.11217879145809007,-0.12764116831347003,-0.06757966089630556,-0.032066432828510155,0.13465246211150728,-0.036009915642693485,0.2632869339866473,-0.11107483374253159,-0.007755934029999576,-0.15877655765412024
2867,0.6203313247016915,-0.016637183092764116,0.009951048981689362,0.022554298097930164,0.01357439602495612,0.0116919061063874,-0.0484484553611197,-0.006596798439027196,0.02490201749803335,-0.021634420739182668,0.03282951169037261
2868,0.1395342647224757,0.1055104346082439,-0.16208920086161888,-0.0826418588867093,-0.013209766829357953,-0.10890181467167429,1.2252856565553076,-0.10014083544339691,0.1180725602156509,-0.9163084875256061,0.021531514394523044
2869,-0.08603166843669757,-0.5259323067783073,-0.03753808465936842,0.03263160062356947,-0.052138931980327936,-0.1465821044235496,0.04790766087650056,0.07802205990561267,0.05389158800869135,1.0188705822518442,0.00032252950730980723
2870,0.074326807510921,0.845454511558932,0.06711016275335012,0.0006425611173271955,-0.0596060922833455,0.14376850322354962,-0.08090572354760468,-0.6659904856310813,-0.056311132909786066,0.0693303175749444,-0.06082876531716073
2871,0.08638653249054562,0.008044296009077022,0.11189711938452476,-0.43395192910549363,0.01607977448182643,0.058765795339239674,-0.04981036611506708,0.8101293809313801,0.050428861163061264,0.02132215270588105,0.014128213326144213
2872,0.012085706985138694,-0.015149019083028731,0.08453079264391376,0.7629536428366258,-0.04966788053005521,0.029692910942603352,-0.09689356833099194,0.034366909148956244,-0.04524543932626618,-0.05277166115209596,-0.3185980238030415
2873,0.17830297072976234,-0.05014092767970507,-0.023267889156481307,0.04019690870285086,-0.49765118993017876,-0.030147845244921964,0.11291117205719466,-0.035991979719800865,-0.001203928852345314,0.01293948785538332,0.8772842400992503
2874,0.001993740106304555,-0.197148052721681,-0.07500217637175996,-0.01601726539837176,0.6383624175400291,0.09157149804391415,-0.06508040248799195,0.028639607298288683,-0.08228406417482662,0.07946083745946958,-0.06482799704822123
2875,-0.07073195031865294,-0.145965078843931,-0.1030994211849494,-0.03240955056294892,-0.031148110407343096,-0.08434401628634837,0.1523123323055848,0.16839500069162322,0.45173222595791584,0.016419199263938457,-0.006803593426580157
2876,-0.018411120545614827,0.1923941535086411,0.5771025325936352,0.0763745976416736,0.021558499958042134,0.023590807931566024,0.014518750047135445,0.15514632805636588,-0.06597570945400269,-0.11774675928241321,0.04540735699755559
2877,0.008497732802070408,-0.03496971808463478,0.0559015266383432,0.10122751119006716,-0.023749153168796742,-0.5953370367659758,0.031613846308381134,-0.049958973933437484,0.041062079574944156,-0.025330355006552827,0.015377932065962616
2878,-0.09933535415453913,-0.11064993028290449,0.42222805516649575,0.07111674394841859,0.022031031515260924,-0.17598661786655193,0.09412212375685843,0.06986666947631859,-0.08781078993215688,0.1689657726455549,0.025073517486540207
2879,-0.07922975660338523,0.7387255151317991,-0.034740011705949855,0.0328070864670761,0.007328567688303989,-0.02835973899499078,-0.005513493514614234,0.08054789947342403,-0.03403049798256583,0.10829692002034819,0.011471152672213315
2880,-1.8597281658409328,0.060679751786971936,-0.05730803136236136,0.11489946831598812,0.08988160144413893,1.7328095431638535,0.09948258522694185,-0.13235248808736427,0.18617259329844235,0.0567235826151893,-0.007283710095523361
2881,1.1821816211442804,-0.021925196534906616,-0.01863736144709369,-0.020311668098002087,0.03789018260425435,-0.16780909967624602,-0.9772430576099677,0.029327653751742556,0.23351949639770278,0.033942220505472694,0.09215932902814458
2882,0.9092583144345455,0.031039111643451765,0.013043378417673897,-0.13096264014842726,0.07096975111912801,-0.1258392306199898,-0.06102307508891537,-0.07373513730044376,-0.03375163802960193,-0.03868293950392126,-0.1298946229287837
2883,0.566554051696133,-0.055886133903794294,-0.04205546206400965,0.02925185474376432,0.03848111076625517,0.05892678843026099,-0.007743754879605302,0.044351358589320315,-0.08571558835051347,-0.015325499436374346,-0.005171922753056482
2884,-0.19433203712181182,-0.01579360089610652,-0.009451353492220366,-0.011554754789801055,0.06357168336400972,0.05422314665517907,1.4432745571980736,-0.0015179894277731415,0.013570762065341682,-0.9648887967641457,-0.07728955565834952
2885,0.05126496151641784,-0.6905386705050013,-0.09872148617699796,-0.047512259280816364,0.05023509259275989,-0.14940638050360183,0.16283775406812867,-0.08748369227844191,0.05632947095337789,0.9722622860486037,0.08467533799827855
2886,-0.03506924156898537,0.7485249905410768,0.005107653741958756,-0.0687940615001156,-0.02437643705062224,0.01956452467949739,0.13237692087841002,-0.6146221210242814,-0.05224958183086649,-0.19386148378573756,-0.07335189159481349
2887,0.047405719072227515,-0.054663099644103895,-0.14140197469649216,-0.5195773384156824,-0.17540339599278154,0.0725973028362159,-0.01442099017586161,0.7837021441642428,-0.15178211245645723,-0.13190999753291535,-0.04905203822496368
2888,-0.10172396227413157,0.09141788606394192,-0.05392513641840357,0.7902421122527239,0.002899828928658363,-0.08116770511761724,0.004532496581059471,0.042864589925162094,-0.051344778102401595,-0.03217729704735302,-0.3103436261658785
2889,0.23312659565434501,-0.059486815513941624,-0.040429303758630686,0.06010517389656777,-0.49464467350993657,0.2566987095833407,-0.07838221073707015,-0.07119157859814372,-0.11613836343491434,0.059932685082901054,0.8802047660935846
2890,-0.007569857046215947,0.08206436338702494,0.15344169789274004,-0.04947739014623823,0.6352354462210701,-0.0648289188915963,0.1106532986443367,0.018347056849765633,-0.2712588187368134,0.025700168751625858,0.06043269453468939
2891,-0.07986625532891686,-0.06100092527096803,-0.05820474224727375,0.01125718785850224,-0.028805605288884106,-0.13823027715820743,0.08255883840684629,-0.014840833549810322,0.4648319259336869,0.09977468719135889,-0.08551880315897982
2892,-0.054682589654766425,0.02411917618900689,0.6332136980481977,0.12418897862435098,0.01729048289703712,0.12003250641178835,-0.10657430633171708,-0.10881307901763686,0.09649338562500287,-0.07113531459434269,0.04723121502450007
2893,0.019724982994219292,-0.036973502170775906,0.11288084663836945,-0.08040170727368601,-0.09384572341378014,-0.6807978301769421,-0.033602490101787244,0.03268080107488332,0.023026512832877332,-0.03327114476847578,-0.09522849809453564
2894,-0.08250127628096579,0.10814305317900495,0.3956436613137908,-0.1087883840342013,-0.10305538340887453,0.0860103788016082,-0.2012672113198129,-0.1019695690953922,0.16741395892574312,-0.03439606538960801,0.11203635304797725
2895,-0.10665485903588175,0.6934137391958158,0.0004038707411084322,0.040933077178588066,-0.023029355523284636,0.034887542913472534,-0.09190140946429895,-0.01708007386624062,-0.04176904789420362,-0.043156072243949455,0.03641780615911121
2896,-2.0841990738693963,0.2672135904814883,0.08486870401735501,-0.031056955178763765,0.07750238251639277,1.7614706570068086,-0.0062521180121294755,0.10342076718282728,-0.21978960119342622,0.018849669211379184,-0.009592215266001226
2897,1.1540108019714725,0.03719258722174051,-0.005755392478459682,0.051550356484837766,0.07194775057510058,0.06690544715266986,-0.9993463662473252,-0.03913531116083876,-0.05071908093870231,0.016280986666484414,-0.057565711759595316
2898,0.8568985164290606,-0.021830605900732526,-0.046480272461993634,0.003232610472311461,-0.08600025439705003,0.09367570655123973,0.04258647467923062,0.07790750631670601,0.027838582538855735,-0.01833465438126256,0.06700739778114843
2899,0.67429832598434,-0.005089405715166865,0.021801762750881692,-0.06614216093915384,0.03897024321632641,0.009086396033189722,-0.054206067187193924,-0.05976740048010617,-0.011497964795769875,-0.028178180960383027,-0.048916584247876135
2900,-0.016856358762013687,-0.04672184951627696,-0.03393459785771051,-0.14692102203543908,-0.026201529349847808,-0.016622914146496116,1.3094014864936425,-0.030893660310678698,0.014727703905282627,-0.9581782831737937,0.04586780002476981
2901,-0.026490511931358228,-0.5588947036127723,0.02473233075903122,-0.07392666782125065,0.042536936187619695,0.13349995200428458,-0.02292462776270252,0.03189335642543303,0.1455035580157035,0.9726537071003789,0.0160307116080569
2902,0.1564637371331926,0.9319043988574349,0.07866616029066094,-0.07647956054925657,-0.00301464240703627,-0.06401624812464997,-0.0028476502391083583,-0.5396956463155649,-0.08420573488940904,0.03718511217886722,-0.027787497214511174
2903,-0.04592821435565027,0.045175251229131456,-0.03784184171384186,-0.595264481220426,-0.010940439463676508,0.17381235959557495,0.1412166453753651,0.8254774970337101,0.02930347790109061,0.04816752722283468,-0.09968591002011037
2904,0.04992628476564943,0.04109507340964683,0.13637901028839397,0.7897146442900758,-0.04923438666191421,0.15797663128011222,0.15381503403492852,-0.09250409286096703,0.06219440623968221,-0.04971793611293354,-0.5930354731115899
2905,-0.34821451151760136,-0.08268085645264292,-0.021911375249219992,-0.11336610209186454,-0.48673188606862966,-0.09875481489713904,-0.13158924327814145,-0.1303848407544382,0.07444787955295801,-0.06814595092327343,0.9220410208661538
2906,-0.06600565192261172,0.06990638544960033,0.025509507792196486,-0.023351171983523655,0.6427601563751796,0.20342343312556352,-0.12411559237811011,-0.05047543919169908,-0.2407226010768429,0.092963646962334,-0.04201905996978038
2907,-0.013541381816159003,0.111791780115224,-0.005821597985239332,0.043000479846429726,0.00630252350050021,0.1080523874980925,0.1441625270237162,0.08773109219061881,0.484687226042585,-0.009230514514538678,0.09579739878164709
2908,-0.16643418325234882,0.04929295415284909,0.594584599486053,-0.004138604672840714,0.1451192117890488,-0.24171353779028057,0.04047583793806563,-0.09504943045037212,-0.020759401512981918,0.05307192257305498,-0.10094139222271281
2909,-0.01881663291425517,0.05390681923413688,-0.016318000536740623,0.030626541545848315,0.008402392175823996,-0.6673391894681177,0.07875083667158277,0.07802638055802895,0.09564520921183396,-0.04414909698949492,0.09489790939731078
2910,0.020916785810182303,0.11851748410635372,0.39579342927118666,-0.011382791600416815,-0.03227658751933906,0.0833073450546151,0.05577697879605824,0.1509638023990565,0.11474492800055358,0.05620319174950183,0.15864236865306355
2911,-0.14369393125658253,0.6653540502157658,0.05361282953269243,0.01765261473946134,0.09214194175442966,0.110710985907472,0.003137210059329879,-0.00419189415588765,-0.050134400316394746,0.009779367450531522,0.0078099050010876515
2912,-1.5702437574428716,0.048164809573707626,0.11183969847044936,0.008732336439551798,0.03203998626889084,1.7777418026366993,0.08394038288302656,0.24944856921650133,-0.06457535711167034,-0.014152785214442666,0.15404286183579896
2913,1.4395841603180213,-0.059563128243020146,-0.05468882485803162,-0.009478025482249332,-0.04584813272286318,-0.07733987900858574,-1.0145730841967464,0.0213071373880143,-0.06081703303746117,0.04594975616636546,0.000756227134361174
2914,1.0235824098289215,-0.07608336843859666,-0.04461946345040574,-0.11736489490459805,0.13372799759972903,-0.07757263092435454,-0.09082683684823929,0.08545752171561136,-0.06937110326492954,-0.08755838426117725,-0.111145006913579
2915,0.6323634971016985,0.002892238996787545,-0.03573959223399774,0.029552409801488808,-0.05587826031500678,0.027426194236951952,-0.05810987917178591,-0.013606543533977604,0.05449978856060156,-0.025160761013456247,-0.024062330672490476
2916,-0.11933663135777868,-0.03870969209265344,0.07406006299308895,-0.04380291820424607,0.027005011875460973,-0.039551413191936904,1.2173507862321442,0.047893324938463114,0.02599705984658445,-0.8003270720879787,-0.07855321481218315
2917,-0.048819801426433225,-0.5835327503128925,0.09729062472546529,0.02292066618978164,0.11999349337180569,0.08475908065016248,0.047321145322034054,-0.06971258905894533,0.0001501136125074407,0.9714835702526642,0.0005180714978737424
2918,0.0876909604964061,0.8827051164239524,-0.060004040552167355,-0.04708873395423975,0.08609505974755467,0.020962137368529192,-0.0524995604962037,-0.7357346496345898,-0.018810148799041835,-0.07325051422799847,0.0303409464449888
2919,0.013592565295791427,0.0039014225735916654,0.058900190351167066,-0.6893210978277483,0.018129046000384855,0.038908571211402725,-0.15354797036083567,0.7976874329345203,0.04709851112491542,0.047203004124563915,0.05844838372768509
2920,-0.22226100750580072,-0.04169461594214856,-0.12356861026306178,0.8562506582683557,0.019126920218191235,0.08591590544483513,-0.037707487525093696,-0.1017985288824827,-0.03213318314099989,-0.11011605925960453,-0.5063660414803949
2921,-0.10977171681391953,0.056777313351716034,-0.03327691625378765,-0.037897913653032404,-0.20947031692375,-0.15271018443267764,-0.055523855723275534,0.05592015819863984,-0.14210310448076519,0.1679800829388197,0.9307252118309591
2922,0.06967506064022864,-0.0462223350590969,0.0027082337219431624,0.040047540859624066,0.5514970462603496,-0.07611968380452172,0.02655767752370428,-0.13307900589893637,-0.2241140279217873,0.09775874127606894,0.061106529359115036
2923,0.18239968858713448,0.1893816527921811,-0.16584873088904659,0.0011478107638365036,-0.0816471128643226,-0.18713649674938043,-0.1742281436077654,-0.05826870771229071,0.4556907936486734,-0.039730531848981225,-0.030773412588097845
2924,0.026022619991858505,0.029558241834470242,0.5518050832279773,-0.0613280126757607,-0.030190469404639906,0.143788777840927,0.1871876082018186,-0.03190746680550026,-0.10009749123204476,0.09980000456353189,0.03780331978818902
2925,0.049127356791682696,-0.07666199469452514,-0.09736411737707647,0.012239086280395908,-0.05142377073372794,-0.7502725343558684,0.0336564939971074,0.04430490280011869,-0.1364275905095759,0.06975698843371636,0.044619696541739
2926,0.043118304536958044,-0.03470466062239692,0.4203700751387065,-0.006602013356227541,0.015392384793363342,-0.02270889748737466,-0.07208090460672917,-0.01792006612051853,0.10206832392606609,-0.07461939737103014,0.004967169809140372
2927,0.20901177010430075,0.6482077079262651,0.005640823124671179,0.07785841533701514,-0.007076402232603451,-0.037816434941411695,-0.059336963301486925,0.030576631395199966,-0.07427071541907848,-0.03274224492617548,-0.0027274410165903456
2928,-1.7426110004400923,0.20252649498266115,0.14393805886281602,-0.08056764507821744,0.06612207598973675,1.6851698412595346,-0.03834496604954367,-0.1820060836524926,-0.10360014340600848,0.13230347385745192,0.1303248490119042
2929,1.1943138236158652,0.05258439178033789,0.04970720045577012,0.019302758825262372,0.08811077079202886,0.09261487343624404,-0.8921649372940879,-0.05491801572272769,-0.0726832896926673,-0.018081348012227917,0.13650980342344138
2930,1.1399446528471624,-0.008230818155324423,-0.006427113053001599,-0.08627401307278301,-0.007881482934465514,0.07174939398231085,-0.25307966956758327,-0.03608004273771031,0.010660394372020737,0.07426742067079713,0.06334116634929444
2931,0.5241271285911077,0.05436794122660658,-0.0005943218216412022,0.035768662195259274,0.05631411575499234,-0.04446264442868475,0.011867844638496425,-0.02067461943613104,-0.042846247823246204,0.023246700471963547,-0.010562130938119882
2932,-0.1546494031591587,0.043851249669222214,-0.10031297992500815,-0.020641275849875615,-0.0565310607839094,0.24068479805217569,1.3682084952131413,0.015403269561089688,0.05603162589769251,-0.9836510101988317,-0.005489498707196689
2933,0.03008720603839514,-0.5897258062534223,-0.00011708406212260127,0.03643067706191586,0.034657761027415517,0.023692783297838218,-0.09292108423249824,-0.014391099135820304,0.07539159045498929,0.9072263004537803,0.0513509994833829
2934,-0.029079869516277786,0.8923486012613157,0.034180729654933927,-0.01771953564227715,-0.04555819150956797,0.013021501808552313,-0.122069216343842,-0.6201435817379365,-0.06341504585107019,0.08885178579947665,-0.059030321024711147
2935,0.12365595467379949,0.10983535006700859,-0.010839288300587224,-0.5603243133567353,-0.026204064325895893,0.029122131102205087,0.1067242855731847,0.8292572014394801,-0.06509407864189122,0.12801953435387847,-0.040367484209035534
2936,0.1387751721282522,0.1054724511167052,0.08361272894142169,0.7594640240258576,0.01945203506427048,-0.014620666399457234,-0.045487740068139354,-0.01723383648387761,-0.027241613894658356,0.20356588152470265,-0.467853431180475
2937,-0.16850270456430527,0.09417913524073883,-0.057616668771139364,0.031108399746443912,-0.47468285466419224,0.036194788725510414,-0.0734061227745557,0.08094727674679143,0.060969573504789286,0.1294299934851359,0.9373098589376572
2938,0.007665684528369665,-0.057579792304543624,0.11021388847999647,-0.04658963667580299,0.594669068868235,-0.048399136027599675,-0.0036275778853202085,-0.053263037859755905,-0.176906202700455,0.21311689951215415,0.04841870485854921
2939,0.039332696848908624,0.029750905344844824,0.12606151533240856,-0.020023563887855155,-0.014598993141603123,-0.15643585252789421,0.13884452339050735,-0.06564410699637464,0.49818674295911375,-0.07542115249190887,0.0744521983928278
2940,0.1446594385466639,-0.005871399045185905,0.6216272617239494,-0.06474310082790048,0.11875443017209117,0.1101110433318352,-0.08807362725148414,0.16656839789707242,0.006721747221302116,0.12860586136895516,0.2114218086213553
2941,-0.07521132748799053,-0.09198689729525915,0.0009323503630239004,-0.05380318840518109,0.0007535227341684608,-0.6723569219108546,-0.03821415174750113,-0.0887896027884363,0.030353562903427854,0.09411124243876928,-0.11963671547804004
2942,0.20605207237648968,-0.043520005842777924,0.44490483649429374,-0.09160158200519639,0.04056720285626489,0.2442526408231605,-0.1096458237696369,-0.08424626855646944,0.08843795416747342,-0.15856440859856732,-0.05276118501269032
2943,-0.072093777531916,0.6796329418534999,0.002258856992996057,0.024062718373638246,-0.05882763471844271,0.17468065186214776,0.1692428327200864,0.01122240858896884,0.04360282361135747,-0.04335080743014021,-0.013702562105445727
2944,-1.8578771317158809,-0.010278669141123796,-0.028595251498715068,0.0767083662769195,-0.08495674038321897,1.7483053137418232,0.0006785259647577088,0.07914569418561897,-0.1475870631073336,0.06629369785416629,-0.13010883364707826
2945,1.4477703467727834,0.04464184005932919,-0.016742824426123484,0.007057528584052813,-0.00352087995328933,-0.05077412890725402,-0.9195351814077596,0.017783092225251422,-0.04221470186530473,-0.021498797532505796,-0.07752044568145754
2946,0.882435409701421,0.05237134162157027,-0.027475805164287794,-0.13804974730974823,-0.10037538664008003,0.04829618154308879,0.04263557185543424,-0.09609524731901344,-0.040162571953791096,0.0002519824342566415,0.0949696018358184
2947,0.6062342538426986,0.005596853881172264,-0.1113367626075398,-0.028686758521401342,-0.027604627085770175,0.016224742837922263,-0.006701074701423824,0.03531313166052395,0.05053328584110248,-0.039133569370872555,-0.09192367753181693
2948,0.06475622054254775,-0.025795843651486336,-0.13351193392010924,-0.020984407950377343,0.00549408309407432,-0.005786684989674668,1.260662805968677,-0.02850635570934642,0.0494492462911588,-0.8016884000199085,-0.06008138164636942
2949,0.0252369179688571,-0.5433254918886065,0.05085271698958346,-0.024494322318497783,0.04872452248896486,-0.02250087100425683,0.034637167010018434,-0.14166382267297303,-0.006913843341873234,0.9022703626095764,0.08018878193849334
2950,-0.03315150047220848,0.9158094585440737,-0.01347481326982207,0.032693481360606236,0.0427640205013073,0.1063978795415807,-0.11848495643383042,-0.677422495736827,-0.12501978396989236,0.12244129418856,0.03977536733590647
2951,-0.14415052916900534,-0.017327482254515747,0.11565752512612733,-0.39017040276163406,0.03502236366908615,-0.06432646611941578,-0.07057466145092421,0.8370953360338974,-0.037913037137885,-0.020483255043561605,-0.01795553380947689
2952,-0.038804822653779825,-0.06782528014124704,0.006870042277702773,0.7879926108385378,0.11062325879984147,0.26943526289423336,0.13844601880312166,0.165986607112269,0.11792866424100354,0.18293724346856935,-0.5502969521575098
2953,0.19131072148651432,0.0488641180773161,-0.08423775530870939,0.015753651594160235,-0.44507664512293743,-0.04686924347014698,-0.08774297482693746,-0.11500052512172773,-0.006752428196715037,-0.04212777708940852,0.8346985683633057
2954,0.06134115981679409,-0.1273865342749662,0.039553890961488966,-0.027945538393868173,0.6101874221835308,0.2538966334013292,0.2997044090336377,-0.08039585185574238,-0.26788432493096487,-0.18998692365563027,0.010735756950150232
2955,-0.10486766116884168,-0.03369396938345649,-0.32755467409767935,0.07335767332530348,-0.0050101507868376,-0.13514459443376436,0.07058048854278753,-0.08812659464015349,0.49435206200274256,-0.11129483410522338,0.08743262533572468
2956,-0.14676597920291853,-0.03373085714026216,0.5822402220800083,0.047894723745310376,-0.19325842517178113,-0.046592653156551575,0.016282153277758126,-0.006855128157384238,-0.1154015529860421,0.13079782583634636,0.09164651143617926
2957,-0.0438696773894165,-0.0572334716267211,0.12285011121631743,0.03561118165501575,0.20530169841339846,-0.6082313120640898,0.00039489134352966226,-0.09943440444719183,-0.12132114990764117,-0.01100909979713359,0.03491356593473946
2958,0.0801269126761516,0.21710616074280603,0.4358391385282578,-0.07203663675433408,0.019738469166210366,0.06637798088322593,0.14524039069579983,-0.1077876849901813,-0.026511215978934712,0.015998734203404967,0.11082957095842068
2959,0.027135646730900125,0.6798724601849273,0.1296359482432367,-0.06760005299171572,-0.03322204858122964,-0.041334999747840356,-0.04864954347316422,0.0021806060541744434,0.05307610225760022,0.033255270855065994,-0.060238498251340505
2960,-1.8647075107672206,0.05942126146668393,-0.033396824949617696,0.011852290440784447,-0.09707030962723044,1.8129609562281157,-0.15269518034151172,-0.014647104818845362,-0.1962167693255737,-0.07426215222948397,0.04898972253689081
2961,1.4060822869988927,-0.02409413420175144,-0.028119425941235985,-0.02207443846100789,0.0008437596963081176,-0.07357666904514852,-1.127887707401877,-0.06627229558975449,-0.02779397405176808,-0.023881563792149934,-0.059863017632486665
2962,0.7434583453998856,-0.13188426734640685,-0.09371692645110229,0.021678058850268526,0.02538808281394906,0.06000057657106723,-0.016275875746639603,0.02891144856724674,-0.10881977417395512,-0.06297881532760055,0.017306390943183328
2963,0.6108274503864121,-0.03992310327870947,-0.12397769325999615,-0.006218321508887867,-0.04353748336384297,-0.014440584275246422,-0.030597923788386484,0.040421641636500465,0.05005141916994873,0.0010149733845148902,-0.0009389223296799158
2964,-0.005002584560862384,0.07308488794269165,-0.04526613360248769,-0.004963530575393752,-0.08583044577231368,0.006853542959954943,1.4514667323016184,-0.0579570808701221,0.0667269104975849,-0.861132157357194,-0.057324400319629376
2965,-0.026776763331828872,-0.7538809778153736,0.03675879205165971,0.11725494013520558,-0.018268528973043163,-0.08794548766854898,0.010894253118301209,-0.1587644072474544,-0.02931279704122404,0.9688230291751629,-0.10878629938586419
2966,0.09748244661630073,0.9638541057667911,0.09389703451384303,0.0579458628377473,0.022754515067878272,-0.06996109316715846,0.034661196191614084,-0.6383378625967632,0.11647993603305769,-0.006283906144499917,0.04828963106413606
2967,-0.038791850616783,-0.059852816363389995,0.0036892061568627914,-0.470173294200508,0.022842231803258034,-0.06461740884498668,0.04207785128348343,0.8105494619797889,-0.005523964767684375,0.18011631271929487,-0.03521623045087127
2968,-0.10299918736995917,0.012694247958782313,-0.09104143397991067,0.7945666367960051,-0.12430710705721351,-0.06632836788065577,0.048310668347752606,-0.007071654967284914,-0.13161024918118971,0.03148454135572673,-0.5050358398126665
2969,-0.01298709754410077,-0.05697556957875536,-0.07658239184728438,-0.004102025161246479,-0.7469098159043986,-0.15146490693805437,0.13480187196396753,-0.10428799850350359,-0.07585899494456351,-0.10448551642000453,0.9172961647515556
2970,-0.20870692165220223,-0.03749860751535772,-0.2152806486035345,-0.06502627558067894,0.5908742737085423,-0.07473636686630354,-0.11537102525444537,-0.019980189537088255,-0.3159063992811406,0.08327096533771994,-0.003715746117006242
2971,0.11465304586110603,-0.0864688788760358,-0.415457990253834,-0.16619739824257865,-0.009616757669887099,0.1665150847836719,0.0754075858342686,-0.09253414027735843,0.49627241041761266,0.0855706977248231,0.05244200881038471
2972,0.07125235144945133,0.11176370618718649,0.6490161734889963,0.11649463514057852,0.1472572976634631,-0.056005462790319614,-0.10722452364234691,0.015948969618667742,-0.026558342573938715,-0.16578088051164627,0.0478450758358335
2973,-0.013478666209006196,0.009381661302073265,-0.06582742642857509,-0.06738485784123145,-0.14178707610305885,-0.7373754338036475,0.024837271300098142,0.07624240462710946,-0.024548056730748787,-0.04279680325020328,0.09926666334894071
2974,0.17071562632835127,0.0467157808807515,0.43085399094867816,-0.2657737465122774,0.012681621133040274,-0.07151422726759413,-0.038412724170983174,-0.02380504035036452,0.002219559672197533,0.06737687932454922,-0.026399368721259957
2975,0.3551201204525534,0.6980984587288381,-0.09640414701538212,0.003619026567802033,0.023811470603559728,0.05589390069104236,-0.011199182367195096,0.0003377926528787406,-0.06752076381360217,-0.09828910255579323,-0.03808686573789788
2976,-2.0122644641936747,0.10655664300197512,-0.023195514125209617,0.03218815445531635,0.16904051178946522,1.5179610156668213,-0.014322536450597606,0.049393303530037715,-0.09972607284804996,-0.02332909564362483,-0.15267559961913912
2977,1.4570575702492623,-0.023153338429238085,0.07387440499197291,0.058485524042323926,0.08935657632309718,0.10019967346095783,-0.9362222443059998,-0.04532573124259479,-0.2331554714233964,-0.02682942832497371,0.015359890319430584
2978,0.8363571921529401,0.007616980659127663,0.10023598756475564,-0.010419582600483734,0.034840275383292506,-0.06983042508446413,-0.1560036626390466,0.01968273570872715,0.08003209192829293,-0.10995673159023944,-0.09059643419207748
2979,0.6066665626881816,0.0035724260865441556,-0.11859536909039471,0.01751411691716548,-0.007236847954025144,0.03629019302544484,0.019636729551542612,-0.0388915826984614,0.00040564250278663644,-0.05840834128108534,-0.014128299445378745
2980,0.06787979077656367,-0.12424011604498716,0.0026030422896812745,-0.08042856108804285,0.05001594231743314,0.0522592474917793,1.4281178892440496,-0.025963953628067252,-0.060286050418766605,-0.9151186250587784,0.00013209039395835603
2981,-0.07262158233282302,-0.7672989199604664,0.16048875750653382,0.04367267207684543,0.02647116699645335,-0.033079442992496516,0.05345014359858587,0.012410967435576814,0.012121432612333269,1.075170942984066,0.04085171896120328
2982,0.11072309836118605,0.8582055078255991,-0.03203835686783245,0.01759822168908453,0.04320472196254729,0.06489619925104714,0.0027197200915193087,-0.5377343692940024,0.059586951497054064,0.03710212824826359,-0.05851837240721645
2983,-0.23469780900199783,-0.09758591145662353,0.11463344699366783,-0.5320663776463903,-0.062354167573108306,0.22727314455491993,-0.03492867300029904,0.8283982338727345,-0.1044291623576434,0.01434459318667806,-0.04727402539764107
2984,0.060546560104849836,0.10714339528609557,0.001726720455126572,0.8193622040856012,0.13182884638278344,-0.058556516109148894,-0.1145718299357491,0.002736287760129485,-0.06598896084217236,-0.04433009615315129,-0.48888251266123517
2985,-0.14236831046418194,-0.039465687560998025,0.01876857593794831,0.03219707360140034,-0.43293128134038483,0.027721131275514843,-0.07834921331111351,0.1106808975121885,-0.1456223547617367,0.09151907816090343,0.8284191510365343
2986,-0.023822166410616734,-0.06896279306270962,-0.08047419958540643,-0.05245656315681437,0.6149216771893505,-0.02199707113226621,0.23525625291362043,-0.09254352585351354,-0.21871406677231447,-0.1380781315107295,0.03793909115447603
2987,0.014180667387345847,0.03669624682845332,0.036231194474451375,0.039515140096199275,-0.023466359866062082,-0.048554821281541725,0.09807129934278504,0.05449999795580046,0.459939800837678,-0.05156251015988979,0.04875832488449545
2988,-0.13526253860735005,-0.13299806225416036,0.5509399891098244,-0.13483286501636363,-0.10446225786183805,0.07253158564901308,0.04282011003375636,-0.0821821501253064,0.0860318342441389,0.12776409973310607,-0.10894704762002508
2989,-0.0073980194874899395,0.07913822859677225,0.03154838379078354,0.02814936746904464,0.05444604167675106,-0.6567524449933106,-0.008482896886278847,-0.060145384857836076,0.07214220256083818,0.14121566596430707,-0.025331203599691314
2990,-0.009453121283513676,0.038809489481019824,0.414967623996102,-0.06515409031132335,-0.06880081752200978,0.14514620948261,-0.04279254883965797,-0.04776490915703393,-0.0032698728926000968,0.08278009835709257,0.1577618047268182
2991,-0.010054367439777246,0.6821598751160888,-0.06000578921422017,-0.05807311854408481,0.007317795208254856,0.05436924495690672,-0.018594757000129754,-0.019842114640260824,-0.010456273132563993,-0.008927021250070397,-0.0051340549096929484
2992,-1.8580076556893608,-0.0738085462664646,0.07366920093189452,-0.1595383815929642,-0.0789234923476307,1.7906684440682554,0.08830226513787133,0.12268296259176646,0.005734554653188911,-0.03772611549046993,-0.09980573082238761
2993,1.503475795119713,0.015247282462066192,0.04084889745432314,0.03271036031488139,0.11737763299370058,0.019226352635539116,-0.9337686925059528,0.007289228368574091,-0.02063099926631776,0.10555655443854367,0.07330349387564436
2994,1.1267218916695683,0.005646797184330161,-0.026253421991936348,-0.10785808609390019,0.16529126486635654,0.15146752221462823,0.20452019450262418,0.20717750051833245,0.10737865950863537,-0.008584465134406869,0.035815514224284375
2995,0.6594735041976054,-0.02531490659388856,-0.09399245505853601,0.04880752440769806,0.0625456469246689,0.02200305106447464,0.011439975711674924,0.008840215578943812,-0.013068884675736612,-0.02163508276443301,0.01248211072018645
2996,0.0019375300151513375,-0.0019801251080746613,0.17353291756352107,0.08041089788636838,0.01662477598344578,-0.12671060685853092,1.3974717181543557,-0.07616753069223098,-0.11671712361834367,-0.9210545146895905,0.09243250937129457
2997,-0.0777402922304233,-0.6153681815387917,-0.17826811651408023,-0.004324382894064191,-0.03428014927717424,0.025615728274541675,0.012035054439716811,-0.05358135500033634,-0.09151639435567137,0.9072350130104986,0.125881968901908
2998,-0.04250151921520314,0.9881932290324469,0.017961512113024845,0.05046048738093539,-0.1279192071876034,0.036625179995523685,0.006739132827910482,-0.5256200096695689,0.022306808757701156,0.09873095834824255,-0.01203989365662795
2999,0.13448442570527616,-0.02217227509073742,-0.21875647993790737,-0.4703236560771509,0.10369977277092314,0.057961417139066836,0.08787462816028842,0.7909083475122743,-0.009955658284692998,-0.09928520566776103,-0.015550620149172068
3000,0.043251764754175324,0.025472233186226458,-0.17170581128777748,0.8372215721737197,-0.06912811832362255,0.07354483440168912,0.11431761378055885,0.07406723776351284,0.055904309243086134,0.03433446520519703,-0.3852891519346042
3001,-0.012857481273299309,0.14507892573706277,0.04519998570133185,0.017453066536542557,-0.4948080312251606,-0.053584940480693795,-0.032046640282345835,-0.06353158190106926,0.11199103939428921,-0.0616698505258017,0.8445760743678317
3002,0.1904922882859772,-0.13871356109014774,0.012153815876116619,0.08803912089595718,0.5853964202319887,-0.11841518097398401,-0.01853280168837618,0.02671481253433444,-0.3758007399359365,-0.10561744702807264,0.06768550948122966
3003,0.09613914724727653,0.0535859551143687,-0.15931565642116102,0.0239837488194468,0.05843036523493923,-0.023164035998868862,0.059346397700742064,0.13204900704899342,0.505259520873055,-0.0185824434297502,-0.008474580994948532
3004,0.034911218690910344,0.006638542012364888,0.5623594202361561,0.0012337872029319907,-0.04377982904437554,0.060466826533160385,0.03696854311669414,-0.023843965977314148,0.11683944576296296,-0.17570047387527846,-0.05010792080373765
3005,-0.0016379705794117585,0.05065261080711339,0.13160709343564916,0.08633053037456724,-0.054691270265687576,-0.6831266140284656,-0.06442647828148793,-0.05202033332386285,0.08843649973640717,0.06702672901314083,0.14110873117615808
3006,0.07953754048125769,-0.02564391821323718,0.4355818001084331,0.00317841035823676,0.11943901402262068,-0.05734751418495076,-0.06829782964352343,-0.052750114458392346,0.0819408438369773,-0.2057382795336326,0.16864482112036644
3007,0.05012212374364589,0.6838810539525016,-0.07530535052551922,0.006660516614465229,-0.013973954872381997,0.15022464556746545,0.03180330687699847,0.008930483498865124,0.07331562013503112,-0.1069952462234129,-0.008057515450655868
3008,-1.8287465477751061,-0.047430973474507705,0.022115895566662637,-0.05152386895770188,0.09099288881441624,1.6792828179946637,-0.08779434247719131,-0.008631651147038946,0.05600494130198436,0.026768554586925054,-0.10562844481259925
3009,1.4148893956824236,0.02814688672259406,-0.016738984773865383,-0.01873330586044669,-0.0019110730761293386,0.023538302048877947,-0.920173949455926,-0.024621126564812607,-0.027994848265932206,0.008061900057787043,-0.010409699803913146
3010,1.0227552543009653,0.06825285797937708,-0.17185459068592415,-0.2966655097290619,0.16973302186163283,-0.002778722384543783,-0.07543317511733488,-0.14089239179851745,0.1353504385293769,0.006182340425897547,-0.0832794234282359
3011,0.6389250885163664,0.00048783096383668914,-0.15131933979932335,-0.043015276288214964,0.003135538332525078,0.06547950381327139,0.03413022680100333,-0.0434325508258286,-0.055332849375375394,-0.013686918862030077,-0.06268000770277254
3012,-0.045377972130995294,-0.003004860066230263,-0.0207004739123258,-0.0027150893242454356,0.07718637793308603,0.052683505418207245,1.4062111072301973,-0.08326407865106723,0.09538089702268177,-0.8297872902240755,0.08678850894587967
3013,0.30434581514898257,-0.7308231226152835,0.05516413777319373,-0.1001816237304922,0.03384009525562908,-0.15249282006109388,0.07326641002443557,0.004252570821480033,-0.07135657572414793,0.8590811876782811,0.05297756575413924
3014,0.2419158374047018,0.8628864909498015,0.08801385836256342,-0.08632796536044288,0.05578047894975598,-0.11749439611994368,-0.0059687503685757,-0.5522451823276302,0.06738928130349885,-0.06966871866495068,-0.021203514298760117
3015,0.05643872892922233,0.001229173281726861,-0.1056502372886432,-0.4976726774986486,0.06999247523312994,-0.08116373842693775,0.1378574655984969,0.8692168379817887,0.1511549773550844,-0.03968428270108689,-0.012107010319126565
3016,0.08145505597546032,-0.019489010268975898,-0.08773189465184238,0.8385538153914935,-0.01039056309267353,-0.04958574487827919,0.038288968501475715,-0.10076285392237037,0.1993022385316519,-0.02901490663599399,-0.385378769277244
3017,-0.17902961776531923,0.12030818190212958,0.017095939583177892,-0.0390160873415345,-0.653715658769594,0.13399063375504316,0.0869289226216816,-0.018496114499641142,0.17072444177004356,-0.062217673050751154,0.8613753015294691
3018,-0.03428773411279902,-0.13544187321785736,-0.01991796932635523,0.0008693962822093975,0.6230257751970585,-0.05128180522819572,0.015145179360647888,-0.09811970667596807,-0.24900424572880858,-0.07613383822210378,0.017104756070770014
3019,-0.013955338098968767,0.08575447087864532,0.15351280018158114,0.07884052260768848,0.03577897519526307,0.054711503793428796,-0.012484865732086929,0.026491878087150242,0.47321746790768715,-0.13288537462804953,0.18174822944920208
3020,0.01977072410602726,0.15621842444511813,0.5944807555440248,0.07492062380197917,-0.04342051328745318,0.1414928095803304,0.026381802120737503,0.11787046083557025,0.10674970894547317,0.062036454761933306,-0.25739621553765524
3021,0.00903545322607702,-0.07924899910151788,-0.031669602579966295,0.018199231941087947,-0.05163266017930651,-0.710352960543989,0.08418256702719087,0.0854428166865641,-0.06645891060468065,-0.042134152302434544,0.014539651173461302
3022,0.14074348958696342,0.019544790201761947,0.40849137202007346,0.029050751025155877,-0.08140671547540945,0.09205858129122257,-0.0647693173826522,0.10167328371229982,-0.0906314210044842,-0.19009390359197065,-0.14202552387985198
3023,-0.02382494342192759,0.6883811999980581,0.15726464063955636,0.011200362529764862,0.025199779145084828,-0.07691316980264705,-0.00836369556718497,0.019932865063600383,0.031251517100718204,0.009999115198986249,0.06651048482313081
3024,-1.4142966789691667,-0.031998866230585454,-0.020651029393278772,0.03706187903418875,-0.02858235255418436,1.8855372754604394,0.004663417182770533,-0.05278949665829199,0.10419996093298184,-0.010948670808046762,0.00033995677629350754
3025,1.6326750204950466,-0.05299205510756972,0.14495155805590795,-0.03694325623205678,-0.03435615245520826,0.02513745418059271,-0.9750488271982399,0.01130404351059482,0.10675637289172168,-0.03655097149463476,0.08550177056360184
3026,0.7156927453688665,-0.016112368390792442,-0.07253436345763858,-0.044575205879027816,-0.19058086761288381,-0.06025177866878201,-0.1110480989002348,0.03898766226477158,0.042831366280065175,-0.0814931557404881,-0.01113675104480935
3027,0.5373185598001088,0.005078999783237495,-0.02280938868831075,-0.03886827885213914,-0.03865158453926978,0.01418540950247606,0.034981793306708066,-0.03552210243263978,-0.04473564304013488,0.038880608508990964,-0.02740543715639813
3028,-0.15872943953867885,-0.11565191852378424,-0.09010468834281052,0.02279980047128056,-0.06670076583924593,-0.03552951238932597,1.420685920644138,0.045276913877209675,-0.005241570293360014,-1.0804363771767544,0.047518316134818286
3029,0.027366329633843035,-0.8989455383536527,0.005098124631988569,0.1025814253851558,-0.09564655954116212,-0.01906862807312886,0.024450699329014537,0.07770543613370334,-0.10329102698917281,0.9968959258328982,0.10033719022114397
3030,0.16628168372303298,0.9766875134912705,-0.003061613700097562,-0.024321203394971447,0.04871495785270726,-0.10007079656342847,0.13302214201489462,-0.6900199904010115,-0.008034481169635241,-0.032902945773114964,-0.12631944393816377
3031,-0.07365783007281156,0.20677661011254347,-0.10669599768352908,-0.6001452023236409,-0.031242038667701297,0.03565498921533896,-0.03414232216330994,0.8025365462535471,0.038184112143013885,-0.14291857900269092,0.04513626478834581
3032,-0.10622694012541245,-0.0880994676135396,-0.1464229664337095,0.8267870756253674,0.10561509869182992,0.0016294237863324077,0.18780978244281163,0.0940691163922252,0.057543609615930524,0.010041895504790198,-0.30917602662074384
3033,0.09236934776653989,0.19756106096537354,-0.0768559968343818,-0.041771710303491257,-0.592773159499185,-0.033056690990803,-0.018998432243679933,-0.01838405151003278,-0.05055634468785464,0.10802455137472554,0.8161925766599346
3034,0.03946086357662105,-0.066137224006654,0.04814989029092642,-0.041936933078236205,0.5572190955280639,-0.045936979727005375,0.02864008348028395,0.03669383773717608,-0.2037473123983397,0.01816947791757077,-0.010581736285964871
3035,-0.20159986103336577,0.1785216178332608,-0.050161256159621005,0.020770800506524904,-0.03530306945751931,0.10534954971410913,0.015966093061508282,0.01577152703125667,0.4812195186700126,-0.057622199524976526,0.11664325153865998
3036,0.15716297769471044,-0.016109341709014277,0.6675368679647133,0.15660493883537396,-0.11688338947145747,-0.2513694846314575,0.02945155345597492,0.09411547681610878,0.05737372661819259,-0.030602965630100173,0.13852647468237067
3037,0.06791065901072135,-0.04403917929537378,0.015577606901428901,-0.053715057631804244,-0.09266027975137216,-0.6630507947698917,0.015521987359169159,0.08686051801748222,0.12791934633370725,0.011040886958108048,0.07587202643100317
3038,-0.04380891693802938,-0.0034806298520846553,0.4036838409880558,0.05425783649929359,0.031229325394468307,-0.2367895380015829,-0.06671259286766558,-0.14348682898808934,-0.04640330548211151,-0.177915857070494,0.06395083119430565
3039,0.28799005243296866,0.679577453139484,-0.2089792193569613,-0.034781123722877,0.025150902797044235,-0.0009191484848519657,0.13479182202129494,0.040979327961325016,0.06720314632468374,-0.09686164646725194,0.015491474300620952
3040,-1.8150139339691855,-0.016462279563084076,0.149708573619868,0.10396566858149846,-0.046244358572319226,1.7470379914268648,-0.19219441270922485,-0.06141395093246551,-0.09972477186472276,0.011324122439034797,-0.05281477533930097
3041,1.5050055806336815,0.011537399047135402,-0.0035785773444597098,0.022100149412499475,0.08562769900513759,0.09455762653308399,-1.0163366890097856,0.08583525564925484,0.07216273215934473,0.01157791304858636,-0.027532807313878537
3042,1.3270403350702045,-0.12840313928761207,-0.1147821210363378,0.047949369749844525,-0.015573921642509411,-0.08041978395507776,0.017978571065886,-0.09472361207259643,-0.025103762554865336,0.009386543223763148,-0.09594677732277007
3043,0.598794406240416,0.03235918866070721,0.029102083511935353,0.05072092419357296,0.046663502182048705,-0.032217492960645897,-0.0021025263840089015,0.006303432438705368,0.00442339411307909,0.007485870083064443,-0.016424570777557372
3044,-0.051624631235328296,0.10087382038514806,-0.0324616145899335,-0.13304987275105185,-0.05428662950636699,-0.0903528153864098,1.4997432460442264,-0.06566974407279912,-0.11930415329075741,-1.0994521237626584,0.12272962493387371
3045,0.33166294410718633,-0.6327412927996215,-0.20417506621107157,0.06208878512180382,-0.13320647823565906,0.14602156781684317,0.060834827040733515,-0.0778618474937519,0.19379771079495142,1.0790042479827038,-0.021934933454747865
3046,0.013496861692882998,0.9945603730030073,-0.06856929133685412,-0.03357000502655769,-0.03648056369435594,-0.015779318257308557,0.01899170831864059,-0.6792661811456434,0.06208224158254731,0.07153856585545201,0.08989567528272357
3047,-0.009632831264297153,0.08071096983004726,0.029478771571759606,-0.5699452166847645,-0.04770197986536003,0.10323484170988434,0.09609028032402817,0.8789683848069854,0.007333801113631255,0.07494026619964425,-0.01516854828183193
3048,0.05626779692068663,-0.0488606739590811,-0.12360744020861197,0.7846159767658865,-0.023474360960021676,0.04324920663926127,-0.02935233567983514,-0.04529139889335039,-0.005883578459822526,-0.09544618134198107,-0.35698716106123013
3049,-0.028675468319430707,-0.08968692491209117,-0.07765130410681984,-0.14491577668606875,-0.47629757042965987,-0.10682010242100685,-0.02465719290204809,-0.019839024294293135,-0.02620979170736568,-0.17673411114529564,0.8946959863660999
3050,0.21878733385600357,-0.028721721004719952,-0.03891031315051162,-0.07396233743031833,0.5877494118569352,-0.11338696667219696,0.04499356475696045,-0.09165443778052795,-0.39432353531690084,-0.01006136921050806,-0.022654998284376344
3051,0.0022084516897305775,-0.08646775226264186,0.03709515997827534,0.12646305593343415,0.10422472850407272,-0.0393706275668904,0.0268233828631861,-0.02855252616322501,0.46774863060302585,-0.07241794955162636,0.05092118661259274
3052,-0.18801995479618902,-0.17907954403037657,0.6208514760963197,-0.079241193573743,0.07243031456842976,-0.039417492919785094,0.12063606163015818,0.13435231764614372,0.001056364891474048,-0.15804169910231017,0.18781026380321833
3053,-0.023646501047334734,-0.08086172533394737,0.03182146324165936,0.05655392582410571,-0.06514240228433596,-0.7417884633826638,0.043735239701187326,-0.023913345910434796,0.06221711068220604,0.07200357623913486,-0.15339676689949014
3054,0.09836824537063381,0.09508106529349705,0.4432633722957862,0.0389800703227077,0.05276425969151542,0.1310158743454889,0.04642438072799648,0.06975324344917866,0.005920324671529032,-0.09458983685060235,-0.1342625199772014
3055,-0.1094720852227585,0.6701022066135086,0.03544685703792762,-0.021104462493812856,0.05286735128925353,0.1408014102917211,0.011487292328495494,-0.006482488280250829,-0.025978832466523327,0.025641840921059145,-0.04031533825258544
3056,-1.755337510341588,0.16884407234525586,0.01437155804696734,-0.10502912836581976,0.0016249728159716025,1.829949361045432,0.07786036050810985,-0.1209865905321224,0.044403559975546965,-0.0566995627279071,0.22206338577422793
3057,1.499922530630544,0.10324222411713067,0.043598503073411704,-0.06440159043658635,-0.03284236005417425,-0.1396064381746992,-0.8412136145049434,-0.008608364422150846,-0.033445432253565964,-0.08213070836282343,-0.07721167043782887
3058,0.9454038283781104,-0.011739125287406942,0.1301521454103588,0.08244923302778849,0.0805637206451805,0.015294110111340901,0.046429046637899395,-0.08238687148560637,0.020387526616221178,-0.01604469466141457,0.13964091676006624
3059,0.5509435892803765,-0.0029623117531428784,-0.04853540735641167,0.0639665707674947,0.013828537638630671,-0.007384824987774492,-0.04525783044932489,-0.029115239636752617,0.009298617382654726,0.02400116564310755,-0.04227649055227587
3060,0.07272960619115529,0.03370725469634499,-0.07912390818321373,-0.18227769459352822,-0.07861956935540929,0.08315522794611455,1.4316556529119269,-0.02776983774788882,-0.10024090424502191,-0.9944209786747228,0.005834141418660647
3061,0.08308052822727155,-0.5345982253120898,0.00256713199029411,0.001196337321157319,0.15117012811699382,0.054345516472106586,0.06976277212811728,0.1519596272882614,0.07880860037144388,0.9714201326786632,-0.021047567266525506
3062,-0.12722945599112487,0.8466787109820508,0.08041974641725418,-0.056417594731923315,0.10993494037233253,-0.213784889553254,-0.019605615289235406,-0.6602615333437546,0.0923621379361745,-0.20603641289941826,-0.039016649119655356
3063,-0.15005518289826938,0.04881749948626053,0.04231620279907377,-0.508023300617357,-0.052153497764986616,0.027436335921887045,-0.10952744086260587,0.7588442670722412,-0.05164868922002462,0.08486815315876511,0.03443716600302715
3064,-0.125072630440547,-0.10678339154887212,-0.04577483693274652,0.8408844798311769,0.15462623629216798,0.03952454138853978,-0.044754832145568496,-0.0312704133013094,-0.1318727107095232,0.19957079916603085,-0.5020798452583094
3065,0.06634596177216508,-0.01349440890497488,0.03829689651179992,0.08315824151623456,-0.5297394042344545,-0.13063417455212606,0.19220036964381343,-0.023087140591513268,-0.02781011427896897,0.15360941466929684,0.8836782511013604
3066,-0.1401373288881117,0.11441552878006989,0.06701922028357599,0.02372516665385404,0.6002168456383955,0.07553554524663685,0.06098215620699076,0.044805872374857676,-0.34750736022837864,0.06814283563587113,0.012448543933741674
3067,-0.05382492023036033,0.08031556946295484,-0.29289732596335405,-0.06239233564112323,0.0287517034875441,0.03157661309693429,-0.15439534547044811,0.15400645142564082,0.5011955390328765,0.03136452830453115,0.08127156223900368
3068,-0.025500787746774722,0.04504350715456058,0.6255863166524994,0.036338933428875925,0.07900159765739452,0.10089098865859035,0.03409861207856787,0.005638465452363918,0.02949582556681425,-0.013695441825840704,0.1865104471429686
3069,0.055770927493823355,0.05459205606845881,0.039445913869339135,-0.030274071265918023,-0.07746782321728653,-0.6263683996151082,0.00568884252085629,-0.0028830459034082565,0.09358378941113404,-0.06662283307252634,0.05722005533415983
3070,0.12720782983555806,-0.04399152107979876,0.3827657535297004,0.018516586475494704,-0.030082886655617574,-0.018650776148636562,-0.019050352832114543,-0.030275247156853896,0.06777456733919214,-0.13974213983815895,-0.10636731676687805
3071,-0.0806066351171848,0.7253776194166599,-0.0037699607266933645,0.02111588124837939,-0.008650167580573569,0.028768416961657488,0.06527833823895915,0.008405025341024646,-0.0724416620303244,0.02094640191375435,-0.07470987679716042
3072,-1.9081169104296107,-0.015582127638909525,-0.14405396049893412,0.07050646672535024,-0.04474061560848629,1.8330756646231163,0.08903380328477879,-0.05507441795874778,0.11916654015952888,-0.030544246611342966,0.07698118727341835
3073,1.5767659906944784,-0.005902829179572712,-0.14775357767656466,0.03125321523414748,-0.06395265512423083,0.08474918834016579,-0.9284577369256651,-0.020636612487636326,-0.0528946087939347,-0.09327764310828632,0.03497541157783261
3074,0.9018582301172454,-0.17277839314483293,0.031945229224207825,0.07823924221481196,0.0009985135270591996,0.02529952765325259,0.061768041488951694,-0.011597058220528008,0.10894092254764302,0.026249068183560396,0.036886142639126866
3075,0.6077137325089128,0.007318368147197838,-0.029473159953997116,-0.012209260042468764,0.02683073169855994,0.07186910141427516,0.033724071172599755,0.029356840033112473,-0.03475365211220921,-0.04477880985795579,0.05426442156762611
3076,0.1492003670950297,-0.10148317569871862,0.021351148798124057,0.03144527155391549,-0.03941282220041131,-0.003022019481369249,1.1426873798737218,0.024968447141183143,0.08847889496223586,-0.924133785316894,0.1342857114290714
3077,0.15081059463408283,-0.7277403947990522,0.06231976540265912,0.09218765205640252,-0.00312245695139311,-0.12555653379628076,0.07010226870435403,0.0012797748106752845,0.1794639600244169,1.0070184811652787,0.0059726611207267495
3078,-0.1866749833863395,0.9330015883381956,-0.06857223003581346,-0.005232056719200283,-0.007243964518474938,0.20191736677076264,-0.07070959319347435,-0.6810994575612332,-0.08507646319474452,-0.04451276332669367,0.11857016672232497
3079,0.014545088834201346,0.07522911616975048,0.05999267791742289,-0.4517435405176395,-0.023562316970515664,-0.011165765154009666,-0.14670746856859065,0.8166836309232507,0.06477432359165897,-0.02206001121367422,-0.0631286309907099
3080,-0.0994975267563032,-0.020920845561862945,-0.062311779340257126,0.7495714403082827,-0.08091092037594215,-0.12816856921690467,0.08505138222324649,-0.03470419101011576,-0.037681559471130374,-0.1505374138501413,-0.42178234171594126
3081,-0.07937187840994626,0.1547317472327066,-0.025669109409231037,0.06861102163291906,-0.7748211753472958,-0.08282281235955141,0.057962529125838144,0.04147130105877525,-0.17636642036940148,0.006714958082274388,0.9615721912886404
3082,0.07092178047021917,0.004206111156222457,0.05524202725052145,-0.019783399820355155,0.6326618696827115,-0.08162497409046633,-0.01876583019404664,0.03827554176392391,-0.2413762869532083,-0.0003827406455050341,0.01625673443686511
3083,-0.18426238359586058,0.0538136740362874,0.04593077166288416,-0.11875180897489031,0.019594443570224426,-0.06466151954715398,0.11588702180155143,-0.0034184189803627817,0.4990128056994266,0.0785104351981566,0.13108822468997425
3084,0.011892526389859267,-0.05267656690719163,0.5273757014352689,0.14994624328679737,0.026464330885576485,0.09578496939520009,-0.059009749321695976,-0.013419089459426268,0.06314442284315752,-0.0628615395883164,0.06309427019029867
3085,0.01760436845597361,-0.02428428516029882,0.00792828206294613,-0.08874535261751455,-0.04836787584614432,-0.7090570996695158,0.054794620802539364,-0.035929714656451096,0.12629825556688357,-0.030530288084480484,0.13698024974296677
3086,0.11166757864716757,0.1810058170098038,0.4164869510614245,-0.009682147668048495,0.06895191454005868,0.13457937244312085,0.08517761685698472,0.030271935649181344,0.017849557657611252,-0.05825202256435675,-0.01630216780844816
3087,-0.013868054644285982,0.7192593193687481,-0.026552186947576356,0.006561070080696674,0.020530343310718954,-0.07394538190314023,0.001435728158603801,-0.021732997367582794,-0.00023652869393428022,0.03810220036185207,0.030294131575816837
3088,-1.9571318860967315,0.07606455000249333,0.008597007551750703,-0.12381617778806892,-0.021979950054907032,1.6381838628865282,-0.079007935736716,-0.13896537486935234,-0.102835438489298,0.06629937524862804,0.040485590662925716
3089,1.381105518262459,-0.013707600382994449,-0.118230039509507,0.055700668679710505,-0.041404675628578316,0.05480244305054783,-1.0064619081456574,-0.03437716193587502,-0.12419717751524,-0.0256834060942038,-0.0030168856467329506
3090,0.9824973526893573,-0.07539773720192444,-0.09147542667348585,-0.028276738213883486,-0.059249047817370226,0.01295154916648874,0.049445685711882965,0.20235528734863664,-0.03805355197840566,-0.022929267040502584,-0.179150619860463
3091,0.5955063786353875,0.08737473784943252,0.012067843150979803,0.008918164630932531,-0.016778822539485653,0.1520473343166762,0.01411135963323306,0.002641551475921754,0.02864161704894775,-0.012760727434836092,-0.0023068399007873113
3092,-0.09965312165917503,-0.0863841626659762,0.021646565789904416,-0.05144788340255773,-0.07376004141566257,-0.022358166633127327,1.2555837180173453,-0.13361785018895941,0.034235487519740454,-0.8854455447877309,0.07219033689214495
3093,-0.08317995981130918,-0.6036701414347548,-0.07486168651172712,-0.18521390326205384,0.0448460872000179,-0.176807281734307,-0.06378818105163411,0.01614617872842173,-0.012411112287336615,1.0202375933168002,-0.015051987668925557
3094,0.019729031328779043,0.7264550798905798,-0.05033506185462994,0.05340670554993024,0.025687147243101453,0.02880149729570501,-0.06200518790606102,-0.6793442726761654,0.11465876336470102,0.03244324484030326,-0.009138146042630706
3095,-0.1606535650385478,0.03447916954339492,-0.03752875723404489,-0.5078014066567917,-0.027343722243571504,-0.12618207702213668,0.08376290595602986,0.7856921822281342,0.071114172090957,-0.03915916442621181,0.12140144498271102
3096,0.18000065489170797,0.027225407223294865,0.1193168742641855,0.7797651670152821,-0.05994574230030852,-0.12847290835934716,-0.0037413679506339975,-0.06132325782399787,-0.09810454339604888,-0.0037201955013619506,-0.7577788284160425
3097,-0.14429875733977718,0.08602924086412889,0.04867507892652831,-0.026709096700530236,-0.4323037030512149,0.3106708240124757,0.05368117072149482,-0.039825204959218846,0.04322920022755182,0.15146158994530995,0.8393581286069397
3098,-0.06255310001220359,-0.018146905693608502,-0.016078354907267372,0.021046479255482014,0.5974162533104527,-0.05155379180324284,0.13907799302240673,-0.03170532426423352,-0.2688115230586448,0.10609037664628669,0.06925714103098295
3099,-0.009338207898883424,-0.2672283081114794,-0.17944670060195855,0.018618356387910342,0.01134068301847348,0.06440104659406379,0.18793835344141277,-0.11787777943263758,0.5141068425981595,0.1349968704032846,-0.05602866754499951
3100,0.059112830452346374,-0.07640715519304404,0.564763732028812,0.020517481211411986,-0.074133437315587,-0.034700552293105695,-0.2253492960702164,0.20681686782540787,0.07475796535496695,0.10944395872105746,-0.049039848148435046
3101,0.022869910764271133,-0.025775277136282016,0.005631195883803142,-0.004226693212230856,-0.11851101041158402,-0.6649010069527725,-0.06239442166579997,-0.09892199667452224,-0.035133936380830184,0.03418446868677691,0.01881940707786127
3102,-0.13364183086943415,-0.056858366563015156,0.41963507221185153,0.06567925782579179,0.032287834469710126,0.15194186504301627,-0.1297890424737144,0.03198847577187149,0.049545097297973455,-0.10689238608138023,-0.004230135759828018
3103,-0.21927792810783028,0.7136083509796851,-0.0117078118814775,-0.05098636391543521,0.02147613892029883,0.10909900648916432,-0.03738769315765225,-0.011081477829021202,-0.10379475535819888,0.012608171251193302,-0.0696945961616636
3104,-1.8270514230950687,0.0608550256418697,0.1670594621732403,0.05293101264828791,-0.04901956009804132,1.6233002732212296,0.12649762470940928,0.04064052530354005,0.006913006355520345,0.15714740167260988,0.03448552433547919
3105,1.3849400948522697,0.05553997974946558,-0.10986384381308023,0.037324119646100995,-0.058978696800175104,0.10396588659364549,-1.021423406424491,-0.015162610596874643,-0.08875145277172523,-0.006489156091766864,-0.04116631127890757
3106,0.8104781232612704,-0.006642070149841792,-0.049375613829344835,-0.15321007115849009,0.005465883465163374,-0.17848689355182346,0.16114646263772284,-0.1794624913455159,-0.01081422445495773,-0.09826791615908398,0.13702053513189594
3107,0.6319300687308846,0.03262743605674683,-0.0674728256296655,-0.03407160364634313,-0.02734616313851355,0.03278736982521627,0.005904490737119898,-0.009693230023790616,-0.05459595877996409,0.01162164105394497,0.022544459525052542
3108,0.0033652530698550977,-0.03607912012981976,0.09056833631309714,0.07054539179422778,-0.19536431930827938,0.13940266680319346,1.2821579569078019,-0.05890611065228339,-0.043576602045354046,-0.9694475797726597,-0.04567934254435599
3109,0.08134200148114414,-0.7453966331115441,-0.011674120944179005,-0.05632498994020772,-0.12188540324758705,-0.13922869493574158,0.06680941759662797,-0.06425809967052015,0.03704696373326813,0.9892111368796772,0.018708884161219616
3110,-0.05788818248061588,0.9244508022338435,-0.16523589979540634,0.04257186087800012,-0.06331995339317524,-0.02298542467825586,0.01656867000560673,-0.602119626661259,-0.09103079647504154,-0.028392225146981018,-0.03664107779139897
3111,0.024666126559303468,-0.07823865633568163,0.09250871845025026,-0.4993299102636265,-0.06832142528079133,-0.03723032774982039,-0.0748557696893685,0.7573783093432042,0.003765080606299539,0.06686182304828384,0.009951078852966273
3112,0.04877283670949065,0.0318819367123307,0.10207796352404881,0.817871365319253,-0.01733171496938974,0.05763519147127183,0.057762470480353184,0.07534535558155445,-0.04891608990499158,-0.0396928287364246,-0.5777758427210756
3113,-0.02077692753069217,-0.03452472378562244,-0.1371515802354267,0.02567761634433112,-0.5848866067882986,-0.11884813485309906,0.14294674291923828,-0.06640279510415205,0.058772023815503414,0.101464274020464,0.8686993921111106
3114,-0.0595372301606458,0.22025186730117302,-0.022076048816198665,-0.023118831544336468,0.6096765417902961,-0.010323739438435096,-0.10380980470321272,-0.052873452406330575,-0.17267521622070608,0.09060650339960877,0.005477723605871415
3115,-0.01730993057015121,-0.03357173943123573,-0.056921732330307756,0.06339829006912044,-0.06814797723465267,-0.08140983694845491,-0.18030071509496473,0.05179524430539527,0.461530154203487,0.013447360900349389,0.009995408033015421
3116,0.0389238433606429,-0.04546541745362129,0.606088196626549,0.24433811703587907,-0.011110797792014727,0.13378770986709929,-0.06877717901298586,0.06033451982257588,0.06758671974330023,0.019611888332002284,0.1334612425213435
3117,0.006203330481695679,0.017636903687384898,-0.08820757206729414,-0.05428016147624686,-0.05153924769642401,-0.6538513556403689,0.12476724931393036,-0.08091113966219102,-0.04597676495059125,-0.037553484222771424,-0.02001172056673814
3118,0.1033496088834627,-0.055049869612199334,0.4481303875762599,-0.18953340401502142,-0.015285299261713577,0.19005873649856303,0.0581723196707688,0.3234065233086931,0.0600754198856832,-0.077611889662941,0.06318086695148176
3119,-0.1600867094564958,0.6256077583564443,-0.00869663472633387,0.016822511433877065,0.04218225064747809,0.12116808325400115,0.15794764674694084,-0.01136005178282697,-0.010706723396036627,0.11301930035105096,0.05571859184989876
3120,-1.9047979371189327,-0.061931027195034107,-0.052127932136528485,0.04253400352063381,0.1662203981798019,1.7047936338552683,-0.0010294368865759438,-0.0640027000937668,-0.03351192729382805,-0.029568628229677242,0.01898974408855591
3121,1.4949629697196416,0.07274418066730462,-0.057940761025672374,0.048240248683147934,-0.031299045546347895,0.005376897400955668,-1.0210709687978647,-0.00824330778767604,-0.08206365849335082,-0.007695039451735105,-0.08296612786962383
3122,0.6133370910984235,0.0035247987945415307,0.00782605307927368,0.02095991124472262,0.012117489922624411,-0.018433770343614632,-0.04391416414563262,-0.053841982892013626,0.007237297690365506,0.03134891820199569,-0.031439810611170085
3123,0.5809360487133897,0.016839722315949004,-0.020213728349765075,0.019322529661818702,0.02146477571398485,0.06525605111869004,-0.039730512634557444,-0.0065250768611428735,-0.026071164922545863,-0.016255220235698722,-0.02420967204480572
3124,0.08937774948298184,-0.044592916216263774,-0.02069890291844043,0.020231292324073193,0.13225729413429355,-0.24416671996962308,1.3460771226369397,0.06725816037481644,-0.0016604344950619074,-1.0357348317160633,0.01817009756757209
3125,-0.11176480110660071,-0.7153304625878238,0.0981121999022947,-0.05472239525904414,-0.09777928822573231,0.09614342044143102,-0.045756049275688854,0.05450387975341697,0.06607655233338633,0.9553269792430477,-0.006129975681848041
3126,-0.03683883352140333,1.00153755678005,0.07293645669057156,-0.010857148618577747,-0.11215879742275807,-0.11196717256240306,0.05362586005677831,-0.48081374241450914,0.011190037249366163,0.09038262774396312,0.06988974491308711
3127,-0.05462907911364154,0.02922760123467971,-0.026297697806696618,-0.47994599195088655,0.10804703794515683,-0.00632565788910916,0.054901889593302784,0.7978983961566614,0.055908504910933673,0.16109826332131652,-0.019218055061684274
3128,0.1755229766871904,0.01174323791419824,-0.11605063850475088,0.7843670871260947,-0.03670547910025469,0.08003619074935746,0.10368305191735516,-0.04467390101233052,-0.1454617399078764,0.08183385462706043,-0.48620700976153175
3129,0.04779867142038578,-0.08889805337833152,-0.04076500813884097,-0.038677089705339625,-0.5600653795823017,0.06763940459889425,0.09727916286873867,-0.07150976212717314,-0.08456809653388132,0.01010457645392314,1.0248236241770847
3130,-0.02559303539707562,-0.14101130795166583,-0.04850225304559509,0.03146301952156885,0.6062068381384955,0.17907302477941844,-0.04058963030246866,0.10943013659183212,-0.10333451677720168,0.04618815513520057,-0.12833600771516057
3131,-0.0135337996057298,-0.005097748028587038,0.06575702296701373,-0.034413690102612915,0.047862535147525344,0.036814735113425756,-0.11251322332162379,-0.07341422566277686,0.5013757078509766,-0.11608012876937604,0.033495578626105235
3132,0.15296084731647344,-0.018806590099125553,0.6163445908818971,-0.04658071575523193,0.13996335625760023,0.02128524859141481,-0.01170816356996381,-0.04487920308284641,0.025023966660677223,-0.20612212258709733,-0.07449557367885977
3133,-0.05907093188875717,0.09049177333286214,0.05045894846655382,-0.08005085787317759,-0.052202975886237055,-0.6906556128048223,0.008962568653926145,-0.07902961693357063,-0.009713548424401116,-0.023090535763968932,-0.011991539433235129
3134,-0.007056807855092741,-0.08972686153734838,0.4183798861307044,-0.03118397583581501,0.06782509673864459,0.08684321382355797,0.09075468986975434,0.05849767923492712,0.1566774818290089,-0.18060623388925393,0.01496400713636625
3135,-0.03417053638311093,0.7443634287228468,-0.024579332835289673,0.01600013373088538,0.01600934496659661,0.14745788776382496,0.09187033605596986,-0.0004606633498276825,-0.062436818607386035,0.03902056439341945,0.022457391590180214
3136,-1.6076131004512468,0.05556444141731875,-0.011706504594124336,-0.004233783924717079,-0.0395109725975737,1.9632819300337283,0.037760961905445145,-0.05366396326450298,0.14223207454009376,-0.12049079080344226,0.10547213065938935
3137,1.7297971541285857,-0.03259118976145874,0.15900763788796288,0.010788935818727929,0.004232380739476147,0.034345257600386425,-0.8837932801277175,-0.04582340828451703,-0.03212780318882271,0.01348713721247635,-0.013695207889487974
3138,0.9657967392659603,0.16479758166353206,0.02730069638032449,0.027269479089654037,0.0186215861721213,0.09431580800462672,-0.03338454900491192,-0.007755986535455025,-0.12529633518754452,-0.11620920142891328,-0.10757001907598332
3139,0.6159350242275579,-0.010585452884623077,0.0073681157777158125,0.005144963321271549,-0.017138512569258295,0.019970695463854774,-0.036244211354406024,-0.030011195005821896,-0.02057609617600667,-0.024789933500204087,0.03581766535770835
3140,-0.06802618529994754,-0.15394782333070464,-0.011748994954597478,0.08003919345253993,0.07879939323122614,0.007657376632339733,1.3381096304506679,0.046135719807985386,0.136170349342406,-0.9154470010030871,0.05776859962278243
3141,-0.07166959568790841,-0.7123961378382854,0.09974824094994673,-0.06283343762812885,-0.021220916864380497,-0.0194763021501186,0.13640627760974552,-0.00040681329954730526,0.04330302079779274,1.0384892084587236,0.03130698100917707
3142,0.018554258876239675,0.868050734111447,-0.037226805172909265,0.021867389084669862,-0.0131565341011655,0.11379933712814944,-0.036256014113947556,-0.7207987560334526,0.06358707795670032,0.12439607141344074,0.09249844035877408
3143,0.10218035652624263,0.16645198638374004,0.04212273617275932,-0.5304254865960144,0.015867230643456166,0.001743570667224751,-0.006897592400768506,0.8868391788337173,-0.06726251119515617,0.019100687926281022,0.06121236550223883
3144,-0.1835231695438324,0.045795571266248496,0.012694388565482575,0.7716288711129049,-0.1318442720770301,0.17914510965438263,0.1457348998070356,-0.0856068566245499,0.04672644251134474,0.1325631490675742,-0.5944207342382292
3145,0.24280670709099875,-0.0777282137650936,0.011507584290996695,-0.07059670107068394,-0.6441771139936806,0.05674484327133536,-0.06436371125538407,-0.030156430640461303,0.09625487512002114,-0.10216215111203665,0.885304675952017
3146,-0.08334346025187352,-0.04759555861599303,-0.08755835333772567,-0.029923475697024783,0.6432252758750423,-0.07094488522459977,-0.12671866632675288,-0.03505714284418631,-0.2992554587726226,0.25234787419574317,0.03300068490875516
3147,-0.08269352657610599,0.02955554166576825,-0.0299948230595799,0.03490810638435179,-0.04295597467014297,-0.057002070582840125,0.02373878428594759,0.07425394988740636,0.5100804736688022,-0.07879818923406486,0.04791701895648388
3148,0.008720458135063424,0.1592601541734839,0.5772281434345368,0.21950059007841413,0.012826782666726162,-0.09344781543391158,-0.08132668065903291,-0.04150584512591655,-0.1744623596277791,0.0765846680280669,0.06512972184634569
3149,-0.013138014668281328,-0.020437520330513097,-0.010359981668536503,-0.07876948594251426,0.026456208433413078,-0.6364003345789238,-0.005438627164571665,0.08203368640778107,0.04768741761190468,-0.04084815978799485,0.05654522253811067
3150,0.033197298035851634,-0.12447113300295866,0.40994086042220285,-0.10722738031872102,0.07752707796587971,-0.11693409987669902,0.07909767356199858,-0.001514873987371755,-0.076891225442726,-0.02528439068919866,-0.11159787714729297
3151,-0.0516476166957677,0.6745372954452542,-0.06411680233127662,0.01278358136925827,0.01790147812908592,-0.004920455840376134,-0.07276400045334201,-0.011072707241187023,0.08411096270518631,0.006235319155020853,0.04758459242186737
3152,-1.8615259249683977,0.03640484243875856,0.13901677401243395,-0.10439909268216863,0.0032378925874481028,1.762048413893521,0.10185123315905387,-0.023551136669848774,0.17261379520383624,-0.0881404260967538,-0.04671461370895788
3153,1.5658663568088382,-0.007887723693610627,-0.06409525870194976,0.05675365392375297,0.024910374716708615,-0.12877970589195398,-1.049531377774923,0.09305288725285459,0.0823844850971636,0.05365042446086592,0.027141155390383313
3154,0.7906987221357188,0.033661387270388476,-0.1049186696935277,0.05822950062047497,0.014816396176976507,-0.02531465584078678,-0.050818377133218115,-0.052033634441228896,0.05075578775969193,0.05763367186962518,-0.11678417302084515
3155,0.6595022513947845,0.032571491475114255,0.032575950400511214,0.0006610631143072381,0.020872955305776635,-0.05094204668851207,-0.03424229557841661,-0.006617605653369003,-0.03388395586361752,0.005966060013954793,0.04402295519781787
3156,0.009930619152536345,0.02880992314790342,0.03920846150092016,-0.06846709480565827,-0.08644522757767452,0.1156322198865799,1.3683837626055513,-0.10484118886940973,0.04876949929741015,-0.7918079830647413,0.04524832299687573
3157,-0.026776893620271663,-0.6937142479876639,0.050932560272206995,-0.058986715109416554,-0.010371292466903374,0.03113376935612731,0.06864932564855791,-0.11335333626008989,0.08631935416489152,1.0798897449795382,0.04738391795402504
3158,-1.0297594377719176e-05,0.9817057931985336,-0.11152921080160305,-0.015500250260008418,-0.05749254108258123,-0.225126772145523,-0.06486196489917789,-0.5791399580422969,-0.12464999560069848,-0.05788350611186214,0.0924680973210964
3159,0.04514163863128165,0.07187960980233225,-0.045311781379799396,-0.5850622749241253,-0.014009114018115497,-0.050726413351453635,0.02541804714205758,0.8640155993278162,-0.008570953862395897,0.08860607596476269,-0.09947771253611898
3160,0.07552231724264889,0.11822400687303869,-0.09178631635400998,0.8022360016350791,-0.11601124716470282,0.06687744033573167,0.09170385013990678,0.03797100768390801,-0.07399210316405574,-0.002192838031952419,-0.2418676715679632
3161,-0.020401493520383847,0.016523340901193475,-0.029903146974091986,0.017908181798586338,-0.6049073678383143,0.11856540622334724,-0.038928815549908014,0.05929485446680346,0.11824347621440161,-0.2964815631834441,0.7847145942309987
3162,-0.12627021175920286,0.009179727207863963,0.015112058335352816,0.038697760969215456,0.6159677571041332,0.15450280902958066,-0.02116091067241182,0.01592053776601022,-0.25215582962394434,-0.07213824536099826,0.1290903548953878
3163,-0.014996606493176655,-0.15263547916166054,0.20508254823894023,-0.008950184204615252,-0.04519793059097694,-0.0059058207969726,-0.047106872197591715,0.014334480213203219,0.532013467127808,0.1265358155896357,-0.004248409763989235
3164,-0.020252956056392723,-0.040853097274990445,0.5598393403805432,-0.1037790551497486,0.12509343252737404,0.01869285137278015,0.30293247692280645,0.1094608692223602,0.031201105765176,-0.14813125641436475,-0.00502733067733179
3165,-0.07835181964011982,0.013658432526396223,-0.1377189928943599,-0.03053819372573064,0.11572236294012946,-0.601702237735553,0.05772730254525488,-0.037275795843692984,-0.1063921931171915,-0.010064777109835528,0.0768413814371884
3166,0.13193968655485735,0.02943001454785818,0.37992633993080144,0.06830313829219982,-0.07182331556484148,0.10609794247492069,0.04811652873902298,-0.14323213106345564,-0.014924690361847676,-0.046130381281240106,-0.054537606675878494
3167,-0.0476236596705247,0.6209556564045019,-0.03547659439342417,0.03525044529337717,0.029337597610726435,0.15423113722109982,0.12587878856120116,-0.042145578253007465,-0.005353566569903181,-0.03188394350211117,0.0037942203728533576
3168,-1.8744358493149538,0.17812866686456189,0.04087330150037023,0.003967333279664854,-0.022945000978602893,1.9284420137766205,0.016073964722271156,-0.021314096858575875,-0.06968267187992774,-0.08681050473843134,-0.010627148876452823
3169,1.3328922371037473,-0.01392005413320329,0.001405805563295485,0.015337148604241516,-0.03337136380282279,0.11313268753188042,-0.9790037045395193,-0.05944073274078068,-0.012515446822797488,0.056464218967569584,0.08581455041220293
3170,0.9605461426155488,0.004080522398139861,0.04695577383995861,0.020948071429920712,0.17881540013921354,-0.008764446435769568,0.10959333826283962,0.06357988803692913,-0.08908729394191764,-0.011602656370485555,0.04884459538998829
3171,0.5982554054976659,-0.045594664251014654,-0.0085467881391188,-0.026047501186575756,0.009016627961269046,0.14083590549751207,0.06607614002407419,-0.04514034184493423,0.005964904696958118,-0.01519518077485969,0.001829748581696552
3172,0.02542900390210609,0.010756403144058796,0.05391482725053959,-0.006637270640704958,0.02563619840798855,-0.004523250181029627,1.1945388150479757,-0.04262930431682347,-0.1212221929162218,-1.0285373519601233,-0.007322383521840904
3173,-0.1881551644354399,-0.6568617347060186,0.034873786044705334,0.12485857288103773,0.06459515508620153,-0.0893194844372745,-0.04281799576673332,0.02283149287405012,-0.12440367916598462,0.9257126145810426,0.09410470212830506
3174,0.03007072474236474,0.9840377633160784,0.047406755239451544,-0.0030822828472119876,-0.019049541823167225,-0.04188417270375005,0.03733551171340131,-0.6456386051906461,0.042899507176744,0.03225945957782286,0.07709874325863766
3175,0.05772121785165601,0.0020089837498799955,0.007300698793999622,-0.4972884371270128,0.016105551929821015,-0.09920780877765448,0.17552345400064379,0.8507240248751583,0.09982252992245715,-0.06803644918577334,-0.08124623674495551
3176,-0.06959587080071182,-0.06846611157359692,0.1041386352155794,0.7049963071234511,0.12456109304139577,0.032016942382451063,-0.056512140396914004,0.04770124587608893,0.09340908324709207,0.116678706806702,-0.3854755267154368
3177,-0.18656426711329643,-0.07836481697248875,-0.029729258639123665,-0.0133153127119121,-0.4700622984634655,0.1092747237568359,-0.01755239662838376,-0.053438971975360475,0.057181069754264506,-0.12662780087715617,0.7937322227420734
3178,0.04050441833610009,-0.15274049845594306,0.003641151841309701,-0.01783972982700569,0.5807954328813794,-0.09910193806944519,0.10645723352790437,0.08494843934748321,-0.4777355516606059,-0.04061891451447442,-0.04786414968912689
3179,0.05487571708442554,0.018803663646636538,-0.06750148823116649,0.016724246572830094,0.025552461314297857,0.041500148307983216,0.14685725648424186,0.059435156389198274,0.42288129608292224,-0.018215744582411746,-0.013460309257616699
3180,0.18631279490081679,0.04441329693058986,0.5705387800561754,-0.07546434186228547,0.1701443067867042,-0.024593362999879465,-0.003386569032063725,-0.04432554729838092,-0.060618043767905715,0.16610255651703856,0.2075584905519992
3181,-0.04643799981959185,-0.012061140855398559,-0.04118540575774996,0.0405675546044381,-0.01826153982985959,-0.7259554561865856,-0.016625378175447347,0.01717453553005063,0.09754175817181364,0.025151167393345646,-0.06174067998737316
3182,-0.13575547527570106,-0.15992661591898658,0.4449288136669001,-0.09982497682625821,-0.04376982053699584,-0.14772404089080887,0.0005647805390946422,0.00047184905805001194,0.04715714914903588,0.00612066522054132,0.0881422331017811
3183,0.04467180369236444,0.7062686006580701,0.045845540069125196,-0.06002200214486499,0.013002482498674561,-0.02843708173860096,0.14329493304430163,0.09142538715587031,-0.05516089584245593,0.007964747620534566,0.04441655760523171
3184,-1.6977082474483196,-0.15059949765903216,0.04099940418833539,0.09630853519159735,-0.07152626148780185,1.767726300452697,-0.08966037193762728,0.02400097342296674,-0.0356431376663136,-0.06662814962535386,0.12220190007705789
3185,1.3242011843174029,0.05319212567484687,0.1406736958491632,-0.06692691392959355,0.013561781882595164,-0.14049049874625164,-1.0105613218002658,-0.04543842871300482,0.006491328991965079,-0.0379660444161311,-0.006052797100447086
3186,0.7537854383642608,-0.0771945238575803,0.027673821570092978,0.055572158178413086,0.019679923444099537,0.15355262168891198,-0.11681670357753889,-0.09330756454711023,-0.07159450678807913,-0.1096449011857829,-0.04730537850091166
3187,0.5841526599593475,-0.07141173847806634,-0.046452697654469244,0.03264028640399759,-0.004890381991882543,0.0038066938823564656,-0.020197661803040032,0.027786975636969934,-0.057579957931611504,0.0777800245294425,-0.026586740290704767
3188,-0.2591674469126966,-0.021209944201748335,-0.054980600892734106,-0.07099759459787826,0.015177513639121157,-0.2188670528965898,1.476802560622065,-0.057873704471055776,-0.004780524614159216,-0.9395848894598556,-0.054436891755460334
3189,-0.03177396784659683,-0.6965121725308299,0.053517707776953895,0.032545576395899715,0.12448637322946175,0.08374890228425198,0.0013573180109884768,0.023160537133817004,-0.1769408609350997,1.0048584665306632,-0.07274349982004623
3190,-0.030630657544414033,0.9488101943620728,-0.04184128119775416,-0.10444930342841939,-0.014800718296404454,-0.010279705154280895,0.19384130055807283,-0.7792891133704781,-0.013735323394811545,-0.04966072056666291,0.06239589731279391
3191,-0.01509603718119054,-0.028626586094233634,0.01780738550350147,-0.43932222469825866,-0.004063527190538701,0.02166630192811135,-0.0024280226007801584,0.737890499787515,0.08445020828360765,-0.07103452319937914,-0.07527024042934083
3192,-0.20605306974743962,0.024256668167545046,0.2960186596832039,0.83950005523704,-0.0999509711551272,0.3374231225604455,0.17088675952763335,0.0035671912116199103,-0.0399900932338587,0.06829350343666253,-0.4893831091829989
3193,0.19749379172273426,-0.17500430160811942,-0.07643028348769118,0.005670847797456894,-0.7013308191751025,-0.16791020159229164,0.10364217992207765,0.06615172333791905,0.20310173694533748,0.11255291310013481,0.8619593726909064
3194,-0.2255001454656844,-0.043345039011633814,0.2098810332534025,-0.02307522284302572,0.6029478606871032,-0.1688541053169151,-0.16046641492098043,-0.08937927675253635,-0.3926046550734871,-0.032777949046409974,-0.010890341394824416
3195,0.04221755313672852,0.07634742031060146,-0.038341168701952984,0.03811773375411612,-0.10018654056210513,0.2204786690790051,-0.07160407343475746,0.021665444149399478,0.525042246766569,-0.03700243027713128,-0.05526285016888685
3196,-0.037816061470549035,0.025841767332595515,0.5754479591385058,0.10801233272458392,-0.12246295568010733,-0.023849950555841798,-0.0030664715979364316,-0.13090160354670446,-0.019602250576653768,0.015042785441869525,-0.035943717990352696
3197,-0.02440309812751676,-0.037396801995866626,0.061962921561814606,-0.09092089369588653,0.06099466496757318,-0.6518468649719255,0.05233170218974376,0.045239731445395844,0.009523498637875352,-0.025024656343955287,-0.08387232328453678
3198,-0.197115726904185,-0.06286103746437889,0.43277191269662196,-0.07314991310635602,0.09712515632668471,0.037754650002131025,-0.0368530237459263,0.09353893493146162,0.0741566195486306,0.040047052027400526,0.019690858296480505
3199,-0.05979012739355703,0.6572124795221288,-0.08524705266930072,0.016602652325963224,-0.0028603874820329767,0.06802118994509229,0.14128265198891238,0.015427846426816421,-0.03787428371473703,0.09854542020993004,-0.009435210726156794
3200,-2.073269962837595,-0.010098724612048237,-0.0049605609983069295,-0.12057660979685265,-0.04559159475669644,1.675765081898929,0.052951130524001244,0.1340362164046348,0.20056612889268366,0.037799385016652816,-0.058979777263848406
3201,1.3630292010234322,-0.0038658082653188408,0.009595886819731088,-0.0881917727573377,0.004789638404136635,-0.04598373417919425,-0.9548910910483505,0.09571655831865315,0.07158610576430276,0.03587724193149359,-0.017889086087257172
3202,0.8151376216829573,-0.08288745730481123,0.07878896983640435,-0.18716370904609483,-0.00473785851479917,-0.002689370380606168,-0.012162544613627172,0.09096969159199202,-0.17062463120062474,-0.03849839953780404,-0.2311001736618139
3203,0.6457736972208235,0.0033119708541259306,0.025967857923696273,0.06311601545531882,0.03423630084961652,0.05493143498569958,0.0027832308155288114,0.006803745156773939,0.0743625317354129,0.047918248142707016,0.07675115224600088
3204,0.03062786819842512,0.01047553328610439,-0.09594961611261865,-0.09924989061781447,-0.010068509333755107,-0.008951183607661483,1.525629889030396,-0.08498215386986883,-0.035483356728714596,-0.9604035873137446,0.03288604761120609
3205,-0.13785827196968561,-0.783403394978586,-0.1772645854391816,-0.06893553620381766,-0.09593112934491556,0.19451503939858425,0.0555624597293833,0.0776002306599669,0.1531673132217218,0.7905513051405887,0.00165867997129183
3206,-0.026334424631479607,1.054853192107007,-0.03443042580873476,-0.006005195341724467,0.04468826586663004,0.11687075855935518,0.1596759766939516,-0.644280499308068,0.04476627034126798,-0.028691193350390123,0.0449873217030357
3207,0.22204121994908238,0.059176122363360874,-0.12960163663610674,-0.43757708767787407,-0.05757978153927633,-0.14092518550481403,0.12190617696391813,0.7986229717821091,-0.04646387732825265,0.062075307860694325,-0.054391288961474916
3208,-0.09408639743720426,0.13507124514654703,-0.024770788572006958,0.8036344532233146,-0.00787831828032026,-0.08340580888131645,-0.0679373694261384,-0.031201011665447434,0.03581356485496817,0.09540612833207901,-0.6669642356680493
3209,0.1329935226725155,-0.07181182319285348,0.07069262480474175,-0.05593504735653469,-0.3105319641915266,-0.03791969306229933,0.10068757950300983,0.07957776530091747,-0.005377132639437283,0.149556364499652,0.8466099281968636
3210,-0.08146402985693167,-0.12262862312800259,-0.04356546786260068,-0.06392593652859752,0.5593919099784458,0.114541421494544,-0.11196003715617497,0.07295552500068765,-0.25490121923166636,0.006414511733463183,0.017891699105864963
3211,-0.2645228846068188,-0.02266205736647288,-0.1272153145445546,-0.1504121612958376,0.0191138969653447,-0.08910349762229829,0.1630739469882137,0.11440056381661036,0.47353504744562225,-0.01689344389138193,0.016923167198581418
3212,-0.10496101793113313,0.10309827710380394,0.5748314672956277,-0.21339283857009575,0.12856167733952742,0.03573494474399076,0.06888996321199636,0.04331659812875356,-0.03609041160696756,-0.039959347719329644,0.07214356349189148
3213,-0.018340885011110954,-0.04049576409025965,-0.09440573954480726,0.007763756694241785,0.0013464753087225074,-0.6705703719001477,0.04744425083646058,0.05799517884081693,-0.04641247030001636,0.045436993897620445,0.07417288924752383
3214,0.03812903654271098,-0.12714615100679127,0.4229406125961475,0.07357958858034765,0.07632200049403358,-0.04243695939877971,-0.09692965822080732,-0.06094400489302203,0.02024019274123388,0.10162315517745103,-0.16990510513362295
3215,-0.35337275882455815,0.7235878448118452,-0.0661925091371842,0.03868375623108325,-0.016208013517513775,0.20097675013919342,0.14257822546695775,-0.007593873438967294,0.052266020757187684,-0.01993821610155383,-0.05811121253381926
3216,-2.2352608611031473,0.05461271431264541,-0.011608923150685981,-0.00034999632713861523,0.06667338072770373,1.6817338556035875,0.023559518109210986,-0.06567158399721293,0.00115382179157034,0.11277099708164655,-0.01375033630509731
3217,1.5815301074342651,0.04511077597036868,-0.01191645796820589,-0.02890233795763181,0.16410470650884706,0.07682170922678512,-0.9247842577926932,-2.8577172614806245e-05,-0.09481993038355148,0.04089299119144529,-0.0552002471487366
3218,0.8541463715761084,0.02032716567887643,-0.0347158445204264,-0.044721735695814016,0.07860028244943126,-0.1917003037563303,0.05557238255927352,0.16788467784371588,0.08773406799058016,0.011356600420832388,-0.0416363351516789
3219,0.6102578607036773,-0.01005864080046387,-0.0014102092808519996,0.0053871098178613795,0.01591703775418902,0.024110514120185514,-0.009236857884552302,0.02980043672163312,-0.045768488482664696,0.019661570554820915,-0.0016778243282118397
3220,-0.19333130821527567,0.017004914200403752,0.008279634863935733,-0.004524783381899479,-0.10435646093643439,-0.04476788569084516,1.4604550733755346,-0.13209355523699756,0.06183680247857705,-0.681104130779011,-0.037339903853844114
3221,-0.21686071138999347,-0.7862928283120585,0.03804974700357262,-0.027006853234009275,-0.022488651067882653,0.043579859779001626,-0.010653405719343003,-0.022575705282288683,0.013996811224447502,1.099906537842296,-0.037509307851884555
3222,0.22931058462407936,0.8947892679645175,-0.13231126986429467,-0.03676911289858703,0.02738645393922258,-0.07689188459292048,0.047334865521327034,-0.6970059292435866,-0.11633122143441801,-0.04418250739245408,-0.01756180753187863
3223,0.16471588744602395,0.013903377735998835,-0.013177426821467175,-0.6550163458259224,-0.03683769771211511,-0.02750326435615575,0.012163894783766765,0.8399759627889638,0.06326206522948731,-0.05434189061839202,-0.001265458688171156
3224,-0.02266847054780544,-0.0051979642173255345,0.09339222662500635,0.8149141384298727,0.09891393409972934,-0.05440056268409386,-0.2599395853790965,0.04964959921860888,-0.11851958598831719,0.024132307920171507,-0.42371945808847183
3225,0.19220390871014156,-0.10521662733443042,-0.07302862356783055,-0.025543433899411473,-0.7178865879593109,-0.011839128805053117,-0.16016850891288317,-0.0004767526465108505,0.03444278652929959,0.11033741311603051,0.8992802047542792
3226,-0.004619572247947663,-0.08617193332295128,0.014278159724364387,-0.005366939658622847,0.6560690001885232,-0.00548985896527803,-0.137766683930718,0.06099046549179932,-0.32611473509527317,-0.0198320125918937,0.014955555761346535
3227,0.12993907210126876,-0.09288540008352689,-0.08589919668308081,-0.015560039424866976,0.029112759777006038,-0.002768366093847204,0.02917326790187722,-0.03124700631157274,0.4932846012033413,-0.16389110064097448,0.050637417030474724
3228,-0.08946254892378723,-0.14223925460845804,0.6017968562577471,0.1391736620392117,-0.1313723077178015,0.016789707425006635,0.017907097588045845,0.1437237605292188,0.035072851812317486,0.04312265411838651,-0.04545262612813537
3229,0.08916011500859229,-0.0655206539472628,-0.03490905501235355,-0.04574819811956098,-0.037319389993847596,-0.6934244349314379,0.08419597035937809,-0.014470730429473678,-0.10730321513193629,-0.05017188964602796,-0.07589124739937307
3230,-0.05017220447146439,0.04368343300011709,0.4125089245424379,-0.0061075331101022624,0.003454095729114703,0.048738349363147714,0.011548190826828907,0.03689798055026397,0.08590623130408906,-0.08244423781656747,0.06216556427641497
3231,0.038729031782730315,0.6781584336496049,-0.1038475668654312,0.027018110316320735,0.018941698955216857,-0.1777965711409658,0.007234420202258795,0.002763145821551527,-0.09403719067582086,-0.10936332431530504,0.037417133191764734
3232,-1.9796964634370497,0.113931187046302,0.04184724156107242,0.12286062552099616,0.04960240631721127,1.839775019853056,0.007813714349119956,0.05878421053384187,-0.0322007148344567,0.03090490609657794,0.011274343649242877
3233,1.5047189112913966,-0.035302604408867774,-0.011486641104390164,0.04419400521710697,0.0390286508370406,-0.051071120249623674,-0.9998112372212371,-0.027568035989263655,-0.02806395126824598,-0.051246881036204193,0.053323082950697494
3234,1.138108917338947,0.06889715148415576,-0.10573826365044912,0.052445243804487895,0.009680808074301528,-0.06981801702650114,0.03121514020250128,-0.09617365536045021,-0.03175498766620624,0.14850083142496265,0.10204137126283779
3235,0.5850530077235043,-0.046353918578923965,0.027153069636497013,-0.02140888963572752,-0.01924150816246029,0.08371603710053149,-0.0020023257863363386,-0.006122868684492678,-0.07947478606484754,0.018432591617228204,0.027569902177902696
3236,0.1263122317741351,-0.011355429548541345,0.03910341712632827,0.023980708982839084,-0.003423916796525591,-0.04217958295739286,1.3041477898006397,0.06912024436180363,0.02919195499068889,-0.8908018239543396,0.048380619311277254
3237,0.1955656137420346,-0.6410102483311082,-0.049039753862042436,-0.03728600298530702,-0.04864774325324704,0.02017053959338326,0.0681214546550837,0.0778972509566451,-0.07552258420329029,0.9285755566196013,0.01209086553526245
3238,0.22403050673882516,0.9813141265180652,-0.03864052757613151,0.06854408700349511,0.009266636395365287,-0.34769347757736513,-0.12316564389589583,-0.7042044422450164,-0.004579589900234247,0.010198086794896645,0.03433857627377123
3239,0.06365465952133023,-0.029734874153107077,0.026300309298409624,-0.565630512244721,-0.026058738707059326,0.1045404220178483,-0.09264465320687594,0.8105971605174909,0.02620457896959538,-0.15725839382788173,-0.021789159952202944
3240,-0.008872241659626006,-0.10040896237673819,-0.024787492266787527,0.8255112259258026,-0.010734113025589636,0.08050815143075332,0.10541570853445076,0.02295231457765583,0.0630489376182874,-0.045608710585614026,-0.7848135320468337
3241,0.10160618554040068,-0.004727370119322154,-0.10379019213589297,0.00840984572636767,-0.45350784872099686,0.02074637154822979,-0.010835533887227747,0.007882951983358519,0.018509042967467533,-0.02192423066204035,0.8911229524205366
3242,-0.010696104285689118,0.008729951837583247,-0.15792105320133756,-0.04341435540447087,0.6091772375331768,-0.054507522605906945,0.035583042778532636,0.044944506819331306,-0.2823101340207113,0.052576505792665824,0.016226662235326962
3243,-0.054367136256524146,0.028155824840742333,-0.19246672138332985,-0.03078127434042992,0.03647453031010083,-0.12254397977914569,-0.07881078646667253,-0.08524272753055193,0.45488426218712075,-0.010461965406753624,0.009468244291675818
3244,0.11913950710152538,0.10472644329483234,0.6196776320610828,-0.014560726274163775,0.08412961719403027,0.030166229280867485,-0.10326272541381482,-0.05218037933583977,-0.0022809509217499233,-0.025071320835409826,-0.008744984962840726
3245,0.03571729067642748,-0.044658199120306746,0.05094255224944541,-0.20846899018550386,0.022057567728542726,-0.6986572947085437,0.006302076593909968,0.07429825322753018,-0.09656338452503192,-0.029814065257409504,0.02712350570043854
3246,-0.054546671013433745,-0.09278818275089197,0.4339942461521399,0.04623109157861695,0.07167754973091944,0.09739941596098001,-0.2815845562181183,-0.11426054467103999,0.06066871882213076,0.02762664638630683,-0.06951247160497495
3247,0.2011736638072763,0.7064087538008818,-0.037553141719687114,-0.027589325119785124,0.06132435219404439,0.008387919672520124,0.08419097185395034,0.008963118631199831,0.020135789025199274,0.04039193871356881,-0.01100189813068613
3248,-1.9438602483485883,-0.05369076262297705,-0.015961321696975197,0.14188852007508573,-0.006661524146802981,1.8436081194915797,-0.07347923033963608,-0.048494766000523756,-0.04050436276651966,0.10820630843602383,0.05451433596490773
3249,1.7322749265253972,-0.01349800093673276,-0.012064220612883808,0.05766899708107946,0.05680345693229701,0.014887366947178418,-0.988326336795313,0.10301243955513152,-0.10268253701318607,0.023498647353467315,-0.048340245546304214
3250,0.9978327403071829,0.17383850914280696,-0.16194481590133072,-0.13113559026927915,0.06374085692758259,0.030107629696968213,-0.09643477262729135,-0.12878527525696032,0.05793106852876467,-0.019664695133947876,-0.042991138359962294
3251,0.5612072628630171,0.007489836017246414,0.01594259259611271,0.007415820240861887,0.04621422113154383,0.07271496748713077,-0.02393322592865538,0.02658682490037733,-0.05453425080386435,-0.02263764526490089,0.01491427238348212
3252,0.11677017636123055,0.04013394930684803,0.09288260053461717,-0.064304568760036,-0.04341454168406678,-0.09293751987807047,1.4207285288809055,-0.039043140356403126,-0.04502547420184576,-0.994720124363326,0.07387533317190079
3253,0.07952230455478705,-0.7522336593524824,0.08647545611500679,0.08172392933831278,-0.09919890528687708,-0.07062967848870724,-0.08216552671310653,-0.07744444051770201,0.010249461584659482,1.1168620026834093,-0.1688051012235574
3254,-0.11784657461835644,0.8686800570288036,-0.15222369447809736,0.06439221636493507,-0.011202186338432472,-0.04392397836732501,-0.06688291529773924,-0.564263816847285,-0.030395626840982345,-0.0636518478699299,0.04696625168673239
3255,0.024052883331750274,0.07474850511770308,0.05345358985339326,-0.5832767740551714,0.004336255684319048,0.11115993332468926,-0.014849066056398809,0.7891810215785072,0.040298217376686096,0.033862079542530836,-0.09941644165628083
3256,0.22095771027570124,-0.10003336749055734,0.034728762738277824,0.7265756504943679,-0.034044623294032565,0.006185531364423598,0.0644053523270612,0.015765394978741222,0.029694467277270143,0.03401933070832283,-0.5266053713303731
3257,-0.12614838132742373,0.028240080519628556,-0.08859103637978519,-0.048256274094718644,-0.45927550100194386,-0.0011016598196437436,0.00035362068683245616,0.013104861477003842,-0.07078500727006647,0.006742325250383533,0.8351884013938063
3258,-0.12194328567600975,0.09315089168234586,0.027620200598921497,-0.04804561721199244,0.5645912932355237,0.009242239476562022,0.07707941750708822,-0.07177797956995842,0.10226596458028439,-0.13417517462942946,0.05457912504861613
3259,-0.18234141653924116,-0.046865833172598355,0.16097887066205563,0.05867012907172085,-0.059503229305655415,-0.23892550295277426,0.045437823691083984,0.07648958548117685,0.47946198589564365,-0.15050612660232027,0.039172879469964554
3260,-0.10606840242343,0.1556832284573512,0.6024049914515246,-0.036987318047579223,-0.13615099989712584,-0.04765392495709251,0.02745202548840111,-0.02213020366831784,0.0023741202124156965,0.08488662017821363,-0.11242306882235586
3261,0.013906686019604349,0.01609790831802594,-0.1336230677195463,0.023904029372416882,-0.005509088148938839,-0.6232468200926955,-0.045096527584697045,-0.0029846427460116,0.027685955680341687,-0.08215003372155044,-0.010455426976440049
3262,-0.08615959903132536,0.001345272128445955,0.38178492968534045,-0.26372512440034973,0.11115117209221297,0.002709851101087119,-0.10244461680808374,0.13045332507572188,-0.0811014039370569,-0.15280713128600557,0.006555725180614986
3263,0.06688583765913217,0.7024951806587355,-0.03368450301684768,-0.009928140273888655,-0.02790204783117334,-0.24308516033629413,0.026105883126639917,0.038255466027332825,-0.08086885985839504,0.010938105422933893,0.042044792206982484
3264,-1.9428627036056545,0.060482519649710756,0.04523050628961116,0.038529427941404425,0.18000640023630307,1.7699783381405552,0.10630105424792415,-0.06245045906538255,0.11979035296760458,0.17332826169657298,-0.04392874198129363
3265,1.5585755734171653,-0.034395028995204566,-0.024370829174885814,0.020163445429662,-0.09463230973989858,0.05837505852189945,-0.9939181979004268,0.07394205925277869,0.06162572203429124,-0.0424508676402571,-0.00711979819578692
3266,0.779947569202176,-0.10304134299863225,-0.08690173739430547,-0.13670842797505986,-0.05472651153245895,0.24794444349498596,0.1709766471102157,-0.015669049858818666,0.02673447459782444,0.014975012023002433,-0.036978023901324465
3267,0.593709172428382,0.04769282074431251,0.0768652079315704,0.04456000171054859,0.07411665695040878,0.04537276574435272,0.03331139909652918,0.05090497809009233,-0.006283975311803286,-0.07277290316403216,0.006585449069630596
3268,-0.03310999745940146,-0.009683955791501019,0.14595425629720063,0.09128509938091063,-0.05166174124388668,-0.07167318865754849,1.1878289931984596,0.08060855645145396,-0.023237462366717837,-1.0617529487275723,0.04156489346742502
3269,0.052732584506022764,-0.7032031184102948,-0.10335741232047194,-0.040959797926116426,-0.06975105732473685,-0.20730001166075052,0.052648844998734505,0.07516242153056996,-0.0392302420526706,0.9846276351296858,-0.1358803063374817
3270,0.004877664517534044,0.9402818279363926,0.01824753926333391,0.003100438948972049,0.04605568090730669,0.011805492060566013,-0.00705302039973002,-0.5599218835422634,-0.07509426465071439,-0.14877400603664834,0.0071805520159281344
3271,0.20930078726623363,0.02160352721385485,-0.18149542012779862,-0.6136793192331249,-0.040195044364567764,0.03165405033641169,-0.13925208071713532,0.8364631901112931,-0.05253556902042143,-0.032029359237090625,0.0036747933765740523
3272,-0.31444588210361923,0.173255166408258,0.11951936932862886,0.9052551470378667,-0.05980333563955937,0.16355044177137426,-0.023331781697308686,-0.052534489918422446,0.08514573246999976,0.14599829011725476,-0.3490378036032865
3273,0.02082887664175156,-0.11516805432477217,0.04095878348658082,-0.005145195867481125,-0.43540712010222593,-0.09968724646195207,0.05393335910004675,0.12738369210034514,0.0836111161902844,-0.1539154809959146,0.8694721986586773
3274,-0.05342479701411191,0.0028740022373081146,-0.13740545969217036,0.060386979061993355,0.5783085685379908,-0.13878037400678375,0.06605640749484175,0.11498856437152383,-0.004198266249138494,-0.13746193875108587,-0.0196938998985631
3275,-0.050613729225588905,-0.15671494760164562,0.007219225142742536,-0.20028690397488652,-0.05767549492702006,-0.09526552214436555,-0.007785050736780185,-0.0620507081885427,0.5092151140164918,-0.016540034466821524,0.05996930458296179
3276,0.08259324086361515,0.023403426723286394,0.5892492237313872,0.12402842975319636,-0.022793236092149203,-0.1342805351053987,0.07970400835876511,-0.050807221595542296,0.11720405026597208,-0.08690362009256067,0.0587294098574114
3277,0.02684495508295412,0.02125961759568574,-0.14736831958695149,0.07302108664378323,0.03432251439275322,-0.6748209792379999,0.004590657633697644,0.03630705246204937,0.10487725491781096,-0.030816426452911168,-0.08144332260571303
3278,-0.1651579801573541,-0.027640870781045136,0.41672744529964156,-0.055315042226569425,0.05264023502872432,0.01809636463897421,-0.04471700810324774,-0.12383358306445529,0.0072120372212012545,0.12450701960160954,0.03332140181964578
3279,0.006181654406445634,0.7292638387471069,-0.02630391186437426,0.006118758036726806,-0.05949421136246079,-0.16739442815984118,0.022687153192793425,0.03693599228674199,0.009474326355057343,0.06494604692051897,-0.05670172489934622
3280,-1.8347256069259268,0.13473631399222996,0.03703326771194699,-0.09242871653643887,-0.007191217570669368,1.7200199086719326,0.14123722561881633,-0.03575100093719303,-0.1570259543497648,0.09033340914501474,-0.18000398773494045
3281,1.3791893204009356,-0.0376293360028544,0.004996198577303469,0.02811985060021394,0.004658985241599,0.03245745091187681,-1.0050786841748525,-0.03150590142455094,0.015247281262058751,0.023888547245714948,-0.016978208931830028
3282,0.7517288106927273,-0.13438606064664663,-0.1594962908870593,0.021125346260280068,-0.0097528310119692,-0.0506850823097206,-0.038417422379046634,0.13688582614585876,-0.04280887480529966,0.016723362754841545,-0.08609336740546067
3283,0.5943894558323369,0.011388976666499262,0.06223085259955787,-0.0661264652858968,0.017765205316273666,0.10977944770523253,0.009963380188671848,0.0376801689020297,-0.06386389143345789,-0.008356454420449931,0.008337476136530176
3284,-0.010610708672021775,0.05221792390717263,-0.016184456471958573,0.008559392129670076,0.007047980291950648,-0.11773953157844164,1.361501410937826,0.05993675226882033,0.03415924481722122,-0.9294705052651585,0.13176189146808184
3285,0.04747075763112936,-0.806396884185004,0.17334772636846124,-0.07854183643745552,0.07576905741691901,0.029793396460399652,0.1007562035266997,-0.02034627507853327,-0.07966450951146194,0.9841023849031867,-0.019429491178108747
3286,0.034885608428876856,0.9331351600062022,0.15481844073439155,-0.04115708472078862,0.02393079869000928,-0.0670984523162144,-0.1536473817507399,-0.7939334350118991,-0.1140602429003848,-0.08930711281047417,-0.026212580769921334
3287,-0.013802471365434233,-0.08973708730790912,-0.04948933667279224,-0.5722400193325518,0.05030850403555873,-0.03584153114163518,-0.15404473866092314,0.8912723754210385,-0.17026485318352114,0.07451441055185623,-0.0014851612020813417
3288,-0.18209854346370444,-0.16560852757443312,0.16575893272622244,0.7969739094780491,0.0039380955663423185,0.11668725365050457,0.16260871888873352,-0.08452337163041179,0.07920200255989329,-0.03608613284683512,-0.5329860948486512
3289,-0.016310344994845502,0.10918028544457538,0.02157453465314457,0.10642150155545774,-0.6354886258371681,-0.0972154524768885,0.066542199472717,-0.11579864551724418,-0.006604605905726251,-0.06386877444762386,0.8691302238254858
3290,0.17001019818272442,-0.026469375696390428,-0.059168800175523464,-0.028219481792010028,0.6246480346630751,-0.08627447462389626,-0.06945392080057484,-0.172395544275263,-0.3739925344157458,0.18707952231307917,-0.025080247050509853
3291,-0.17881965605938913,0.18581910549130218,-0.021730016664603807,0.03116531292728733,-0.03308584349419852,0.11400540089443201,0.17750697671462898,-0.05263246511522262,0.49169655562893877,-0.2774333494988624,0.06364288299284442
3292,0.17898866383392964,0.10811973472575687,0.5704955176173038,-0.06798033428356821,-0.07927755831775073,-0.18965868928154242,0.01230755672179328,-0.06614350379266767,-0.02798236420782472,0.025343976210078892,0.12752236216087418
3293,-0.048482089488230094,0.08305149970573958,-0.12163455828632157,-0.0871688883181374,-0.05899084857541234,-0.6760594828605427,0.07823140887398303,-0.07520903158403333,-0.07933428263166419,0.1205822019602559,0.005596097557120266
3294,-0.1829251367586664,-0.05674293835170942,0.41363970428172997,0.044998166884019856,-0.13360883879985033,-0.0632972585693876,-0.07793038595311723,0.11313030849455108,-0.059240154946838916,0.09737905123922862,0.003200302139847804
3295,0.2640625233889152,0.7526053700861539,-0.05957955807064426,0.016173471227447556,-0.01728219984158913,0.15070137678542173,-0.07142208602599424,0.016456930868674738,0.06341030809735679,0.04206985401931503,-0.07477534788972719
3296,-1.866591595749273,-0.028807403150154523,-0.11682265435968524,0.05999861039910554,-0.04126430086810164,1.6082013356718983,-0.22287546914818288,-0.03276186282077727,0.1543308080765241,0.011831563909340431,0.01867062307063801
3297,1.3436461229334016,-0.05436091983090215,0.057427861866104414,-0.043059268049631824,0.05653713527483077,-0.07590650412127178,-1.0001405318192842,0.07289229691987203,0.1914760910273682,-0.04034859198923155,0.1424498456894693
3298,0.9274196308575887,0.11761986459349294,0.027460956115080225,0.060180464453739965,-0.08835123443932169,3.141036146901005e-05,-0.16121313947188126,-0.08416134485335865,0.07676200413012949,-0.06702351828871184,0.08629953424596795
3299,0.6395978657926307,-0.04387415393740131,0.0694744914770445,-0.04281650831652874,-0.023334362714349934,0.028062580044913247,0.036777828593011465,-0.059287933951293385,0.0587491601379147,0.01292034443010773,-0.0073079548432620905
3300,-0.022332097975570505,0.013732070807115337,0.13555688803484492,0.05759564891888224,0.0027227382475966777,-0.12113060948737431,1.2870316853851835,-0.03162790919060225,-0.15726701738976295,-1.004025978269497,-0.10841812274726836
3301,0.024831077836277367,-0.4894592550836328,-0.030757222398504907,0.11980532128025197,0.1363472774004388,0.010192727315091757,-0.0025406760330660785,0.026391314000956147,-0.02330929979537753,1.0360893389587917,0.011573871468604585
3302,0.15566071583465818,0.8304007321148109,0.05800730826973406,-0.005651920000002555,-0.06572420355371134,-0.0041623586576466235,0.00776429531541817,-0.6459039417933439,0.07003564207343108,-0.10351946984102929,0.020978308187989
3303,0.2967344188716746,0.09831533670068131,-0.08394216004760277,-0.6532698153568117,0.06264184574874322,-0.09897019837007973,-0.06445337639788551,0.7429970839394144,-0.022716380074886737,0.034874028361397774,-0.10095294277562819
3304,-0.07592904311675648,-0.00936535716389967,0.17496612270252768,0.751321949961093,0.05173745853000833,-0.03232827014963802,0.17191595461869044,-0.04707654399171868,0.009940562539792634,0.08793388524775729,-0.4917384617231503
3305,-0.16224135165582518,-0.11620888203636806,-0.08625945419153086,0.03689869408910583,-0.4752969601757279,0.08583499815950354,-0.03554550515220836,-0.02936074498965317,-0.12798734944621945,0.00555215045376668,0.8942242199276471
3306,-0.10952659781367,0.14380474314207484,-0.06502840003725799,-0.019399991260468194,0.6122246603079577,-0.026882125406589002,-0.11218762796637614,-0.07200537999771695,-0.34471079121575365,-0.18219146253652665,-0.05506908553501241
3307,0.12588388323516855,0.09589209722076072,-0.11341914480018192,-0.13843641288822858,0.013921001019849255,-0.09419637569474736,-0.009936472810907286,0.10533251546111438,0.47834828247534694,0.17299722000961534,-0.002469653437317917
3308,-0.09586407236931539,-0.1199413852847797,0.5999716071536112,0.0264588103946419,0.06748251982174132,0.14497496251687364,-0.11671192401649187,-0.14981278846705917,-0.03365213615317914,0.05255864069534043,-0.10241622736622738
3309,0.0443813244340728,0.06230258270769839,-0.043445441310214786,0.046515365888766286,-0.007934956125797749,-0.6021594249459871,0.022582457676374977,0.026974200125753345,0.054401265883963844,-0.08201736419330517,0.026756244719572136
3310,0.0509509883281411,-0.01215419035006965,0.46102078289129145,0.11366902420798641,0.022654941638059433,0.0938615407388564,-0.0189023362687044,-0.14594855451712765,-0.07707475061907448,-0.015373766758014993,-0.10501816564013222
3311,0.051820690458726365,0.6553215112102897,0.007835046951520711,-0.010447571534321975,-0.025289532398652035,-0.17420822716973544,0.0334692149533745,0.008713673390515389,-0.026090848328462563,0.03205209710438487,0.0236436604648116
3312,-2.1731930945376363,-0.04588110718065055,-0.0359146301265528,0.0900738832954786,-0.004123017099071092,1.9061633891755492,0.047886470505208695,-0.01728165485111359,-0.1550846335181676,-0.14988757651497,-0.13281770405444374
3313,1.422073517521072,0.10737465870627666,0.00034347357917115056,-0.11011635526755778,0.008770381266483693,0.18253102402817298,-1.014421189715492,0.047075014098496674,0.0037471627485605825,-0.08209125506808285,-0.15719753048406807
3314,0.784443591778855,0.018247722187128446,0.07518069953891557,-0.025550304995962086,-0.01399196523694668,0.20105885600749002,-0.119079617383425,0.07236230339120919,-0.06979758768099277,-0.17614692774136692,-0.02680391909651892
3315,0.5289964101343383,0.04989662127632366,-0.06688017744927535,0.007470681328544305,0.026106244921593986,0.06198318635600526,0.02954989825590785,-0.02708242711597699,-0.039010355227511846,0.02017192118669183,0.022215354863454256
3316,-0.045261031707668514,-0.04842714904730065,-0.22510773516713894,-0.03861325142843946,-0.007324893394763528,0.09635931828317304,1.1151519194664705,0.09202756560206206,-0.04950339327220899,-0.991796159765232,-0.007571957153629018
3317,0.06665248503085384,-0.6389419139947436,-0.0030060286828123596,0.05430963229236602,-0.08318781357797699,-0.1163742445495284,0.08913953184358422,0.03900882858955979,0.08774718381343445,0.9937081569552481,-0.000841801274288706
3318,0.10069274502600957,0.939356856636008,-0.1762412747783483,0.030424398392816968,-0.05005722674136938,-0.02570297572459527,-0.030856730074135134,-0.6531509491871583,-0.049786715161376005,0.003387117765988913,-0.048441511405794724
3319,-0.32030527637897066,-0.06548996343968753,-0.0012478248997937434,-0.574259313306002,0.07839564162813491,0.023961945082106372,0.14146486345384038,0.8467987817144645,0.032074205633201555,0.056881928885358875,-0.21209737121396385
3320,-0.3408681828440086,0.12838791306945949,-0.03543181486872884,0.7172376767440469,0.04399337400643371,0.03109089756109832,-0.12566011778339542,0.21859438683356167,-0.029413170500844327,-0.03312210598442623,-0.4804578587760037
3321,-0.03445899118486641,-0.16468287444129245,-0.12706778705862992,0.01455518318423042,-0.4539564783101728,0.03860152893981857,0.012944801113371852,-0.07463427718353391,0.03793017630468687,-0.1457757365521332,0.8484090884443731
3322,-0.11605499227142035,0.1228470714630384,-0.10317225353890645,0.009635249155268942,0.6495854667611667,0.12591269712209568,0.0466003171997454,0.02566499941309699,-0.13427901627212502,-0.08385081698324423,0.0010739287207247685
3323,-0.06443003635714688,-0.06149146562907081,-0.19020198965038185,-0.08305750538625,0.03188326370416425,0.07044051806806519,0.14674378316880166,-0.10035609064878537,0.5072543237157368,-0.10289447367470915,0.017984463410237073
3324,-0.027854747192521987,0.10030425002901873,0.5515473404336794,0.1080733780726977,0.02461121702207347,-0.17717218455432013,0.033790335339906344,0.009703989531878215,-0.07026491650138436,0.06226767256107279,0.051209038459450594
3325,0.09367300834870992,0.011525233510939151,0.06592379667601873,-0.09997752282190535,-0.0720265819420591,-0.7049236433386007,-0.062292114202017725,-0.028333550577837607,0.14249573244585487,-0.050498058091649964,-0.03247184921351605
3326,0.14635395807954898,-0.11306441497438209,0.43064769486670446,0.0818904845061419,0.05831195366588465,0.144268482590427,-0.10572326153883871,0.21411868732515454,-0.10021749051144241,0.15007766719528695,0.146696313548619
3327,0.036469121664832176,0.6955086984000407,0.03493138753279431,-0.020786862806309807,-0.03382219743876706,-0.07882905574055254,0.16665768402061443,0.01957849892942297,-0.02362296002412803,0.007133537197854698,-0.06337281940668253
3328,-1.8677332041977717,-0.2075432104332662,0.037861546495223386,0.1354582539818636,0.08424314727255186,1.6366703911209355,-0.01778278623789803,0.0050567465560893525,-0.1334419615697096,-0.029727225465164375,-0.027786885291116177
3329,1.3856064584505978,-0.019117153075926513,0.06181880301836668,-0.09517548631363286,-0.07922574630658143,-0.05639114906657147,-0.9595072533345864,-0.010456008005401356,0.027271473307732295,-0.0056043235707664806,-0.00024614436807929123
3330,0.6125129997730371,-0.007657992103315468,-0.024348602578056367,-0.09510989640561925,-0.07887856821883707,0.03849025881470637,0.14060624597534493,0.06682006240327258,0.12413066794462976,-0.19206780177471433,-0.0076859285766626
3331,0.7174188277368782,0.03659429151716015,0.06876104469411864,-0.03115289132988598,0.011070100434520364,0.0681485264904042,0.028880253909985155,0.0016295879084073069,-0.05432795465132157,0.01785322520560887,0.12100689369330493
3332,0.204991966150016,0.034682496921260235,0.04151352847285963,0.1317628759659761,0.006775831701357359,0.03296951792257985,1.2807030771786354,0.10922579088680723,0.03363813428165028,-0.9841958667246091,-0.07073229212700005
3333,-0.2763870484813469,-0.7442225925461339,-0.14643583508283467,-0.16833535822048343,-0.0894376547057863,-0.01944511753963202,0.014392935464541545,-0.029386238149960022,-0.0807703936594664,0.8785649947743297,0.06343699480577839
3334,0.1339043733715473,0.8494606144603719,0.03961096614825256,0.041520931881071796,0.03486211355228242,-0.021964609984405574,0.017789443366770116,-0.6561697055936336,-0.09139141430806366,-0.125308270512857,0.020811567614258394
3335,0.10193764622532747,0.04656531167170889,-0.155340378662366,-0.4260878803953158,0.026328796990377386,0.09919568849904614,-0.03899229179095976,0.7848790321416454,0.0726981555837323,0.08859551737270144,-0.0633581335081991
3336,-0.01964939235569129,-0.015010465084361258,-0.058991092459558296,0.8378057119985062,0.07821540492827725,0.007145402423133768,-0.06915161076960141,-0.0795950044454269,-0.12114170510530496,-0.008951602107066416,-0.4255245616037783
3337,-0.07642836459571871,0.04288786277676368,-0.007595275289895728,0.18174816047217765,-0.40317843590471003,0.033637565644923005,-0.1700530560228357,-0.06557846163001205,0.03138866646062829,0.006048716893159661,0.9225443677487187
3338,0.19480090902598188,0.028324146136871495,-0.02326424981993321,0.025118421282460147,0.6425247636314577,0.054623919961286106,-0.042908834385412785,-0.012083739608600106,-0.43457515646027783,-0.0068552663802648,-0.02666553739689307
3339,-0.0043616710484836625,-0.05170116727474604,0.12691147289434374,0.08278292040664052,-0.029192232027543338,-0.1553381941433482,0.08486352214945779,0.03808731452240918,0.49975549367073946,0.1650272691702934,-0.011881279295998073
3340,0.2935488313544945,-0.15675195613087584,0.5681188018040924,0.08687164461926675,-0.007308682940987125,0.00035897915951080446,0.016580643665134263,0.1261691090076062,-0.1203631031955684,0.09639294441568212,0.09387366734968239
3341,0.05786555220231725,0.017493937660851666,-0.11767884615519794,0.038453973530489995,-0.05881350173346504,-0.6936988414784641,0.029739539555165784,-0.06926341840521982,0.0004831694359347183,-0.038917272993237134,0.09835994424028725
3342,-0.05341202560215347,-0.11034664262378625,0.4027318580394919,-0.09480100549026346,0.014285431398744546,0.16130844491125074,0.003917045803053275,0.12496333970561783,0.04111792162854657,0.06233693217140345,0.051779178815629406
3343,-0.29751534816335196,0.6911031353833266,-0.0651003738810758,0.04238650012424141,-0.1114420378679194,0.044300765671963345,0.047642748585195224,0.009630713575586654,-0.020531776016489808,0.07798619566962416,0.01207515836249119
3344,-1.6831526514143924,0.16644023382163853,-0.17375741611444714,0.10999814071485185,-0.10622453429312557,1.6661635436347284,0.11594721995214735,0.07052184539718466,-0.0778791210710993,-0.06716147722660204,0.034412260314038
3345,1.6321764417780718,0.012200747642790662,0.1338211916886615,0.025836086674227352,-0.09927720178108562,0.13338678080476535,-0.9258729644894468,0.024646219000544055,0.013206595591003241,-0.07979731690913788,-0.0004997960006781531
3346,0.7572660171197381,-0.07995548238046203,-0.29337456098113024,0.09421025774392057,0.09822058608836166,0.04883631606686944,-0.07438628855900989,0.11445649212172412,0.07855218611554031,0.020336303543837985,-0.018249072244444504
3347,0.5962898197070363,-0.024465360791397613,0.009414111757117628,0.06368286133424515,0.006655776007334011,0.03623021911227896,-0.06755630870688774,0.06811223862445566,0.031885481635650414,0.004849544914810431,0.04993012364798075
3348,-0.07071252414372248,0.006961044533396014,-0.0029346189163909847,0.10449820001295353,-0.000109457514270472,-0.06150540028483429,1.4701936862148497,0.061565893614420254,0.007113985350524144,-0.9932269899934674,-0.10173649680466758
3349,-0.04342977747932488,-0.713874684144407,0.03544996588120746,0.06772692247928379,0.06308473469011261,-0.210191941150081,-0.016797682630980977,0.0006992494140896144,-0.0037335539321014647,0.9128872657309889,0.08168024853626152
3350,-0.133892897334059,0.7356037717572336,0.040848626521485486,-0.014486056663350002,0.0658770529613093,0.18758193613100219,-0.11470229553672419,-0.5993330180301243,-0.0781690610373414,-0.05201364760084597,0.11386140537464702
3351,-0.16494774060843778,0.08706635960097349,0.08239909291816609,-0.6525071477001799,0.0036769602222299653,0.004245375891144387,0.14157236682911853,0.7768982550316932,-0.007980079187038823,0.18275391553966133,-0.009734277672139389
3352,-0.013830868164939756,0.005371046756262337,-0.008125520131618665,0.7996041890712051,-0.06853723437255574,0.04774215208999389,0.0389477756777516,0.03627231753963797,0.04159863562337908,-0.004562970775709649,-0.43987893068050393
3353,-0.1073066140723346,-0.12288813357202408,0.09556773745789168,-0.04313495287267577,-0.5360623475076863,-0.04517473305375382,0.06783499754827035,-0.05664825533796193,0.11125072690872857,-0.04365377717399989,0.7742411856713384
3354,-0.19012376117036361,0.005704156266987967,-0.07183433743306515,-0.09324079489801432,0.5381812963230183,-0.1143712588931509,-0.14648617126812993,-0.07391097666060549,-0.47778758858896064,0.04057530728506326,0.04665971208030475
3355,-0.10795586723683019,-0.2123647570173385,-0.06301800265589617,-0.06511371249943289,-0.0731637630935633,-0.12802474481258327,-0.02229723133763928,0.037056852904036625,0.48978717723571186,-0.010847438254943682,0.018482379492077955
3356,0.1018947288916868,0.012711204782731548,0.6212193949697645,0.07604810576447714,0.053919742718823424,0.026470336291975587,0.3157876553431387,0.011168843831066514,0.1677101311021597,-0.035238343704654375,-0.06973199232592088
3357,-0.007209525437053267,-0.005827510517683588,-0.009281156379867544,0.017477159639016516,-0.11674447029164133,-0.659067354367846,0.12112319163004003,0.17933629381077854,0.06213145173435209,0.04989471063149102,-0.007166637493945567
3358,0.07162024314016821,0.02017071882771923,0.414897223813004,-0.06213040992448358,-0.2571689383742623,0.10535412568903434,-0.05719729275800865,0.08741450141055543,0.021662664680179067,-0.0064004082262145625,0.04717879980589505
3359,0.10764846546907873,0.6839556167290886,0.06543235321601899,0.0006827477389917195,0.0572262390019406,0.04023462450758203,0.06547745525593576,0.0236281504412557,0.07893304341929222,0.04439356000088572,-0.04674364885688011
3360,-1.7187695495545245,0.06613666105360914,-0.0561924119726198,0.01659314148520553,0.053074329389554205,1.562873844455066,-0.011339066355850719,0.11710112080954664,-0.006764981899781963,-0.01995064336534612,-0.03549143341675567
3361,1.3938138820130257,-0.031962125142336276,0.0004486168425843136,-0.05062628884891766,-0.06089558609852303,-0.008177972032547656,-0.9929958744327804,0.08046499832666186,0.03257855553324457,-0.0482721763925467,-0.03542577413038943
3362,0.8395271067904457,0.08214672399120644,-0.03527623033820213,0.1152874145854747,0.04524726980092758,-0.014034750702557823,0.15969891179898285,-0.033957959310566437,0.05307058025097701,0.06657194198893601,0.021288188663351422
3363,0.5804574676609653,-0.08729755281774133,0.017888084606157432,-0.048968863118860194,-0.0724207946229161,0.13547082708305958,-0.028462944143215756,-0.012038674013392125,-0.01175336939906107,0.015028420596179768,0.029248032478798872
3364,0.04277217078316697,-0.12544471296798657,-0.032044455465034496,0.06365379786118287,-0.05424943430493269,-0.02030849454303171,1.295740813381863,-0.045883477748055665,0.09347238891745371,-1.0388425188006507,0.08789041200874587
3365,0.06348663863358961,-0.6228173034054135,-0.02332009625764096,0.0025917646066702773,0.08484998585103085,-0.07430834396887072,-0.05104901785417564,-0.0010201010572571923,0.05402765349443765,1.0347497448049259,0.05733535078125482
3366,-0.132701105076774,0.9659963087450919,-0.02014810050031224,-0.09855492613808065,-0.10324118185943372,0.08081619618206497,-0.04806766264425061,-0.658548959370189,-0.0484146195422369,-0.03353631947641997,0.0003895865379053029
3367,-0.09050211786087285,0.0130035160614739,-0.01985877434328074,-0.5528356436060629,-0.05225866140734468,0.029770455801927168,-0.025232232662027974,0.7984174133711225,-0.1607944381900313,0.23842288758039604,-0.06205656728034218
3368,0.11110219638713852,-0.04096933177004703,-0.09614758424035871,0.8444073151542576,0.050407369718428914,0.026200573156243925,-0.16277654789222407,0.03417687708442798,-0.04065250516259092,0.07862705966645461,-0.4784181539898338
3369,-0.11928270437962019,0.09802665104387866,0.23095995018066998,0.011434953152449877,-0.5255314353301055,-0.063497147195888,0.11907675165982731,-0.02065813490838263,0.043896309392355934,0.014688110523542658,0.9299880429445718
3370,-0.09506311418771062,-0.07759287909035742,-0.06652262837399782,0.012200245039984611,0.6078619814727936,-0.16187801051625195,-0.11436350481234461,0.10492630154642366,-0.38481306266329723,-0.08644755261420926,-0.04313670303950353
3371,0.15228204537518789,0.023298804517037454,0.07550181346497083,0.006527721346029899,0.06450734616304908,-0.05251704797683188,0.09149603367826326,0.013749390809968643,0.47750493463591265,0.09789725910401202,-0.055706951243947686
3372,0.06684133741285686,0.17959908349271642,0.5907795788909961,0.04547600721795633,-0.022893669145012747,-0.09022232716872279,0.12428012163832092,0.002412468468309451,-0.03712440759850226,-0.00505719343277751,-0.0971960173744116
3373,-0.05602014032393606,0.04602046263443003,-0.04049263267463388,-0.06701112178048471,-0.04453524053034692,-0.6935560529032325,-0.053794353168165825,0.056942660118296885,-0.015363831374599528,0.055370208509094423,-0.03991852461046263
3374,0.06095426558890349,-0.008565762294482969,0.40857993464182396,-0.040138612332227375,0.14825264261681595,0.0018823588136761115,-0.001240252392682579,0.20324666716543607,0.016712931334890605,-0.19316119372162158,0.25932842079250423
3375,0.17283267583837467,0.7020024610256151,0.028261945286163048,-0.0046600113681860185,0.05679656182641184,0.007997376123371994,0.14818884701178225,0.020124050846894996,0.02878717704638453,0.05052129520555451,0.061050188303085666
3376,-1.8073239204892488,-0.07789031806514124,0.025805650144612346,0.0898499107721084,0.07540269902386584,1.8981694169606806,-0.010609725974918058,-0.0001873880168405534,0.0992421700150642,-0.041168293251726766,0.017084431703475025
3377,1.7435177383923508,-0.015406452388148712,0.04865048001477224,0.06531273642316306,0.08785566382480461,0.028383426525689197,-0.9998125273339427,0.013127558081622855,0.047991124963657004,-0.03717251091293813,0.039076556177907486
3378,1.0649137194110725,-0.013575672361943975,-0.012616892592166827,-0.03220949161240892,-0.09828659228163227,-0.010561759959203519,-0.031645380748280626,0.12976684254625562,0.02966513131473091,-0.09951289720544414,0.012559348970056151
3379,0.6845360752540499,-0.07090365817177895,-0.003003120273918437,-0.009123195139429502,-0.05170565066381524,0.016783335763126673,0.030342181640944394,-0.03662472741455801,0.014444429261101469,-0.0024044601807995322,0.07696369182464516
3380,-0.09763272101288971,-0.0019319375756680158,-0.12032070016413769,0.06833040689393521,-0.19031980614984953,0.1572703975371552,1.2120691952483047,-0.0789497881767577,0.057218357578200936,-0.953003168461338,-0.0789491942131873
3381,0.2230831412832395,-0.6919396210275577,0.03673263093770658,-0.06535770909604481,0.05756710203326109,0.057710473074212565,0.03318283201572118,-0.07530923340262904,-0.07052091884702497,0.926702057981367,0.16567177451462142
3382,0.11829475140939141,0.972240720323151,0.10097858456995941,0.019961903707886516,0.0552091451658154,0.004355655031935693,-0.10444947735522811,-0.6857098740342343,0.049974675436805255,-0.06825858013315571,-0.0770904966837015
3383,0.10366108450579295,-0.02090011857823473,0.061093914256833415,-0.5293245343956225,-0.025439349689245182,-0.21718020985429926,0.013200625343483978,0.7808312368143465,-0.0465524703476914,-0.0937581002765483,0.010444417810218754
3384,-0.03392311715369746,-0.17345723002706784,0.009483650099595935,0.8464826783310303,-0.06844581365295428,0.103354459673872,0.14024406507753961,-0.058589469707665834,-0.12016877607151744,-0.12932675605739516,-0.6601496902602403
3385,-0.04834158193017843,-0.16603773260854124,-0.1330239416355081,0.005653979780235782,-0.5740087926009904,-0.03256178486436085,0.027869892425294234,0.005466941048078842,-0.05319771025094995,-0.050367231924282066,0.8587663017766458
3386,0.01760420461409398,-0.0881073010857483,-0.06823002836906923,-0.042333409135699114,0.643836350908311,-0.1115061965906187,0.009003535953854384,-2.4772747485700235e-05,-0.4927400128115008,-0.1516107164999167,0.09606316239997278
3387,-0.06337967001404532,0.0689975846451498,-0.10147458281045964,-0.007815712947631757,0.06628682064519376,0.018245212393311467,-0.07773981328024167,0.01841279933090054,0.4858524109241144,0.017428501697423368,-0.0023097231593634713
3388,-0.03291558698977575,-0.07720773870316537,0.5834601257574861,-0.05204335637816644,0.21483024200293183,0.22138551775216772,0.03855441725220796,0.06958024239768804,0.0831239867058956,0.10902314902607109,-0.020275750522031802
3389,0.060761674562493526,-0.03183092567708939,-0.009124811760602217,0.01594515014557103,0.06983025277492648,-0.6201379080778664,-0.005796126403166657,-0.023146520495471903,-0.03407491267602747,0.03361179599340572,0.08341659340869773
3390,-0.016323775340220434,-0.12181526442773231,0.4085204381741608,-0.15878769322472713,0.04736718849997158,-0.030972389534169656,0.008820268997702465,-0.1602420603656139,0.15380498565119882,0.11775248887293202,0.17191580671003842
3391,0.0017156544795802527,0.6992949983939073,0.026152359235766885,-0.010976657803123839,0.07067058568220684,-0.015566469751557677,0.05448227847783797,-0.0323381898022785,-0.11284084756987917,-0.005190744074992147,0.04809606841589421
3392,-2.1350460822166637,-0.11836792326692075,0.077891819268954,0.07237433098190867,-0.004856776538330883,1.6478339689189148,0.12068510626178479,0.23180183360406437,-0.04465937485075365,-0.09604667518940858,-0.042668700812403974
3393,1.4559519040252211,-0.0410595719854912,0.06194767379350711,0.06275724028342308,-0.05652637793949167,-0.033079402969607694,-0.9561159756201973,0.07365328529894068,0.10134004494680598,-0.06236042620246462,0.03826200552273848
3394,0.7905581427632068,-0.010208387514378407,-0.006804051891458823,-0.03928579847472775,-0.02823127073077205,-0.10217256344218993,0.011683695814721196,0.05943482095078937,0.04765497462814808,0.06694491536199518,0.006439581418489787
3395,0.6119291353496286,-0.0037897621078408997,-0.1405508793993142,-0.07632974535468327,0.01076957372208679,0.06474231231983454,0.014142087618097814,0.0035337815805293648,-0.025109861543449127,0.005832538400726643,-0.06588768185333604
3396,-0.0912094508227816,0.07964698665741038,-0.05592770206443742,-0.039161909647700256,-0.041706050968116325,0.012677299466774993,1.3025541038451398,0.023975615396138586,-0.03584337323448939,-0.9519776806817031,-0.12481886519315574
3397,0.06297112187043875,-0.6314986582281684,-0.10132656499785274,0.10815950987745225,0.14493260610299802,-0.2771665958252459,0.1201302395811107,-0.023830281947608722,-0.014441722857058857,0.9931946974441985,-0.06188373944031217
3398,-0.19470602053531186,0.8774192552012808,0.05065539531661334,0.026913570640752716,-0.01885016278319708,0.2116939388606807,-0.15881644749279752,-0.5132421055625853,-0.004707149989551779,-0.006446751461872696,0.058577012897366894
3399,-0.18994509651070704,-0.06958639657328948,0.12503972399332292,-0.49186751607268925,-0.05681260684574139,0.1644966144301049,-0.14711702477094715,0.75738278451266,-0.11748962872758043,0.12068674384121933,0.0815343517119407
3400,0.08698487565988869,0.17298224953151464,0.09145376064905678,0.7621700980246223,-0.15598375529243386,0.029755304156568303,0.12143438486908545,0.09250691030372227,0.03620764534810239,-0.05964233134731385,-0.4051772823552069
3401,0.08923530284290711,-0.01774225608666961,-0.24133601959483264,0.11344415633095929,-0.506793583209617,-0.004679828538697562,-0.03907729898276262,0.07030128391302465,0.034563476886496365,-0.05455298522925742,0.8971524057453363
3402,0.07624623923903992,0.05091555967907157,-0.029202638254107786,-0.10211532473368344,0.6400648155093224,-0.01087349773679005,-0.07187463215836253,-0.002454717285094798,-0.3240137890720346,-0.0016460858832087425,-0.009353071813460723
3403,0.09227323409738464,0.12193679437315375,0.17177028632452634,0.08287182381851764,-0.027020140376003116,0.05274261224736685,-0.06608211631043395,0.05073781516123427,0.4762575643047244,-0.10913222586603574,0.04292010138493274
3404,-0.06793946307366758,-0.06020421324498836,0.5765935777895808,-0.027559136316682265,0.10614339396571613,0.011872183121877055,0.14006507590141085,-0.03895624021632762,0.024462439085566647,0.004933746213332353,0.06282826975580191
3405,-0.012596193907357583,0.07866671770784517,-0.009662612417962567,-0.17089213216768512,0.0004547207537650231,-0.6475791271092458,-0.09347932234178932,0.09654850530860276,0.004714833741411982,-0.0013066362225717426,-0.07390190622013176
3406,-0.18320138046444961,-0.027416397143793042,0.41788719739750385,-0.05834914637455723,0.0568318864793759,0.17285297206348155,-0.00793563325691254,-0.0698685266666544,0.11088238489200547,-0.16071361184383964,0.13170862606080488
3407,0.22624956517418504,0.6927968517088873,0.09873229594302997,-0.043786192736019004,-0.12347738337819499,-0.034071078512759576,0.09088974473407145,0.030146635791557796,0.04829314256310328,-0.03695831166113491,0.015542594053820311
3408,-1.8481012904307985,0.024174470589234123,0.0823243064048708,-0.08749378669203602,-0.0674046383978207,1.8306102869005358,0.04387978723143509,0.1608056907326395,-0.12331272445073976,0.1812950753336188,-0.02700671058832973
3409,1.169742504385915,0.06368643293160456,-0.02776755514289104,0.1243391408877199,0.018974236746676747,0.043790821758257055,-1.029476499777029,-0.02866733320311223,-0.08005581354517112,0.03598757516584095,0.03282133420865181
3410,0.924145036816518,-0.004146249719797806,0.16642920134388253,0.029366081059517993,0.06313812933582323,0.1866951227603696,-0.014335004398301704,-0.07697994489470167,0.07835214541127612,-0.06103330538184917,-0.009205306031976801
3411,0.6543318519573627,0.011206470790486948,0.009037227444162448,0.030326206574667287,-0.115416246859409,0.034447683777409595,-0.06710588799966835,-0.01918744418372219,-0.029153896300841493,-0.013057750869643113,0.05165923822303494
3412,0.09119533078252781,-0.10383233321655276,-0.10498668097005105,-0.06783604378904472,-0.05418694875410849,0.00966758383292637,1.2168043550483711,-0.14981379164379277,-0.1437743995891178,-1.0053926884450022,0.03659160594746495
3413,-0.023218502263840805,-0.75112315676921,0.0022845759172038954,0.17811689116475243,0.08085679151127716,0.07108356979721317,0.06409817278472509,-0.1582135445292705,-0.029448706658651336,0.987313860982298,-0.05758557412146778
3414,-0.07633694624902275,1.0216186312266415,-0.1271997396944422,-0.14073044630174764,-0.011545419625346632,-0.03402584019832474,-0.012450973736334603,-0.6093622376204163,0.05877638894344393,-0.0743669019970651,0.09873946250705457
3415,-0.12335249554232207,-0.010329836926488102,-0.031972738560892416,-0.49035636066143046,0.0381585884740228,-0.08430872901867237,0.06512183009781597,0.766371506602605,0.10499412640317904,-0.13558714754612436,0.053838957681753515
3416,-0.10735418250726067,0.10816451339737315,0.048267101454805804,0.7683059693300247,0.07915152163787773,-0.015425233697277321,-0.005379013152502384,-0.09673399805684496,0.06498862649667872,-0.014978293094029847,-0.46330296222401746
3417,-0.13962076147378127,0.04207168651928692,-0.087559825792827,0.017890445860947974,-0.4279973115556703,0.01537576241062244,-0.12534084809241944,0.09899402395665853,-0.012382121089220276,-0.01692972914214791,0.8678532815658335
3418,-0.05013435021498989,0.11517909836955323,0.03704849879397236,-0.1498987187999843,0.610801814636434,0.27714009758529695,-0.21423276209174982,-0.07840658250481249,-0.40756184246449717,0.023664169286487482,-0.07380745117965866
3419,0.1052871496065686,0.07913398558871823,-0.12460883824671509,0.07331567313377087,-0.07580181574052282,-0.03310722954613792,-0.08382781444716202,0.040943523993491944,0.5478271688264265,-0.046647006290719994,-0.012941913269867024
3420,0.011591714921346951,0.21116604616546772,0.5792478667628562,-0.03646855281900559,0.04226068964851233,-0.028614580223283344,0.211487453423168,0.07182953713030098,-0.042563898858834104,-0.2138097427621075,0.05731096517711191
3421,0.02174108130060149,-0.0571558638636802,-0.018066184995336555,0.050303465765134954,0.02632937492175847,-0.6262975620542649,-0.025430417826639868,-0.007143628855905951,-0.07734565986538278,-0.015790176763903097,0.05239449140209229
3422,-0.099368434491169,0.11763747883111478,0.40943611110358097,0.20317355687525382,-0.044145730034406264,0.02517999496360137,0.16897016746777926,0.048222277783413044,0.04808595820054621,0.3467864549419431,0.011284596272320008
3423,0.06757753040959717,0.6387887896468565,-0.03749954444645248,0.0073090757233033165,-0.00813018440876795,0.015862392507556174,0.08604666055521969,0.012942648944713054,-0.007233685355532664,0.038480224226774086,0.012999822008066472
3424,-1.9223043109075983,0.0627853630597121,0.09334321234204429,0.09700837188686404,-0.0991922289593127,1.703164965733259,0.1007411314076405,0.0738220840366807,0.057175985592699326,-0.07049979719351417,-0.036181524423888854
3425,1.7358747823177358,0.005861449664577299,-0.037367840879883124,-0.06653982560995186,0.0977886061014194,0.020660505685272258,-0.9853250056571633,0.047963554314274265,0.07946235792394754,0.00034408627588930745,-0.08462544213114415
3426,1.1557091541066347,0.07585209803980054,0.0645172310656821,0.042265473700123915,-0.10518112316280145,0.0018000381668353688,-0.030735803627661918,-0.010142876110868535,0.0033355629927549965,-0.046820515720204854,-0.06983555127994474
3427,0.5842924271582154,-0.015053143117395959,0.07267642120768318,0.03283832923990071,0.03836033761780756,0.050016968306406395,0.0008159834661199093,0.018792514062888552,-0.013001490089270262,-0.012202312412255062,0.0006056756121022274
3428,-0.18175418065027463,0.07471084571803757,-0.029242901555693424,0.050193375971049656,0.008050692177434466,-0.011075098172187492,1.4858909639340414,-0.0729339581476196,0.025362752482910648,-0.8017571177095495,0.09027579932675665
3429,0.04606850911043106,-0.6374763097155168,0.01654882578770553,-0.03948641659733717,0.061416014464183,0.07034325864597608,0.15330644125032553,-0.004656191141621473,0.0276442099365124,0.9478917138865006,-0.0411741584839045
3430,-0.1548025367073591,1.0436616392236633,0.013420199496902098,-0.03269453196209192,-0.02432862927254359,-0.04042417842682101,-0.05242469385477391,-0.5771364411404541,-0.036393036662380654,-0.05270210417201148,0.010423789984334193
3431,-0.06296750665315065,0.033695332849818925,0.006290448465878176,-0.5246511727650153,-0.14472598965843836,-0.006257090281381989,-0.10157170417580744,0.8151413783219287,-0.010301231874135158,0.010225981556981144,0.039059676421066836
3432,-0.20871785340683915,-0.05613997861484316,0.13587064252221318,0.7987174574753105,0.025083585228132026,0.16481072477469022,-0.13311622432414236,-0.02592202075487439,-0.05383435960129823,0.11567381348523564,-0.6574030529534622
3433,0.059437934759324795,-0.12022698791172051,0.046093798485384085,-0.014881269131990869,-0.5960660019315407,0.09396815582732107,-0.039957053456833216,-0.06786065385873126,-0.013917748555659762,-0.08460202509831291,0.8309167863941033
3434,-0.04053108632228533,0.11860903372617666,-0.11431032094738501,-0.02077664998381897,0.5757981715921309,-0.13333634318736404,-0.05690899320882942,0.0023320976022798297,-0.015532241159881943,0.0009454477716939199,-0.005877671902054333
3435,0.05208642189327422,-0.06738397404580265,-0.2874523943998283,-0.06253887307708718,-0.022690233336967583,-0.008678198595748261,-0.08664272575064672,0.10069393997851776,0.4802291522658608,0.10613520169924918,-0.002056297205916792
3436,-0.027378169072587326,-0.061153116685299554,0.6115070327351008,-0.055132482414570666,0.11181012147152374,-0.0537772938692078,0.009908160069399251,0.11511389509066972,-0.032188584925732594,-0.039287329449756894,0.005903979210446421
3437,0.03487055030384448,0.022819646530456136,-0.01800010516913102,-0.05077897244390903,0.1259369169919531,-0.6452416889709374,-0.0017825527991486775,0.11147132540579632,0.002992308209200777,-0.024922292183089563,-0.011889343153001669
3438,0.26615504915220894,0.019030540968347033,0.4341752838376706,-0.15677934542041647,-0.08793984365269825,0.06324401029065492,0.07089015834170535,0.12296375584626286,0.0586416787469567,-0.17988372971923128,-0.1827165723210491
3439,0.02250524106085634,0.7695453738538185,0.0459362294680503,0.0239471519587445,0.1413305566802014,0.05399066276100596,-0.03309152517388823,-0.004715965890652379,-0.02669215333889455,0.002224945267620371,0.023090522835321946
3440,-1.947018209712732,0.09865186475725574,0.09843607839123486,0.0586601762178291,0.1232237078630268,1.6948227446350193,0.059888914998758626,0.12406033502723825,0.13751653260253885,-0.11697025520016596,0.10170222800512643
3441,1.385111732843245,0.07223963401705531,-0.05240274105850479,-0.04544784953710714,0.003752829287165737,0.17336216536726295,-0.8789009598998394,0.012232782897958344,0.11708604890395345,0.0022837702260255655,0.010296993444118593
3442,0.5747761269028833,-0.12855480930053884,-0.11862951282710012,-0.015765004021047267,-0.17809286399139157,-0.010139459580372039,0.08779350125906026,-0.11292239578642643,-0.06228424699662996,-0.048952753706215664,0.08753843552464134
3443,0.6637850668400485,-0.04514224078647758,-0.026003180831132195,-0.007684277459494142,-0.05696834805945912,0.0678400774237997,-0.0034220637721375964,0.029950206592846473,0.01707468817105984,0.012031763870488798,-0.057662102668625446
3444,-0.16912168170083863,-0.046084208990333615,0.008954968935775267,-0.020637425232379682,0.05088595123200975,0.01223556455997895,1.127472719058106,0.04565984897609197,0.019162011187375743,-0.9850877345628175,0.0746018422411485
3445,-0.019012616114265562,-0.6431446297349036,-0.0019249398878320818,-0.11002070844730112,-0.012703298629528483,-0.09171432866993628,0.007594143767352721,0.056666538431544476,-0.012951443550882244,1.0393996885613976,0.023982934277768913
3446,0.23912255269100113,0.9947090715285556,0.15145415498274825,-0.03843783124591599,0.022734325149409297,0.18375912479025472,0.07196390326491273,-0.5935041864779663,-0.023292622898625555,0.06942189511848955,0.024480354592258037
3447,-0.2053649823585089,0.004617410710424338,-0.059522234060786286,-0.4438181356043196,-0.08950800370944678,-0.06424414919874832,0.006390849016730512,0.7517424560193388,-0.10866064879281213,-0.19410987039519584,-0.026026125100447627
3448,-0.10901273746682894,-0.018020109093363594,0.15255491512954886,0.719392745148385,0.04497582257796992,0.02750164213030659,-0.1686223452317444,-0.0022159366271086826,-0.07830325469846275,-0.017941930753604063,-0.46755776008941813
3449,0.21005907261464804,-0.047767126800356545,0.15325253207764197,-0.022488480621188675,-0.4843936063550869,-0.1498506555737245,-0.07874416940790109,0.13171089666759472,-0.11263420703396276,0.08440363494858687,0.9219684222154082
3450,0.12874731511612938,0.009726082305279668,-0.10542555343238569,0.04389637479784538,0.6173034939595388,-0.056355985540718634,0.08869145692562772,0.11529030299207804,-0.010011830971523167,0.22446380226638954,0.06819344200566256
3451,0.04137590323366481,-0.00646837922086615,0.0841490348379084,0.06619765308801975,-0.02634953967005858,0.05583165656331344,-0.03574825201532649,-0.02675943150128731,0.47403433344619583,-0.08116880192676836,-0.10425201375673937
3452,-0.04491456595521839,0.08061260551096791,0.5652038701876212,0.17770909667200682,-0.08959420924797346,0.006394075903196801,0.13638628945217765,0.06681504585631354,-0.07328367134908467,0.07182004029314892,0.10775037715447149
3453,-0.02369142123872095,-0.038170809160447364,0.01128083312133119,0.05081945737393874,0.049395747540305804,-0.6547453526864595,0.010410778699548867,-0.02522149792989037,0.1085993812373901,-0.08245451756554716,-0.008415147292864304
3454,0.012745171020528759,-0.09034438426713699,0.4468403338928073,0.11361596717149579,0.043051816214296275,-0.0837468593485516,-0.026892938751726058,0.03766690923850639,0.0830412111996258,-0.06268699125463792,-0.0675348359166445
3455,0.027503260105835897,0.7334614768132798,0.036505854294614816,0.026271474151717385,-0.06273544323258949,0.12726914801279876,0.030390510979097597,0.06851995715635724,0.030436037373302693,0.07077618215798734,-0.03164157016377777
3456,-1.7850913089928293,0.02008645353483242,0.06078495416867652,-0.030189124984940578,-0.012125808982218204,1.8049524079476889,-0.01081926037628483,0.14265789522058703,0.07921437514658389,-0.1529912935421778,0.1939357540159974
3457,1.5235260593385183,-0.05806438255402365,-0.11466188074294667,0.04340247384893271,0.05746545983759866,0.14887986209959514,-0.954226478017185,-0.002282384439224543,-0.05138593539121874,-0.00020274501315447843,0.04321573707531531
3458,0.8844678577308739,0.011647619131383414,0.10768165107780661,-0.016968570966583822,0.216122164450115,-0.09013947560859749,-0.014233946202491337,-0.08051635463140286,0.10953698494763484,0.031852740050615176,-0.00044689968348281457
3459,0.6492105899058351,0.02198398056101581,0.11814396102825998,-0.0003501993935674007,-0.007923884103400234,0.14013635453991144,0.0031973295345290734,-0.05430627781473395,-0.05291734023851132,-0.0709008374887976,-0.07602930642077167
3460,0.033749667770277665,-0.01056351784475915,-0.199244308968695,0.0006273652314318793,-0.08595349129078966,-0.06361062783341812,1.3234761397748833,-0.0722137106993696,-0.07314867760591491,-0.9938188202388133,0.0240387592158397
3461,-0.09848241482070753,-0.6605905728237085,-0.008571955734372635,0.05328109491753527,-0.07963682099431174,-0.011902182958584022,0.13669032642591272,-0.01724097717389376,0.08973507465074679,0.9767202899628332,-0.03428673195657178
3462,-0.10050991443204152,0.9456862771251163,-0.03501208213501377,0.006438497557233596,-0.041602320163149055,-0.019582813098228374,0.025577275850850505,-0.5065932941047308,-0.025864270571593392,-0.024759781521696736,-0.027959588086722977
3463,-0.18817337994340083,-0.0005895155376651009,0.04853366693753586,-0.596070295873388,-0.0946973435594517,-0.02142665363348039,0.042460485196941365,0.7960552317855426,0.06573348588866565,-0.0651414015633581,-0.0024755646969422465
3464,-0.004960347636222677,0.04019414243155185,-0.09676534998226681,0.7913044584239671,0.07324560615848007,0.11571885124341687,0.06508095094040482,0.16847656180012718,0.06437229445885234,0.07829262642431384,-0.7592542587325286
3465,-0.15429876964161462,-0.2754178506078967,-0.0892868588177251,0.010590142661756568,-0.6394042493981834,0.019309293816550915,0.09555576681741013,0.0620745591128234,0.06311367912539467,-0.16149694055662228,0.835624034814109
3466,0.04665198944775065,0.09617213810192206,0.11864943891263109,0.06593680930244822,0.6475386386080455,0.11730928972312626,-0.1906665465680626,-0.05133786496601107,-0.1703049031095556,0.01186877059541358,0.06433328302081003
3467,0.14626806933985678,0.06896506338132541,-0.06538438134956788,0.0012472600774979543,0.03643150650082502,-0.13168466644883256,0.1123155566349163,-0.15473168479607444,0.4723750752869795,0.013052440692369183,0.1366989953421877
3468,-0.07155446854890277,-0.06661887965699055,0.5834333739798494,0.021669445869389924,0.03594547532790879,-0.03744571019685083,-0.0851033385689799,0.04898344372028976,-0.06428163582398222,0.35900246384485524,-0.02482153894668327
3469,-0.012134034806174579,0.024011659840890143,0.007224044433554899,-0.01689295255928346,-0.08821053052062965,-0.6718247935000766,-0.032709220972426775,0.06019798714223711,-0.05620274889773119,-0.018468371051185355,0.02986785154976096
3470,-0.10483132237748242,0.16627237854756682,0.4279152067837419,-0.12549356401586348,-0.06486993661956057,-0.031695119576293215,-0.18944791273672196,-0.019037133271299866,-0.19111939347950416,-0.043484840149522516,-0.06999878506033327
3471,-0.06279612793225205,0.6589247839046816,0.0574022415342024,0.05827664286413119,-0.09206278111704787,0.06018601506019188,-0.11655602594224741,0.0005171177798859736,-0.046733153221501865,0.08086785860114043,0.028469198230084168
3472,-1.7934406557279452,-0.1295453502163224,0.0664241021630643,-0.0017983493935240175,-0.15197055433391404,1.6152716828254965,0.01181021459001599,-0.14091671833883906,-0.14406099680126355,0.031553150502373985,0.19427003103410148
3473,1.4773827495637784,0.1099085228976847,-0.016566157474494844,0.02385791754736979,-0.0599294471832799,-0.04313692001821052,-0.9835296695408906,0.019886487053248084,0.07408255201292213,-0.006553330195278045,0.03795488829822822
3474,1.0682833651532309,0.03251242072002708,0.13131218347783383,0.044474556794655826,-0.13744491925977786,-0.16316567665782378,-0.04487797355258171,0.12784948836705748,-0.079734247223189,0.04199059361988238,0.2313652522361742
3475,0.5887078571361052,-0.05275720447601973,0.021070579760655503,-0.0020873364108162607,-0.0021520325205186003,-0.01305699184956332,0.017011783818794892,-0.04748961848170546,0.05794715958004558,-0.013046519629734906,0.0005750470171089683
3476,0.15183567032131284,0.005824724140713647,-0.10422159118723706,0.005717491831066572,-0.14752570725376796,-0.13186331651323369,1.2770307192103438,0.021527954853643193,0.04677078881428695,-0.8396417561874998,0.0023237286733514273
3477,-0.05072833709875965,-0.7067111765505933,0.03396255974386976,-0.08485947468554654,-0.015513435086740808,-0.13950324668453842,-0.11306158279818983,-0.09759176811367082,0.1160144744821253,1.0240650182253044,0.06944530175408882
3478,-0.08232906447568185,0.8927190697628342,0.06620311116832302,-0.1000976450426623,0.05501540124245451,0.18429755535761252,-0.06795980113827922,-0.6056050817591395,-0.004202473891049875,0.015017590016380936,-0.019416368871908556
3479,0.048340934409214525,0.15250770391599175,0.07760025623972551,-0.551983666826115,0.042122867675348986,-0.14944660554486622,-0.14728751480698887,0.8816623323674965,-0.12773504382833983,-0.07193669331824415,-0.013888892336701427
3480,0.028017745105229044,0.05349149599659549,-0.08366114342577417,0.7965717794835944,0.08408668156007686,-0.15557842389108173,0.005404359130627678,0.043134193365889736,-0.1264801127638226,-0.03905399543129395,-0.33487288813056926
3481,-0.07299484715311308,-0.02107935122545508,0.02663439193574466,-0.06518695884880928,-0.6066391351614516,-0.02105611165658589,-0.0764291466132621,0.042228972075221666,0.018048362048739174,0.024234102458031467,0.9034892936466917
3482,0.03362151660188122,-0.120134242676641,0.08363276018417959,-0.040728826034329785,0.6287780633270618,0.012323638222820978,0.025134584636444367,0.12280855061114646,-0.243554107647036,-0.18555112117142245,-0.00787012538139183
3483,0.07611772362019088,0.15845575684263574,0.021394053096251642,-0.031611919512874675,-0.05047563428934794,-0.20012756616193628,-0.2330168668855488,-0.11400611813461212,0.49722745356783665,-0.08380063149649854,-0.03625133408972668
3484,0.22429471275000684,-0.04046521035019963,0.5822611402346101,-0.15106487459423953,-0.017139444506949632,-0.21758253063870023,-0.027177872218081926,-0.06353054768091355,-0.04995513636041068,-0.09375382556496899,-0.01825505341621758
3485,0.025282100764951944,0.04846513300930614,-0.01370028962068322,0.14600785366585395,-0.12053793265519083,-0.6228262696850448,0.025414533910373502,-0.09309244848739723,-0.05104412292799734,0.05258174270037225,-0.03095297058242532
3486,-0.09208541315593552,-0.019010948888349047,0.40668472514258164,0.024034565525046254,0.19609205685356737,-0.01794228891874907,0.07417800826039513,0.12919145393371642,-0.015831855819722802,0.004762914928462701,0.022953380835888475
3487,-0.15765758987033837,0.6658372109601783,0.007411047323202746,0.018518595898420212,0.022086071766490432,0.16879042763041935,0.02847309560866003,-0.008772025850203879,0.05212374956081324,0.08802392534343939,-0.05961679612313431
3488,-1.6581370738296808,-0.016870637630397686,-0.1430956628671629,0.14317967157363953,-0.06111984895648708,1.5624924498083577,0.01795366970435048,-0.10841094244763216,0.24132971832329164,0.018812091875868003,-0.006006355663768085
3489,1.4400619023103758,0.1367719842934642,-0.009019232952678563,0.009547231258511191,0.05193281089155837,0.09439818092930882,-0.9150969933043996,0.05358488803908814,0.08595310794353477,0.0469877393885233,0.010283170621353806
3490,0.7819545397021466,-0.1239612269004992,0.042986715701488314,0.039365092108947855,0.03300285444714018,0.05305146967613569,0.24042657977424045,0.05731050690242801,0.006625754229424014,0.19713205063624736,0.11528620339005341
3491,0.6082691649649323,-0.06427912860213339,-0.000360379573955019,0.014011940407456396,-0.027417929944931405,0.07525926770785929,0.04582067002949101,-0.010375340860287316,-0.019888735466166152,-0.012488845959818175,-0.0036451543216386305
3492,-0.06946375556663184,-0.041418352758109706,0.008959436163691194,-0.015349285191933994,-0.04482771453223768,-0.02644763534227799,1.3515363723413911,0.1108483109372255,-0.10183553101745517,-0.8655355969831503,-0.05791788060278184
3493,0.049604407665010626,-0.5647955145247864,0.022678213269522293,0.0025653034663893817,0.048309041052284084,0.016207521897025047,0.0750999526686418,-0.0027115555221863498,0.0009820937146181627,1.014751261857931,-0.14937172662731893
3494,-0.09461936405873306,0.9235363074424973,0.0016238802778238658,-0.1052836770258191,0.03259551030105993,0.15780618899259746,-0.18926431377909145,-0.6781087884374245,-0.06292542850162218,-0.07496602518045417,-0.03214642890521811
3495,-0.08268522006077957,0.040436345877757705,0.08118954347050174,-0.6476403048939405,-0.09541422513631566,0.058310038969159234,-0.09753801637574507,0.8246641718074698,0.016409368859218256,-0.043498746494098725,0.02112218187745111
3496,0.23627454539193884,-0.03881399926654511,0.006483857378883758,0.7582870158846087,0.06863298267333362,-0.11043739042435274,-0.07572199252098594,0.06123706284760619,-0.047971352310787085,-0.03513594948080909,-0.5237865890702249
3497,0.17956380129469934,-0.11280793258696906,0.0459434044846224,-0.04708896389264913,-0.8488794040121919,-0.025586798608907294,-0.05690301878069352,-0.0537976790702261,0.11482730422913756,0.011851582589117844,0.9367441932932553
3498,-0.10207419898370819,-0.12668501128577847,-0.06650077879877216,0.00670732993264895,0.5694026137064306,0.06951187105920892,-0.08837015169324013,-0.03169648401735305,-0.3693096180056261,0.13649427385906285,0.00932462775505193
3499,-0.18415878048670511,-0.0977349418949921,-0.04998063878639607,0.05531629033849225,-0.06614554192168537,0.12369673366723136,-0.04800169739691911,0.09620029068976062,0.4850133498080616,0.035508038336281564,-0.1202654913365417
3500,-0.27989859753530394,0.031626951305920026,0.583510017330129,0.10031376118951078,-0.01908956251961195,0.10257163706170436,0.08208933699916303,-0.04967277705858773,-0.019637977632668314,0.04667880878373337,0.07283572739321602
3501,0.03773692876762911,0.01129303464488509,-0.0355515509091703,-0.07399448727375604,-0.07549588756483214,-0.6555955158134891,-0.013809584863070908,0.01976126717118685,0.03928664680890185,-0.12116525482063481,-0.01595046039898281
3502,-0.2155054972124962,-0.03371481462830176,0.3777334875892358,0.004629256295234238,0.02067655941796207,-0.017429090451516728,0.11199765591297443,-0.07670166373821774,-0.2412380699185577,-0.12214891888600264,0.07445046032992035
3503,0.028640484002071503,0.6377729272311347,0.07998081029130924,0.020391161377200408,-0.002781679633654213,-0.31555893792097855,-0.04908938960578704,-0.028347353772768712,-0.08138969438575902,-0.017277502535023657,0.044978348219491794
3504,-1.7363994924448622,0.012583156560616648,0.0753720685245465,-0.1126725161181137,0.02542831836792478,1.9272399056152807,0.04151504099348583,0.05262853448590703,-0.15612735757208496,0.2490111450298714,-0.13812586861445536
3505,1.7788272849060474,-0.0015955316769873558,0.08758719715031975,-0.05936250740059295,0.07890732066922164,0.021509461194191296,-1.0411285017263485,-0.0083482219484185,0.026209740461811563,0.03182551248683151,-0.04985750860272138
3506,0.9093479112407956,-0.059325815017728274,-0.029817632228285488,-0.1045440742443002,0.20035709335072233,0.1323359227992357,-0.08276181868296764,0.022102464814900878,0.07192594415542172,0.05736310549630603,-0.06137042260568675
3507,0.6538399203718369,0.008100730107898373,-0.024562282861892673,0.06025945253164823,-0.07727805864274563,-0.04831304723929784,0.028700359005998446,0.033609092126187956,0.044774028566218774,0.02882543846752901,-0.08071303682642192
3508,0.09263306645865596,-0.01283504387652394,-0.002172780118308869,0.011366488806515834,0.07143555243643483,-0.011206071980692397,1.2369409827648987,-0.04568779234435711,0.1252816405327091,-0.862265736436018,0.06192061957733981
3509,0.003229351925001548,-0.7149420481759265,-0.0003471539078937396,-0.014954313399328881,0.08963283792286324,-0.03635045255606864,0.07827853662996284,-0.03740234715080879,0.11658706678176628,0.9682939786948942,-0.047546713961928125
3510,-0.04624128280587755,0.9086523798434674,0.03446509726989606,-0.033415546012209016,-0.13300862804990016,0.08478628578784787,-0.07041552812524428,-0.5851993206068843,-0.11683406567254569,-0.0414275195968448,0.04562895663241887
3511,0.07584921381727312,0.02042581642151336,-0.04495122811375464,-0.536964190892483,-0.017253883644573795,0.07567938069672328,-0.152246461327606,0.7725747520928011,-0.12843934642335414,-0.11793651268214789,-0.07055484930418043
3512,0.009243069011389441,-0.053102041143735505,-0.07677512226478907,0.8057748623822025,-0.06825354810708563,-0.04840819084632988,0.0379758234998524,-0.048222998713687425,-0.027716005811791736,0.07920607197121392,-0.44249866224999423
3513,0.073762673288555,-0.1985007910770815,-0.000504292702780485,0.02332549524021694,-0.64935143149179,0.03156513922552765,0.2548601203999155,-0.04791304624710597,-0.15273571941730588,-0.037931490692014534,0.9126389000967253
3514,0.13677267514206262,0.029669357808032898,0.01973731400531496,0.028138791364929503,0.5885035603358474,-0.05877622917395881,-0.20224525742442717,0.0950470876224859,-0.419318369238053,0.09703160205380876,-0.0278600881735456
3515,0.02728979301494417,0.05528129554927829,-0.053643360519561076,0.1546025700170603,0.025122164901656127,0.01099930866967532,0.12026949555777695,-0.07677929670522925,0.4502416490100599,0.07885845625531639,-0.09266260502252255
3516,-0.06410363385178516,-0.055129650620730726,0.6148635061809719,0.005781687951573753,-0.10558479132611874,0.17441717937738263,-0.23448114521770155,0.05715412733369918,0.10072413969885388,0.0431233272007173,-0.11675335059118847
3517,0.0428620373895111,0.08924189861372167,0.16445348047867694,0.12422195494378777,0.004639169223892584,-0.6535525614688565,0.011750879696493572,0.024646458500895835,-0.15715213632234049,-0.0393953040652744,-0.009561739229786785
3518,0.052001844164322394,-0.041425877439485545,0.4257564004194261,0.1986376142697824,0.022167418312016428,-0.11229031062202866,0.14368037429976954,0.10265803687368082,-0.07395125022223716,-0.07514894084184356,0.21706213980576677
3519,0.026321642277476034,0.630249701267672,-0.0033966707553170165,0.03079065678484013,-0.039811032924064696,0.14612011053205723,0.09114825164116083,-0.04243443074221091,-0.03740878592140941,-0.010797459095969323,-0.01581084082373679
3520,-1.9087286830835812,-0.0022316918729804926,0.05141907150680973,0.07709141958153569,0.027247624304399948,1.7748436257972693,0.07217206872186385,0.08357691247214404,-0.02313892066428454,0.06647487427556292,-0.0668571509293327
3521,1.5521182186864184,0.048084270131423,-0.03638914817726495,0.067140834198425,0.01081112479149573,-0.17582142453094768,-1.0220797386664524,0.021693745949049926,0.10742046956334693,0.06023970195912723,-0.03141913930493285
3522,0.9929026952560757,0.02799256746865937,-0.014955192777667149,-0.09633725465871962,-0.15385069449100217,0.06576594356222824,-0.05384156052128048,0.05951618418918062,0.04407496849416931,0.04286916115250281,-0.20957533051501767
3523,0.6272615997933437,0.02507750771611684,-0.02709167398481115,-0.01677386561279336,-0.05226185006011476,0.020016191217846438,-0.0027405556236249967,-0.042400992546832286,0.03811530252851409,-0.033891841440655865,-0.022488466534003854
3524,-0.016195634541805747,-0.10377372265575262,0.09278202691331101,0.11305435924644597,0.05297745419135646,0.12036509229778047,1.2323940554222172,-0.031131544373630058,-0.053657616239455655,-0.8453581159351866,-0.05382850655079986
3525,0.07468368204494814,-0.5841825389954811,0.05766195204740168,0.014535131358957298,0.08015799090552235,0.07112537011383414,0.05095867759975517,-0.06946779995361772,0.015901006760582058,1.0150724708478471,0.06947487938030687
3526,0.0577247035994949,0.9351239214918027,0.07273748392089391,0.014526518976375778,0.003670755116483582,0.04663501834533805,0.06126769121746641,-0.6280223999850241,-0.0686802198700296,0.04442074224142739,0.08121384506502534
3527,-0.2481501081357703,0.03703863017568873,-0.0814238121725224,-0.6516457982962028,0.05520493784508188,-0.075040600148058,0.052723388184709674,0.8014532064447079,-0.12587507328867778,-0.0184165303921309,-0.0693952061073561
3528,-0.08918502147207476,0.02815506453960614,-0.04297769901562229,0.8334638328370638,0.03504382430207121,0.017252388001819823,0.008503538431279392,0.026429830498951312,0.008985198503786235,0.09842230198574561,-0.460471491017707
3529,0.039311064703313914,-0.13201227117710165,0.008835438512612453,0.028639542435025627,-0.5986097467341626,-0.06899650647083214,-0.06310762337710557,-0.1574303218835819,0.1703190146530906,0.056178114069736405,0.9061742292516318
3530,0.022653891734194635,-0.044788469742231565,0.08617216122144289,0.0007718483032284921,0.6616877512868987,-0.17015604171747886,0.15979212259761422,-0.08546679040390641,-0.20111272623062615,-0.05371287431698269,-0.023592727407099383
3531,-0.16657594393763564,0.12240143491438027,0.06815803745170741,0.11419560765407093,0.07335152368749699,0.1052710177886487,0.05949393984036453,0.13524767168043725,0.5026237329945902,0.2055727112819928,0.01513256816004815
3532,0.034677246476670046,-0.06279890763661229,0.5921422442321708,0.05191631047582397,0.06722365781615149,-0.08945814749559601,0.014520925588238587,-0.031272724258220384,-0.1350429013993968,-0.05935305393248694,0.26770427942793923
3533,0.03403753456142854,0.04586769891099286,0.023313896178142956,-0.07118243590401584,0.018968067585993363,-0.6365627787621839,0.0022812838489701215,-0.05505347693474001,0.06502957278163635,-0.009002099248424426,-0.09167437527415766
3534,-0.160593033798801,0.05777232992659376,0.408269049627797,-0.042697068753714554,0.06414982252681505,0.1035372024753227,0.11517128784593676,0.14584376154440296,-0.028700316388282434,-0.11822646771468613,-0.029599710778032796
3535,0.009102757297114903,0.6786049199925892,0.06476162492619737,0.017798925954491972,0.0634288189943017,-0.0699830325697866,-0.18216249540521973,-0.05404774500148868,-0.007891840320020216,-0.06272276479319204,-0.009567322393280835
3536,-1.878997752495337,-0.18442171671972424,-0.15464901183694268,-0.12691216977538905,-0.09150638255207912,1.7270029676068253,0.18576913083055205,-0.06031768674801686,-0.238376582431239,-0.0915668449443576,0.07654459712443579
3537,1.3614282739046484,0.07979413785231526,-0.13126006170973709,-0.032424393998688364,0.010224603304353232,-0.00609028359747321,-0.9302907488368531,-0.08059047525999706,0.0794314979799798,-0.001300625006462015,0.12319513369627375
3538,1.006483080203694,0.010507130429200007,-0.011283541933811328,-0.08478970525197373,0.012269283280185004,-0.13633653877106067,-0.10438533238206286,0.011834180771654304,-0.02343473034858453,-0.09597246241714519,-0.03928763811447117
3539,0.5732076330165882,-0.00947482427168548,-0.03266430896801543,0.06269308361084223,-0.0356670647763915,-0.004112786384964803,0.004833922447456647,-0.030933949333407817,-0.042577829371203184,0.012077484820730037,0.013589212950351173
3540,-0.022388981900613242,-0.003335715146843299,0.0352463491762138,-0.02418838505526717,-0.07658032575783104,-0.1303249097617078,1.2581195856168796,0.009372975556544443,-0.1445652817042444,-0.953199146319584,-0.06138703165190462
3541,-0.08600697838136312,-0.6924325206379818,0.06293350512661268,-0.07373469755571253,0.011334984616856496,-0.04288062193240391,0.03925553004207241,-0.11687825436883677,0.05310130285409274,0.9945030765943311,-0.12124456470109539
3542,0.009411263969189478,0.7899134468122748,0.030715602694079216,0.020386089445802613,-0.06550246363019499,0.04291702722647778,-0.06779840956278875,-0.6140795835707648,-0.020143957167518392,0.12156378440532026,-0.0061576026008035144
3543,0.08494063725738484,-0.00904625089730104,-0.02213759227571974,-0.45098694432750286,0.11839538805113992,0.0957556086590341,-0.08742673321212004,0.8248636312353719,-0.03837732274387194,-0.04912189983787834,0.11011838027730927
3544,-0.08652240931280966,-0.05544662281830754,-0.08940008894030957,0.7724240903329481,-0.06604346032272884,0.057341731025043176,-0.10812397404736185,0.00913390592125607,-0.17464921571761655,-0.04424479135718808,-0.4379234204445372
3545,-0.03263409695823556,-0.07333616604085015,0.029168776469941315,0.018607150644073242,-0.7359333515258868,-0.11319089960321863,0.06002682252582889,-0.015644948697534182,-0.11304508769238185,-0.09390661485363595,0.8674834355384485
3546,-0.07686649824673858,-0.06986857187891005,-0.02820809802165152,-0.04740661288649826,0.6021145743531684,0.026622961298721534,-0.02458732273892399,-0.11893892176083973,-0.2630494646402793,-0.12817738287101954,-0.03835597089709725
3547,-0.1450775522457026,0.06524904047280433,-0.21067251600847087,0.025696080091830085,0.032482503243912886,-0.07382892107374235,-0.08535562571504796,0.10617509536758861,0.4832416423706063,0.1938038871728823,-0.02820091892030168
3548,-0.005835837810673381,0.1790001299311576,0.5291028950321248,0.03385262602068462,0.0796972644869864,-0.08749865365432209,0.05640547513594933,0.04932999467829433,-0.08727939808475871,0.012517553167093846,-0.0038663607609763315
3549,-0.07466659512851283,0.011427824026677608,0.1339664540489515,0.04171421821257657,0.13599856018351678,-0.6997668595935828,0.04484158322518041,0.008699769970212776,0.013106319141923265,-0.012347171867321559,-0.04221561805658347
3550,0.23112461764678174,-0.11510482271730696,0.42578283939757067,-0.02771257416420367,0.014688835260484395,-0.1475210053207421,-0.019939047892594985,0.013415297228879096,-0.06074456244766412,0.042406041943116625,0.09507782010670646
3551,0.0005037201524546071,0.7343716601053787,-0.006722778915782565,0.01623410200094645,0.020468322529971664,0.11449422049501645,-0.030005566991017654,-0.03015942743096638,0.026728452836681914,0.0834092710908823,-0.02745806715739648
3552,-1.9873510134819472,-0.03209026897898408,-0.07269311533869662,0.045011165285698526,-0.2701524030714998,1.6667807552284406,0.0015890086342922388,-0.03375691552564553,0.08182244687616545,0.09307911118592355,-0.04746186505372372
3553,1.394760740994191,0.0623242362470227,0.004227291468628025,0.032888282638388486,-0.08237368851154188,0.024571353886834547,-0.9506307516855108,0.09944099992274018,0.0014224880956044926,0.00784706759932612,0.008632510850196014
3554,0.8148639652861117,0.03084928597695253,-0.005422271663661313,0.0423404111400839,-0.11450210845398293,0.16550045441207445,0.0404016315909527,-0.07991126119056101,-0.0784479300647802,0.18231371020700318,0.10145392115888263
3555,0.6877403296690945,-0.04879948718966797,-0.007933114045916567,0.04449597014998408,-0.03372447851855185,-0.042374828399168035,-0.009823475975325307,0.014565330475018718,-0.04791636355692166,0.008641641809663259,0.005217893977710465
3556,-0.03591242714118375,0.005426214715418209,0.0041748610733157495,0.025938155312465627,0.08264790262634172,-0.087730829486176,1.2748076263839385,0.0872066519167186,0.028385531259888637,-0.9829740990430746,0.03026469493062173
3557,-0.020363511207309004,-0.8344704670308707,0.06089456965189512,0.07885163346568784,0.06758689503795612,-0.16393042393889715,0.16338724377251893,0.1028305582208182,0.06760276444548174,1.0814586787683151,0.07770654534148747
3558,0.13576893881570573,0.9570279233473693,-0.04487370916665195,-0.007116403007802,-0.009696739379484039,0.036222200658287115,0.0007863070035857653,-0.7362362852408586,0.04137638933456417,0.040871576219602294,-0.04509558657413121
3559,0.0038146026993655727,0.04117504538764439,-0.011455474295282703,-0.6187355229639031,-0.040769618967770094,0.20793454574552528,0.11959634468581784,0.7008885114686192,-0.11584182499534906,-0.050061743268841795,0.06550367333689702
3560,-0.2170778008653789,-0.016319311098110998,-0.011652927748531015,0.7726024059357923,-0.03048952313533409,0.1127321868672094,0.16220372160239582,0.04432821821828726,-0.07535119026352487,0.03729267625090087,-0.8022457092465682
3561,-0.09158451491703576,0.05844659357839488,0.08467675916775644,-0.009550614066686522,-0.6014318177689485,-0.12270988592054388,-0.02458837801002738,-0.009463335625037098,0.02321111192276009,0.11114525879675803,0.8039269471500977
3562,-0.03071212532954973,0.04639933976670246,-0.0822964966220797,-0.011546417040654428,0.6625337684267814,-0.05572423982614903,-0.007316361369749018,0.03519929742552301,-0.33711343620958467,-0.007839443328655039,0.04209669579762899
3563,-0.22113608318000783,-0.05665189973290177,-0.02438146539145386,0.03162573228665433,-0.003788274672136616,0.008128467732921687,-0.13167732965999743,0.06423967311875942,0.46787634961673347,0.019659232419000482,0.18365820817812895
3564,0.10645838070788964,-0.07080202896674241,0.6002819029022917,-0.03346750458437735,0.07258021399866672,0.07394062686302662,-0.007027063861903848,-0.045658874404687265,0.11850572677608426,0.21117079117560542,0.14820959592827276
3565,-0.008151842036229609,-0.02521349899757919,-0.0763787896349178,-0.04117424175819776,0.034378871057232245,-0.7169550534528913,0.00040400667402705655,-0.02329529727585167,-0.09811851632469695,-0.13142314793236068,0.18673330171388514
3566,0.2166599386444653,0.15854027000981882,0.43012269762675726,0.07198198375344778,-0.07156042968289705,0.043438516636039974,-0.1019917588194826,0.023139665464551366,-0.026502293193028485,0.15679030069064423,-0.04964861664109721
3567,-0.1298706760864894,0.6346594783507667,0.0397254732313394,0.015573346050470616,0.018768898441541546,0.11177171356680322,0.04807527019018669,0.05559970331379788,-0.05919539575394583,0.1188791800111549,-0.016788054935325966
3568,-1.8867890087320893,-0.0034878865072213005,0.10580897704067034,-0.06277523395589432,0.16398962801662653,1.8157346940779724,-0.027570620606365732,0.13911317185090422,-0.1355574718096335,-0.08537169093359273,0.017371159762246846
3569,1.2382521111523364,0.0016737877386145809,0.002764730360694323,0.017310771135543274,0.012773723344765545,-0.05349336853486708,-0.9400364122124448,0.09361546067361393,0.06893802614611766,-0.06383881387748375,-0.030961441296745836
3570,0.7772079538845311,-0.16715791107269748,0.06277917912961906,0.009292424759267944,0.06223766007840531,0.09681792469618267,0.05868438018645879,0.004716763095716564,0.040283064323389656,-0.04379433167583789,0.019297693218346165
3571,0.6197580476536636,-0.030455328507894265,0.024546651544909554,0.00818446698169006,-0.011296752360492997,0.05834217649601587,0.026644008802175354,-0.06251311536296585,0.02067977515121407,-0.035022908274245514,-0.018365157393843968
3572,0.0996112456600043,-0.05749331361685838,-0.03580301762684359,0.06080868631423686,0.10947570631685569,0.07305274222539007,1.5108390805805119,0.005855078752802398,-0.04358097177858521,-0.9246523861710325,-0.022629403775289096
3573,0.17239035300980013,-0.5976354832962131,0.022692195635985818,-0.09083435415460897,0.10940202333693977,0.1739404164923515,0.09069681798301746,0.015516112369844256,-0.10396560469289479,1.0225773505839602,0.0601919494060959
3574,0.055354317239937376,0.8703967037626036,-0.012924678116154845,-0.03609301920898644,0.03277967178184908,0.2023799020473688,-0.17266638630279157,-0.6350454221457293,-0.008377594453650283,0.0014615024065091709,0.041284013556979346
3575,0.06633834129196746,0.009205844712777484,0.04710140383492954,-0.5891556592410719,-0.025095878540404765,0.07371296396131138,0.053191777301273245,0.7424673963738259,0.04264912528922499,-0.1317995362199229,-0.08083857149999654
3576,-0.07360253355548414,0.06293538500502255,-0.073489537143968,0.7894433242250061,-0.12408738455695678,-0.04687674230818973,0.12453330374363891,-0.06762093024270945,-0.03038540258281295,-0.19031862336230124,-0.34310112350887456
3577,0.14010062142454632,-0.0494574387539604,-0.006825341905370552,-0.07766698118601979,-0.5279662259057446,0.07499693066395148,-0.03241049897314564,0.06951566562652554,0.10861762410165694,0.0413030686298566,0.8659074468519553
3578,0.020181096689189267,0.07515105699131483,-0.025837980735444042,0.04421185911101899,0.6175846941898955,0.10989567696561053,-0.015714604831981414,0.03684351229889018,-0.3650526820553123,0.06443826627648956,-0.013316237896678683
3579,-0.1707041396431481,0.12365776966334058,0.00929045483611797,0.1160261932967403,-0.01740531843170266,0.009164719992936363,-0.04923137588698373,0.03952744129468893,0.5004192605018447,0.15915708204264417,0.0655311057444741
3580,0.11953599192470633,0.0696560264272711,0.5565326158622609,0.02219983769129142,0.003019842718937308,0.11745680651299507,-0.12625416623116092,-0.0005632174758820729,-0.08747176005531249,0.09710948575674108,-0.07519104208995761
3581,-0.014477539485690237,0.016792112147480054,0.06476768070268094,0.06457706957243921,0.032783823804215725,-0.6556622267690537,-0.02341002333638129,0.04025001078097678,0.0029087433247542917,-0.0762839051529091,-0.07508587422619922
3582,0.20621094624158473,0.02845762970253623,0.43623247882132066,-0.1078167033514381,-0.14844098314049306,0.09016769154802821,0.0851344932072497,0.018068125973756722,0.033221785419194017,-0.13041487351332456,0.03463015017062063
3583,-0.0767336443833513,0.6556022614606729,0.04168261262614572,0.027024799228382662,0.002425092040435119,0.04255762359739315,-0.024327141718229493,-0.004763580855978961,0.023386913816324913,-0.029608638524480896,0.024010264940577765
3584,-1.9034220029506608,0.03410435638103735,0.025683799984489757,0.02094480559850604,0.22218671769454826,1.7193011052361105,0.06680006413633231,0.06862862409963771,0.16114662269340874,0.10882416828747332,-0.009787587638104243
3585,1.3333366991636748,0.015252534744794807,-0.016748010760463856,0.10070423304710344,-0.05846896351761999,-0.0710952562028469,-0.9128030107362153,0.00011575285898327795,0.007179212988331607,-0.038121183457881694,-0.0013188296330658
3586,0.903823924844458,-0.05583802603984605,0.00692206038225422,-0.18221825587190169,0.056311609133747054,0.18736898738320978,0.0066930542471108434,-0.002341908766652754,0.15338550105175572,-0.02795021100478749,0.06976166914901342
3587,0.6732834886143024,-0.00043808149319826337,0.006514910423904807,-0.014695731390867366,-0.010847390490316048,0.08390705482360136,-0.001958773157950833,-0.025360555079705666,-0.06188756766408634,0.03854714433560461,-0.04520410101490932
3588,-0.12560036269929814,0.19608020851702623,0.06459327078338238,-0.013334755192822706,0.002226244776967265,0.055762939244505046,1.5560728274541709,0.12222459323501998,-0.12331455877698608,-0.8891336995471262,-0.16738355240441333
3589,0.1747884679727593,-0.6972853646968884,-0.041234030598932034,-0.023890283983528833,-0.01986386169168249,0.19593361158945263,0.04370403259862564,-0.07856203017677302,0.02671423153519506,1.065496785455967,0.15465816218597384
3590,-0.021325391605616757,1.0238059360744125,-0.004393841910237702,0.04830372732102378,-0.04045504886520357,0.09214982873102233,0.06417904673507945,-0.5960122121991563,0.011815144970350484,0.023854814088379934,0.02310593942641436
3591,-0.0034633414667037854,-0.06153055426870083,0.059733926182270455,-0.453769494207346,-0.1433660777587309,-0.27174268977879895,-0.18460914155183758,0.7918695947655775,-0.014633748848525176,-0.12294910145242516,-0.014156023120412317
3592,-0.03452113019533246,-0.002844060496125755,0.041002170195242424,0.7805244024375603,-0.08452327045023338,0.08733455184659314,-0.11558604719607407,-0.05518232079538016,-0.026885666725081428,0.20510703497709515,-0.48346204982990965
3593,-0.026416238197203925,-0.0338538013620641,-0.12049092663857788,0.055975477624394185,-0.5874729188850739,-0.08328191414214851,-0.04329215788259631,0.02684754958669284,-0.045658295158886114,-0.04534500532809911,0.8361705448983725
3594,0.05626622990917558,-0.11311636831772787,0.036523282587266184,-0.01616695097220989,0.6031185399090861,0.1179114707616899,0.11089055300037376,-0.1414850200376151,-0.4995135682968128,0.18329688963190394,0.0044844450239875456
3595,0.31628972213117884,0.027810229639302183,-0.09469384802433432,0.02072676218953462,-0.11868368232630462,0.09811336804144484,0.28669352002425486,0.025646294126240796,0.46116833490932996,0.014519928592479924,0.06926253000853755
3596,0.15850127640859202,0.12740821411687642,0.6085359157295545,0.09427366945762354,-0.03035846622668791,-0.057958296976517366,0.16230305947148585,-0.02156471183895258,0.024444577990669195,0.03268922557534889,-0.053905724172054144
3597,-0.04390663555987874,0.012676173786363067,-0.04366187804989413,-0.07396434746090001,0.05250089464863383,-0.6447276638628998,-0.014368984142849598,-0.002374261025422294,-0.010282368486045088,-0.02188115347988398,-0.08097423557475857
3598,-0.020268923667439206,-0.035112099060624145,0.4041934638965222,0.12638569326818158,-0.08355103264923762,0.023607830594880534,0.013562982668455105,-0.10396051770591945,0.1355221452401967,-0.08139277240442695,0.044375110452915006
3599,-0.34497064553307355,0.6714518904279746,-0.07322435694799306,0.0274445210204112,0.0375036013205511,0.05315329097023702,0.038843313010278574,-0.05710878840797497,-0.1025578144424947,-0.0367215379802985,0.017819541303213466
3600,-1.9311326489890352,0.12475256489917556,-0.07034861774481746,0.012694381212539437,-0.09049983392776317,1.7932081378767248,-0.05003316455681782,0.06812235786513571,0.03533517182746685,0.1794844386423162,0.02746522283076938
3601,1.6186914697204464,0.12719869517775304,-0.06332720212027455,0.13046761937266613,0.04623871648561883,0.21182523211097035,-0.9247331684024124,-0.03114717166842651,-0.054215433989494105,0.0720582163181816,0.15251334797395968
3602,0.9836118844245303,-0.11056358869229282,-0.04465510869856143,-0.07740114519638923,0.0004167964199754473,0.062073014228420445,-0.12651173338004762,0.07765482307631583,0.02963252174912744,-0.054232524204505556,-0.12065105667475153
3603,0.5905569376235138,-0.023599712440913655,-0.02251559229774594,-0.005759590704732546,0.09125281634688152,0.01797780060915716,0.0037145084978737397,-0.04647098762494652,-0.12644056109756424,-0.012818498646847427,0.0005423408195595215
3604,-0.26543649978392375,-0.05146604701307496,-0.022941658063130633,-0.010787867426389097,-0.03533639430821495,0.12937351342018957,1.2030348181904695,0.016579614586945197,0.048985606850716915,-0.9395400485392896,0.12836242610865886
3605,0.1068936592382356,-0.6790916069812448,0.032112805130703866,0.07537361288881235,-0.1605299147251128,0.00226869845704847,0.03451910692890136,-0.035498926264836854,-0.05330713658874219,0.9368927311878359,-0.05707871671533135
3606,-0.12867736977188554,0.8452617176659514,-0.1962492005999884,-0.046042454338364486,-0.05201829625460407,0.07662615218254051,-0.09399807110315551,-0.5389562488658071,0.12337448431150287,-0.08697195365642194,-0.0610795141193648
3607,-0.3689713128464408,0.0702642632044577,0.0874925645614755,-0.4096637976999273,-0.028137856844021,-0.12283154156731968,0.048077708412676376,0.853087830810301,0.016410915279853902,-0.14984942172207105,-0.04910355356167235
3608,-0.260599041091069,-0.0791860406551387,-0.011510067698559431,0.8636401820064998,-0.22046077122435517,0.06659757796786213,0.07646193382225866,-0.0026017951243369627,-0.13417130447406272,0.0913254914005242,-0.48456918841325003
3609,0.04200114663991558,0.1047577482286262,0.13159994201743094,-0.015457334056572963,-0.3004877812745889,-0.16929458854120424,0.034094919739084975,0.018783124966198553,-0.05095540401375101,-0.09552193524205219,0.8619406163199039
3610,0.04577898933740856,-0.2238577230645345,0.13827937062800943,-0.07756848010043793,0.5809334737103439,0.004560825255035307,0.018314541420556205,0.08966411843035459,-0.28559796615527533,-0.078483588998299,-0.05427891608666087
3611,-0.20057811621547056,-0.0333070959986438,-0.15865084019199338,0.03999332382240583,-0.013077832683953442,0.07869329437899034,-0.036871421910111606,-0.15351242726507996,0.48538106960399174,-0.0008129721749206417,-0.05770512415801057
3612,-0.08722292358410744,-0.05494372417309928,0.6456040773107639,0.030067118626783004,0.1362977082004156,0.06807293625752658,-0.17480470995312297,-0.06420255641610143,-0.036228883907249224,0.008006010667152398,0.0810450040751267
3613,-0.12368489926162465,-0.03233787952115328,0.03156929061817795,-0.06065516281784872,0.06405229566815426,-0.6260258779179411,0.11211373838868259,0.04728294031284208,-0.1516218862972292,0.04647279449135099,-0.06062277620268029
3614,-0.02778869168965113,0.14399945006804415,0.42895977897450926,-0.20919407747541718,0.06718466889858203,0.14847326060455698,-0.008159119061504735,-0.1194880395657624,0.009606957963925881,-0.0600452065209516,-0.03966175811200609
3615,-0.1518162014697083,0.7030097333059014,0.04191658071095306,-0.07789305660681817,0.011349931470182751,0.1559490617476479,-0.10849422925107495,0.07610929379782007,-0.022422634004646252,0.039832377021127845,-0.0645794984959698
3616,-2.0982538743955943,0.06579850683812863,0.16988014205987395,-0.05391722296432746,-0.05142094389997218,1.6439840372710743,0.11105749602562388,0.030779059448217176,-0.02170033184717047,-0.04417408795510234,-0.03166297981585987
3617,1.3942208432843937,-0.08980331032854662,-0.062217982389800225,0.023952595759884617,-0.019832851175545892,-0.19424948864812877,-0.9552921631930031,0.038801653061499505,0.009823066064983581,-0.00530735680038836,-0.014086114000580671
3618,0.8418233652601816,-0.20765566601465602,-0.17063844345719786,-0.005430149266812307,-0.0986536905617601,0.12698794198527313,0.09159494914374536,0.03923817668004249,-0.032479830703742094,0.016601484567118754,-0.08262978490358126
3619,0.7060317175178734,0.004403944138806886,-0.0678332625835315,-0.011739734510805868,-0.04785397634385685,0.028726928435416042,0.029849858085322718,-0.02218973074353918,-0.06833228157749689,0.02047504894926916,-0.0280813064366959
3620,-0.11253194460464924,-0.0772079830417262,0.06142866657383059,0.08770071566976402,0.03802260567715015,0.12311153579877296,1.5253696643263674,-0.03657455780344272,-0.04514460248218005,-0.9402737244242526,-0.010654191501047907
3621,-0.008508076275837738,-0.7731994273373836,0.021629774243387107,0.013941184694256582,0.03526490096047569,0.010887790574771409,-0.00350258158970409,-0.04887769666961558,-0.13126403616744187,1.0275662864504431,-0.06397227263777377
3622,0.22088789398576306,0.9369339466834959,-0.13316267216038713,-0.003295451128379561,0.016738393941287625,0.06453584564931189,-0.007377584000419067,-0.6699958696164646,-0.12667796975899445,0.0040887191209977285,-0.006704651262253114
3623,0.011197714150115166,-0.04072080237075196,0.05759199162692297,-0.4623465819176121,0.03162569319178614,0.03354501032536919,0.10370188049258446,0.8211534378826736,0.10670555479028916,-0.01920098536593545,-0.031061265808610062
3624,0.17414861494450593,0.06435586548645891,0.014386518661394742,0.8305040010952279,0.0467634191092041,0.1367160266071008,-0.03165492209010275,0.024259764539670322,-0.11238252402086012,0.0447288049614836,-0.4480930409169967
3625,0.027392243888418027,-0.03689315206286073,0.06513449630178653,-0.004571949816546528,-0.38554897545036193,0.001128681034505944,-0.08089130848521318,-0.08385112079345823,0.02173334573531099,-0.09681372058383851,0.8207122419476707
3626,0.004459297215275708,0.16886807464187592,-0.04616838067171572,-0.17798835741123337,0.57913444729333,0.0599994608202412,0.03294440082191026,-0.026502539559732977,-0.1200978434573225,-0.0016060509948278676,-0.05180937958604478
3627,0.10232036477529015,0.02619615682121059,-0.04528115765658152,0.0814241775078544,0.03386056843912342,0.19068017755658503,0.026858596148029712,0.03870992884523368,0.47069628044841866,0.005029053676195823,-0.015039372522759862
3628,0.24924799914480064,0.05734207587548635,0.5774530955826949,0.13749392107950853,-0.06650861536702836,0.03476103843802208,0.013208646356071527,-0.03968542230265475,0.01957583224502595,-0.008113865124735862,-0.0703801451955839
3629,-0.0011047303803106028,0.006309760662791986,0.05619569629399998,0.01006525055206571,-0.03903537487650237,-0.6811113995334999,-0.02415725948923446,-0.025719806246533503,-0.17048724438426124,-0.004241374730240569,0.007812826079441318
3630,0.056646177961804836,0.10811144260227702,0.44483443300733544,-0.04347757697786316,-0.1445405607541336,-0.039634268629749704,0.06642350996296637,0.19440714094794723,0.034701008527791045,0.002694589408311683,0.2548708655852602
3631,-0.014153015189513537,0.621584966803767,0.02253684636622534,0.0017241957529817043,-0.02962336961218044,0.016720094442529507,-0.0008105589743691195,-0.036453569584269596,0.014972652165300606,0.09329691133056338,0.05791691424862212
3632,-1.7294163374447449,0.015892085356239177,-0.2388717005452427,-0.006924318888141779,-0.023135264483639475,1.7378290570205575,-0.06396753494974218,0.033615334249002385,0.007290979657437098,-0.1026975841558698,-0.11134326180966331
3633,1.424324347921505,-0.033080972209915606,-0.05092425950793292,0.1493608091714193,0.03733163305444165,-0.12779133481019225,-0.9365581260168186,0.030347402552135447,0.0574655538676491,0.07882250274081085,-0.07812400054965538
3634,0.8117117224460273,-0.04149177485979361,-0.18722690962438635,-0.010775323002514142,0.051343377339313774,-0.09523737284153595,-0.009673605048602422,-0.056651830800996464,-0.021331560883287477,-0.011358607953923457,-0.07034527104956856
3635,0.5985487933065153,0.004625414157854705,-0.014404343797735593,0.00013836487608951363,-0.03481040566948406,0.03378356393303472,0.027770726089694463,0.006437472816882809,-0.026706166767941943,0.02204759956478572,-0.024337471842525233
3636,0.016636257121811052,0.000537222966470836,0.002567574957667,0.0725499128453981,-0.038314387194651064,0.17526280832602126,1.1059061692103884,0.01809462308406712,0.01885989010181167,-0.9146512750950072,-0.022730611083103702
3637,0.057399469057433906,-0.5712105002851094,0.08249156804743972,-0.07120246086865702,-0.014091639495444463,0.20046549887856085,-0.10801450465540112,-0.047429491772474366,0.09213485412158155,0.9771967505240029,0.058338425498784374
3638,-0.12651190260122225,0.7457151312054522,-0.06457576116311055,0.039090504436105636,-0.04679263719273111,0.14489197998959447,-0.07105953662105595,-0.61745529534727,-0.045687775360783764,0.03643389013389185,0.04905870653012081
3639,-0.028907400993823346,-0.02913904837728931,-0.21964781054916904,-0.548971366765185,-0.1295285616388708,-0.05907835424390762,0.11664190669214844,0.8330890043130932,0.05058274209545369,-0.19256104746472638,-0.00039357102964540473
3640,-0.16852177932400497,-0.0156498323584689,0.011057152434943446,0.8227725240213488,0.05349779815264658,-0.12290423299620387,0.1689669352045123,-0.03676826018774188,0.11753991292136053,0.015571321339710084,-0.37317852148914793
3641,-0.08019129734167049,-0.10799431174154332,-0.001964622602386555,-0.08729992132245404,-0.4377162942588426,-0.12351061809519659,-0.16560564403237635,-0.13342885067526583,0.09631336887400448,-0.028572207520208743,0.8550473053423837
3642,-0.15545757024841342,0.09785550314956316,-0.0050858079802469855,-0.0372588209017958,0.6198690905871443,0.022948300270180123,-0.0008878310651125485,-0.078275280836058,-0.20277338031541536,-0.04677779243665435,0.02812305204258283
3643,-0.06989047790387498,0.01992906689209121,-0.05364158352322632,0.10344419408343433,0.05542292193912418,-0.009447998154394304,-0.0313396089088784,0.10611902860810873,0.5137332321258503,0.05440821059554842,-0.030127514151859807
3644,-0.06295142425295557,0.04808780794813503,0.5572023297126648,0.18042278700135927,0.07017655016895094,-0.018218224079678248,0.17102759227593894,-0.12804429566331346,-0.0472622686329472,-0.09126416215852697,0.10715709449090256
3645,-0.005604521462740372,-0.05756403475551364,-0.09628921715450965,-0.11310879896668213,0.017523993569080847,-0.6738661224694354,0.029008949954399496,-0.06017495862503271,-0.05781275293416622,0.023742730110783757,-0.10366090352470078
3646,-0.0018765185090689075,0.08873332791829129,0.4019060175866618,-0.0038180578669561164,-0.018087455185862703,-0.0979207924280132,-0.21635130199758584,-0.11372012677648048,0.02318895934827045,-0.020082516861742034,-0.02368033759028536
3647,-0.19523489074327346,0.6393101843359289,-0.12035446996854784,-0.00141277006663867,-0.02284002942203023,0.20512245508360216,0.23016691956054625,-0.003843504367273015,0.02843011515705119,0.009684981843618266,0.008243066582067027
3648,-2.0851690781956544,-0.0257490144951023,0.0010727409063932339,-0.08447799918253086,0.000650983087169303,1.7644940457962164,0.16789961715586016,-0.04891754518170063,-0.024478318594015325,0.030813738701429904,0.10514626010875056
3649,1.2108019201405473,0.07991045870560518,-0.07832827673991949,0.06427619433630996,0.06214555999236005,0.019295732387687115,-0.9654009382633747,0.02795262854902864,-0.18148446184445952,0.052169896740663815,0.08354578799513701
3650,0.9002068314916055,0.0687365470386812,0.07158499222786667,0.04295942986692318,0.03439823512309879,0.06346512964276169,-0.047548829359913516,0.05926273731585175,-0.05129989729769349,0.16096940027419152,-0.06872506869501759
3651,0.6962155411046096,-0.0018163430013714219,0.07058431492556905,-0.05805735322755938,-0.02297753487931364,0.03660390166385017,0.03447450215672642,-0.025312505753007725,-0.07622951652201732,0.010126705451093882,-0.03308072297470495
3652,-0.21353185320843796,0.015595007968449927,0.01006975934330796,0.015889275834455614,-0.0054435277752177946,0.13535236020850983,1.1836143347804244,0.03567447811068763,-0.02869498696034496,-0.9378879665810806,-0.03185764041753905
3653,-0.2298675938603366,-0.6943525293531227,-0.041041751282242064,0.021011760625818412,0.01895702418374047,0.03084202926927534,0.08019128861596275,0.04276669579317537,-0.03158193550133112,0.967231296470912,0.07084853402744049
3654,-0.041251936390624716,0.9345653701457415,0.0017627009279807123,0.008073069753558986,0.05097519825640124,-0.01945835429086073,0.057637039586445726,-0.5313860244385687,-0.020091710305591298,-0.09483595130068441,0.04534951515758825
3655,-0.05532204559597427,0.0011780392884841475,-0.05441577521207905,-0.5069947298397925,0.1076998092854279,-0.0458274552893989,-0.15225086564350704,0.8428328086456798,0.015570997192911374,0.06009091848372916,-0.13366812539913916
3656,0.22928594017819418,-0.08207007519815715,-0.021613719460898417,0.7660856178290849,0.0789424816993588,0.1768353738056026,-0.18974225698422278,0.039959852328795044,0.1826413671840337,-0.2303458982853983,-0.6410413226159473
3657,-0.06773699828126553,0.0024278115576740937,-0.033463579614039306,0.08342247207882317,-0.659739959664674,-0.24185430878308403,-0.07243414817649672,0.05421249940130529,0.03597833935257035,0.10733041358188158,0.93498072501759
3658,0.035996177945233195,0.04372549289627728,-0.004362252184320204,-0.003536255112478971,0.5709202192981591,0.03246783693023279,-0.18834559362024914,-0.04230173911539414,-0.23508424569633043,0.11080467150738256,0.05300602045112423
3659,-0.07749367581277307,-0.05440411381359033,-0.2347243935597768,0.09081844173662734,-0.01070315484264713,-0.05507194535262756,-0.04786811917634832,0.010035520373945284,0.5105510345813,-0.10690928156997705,-0.006160177058327162
3660,-0.08318224173947973,0.015748698376373715,0.5557275327351751,-0.054088277344296914,-0.059823052163692284,-0.06277983446371607,0.13497305723404898,-0.04324013667164617,0.11054712887112728,0.16882865924371057,0.1475352264077899
3661,0.006740106404673778,0.01697951460785442,-0.0425539613783023,-0.0010108842540477066,-0.10369610115536737,-0.7002387911950289,0.0008314406703579043,-0.033044535149435124,-0.1137859499074174,-0.010319169289641678,0.038228761706697624
3662,-0.05376954632539126,-0.0581773737953728,0.40490424431578936,0.014192890847007962,0.04556156400518568,-0.11328119077201232,0.04910556091803352,0.021273859320222185,-0.02628873200932925,0.06922926456671905,0.06119168844375242
3663,-0.07302674848948865,0.6203226053938983,-0.034269468185671954,-0.011034813965521365,-0.02393172261286734,0.09296013999228848,0.09654429317539215,-0.023304250778303486,-0.020470472508347194,-0.05139051979532161,-0.00030326290236556
3664,-1.8591994457786223,0.0038554006568935267,0.11570782209726921,-0.04387447389067779,-0.0995000299350488,1.7890463884555632,-0.031071922669503666,-0.006782970492283373,0.018828281326389903,-0.0486487309552384,-0.004085657553394677
3665,1.2868948906545155,-0.0038797089980733583,0.0702426645838862,-0.08611368765491961,0.06545490860194438,-0.029459496499752873,-0.9357016776922238,0.06482843524945138,-0.02233974020077068,0.014235248233786534,0.08514699297966907
3666,0.7081754442138564,0.07515588980936906,-0.008769362078378702,-0.022917233619949597,-0.0049934681749578495,0.09427583653010865,0.07121110169086967,-0.16277425491096684,0.08332394451804252,0.08706152140152973,0.1352326883907659
3667,0.6097935332950075,-0.058225722391075145,-0.02759981991748972,-0.000722690997325407,-0.06619480313185591,0.03506957597135845,-0.03220588322027948,-0.004869062881998672,0.029128719291079998,-0.017732162036771266,0.011925034945216472
3668,0.0013524142448953442,0.07079219631720146,0.05332173786916131,-0.034833059156686094,0.1455324369298578,0.1264587505992908,1.347073149192931,-0.05951564414767612,-0.025652588902043444,-0.9221947194520435,0.15725790465070405
3669,-0.0012043890597275067,-0.8376219112184188,0.13943532472897824,0.028385990760667494,0.036550393804811065,-0.028233027852407788,0.11262430633061102,0.12527779273335335,-0.05391268896416215,1.0008248725183577,-0.017944237729499077
3670,0.15428479160079145,0.8839202733878753,0.0677621465886754,0.007936120348245482,0.09396502227184673,0.12714091848974268,0.008142894299318129,-0.5894560864805825,0.1296247932190366,0.001510848604547743,-0.06354483495500501
3671,-0.008493158366369012,-0.03503584998007897,-0.10989832924450937,-0.5244975563123948,-0.03160339649159596,0.2880667967176658,0.09704923547883318,0.8666723519698358,0.14325620777472373,0.030382249107798916,0.059129590680675005
3672,0.1005231943891122,-0.06990110167561259,-0.04246968005995302,0.8563507255892893,0.08198296937041122,-0.15225741448140717,0.10019286277983952,0.1684166661022773,0.06823323655780227,-0.12589333777577627,-0.471644793892376
3673,-0.00607194771150258,-0.10695795680434243,-0.03403265716916351,0.031628993129157894,-0.38002935125100035,-0.04025819953040757,-0.023237448913897975,-0.10555574990691467,0.029235219872027356,-0.16968981346544512,0.8755912441952418
3674,0.14331905599105368,0.1131862926406263,0.17765020678962562,-0.02135392657878815,0.5749788664030046,-0.03843814366195627,-0.2088153206323307,0.07403596955124205,-0.26177716504739945,-0.03717053180210316,0.012984132455070933
3675,-0.0979896544244502,-0.18482079769611734,-0.18757428146461058,0.047033196135278926,0.17647477314849822,0.07353206654307083,0.099784195085165,-0.00040432545250751115,0.47677791562513155,-0.12050633388846337,-0.12003436153130162
3676,0.1489417614442648,-0.07278512256830892,0.6305978466499464,-0.18921616678739508,-0.07242686186464735,0.10321562148829223,-0.11861210004769288,0.0420150527878509,0.05761600352206426,-0.05519770367490646,0.12944908429816246
3677,-0.051262119828329254,-0.06180227535923497,0.05642452715885466,-0.011606914412233427,0.027852575977487623,-0.6379370522205338,0.008818856901167321,-0.018098711020780603,0.04407982035223532,0.056843884596249554,-0.06178329771869426
3678,0.21292740380031702,-0.043032348252626335,0.41487679129246335,-0.010984377590728322,-0.10770566793261963,-0.11558328625029261,0.08936859712125632,-0.045982362881072075,-0.10005522659082285,0.09220911860312093,0.07653426289789858
3679,0.21644297917032687,0.6158331539651352,-0.022418708571645574,0.044266185595785414,0.039888167782862693,-0.08601279392197729,0.05710659405241288,0.04355283514231249,0.08527223108754861,-0.025217985134899937,0.07933004761638432
3680,-1.5692423553173418,0.043139937792858504,-0.1412559520749057,0.002430634891898069,0.11245690413552123,1.9009521510634322,-0.010167077346343898,-0.16902311974027415,-0.21197461813204874,0.04834858922706318,0.027406127880205917
3681,1.18968898710339,-0.004549793790474886,-0.054272829741009145,0.022662923878008223,-0.05808016452443418,-0.08715350623530993,-0.9323026310757123,0.01628470251048114,0.0840918044914386,0.04151498701846787,0.05884469492750572
3682,0.8650686388052351,-0.17441416749672306,0.034921655563418856,-0.05069827017737384,0.0531078668146499,-0.0018942576339351438,0.08524169037515059,-0.1188777133988675,-0.09247865082677023,-0.06350156357047063,-0.11852950651306003
3683,0.5738005430035473,0.06947083419163362,-0.07800948093407346,-0.0015830239099003237,0.020137597485172406,0.06726085703141521,0.0008020213961598831,0.0035938303867480504,0.05003475411562238,-0.01926566068665443,0.015681383518874832
3684,-0.31937931129413577,-0.07053016625575068,-0.1698018285101224,-0.0067835578821962405,0.15565207102522977,-0.09544829706480876,1.4246711067419198,-0.12047030546564039,-0.023315633547622863,-0.9875630980608248,-0.0012226544516679137
3685,0.05927883275883103,-0.5297958020319755,-0.011620508874941506,-0.0487511558101096,-0.11271205084237884,0.06618824051470865,-0.044113559270995216,-0.1325767515054394,-0.10701176867254336,0.9598065077085589,-0.08959692422694014
3686,-0.12145987379829314,0.8896937142798705,-0.04141371930469149,-0.05717851655931075,0.0485186825262668,0.05769617070313838,0.015858279938963528,-0.6495833283194667,-0.02636357418866738,-0.04925177523449756,-0.09759137625503428
3687,0.23539283657371926,-0.06639491969298511,-0.113172452661104,-0.6389916570675722,0.10419997311489684,-0.1110249552345497,-0.017098132573224532,0.881145851139352,0.08738846104509232,-0.08767602007360273,0.07692110970246305
3688,0.12107638270418215,0.025231711267767333,-0.07623391045151713,0.7214628850901438,0.27520422880894574,-0.08250593342140493,0.03419139072843316,-0.020414277290541172,-0.010061762891363445,0.16847279830725528,-0.38358830527233
3689,-0.1988095405416067,-0.03397092729184056,0.12094042253823498,0.025403561678680884,-0.7577748994576711,0.07099809657796755,-0.16617159365959389,-0.14439884480103593,0.00803961063225967,0.044047114920697863,0.9398991301081707
3690,0.08891633023576122,0.13653777746916892,-0.026468361210019366,0.062300171852619,0.6005719316887848,-0.06254176976130699,0.09089365256873434,0.13150617721225005,-0.6428073924425195,-0.2227049920491095,0.02712675084685051
3691,0.09176166356172923,0.05852800593943457,-0.12244180412219235,-0.08398200548570196,-0.022059450067729965,-0.03815882059238449,0.05483527222080002,-0.013384131444390482,0.4924191472535205,-0.03137814360151975,-0.0021981521891583987
3692,-0.1768592507498686,0.07989738999499041,0.6166115029892925,0.07917421466525318,0.08200045019501268,0.0692929027207877,-0.13069054573170466,-0.008485648744245284,0.004688232725962466,-0.100392630125339,0.0371336106325124
3693,0.019953419312243266,0.04464438781676209,0.019106779216883286,-0.013649660443551821,0.06923399297835,-0.6824957874755601,-0.10907002825522288,0.05935214757924837,-0.10451935541835178,0.037124322448872635,0.08696002145274596
3694,0.020738572975441807,-0.18797794120863448,0.4004848762490548,0.07042132234682788,0.0020733412233511707,0.050251830147442264,-0.2060866821853542,0.11569653714219251,-0.001913240025015161,0.04496713550876686,0.07675818864860916
3695,-0.03245642532199297,0.6781135616293668,-0.08529563113581544,-0.042540673278430564,-0.04497132029137893,0.07525146001620119,-0.008299494655395069,-0.07224473721558043,0.02579082530485834,-0.0012472492021276087,-0.045718081374128826
3696,-1.8688195565040184,-0.011786165775715141,0.1612836450067769,0.03413323398057798,-0.06314123235486784,1.7687258226990688,-0.016176134382759378,-0.06338680240105025,0.01122820111842221,0.04644207943084325,-0.0746749967094873
3697,1.2602050617231428,-0.03646686853504119,-0.04585961302465132,-0.020552798556687457,-0.03680709493486915,-0.0043641278873616605,-0.916301863186952,-0.06224503584046914,-0.04688751199644039,0.10385364248831452,-0.013016832820070389
3698,1.0437680282940138,-0.13037918388090297,-0.11581608023962854,0.006087229468930061,-0.14292583251039467,-0.007659132637930645,-0.11888450290810941,-0.24953666383500336,0.08365805671040279,-0.08117963196391631,0.07757892029805281
3699,0.6457547684278978,0.01935536811644154,-0.004945275691647513,0.004882315889862514,-0.03260263649312082,0.12239702804434521,-0.02661204783550498,0.0036471823885496973,-0.09815224515226445,-0.04426273994890422,0.03609341543231536
3700,0.12114286204096897,0.03646939106583249,0.025528032908233644,0.030924402634166445,0.10341643176821559,-0.18521747704685576,1.3418876090992857,-0.04224316020867347,0.16350403999897553,-0.9184728283207029,-0.06629626691978824
3701,0.21639132631839414,-0.6577315485889994,0.007710722172218214,-0.07345170337279622,-0.04626575894973435,0.04289135410186713,0.005148439324045594,-0.02925721204007157,0.08534769533175608,0.9414483413556918,-0.15203741942761853
3702,-0.08282870880220652,0.9271839169931827,-0.024238345578253148,-0.04491208647503406,-0.09989354249978141,0.024801082499071564,-0.08772111323368699,-0.6283452911709133,0.03657424425787195,-0.06820141092380287,0.009207347884768912
3703,-0.09761818193740766,3.2407371440904e-06,0.25010162881657794,-0.6234188815618533,-0.03608801416365585,-0.0609788525923421,0.06717025527011325,0.8176706999022197,0.11697191088675375,0.05117421821638936,-0.06333423902269548
3704,-0.10803336285538677,-0.0026278727679707,0.034007791882599045,0.8053018145047949,0.04162861527098847,0.049957039875218955,-0.0049932101771262925,-0.025801483588818543,-0.14573323147484285,-0.0374180423665365,-0.7228953384053652
3705,0.11100315919967735,0.1137034998819333,0.012374867024036468,-0.02558978955276975,-0.6593277752236796,-0.07229370033140728,-0.2136593497181131,0.07160135372551941,0.005008092088838906,0.027797181629641503,0.9776114631169077
3706,0.018941181275753956,-0.07349283274004023,-0.1872211235330062,-0.03690506079093472,0.616124986541638,0.2884229215701741,-0.06741739196768413,0.025135857027058967,-0.19986854153913985,-0.02983443154281979,-0.022195546560646026
3707,-0.1380254555397881,-0.04409538747887264,0.10236089827232157,-0.05010799878490271,-0.00048258616305735355,0.0701730111091084,-0.07327076178096578,-0.026417169863301733,0.5285982029392219,0.036576948519665205,0.11793744248340143
3708,0.039322607550607284,0.04294013728581748,0.5202766988438716,-0.09220303168126309,-0.025529680025154742,0.004931814395607657,0.12045723033510154,-0.09963923079780557,-0.022448869858643992,0.10492555228958238,0.20729466325043552
3709,-0.02509434971029762,0.009380424897067297,-0.07636485909476003,-0.014192630486174716,0.08581672762530632,-0.6564544408086834,0.03325078691534848,0.03805853177247068,0.09330046002158775,0.017681902419666044,0.028739679025092148
3710,0.10067785409937914,0.01083635715690039,0.460143831521169,-0.07761642620249656,-0.05343924068645027,-0.07631146701210957,-0.08018818478286621,0.0024037248429026217,0.02021467409949349,0.02742074352625984,0.09009375614300476
3711,-0.027834480117650655,0.6602475870722334,-0.009949906143116773,0.06113995023363752,0.01548235814535252,0.09083184713038103,-0.052975760252953294,0.027877691326963598,0.04809754148322992,-0.06596465784400588,0.03771471914845946
3712,-1.6758662589862852,-0.0008536223838176444,-0.06726992947304616,0.1298798489816015,0.005993417261046959,1.5997568347398055,-0.12295060437204479,-0.02167805456982151,-0.05296930639297823,0.016429342424040087,0.028964344783686785
3713,1.3168285494694572,0.02165927908179583,0.0899317825718984,0.0005626541760263924,-0.10684789281110359,-0.022268572694482153,-0.8953303958663469,-0.023883479490503318,0.019245764336513992,-0.054526891608694464,0.0733752520435782
3714,0.989288815880036,-0.03275050203413123,-0.05429970782642231,-0.1348292673445402,-0.00999844605601248,0.03164938496077328,0.07963881352601083,-0.060301410044667464,-0.3003224863928867,0.07213483980652592,0.02640798066339583
3715,0.6095088543536406,0.000271446887496583,0.1014150027984758,0.020884647102916074,-0.0035908503909359004,0.030662033833647892,0.013127372968163662,-0.02188216826626909,-0.01814377429856394,-0.10406507543183659,0.01095301221917529
3716,0.01748961982165004,0.07582118360718769,0.051163219406658605,-0.09589869034191963,-0.048265759461944086,0.01274343980247503,1.2493504283797348,0.0011955232157885238,0.14416189614562025,-1.0124915386104716,0.026188076631579717
3717,0.0011077922392721592,-0.6026969275278682,-0.04786317686332831,0.07236013279892327,-0.11975739969426083,-0.048498923616789674,-0.06750650703236818,0.08537964771449547,-0.0938170675709457,0.9478890084288695,0.05413559898993463
3718,0.23271912914771092,0.9711925423440404,0.08584185766138358,0.02262154735514846,0.05085998920136138,-0.12332811518215273,-0.0023094956708435855,-0.5926900877454154,0.06307357990301449,-0.0496680054362167,-0.004235217148391521
3719,-0.08795022673178962,-0.04288208464883241,0.09570058224362882,-0.6075463777927658,0.07440787281091087,-0.008520321590086633,-0.0670365505961392,0.9024229794875901,0.023777850648004552,-0.15301241865013915,-0.04724123265394097
3720,-0.0654098110270964,0.060338994654225535,-0.11526218145256528,0.7979994938582297,0.08225642641403817,-0.09066670322561783,0.14874471187932148,0.007531487266364839,0.051234352626782054,-0.16624892009466946,-0.5252196829132709
3721,-0.06720737087744767,-0.0002808998910392461,-0.08101907651598567,0.014922537234658534,-0.5080865986838354,-0.009361920625487689,0.07323725128531737,-0.161878084729561,-0.0557104077381879,0.0494714850888409,0.7862772211105701
3722,0.06608934649551988,0.06973173063163685,0.17415699622003183,-0.08385822632793695,0.6113468915275587,0.06937513972123321,0.1102403277742118,0.07262955850459649,-0.29841586736752307,0.0468995916180753,0.008963112319449879
3723,-0.08128591892689438,0.10650313443008894,-0.2537340237462786,0.16071476128314993,-0.004764660084743318,-0.02360020821701606,0.05998700617923719,-0.02307515156163576,0.5053806564252942,-0.0732878497644105,0.03123787395134953
3724,-0.09134300168334356,0.17083902084721048,0.5856560439105338,-0.14538358032461815,0.07127644400697385,-0.08493688438286601,0.06442517672117837,-0.03209237200785703,-0.08814287463757228,0.03767528906106475,0.055896240135374455
3725,-0.004097029726198923,-0.0648671409243483,0.19824283646226057,-0.03549770098551277,-0.006437224596255049,-0.6175889815653691,0.021793480694527086,0.03024465323416646,-0.1205271712333965,-0.0030101909019375943,0.10115478070872307
3726,0.10465154081969436,0.1098695347147203,0.44954703280336367,-0.07816717087897554,-0.10012060519626645,0.008926798620518414,-0.04001417569448758,-0.11278460166739805,0.07064457964395614,-0.02034385085894542,-0.008264521632613944
3727,0.19835804138861682,0.6628643480811388,0.08089115826944628,0.05331017058382564,0.002880351055226881,0.13475415549810787,0.05697046221306322,-0.04174114817230275,-0.001041304830463956,-0.03305841348136863,-0.007705611915312898
3728,-1.5984707176739954,-0.04429306130470538,0.0796541536930176,-0.0768591890495378,0.029337839047177506,1.614782816339767,0.014783118434024824,-0.07097488029569395,0.06673252187677851,-0.016168431979031058,0.048883882252155515
3729,1.201222189435991,-0.029368379623727587,0.03697526306208281,-0.03858683264638655,-0.0351397838692749,-0.07325801371027668,-0.9891643795742991,-0.036838606297657915,0.013235293629533735,-0.005906285675197735,0.006888735848696862
3730,0.7735707241574746,-0.01153093219414437,-0.019241047063639223,0.08641149147162619,0.012078651237121743,-0.16179786943274993,-0.08231129882608104,-0.0657593051339079,-0.009742105274829209,-0.0780645259842748,-0.00579094680402486
3731,0.5726270989191097,0.05303627178368245,0.15619627470417616,0.009004144101382366,0.0008398265884961642,0.032102948573449204,0.05055143968545265,0.0011602169947247604,0.00802421562991101,0.0044541114758362265,-0.00815364577773929
3732,-0.014152533768898766,0.055980288084325626,0.029792002481178838,0.1129264252030893,-0.002691636388347851,-0.18202101168953203,1.2832107581358267,0.04920293697483032,-0.13426300021769133,-0.8923715918698445,-0.01748112543978628
3733,0.08743119936459048,-0.7193020394727276,-0.08476586570087931,-0.015776656300965558,-0.09265896342963914,-0.11459629354714046,-0.03164074607908705,0.11692389685599464,0.012747158687795027,0.9280767420974411,-0.07507880649018536
3734,0.11218822661624002,0.882384892054149,-0.0873783854370924,-0.017240648734462963,-0.022811183545817782,-0.022464577911312497,-0.13508285144866378,-0.6064457549282063,0.10179622328930296,-0.11846020574826858,-0.08819920451379737
3735,-0.09537909933083916,0.022039277386830893,-0.0656724817558112,-0.5734819178183814,-0.026744920707800067,-0.08554315939529841,0.025349504107620095,0.8104369776736924,-0.004851790950998663,-0.042263157760909505,-0.025029355632188804
3736,0.06187188198763746,0.07328172330553234,0.05798482912409913,0.769186278035293,0.002288354697821676,-0.014008432315877629,0.08316977925040742,-0.0748760528797937,-0.0421131610274168,-0.0025566923160257877,-0.2847942277341497
3737,-0.08291024450549565,-0.0263823672261635,-0.023350327978087223,-0.08624153263102521,-0.5411207883434717,0.030381859343527648,-0.1745422930101926,0.14452582688956137,-0.10733705692906657,0.14523348149344756,0.8627862779089688
3738,0.02253429403799792,0.004393398115008693,0.10994026922528755,0.12427068960960806,0.6097008547935041,-0.07025922830478877,0.08120791045629767,-0.025233456304021677,-0.3262431399560474,0.239253843736365,-0.015965075265981746
3739,0.0726602070549804,0.07587333549881126,-0.08229627888727538,0.049471272956489135,0.05567588109056291,-0.12930854984437504,0.08097574954825001,-0.02618586397349419,0.5024011649078097,-0.15008735945203494,-0.045093097707889176
3740,-0.11757423846400934,-0.07283817694332204,0.5870554393956839,0.22281074433528109,0.08877329873940218,0.1493408752747331,0.05351129498635103,-0.02952972274329938,-0.04098420459366881,0.04373277308801839,0.08825734321876157
3741,0.10913035415802871,-0.008995840316504324,0.06092410200249629,0.010356436923506605,-0.02616985656793947,-0.6261687596994311,-0.006911192642684319,0.002848573818548102,0.027141938942888917,-0.04285903153292948,0.014950626357618558
3742,-0.24307041902090137,-0.07820946574113802,0.3832685369709025,-0.02376118866934532,-0.03902165412817721,0.07113415080727313,-0.022939942604212175,0.0987818940253862,-0.02361849348805536,0.05018209962049993,-0.029499291556677482
3743,0.3831727816980684,0.5848116609319982,-0.18163753772510938,0.08485558125297958,-0.0038889461597877515,-0.09952816238192762,0.1280058485647615,0.02428583245585982,-0.02402963343552285,0.08064595392077692,-0.04862789689558863
3744,-1.894511571174362,-0.10018756383042204,0.08297633937023438,-0.019485771806457976,-0.04412599332119821,1.5207638946290358,0.10048379763900654,0.0007485686257000246,-0.14795778422314843,0.13868758147100513,0.09951912157711493
3745,1.60099094288243,0.029777719842247002,-0.0016693710867704374,-0.016935322052221785,-0.08241923900631262,0.2540935658065219,-0.9548676440474886,-0.06482441300915881,0.031256672047486715,-0.01620121384224417,-0.05770373538278106
3746,0.8047595010392519,0.09562649386093394,0.042709223947910796,0.025899371384061374,-0.0014649195968025703,0.004955480077285468,0.032561188888895316,0.06857935865153765,-0.10322238926871931,0.016347493603265977,0.06217417965579619
3747,0.5794811256179379,-0.003063465106747509,-0.06945009490465663,0.0005080766400774256,0.04049019071696249,-0.011181630280544384,-0.00984453855385036,-0.026817982012279765,-0.04569395034311958,-0.004695071396659666,-0.11018840569615519
3748,-0.017319761578332003,0.054772671845620784,-0.10765172729975413,0.1594431058724943,0.13567703543265247,0.1025867050286865,1.0444283682396462,0.03872523214117155,-0.12740363783196768,-0.8449007061937056,-0.05959210198188224
3749,0.03781422880546333,-0.7350491539933652,-0.013652802520307133,-0.006199797253499641,0.11878382072868056,0.0594350036375423,0.01093484801799432,-0.12661966939128194,0.07808255233667456,1.1732614573741544,-0.07688248626125513
3750,-0.21216203659529906,0.8034472331569777,0.11821924046930604,-0.04603501586241121,0.02363504741805193,0.23186365350630586,0.029703079020246284,-0.6484739435799589,0.04497320302964333,-0.10030681495937643,0.006374645582909514
3751,-0.021705642237164865,0.0003622128786935604,-0.03146883698349541,-0.5147459081654191,0.06343395232370833,0.14485866965714814,-0.08143000160812766,0.8029407482022968,-0.13943382241657537,-0.018794698367006576,0.13533556520817996
3752,0.0602481417768535,-0.11989330968683953,-0.04652706490465467,0.8184922506601922,-0.0006206339144529694,0.0024063070591729555,0.17225654964796178,0.02904998820928216,-0.0069837265760105535,0.14584602062363755,-0.4035092794522121
3753,-0.06047965904173633,0.1668708239530089,-0.034452440604619224,0.07047762151730447,-0.5138903735733946,0.005662477698053805,0.0684609491718854,0.003605208891884623,0.053071285071607445,0.02210162121557718,0.8187894066593872
3754,-0.0702572940002669,0.044873563961599104,0.1175329739585559,-0.1661416613577123,0.5593193558850825,0.21831563393371217,-0.08983425326576815,0.03667314888932829,-0.30060910705835875,0.03248371174214662,-0.05871584902788374
3755,0.012608232008492499,-0.1160484849387792,-0.11459286839546838,-0.0789193058967669,0.0118160799636909,0.05698448117012792,-0.04639284521803711,0.03650308210587611,0.45583813633505765,-0.08981461877709936,0.09859113863281474
3756,0.03994186419759669,0.006592612450534942,0.5595424655353185,-0.027939786881214446,-0.0066581862438716485,0.04581880246572571,0.13173403673098946,0.16146226728096247,0.03103889632487247,0.055686386440812835,-0.06729862983777297
3757,0.02173202971164087,0.024310399286094415,0.059575667145239514,0.012660721586209397,0.11792613206154227,-0.6844212145200708,-0.05587048848940543,0.026998522337123982,0.002370914367001318,0.07889195516827337,0.03426162054876499
3758,0.13528714160066713,0.010257029569979694,0.4273851193057989,0.13138112881974714,-0.10871883277486957,-0.07296871164355115,0.08685658489123235,0.13523248541767066,-0.20586588683852852,0.1726134671296067,-0.006005039787076567
3759,-0.1923940656612535,0.6270535479890655,-0.008065829054477367,-0.0013371575166931985,0.07371969652374567,0.18768059594134012,0.07950285753681086,0.014717285444614168,0.018304114249561694,-0.011646588843850265,0.022468491866998126
3760,-1.516719728769345,-0.08187126049124359,-0.06777598571955676,-0.08452388033936922,0.17989960074208705,1.7767963947080263,-0.0519014576262627,0.12732078009641548,-0.0069287940524465,-0.05721602670444853,0.0617293332208604
3761,1.6957948225162336,0.04708213222995782,0.11280960816299887,-0.01336472727612845,0.1474379888813027,0.08891150306618119,-0.9636327280984166,-0.06440276308975346,-0.0849028445897553,-0.049013458275366475,-0.016999117806834926
3762,0.9670291725261757,0.04802387434672796,-0.010949707192037132,0.12986719382810688,-0.10400169397696504,0.059210796840508964,-0.00626529173049332,0.07453263686598324,0.06356729766555826,0.0027680806839635403,-0.020732470944368267
3763,0.6439609863407679,0.013158102953126386,0.004326968220123943,-0.03456226334057254,-0.0766523954629435,0.08535432341074847,0.02726370243096361,-0.03903853165629937,-0.044617658455183284,0.005344152997311306,0.016681672449435456
3764,0.07560804152828873,-0.03256962667446666,-0.03913453864636896,-0.02058917935716811,-0.06565983055773994,-0.11109309611904533,1.3842950994442291,0.05436772891855775,0.011517049660479891,-0.8327602451962668,0.042358035921119044
3765,-0.0845150304236743,-0.7186640887947711,-0.07220853484310903,0.034128933338616566,-0.20168482306998534,0.021732984718542975,-0.05592273917976043,-0.04517372773376672,0.12659621889395664,0.9293122298547539,-0.023217423348740978
3766,-0.06499089944259137,0.9413362966156728,0.10837326123253205,0.023997839332603518,0.020055531514717964,0.014255878694564088,-0.06726612293081383,-0.6633009117171655,0.04013031608802242,-0.11055788337264351,0.03952144889727143
3767,-0.03531055267184777,-0.13163132281647835,0.16578879874587016,-0.5546946280010632,-0.032308456357550364,0.06622967825428094,0.009753408033618585,0.7633910837821103,0.14643451229143437,0.00786442357413684,0.01389768657521661
3768,0.06303405112193461,-0.12707795726381665,0.025898101704098186,0.8213033936052214,0.1889021265774022,-0.1297729740059987,-0.0671551245756547,-0.022486776627746723,-0.0022350087557267443,0.1359806372298737,-0.37000573321907404
3769,-0.05427999811407434,0.06845025945130813,0.04676014056643801,0.059986753388576675,-0.6695982185434741,0.15684021500407885,0.24465044127842087,0.041640862539666944,-0.018542393348061816,0.14556623140120073,0.8711460941661049
3770,-0.07793588830432518,-0.11854314591990027,-0.14117841514126392,-0.02245614914484157,0.5792486103927373,-0.04050934177086289,-0.29251707592049675,0.053313587294980674,-0.3362633383458185,-0.06281574188541753,0.004811256971504372
3771,0.027126133830108694,-0.07973867689326758,-0.2349583343197113,0.04122834696967896,-0.05367254250457835,0.013245754678375063,0.1606109654344417,0.09408666542500177,0.4844802280041011,-0.25304340624277766,0.022467048600949568
3772,0.12636005388586838,-0.03489794797582567,0.618464271539737,-0.0639812175045733,-0.03233049112201436,0.0438756346623398,0.14570635393756706,0.024783196871266816,0.012677709651200427,0.0973667380328047,-0.0367961537323716
3773,0.011271125209454736,-0.0029584019728628574,-0.0630834641729123,-0.0827806780888948,0.0025708270999785614,-0.7343480213918216,-0.06720547722379325,0.0863931836676423,0.09043504203192651,-0.08485143845141803,0.01637850043954525
3774,0.07265400171401952,0.05162146897797499,0.4259077316193879,-0.0005231714785824573,-0.06365750690273896,-0.06379591668998559,0.19774566050072348,-0.009216051054823848,-0.027777207153749324,0.11293739970777128,0.04880106413757726
3775,0.04829292521568472,0.6514100985595208,-0.09595003048075218,-0.05894355777593495,0.056031927810073934,0.15034695207759635,0.06503714647298042,0.0003826196904109522,-0.010909306696843016,-0.006655931629358404,-0.02302891623037949
3776,-1.9062760444581262,-0.056238051878977895,0.1811520012714977,-0.11794630993570661,-0.002439304280777028,1.860946678638916,0.11149597188042303,-0.10196975962234209,-0.04552529095593329,-0.10243168410976855,-0.07738849141679799
3777,1.3352690441521915,-0.01607587829907189,0.05145046019438897,-0.03067475406870906,-0.003073488866220425,-0.07064092064467915,-0.9849431497098856,0.02334068323301268,-0.018260566687231864,-0.0688833440880639,-0.027246978787865146
3778,0.8604276556366977,-0.014998730422182386,0.11522511982579073,-0.00396228758377523,-0.17316891625182024,-0.21763001970107065,-0.07448874526786077,0.06792429189512543,-0.022367996929901084,0.12079013298775142,-0.0034598178466497954
3779,0.6073480742167559,-0.020834760105107857,-0.0415228501801246,-0.010824326597595512,-0.09631795342323654,0.15062391890197213,-0.05103054442034901,0.02271597475909254,-0.02184689795992139,-0.003593492605537508,0.012825830007175836
3780,0.0973956439220313,0.056057846950955705,0.019700167913588373,0.03173582226925558,0.07501828058687707,0.031118886515975372,1.3463681230898743,0.058460546363683814,0.08623853598020932,-1.0449449816145437,-0.00041350624213911833
3781,-0.015094538924899755,-0.8444033780490448,0.08916882659729708,-0.010472836970613545,-0.07604725705028116,0.0016973643283472485,0.04658553290432406,-0.0010304261253879766,0.06490738278067251,0.9571177763995985,0.0629509116086039
3782,0.10182439134902668,0.9923251394218344,0.037180804417175986,-0.02358725207360983,-0.06416102241468341,0.2255530054495781,0.12302071920837623,-0.6920044024421894,0.04165026302473307,0.09190185299515413,0.0312538418525924
3783,0.012495517289522824,0.08532240548940445,-0.13688038044800674,-0.4958391178711099,-0.004713884245978467,0.09240872004979561,-0.020690243381993663,0.8298473118871638,0.020247261539889826,0.10804572260781062,0.032516966426027694
3784,0.0036199648113411347,0.1491143759804326,-0.07728391098021635,0.8109520973918624,0.07432850165680674,0.03322753319630273,-0.06106533178329087,0.09734670130914759,-0.014037733500009093,-0.04111684037436683,-0.4229282825935891
3785,0.3210813459483897,0.12047629810818172,-0.08950394817066756,0.0009807981448093418,-0.47911025633589127,0.19798708704644566,0.008097940303322232,-0.23920161340243196,0.12444091274482287,-0.11380321390816947,0.8684469683610865
3786,0.1787316713477915,0.060680357393640375,-0.11799099303896997,-0.1105278632528465,0.6338972684622929,0.2018416657750413,0.012360101613221937,0.01834389580099431,-0.35923974133358727,0.01500757145538717,0.02680226781530172
3787,-0.11064576823245675,-0.039471281877781865,-0.025972001073515112,-0.13634201440842444,0.03631145763355845,0.10989888597825576,0.10677267530111265,-9.002188020578415e-05,0.43721697857961656,-0.05369773512915122,-0.04921017337389126
3788,-0.19405379670546094,0.026194432301854094,0.5731076878251482,-0.04299331804139321,-0.11252010306865429,-0.0847520452573808,0.007158647334199885,0.09838890290663846,-0.09469427517902912,-0.02218673157545414,-0.07441709170946172
3789,0.08093290589726441,-0.06793603875987017,0.019282818502496593,0.052088667900635634,-0.052079733199877944,-0.6648258181358498,-0.027339561327199495,-0.06633694858820578,-0.11482916477774893,0.06164438849367242,-0.07945916291016956
3790,0.011129473535320861,0.08636102013514627,0.4296447755140794,-0.19035401397065063,0.05106216455543727,0.0625855779294207,0.015249385464199794,0.07038971419556417,-0.06876867195599108,-0.07219381691323087,0.18020369664841945
3791,0.045728177315236436,0.6672839427643062,-0.01947375567641707,0.038811899129915575,0.006919027678097137,-0.028958652037348556,0.16931051507898542,0.04017593873674681,0.04375772033145441,0.014820031706246913,0.029592553407455507
3792,-1.8036432918849,-0.04356969140469793,-0.10707754365299428,-0.047702086742012574,0.01536641687334283,1.9735686300920423,-0.06687146100873685,-0.04933031074470173,0.013911609805969968,0.018477963325698885,0.00937094881079319
3793,1.4883999505414462,0.013304431324389656,0.10541156182789738,0.06379383451411245,0.07049719916779694,0.05521921645811504,-0.8935867587396078,0.03145004456607913,0.11622280553614743,0.02043338281319402,0.0016154714248247885
3794,0.7180667013856059,-0.15639357032507684,-0.04784221719859654,0.003208687883666333,-0.06206449130508983,-0.1838419583866045,-0.018864160623548405,0.08249430085469833,-0.030532511473942172,0.00818181297552455,0.07271459096842829
3795,0.6857474994272315,0.01102989652886044,0.005484821060606806,-0.04143289300248717,-0.013504419240276788,0.06674355654075081,-0.020345968886523184,-0.060708764034158126,0.009011047529349992,-0.04404328740353482,0.042737510552227125
3796,-0.15867218297891944,-0.030736649187650622,0.016526811487089885,0.00011269472518720368,0.04034790800808045,-0.23769480880687158,1.3272558223424828,0.09162787184262532,-0.11956614114395639,-1.065893371789132,0.06318816212632308
3797,0.005892959820400736,-0.7620377573033845,0.0793923808790849,8.221634907527343e-05,-0.13940791728651966,0.14820736363319015,0.07725850943785795,-0.05400288521085999,0.061890626327143254,1.0126845339221437,0.029154234301933386
3798,0.0963255279796551,0.9103716426436049,0.007464732373332123,-0.02366206281049951,-0.04786756785883743,0.06748186468903952,-0.007285764651304465,-0.49118591988683813,-0.009697250888392867,0.016985688853502042,0.08787276036036602
3799,-0.240062248154697,0.1547579769631987,-0.0722474245533657,-0.6020482305810844,0.025011831103688036,-0.06462765224018024,0.04719613011670958,0.8318507096591645,-0.0984284647571282,0.08861908017261069,-0.026249924014367862
3800,-0.007359630049865176,0.10582095361194567,-0.02246070545975286,0.7914871622683108,-0.08642034865934997,0.02083987616615423,-0.0690827078561386,-0.11204718855371212,-0.08593401936715647,-0.09636686900398905,-0.6281973414681425
3801,-0.009438848087334969,-0.10482430594476792,-0.2008010365124132,-0.061763261730977584,-0.5311112988487521,0.013625571594544354,-0.12707394397540311,-0.045473281402627255,0.08056384023416656,-0.009882036017844056,0.895628419039996
3802,0.20756986944179717,-0.021678965311315745,0.03264173772869758,-0.011256288208104995,0.6354863510964308,-0.06154074602902202,0.006919352837304425,0.026358195644717683,-0.3285584421533053,0.020177113668227203,-0.0036735766501032347
3803,-0.03858395496012427,0.10193004143431558,0.019012241924361156,0.036348969627893336,0.04676777645251779,0.004095108273884811,-0.002168920712352569,0.012391274054308649,0.4766060859080766,0.06091244726403932,0.017355782071430233
3804,-0.11849190412038252,0.15995347383304717,0.5844625636044861,0.17932374949027016,0.006992418092781005,-0.06510840891457415,-0.06587299387014263,0.09161482707538833,0.08372286180194435,0.046065677147256415,0.14039425997540733
3805,-0.07834012781080184,0.08043869671133995,-0.16336696924915928,-0.044015623511864464,0.051214991976836134,-0.7155227476860023,-0.01696537797241252,0.041774028526323885,-0.12903323203745937,0.054548058099967746,0.03936943719567241
3806,0.08881750766299007,-0.09714231152638743,0.3654438681865209,0.06261941057883534,-0.07266475555551427,0.0004873298476688378,-0.07126302760888259,0.19354321554570572,0.03254743089859403,-0.055025102887487784,-0.08087433024438316
3807,0.0710460065739635,0.6759918455622471,-0.10093795478840235,-0.014204706120126576,0.08110009365631643,0.0830632274469481,0.0907951958409318,-0.01408073676284156,-0.037321096191404356,-0.057406836232224756,0.011297221523765642
3808,-2.1433069845464514,-0.0611275642750126,0.0817696024572455,-0.1400359803665409,0.181610915550073,1.9651402849891517,-0.1478024651642891,-0.006423429498468844,-0.0135686005191012,-0.05041752702601715,0.08002919970377123
3809,1.0707079696191326,-0.03089868766013709,-0.06500481797963623,0.042143233241920645,0.06306901743917503,0.1284301971387088,-1.0259610872168772,0.010653863412162025,-0.036146809474472956,-0.048916212985254996,-0.12329763557327858
3810,1.1336386111577923,-0.04917993260156708,-0.027824492510618314,0.15041723086724468,-0.01319864416340951,0.06660616124982674,-0.16909245036658524,-0.016934540095794034,0.04890150059923731,-0.01391092390437608,-0.09962065094278147
3811,0.6125253850130737,-0.07838940238047294,0.1261065411458669,0.051875915866098854,-0.018637114133140252,0.07222497601342255,-0.010239317789686075,-0.007691618911721329,-0.009134018258954981,-0.023127326372847694,-0.07553556210563814
3812,0.20657294917088073,0.04029555554212034,-0.02438776344594059,-0.012480041757227004,-0.026787392480148383,0.06612250063450054,1.3040458018626315,0.10355695290901494,0.06052773392947958,-1.031255620318525,0.01546389138673799
3813,-0.013849023940075153,-0.7649076182834954,0.0227417830168725,0.05622271324195894,0.10069542360557728,0.014733619387911148,0.15657447273600475,-0.09632962022657483,-0.13226270605857704,1.0539572071376524,0.051473000559412646
3814,0.03607481509379411,0.9535790245817541,0.023421276209529898,0.0003079287335991791,-0.054501374159235366,-0.09033759568482856,0.06083549734416904,-0.6102985449183586,0.05856887474661018,-0.08361010949618009,-0.06112974296638354
3815,-0.14863542579876698,-0.10003892228359064,0.06954493344319049,-0.5843899013623042,0.042829989479847036,-0.005751640371746025,-0.19423248637001145,0.7777500978599367,-0.07707915768148486,0.19942669885043665,-0.1883000903633747
3816,0.0067408753395810815,-0.030577097366251815,-0.11768690685108729,0.7606727265013208,-0.15743275443503865,-0.035811121296873,-0.11374321346531172,-0.1168571644331892,-0.042191376635897726,0.02744579247654759,-0.5269365388051691
3817,-0.21746465902716583,0.03469984856823784,0.10126431917421949,0.018063100714221795,-0.626880841014536,-0.17449890224949827,0.001793881097629904,0.10842748865337384,0.11578321318703574,0.06850733539711354,0.8770508355015084
3818,-0.16622267067349647,0.11786454056207783,0.03168849272906961,0.0004162455266110529,0.5908405535754214,0.02945720552867794,-0.19350916630340037,-0.13068155951557314,-0.21600807533199898,0.09282107644065478,0.007657696506484584
3819,-0.09613196300776485,0.022258305999610813,-0.2515355346072315,-0.05004044049827856,-0.0761026508312076,0.0804964981568582,-0.14585361602696012,0.0185345641989704,0.48116918402959086,0.038951036869397555,-0.07346027029967814
3820,-0.01394923783460371,0.0652839840655584,0.5431373852381103,0.08420696648301373,-0.15146771462949157,0.06678396391462738,-0.08450825989479846,-0.14614752226648753,-0.005530873636150558,0.06808455033814137,0.06799320089431307
3821,0.0002913993011601657,-0.04567916348375347,0.014768373671229977,-0.07784250678310958,0.15337706550492342,-0.7284213334520292,0.028933759003997483,0.05892242253103488,-0.08964497096130893,-0.025454472983359115,-0.07561137705486472
3822,-0.051510110012864846,-0.06957432025539367,0.3794112741975672,-0.040399330082646276,-0.01416418669872824,-0.08083610518611145,0.0320956751049651,0.04698848986015861,0.1324272617058016,0.2338235725474161,-0.15793940589499075
3823,0.1260787911218618,0.631123759622168,-0.005853208806505091,0.0711920612690535,0.03391256613646113,-0.17729149094753838,-0.21458059472035906,-0.006755592413683361,0.021032453134111034,-0.07197022715207083,-0.0038813244951188676
3824,-1.7915696970852337,-0.14422532228566812,-0.19471055762398198,0.12592244783762804,0.040454659391918155,1.66361231295209,-0.02011431556708013,0.08910485152018575,-0.07892776158781968,-0.06074549993210036,0.11339358973948291
3825,1.8969031502563583,-0.05315639799148787,0.00826571530164021,-0.01959822914167779,0.0387657937423918,-0.08174080940459591,-0.9698567296878896,0.06488908270351118,0.004364738577256897,-0.018101741659940798,0.07765067355042214
3826,0.8381417986466555,-0.07725454589185843,0.006177350894236293,-0.07334997373392906,-0.030507855960863195,-0.022343007054709797,-0.018718462375805316,-0.10873619545685048,0.10505020931834608,0.02831818709635177,-0.13193990739244602
3827,0.6330356625742865,0.020532849169371578,-0.07017675034559188,-0.014906511778325065,0.035716321703491406,0.046054778494484416,0.00241991576783964,-0.018760453650741506,-0.007782518366542483,-0.000875504045120803,0.015861651992599334
3828,-0.13539195600302575,0.008538510217937566,-0.00016137596733479696,-0.017934642271308015,0.19052860105676855,-0.12228198486432809,1.2473307270203022,-0.12770221894378136,-0.006047289041442643,-0.8889407861648009,-0.011204690331271801
3829,-0.17241153129561693,-0.6574685086152929,0.016322798677944103,-0.0032005545059348734,-0.16871245861961293,0.13756701749481373,0.03242071937825434,0.03174670504139578,-0.01990080821578778,0.9074489019608352,-0.01535701493867202
3830,-0.18633345899176207,0.9547163001901227,0.10160735713238625,-0.033966980102666286,0.14245907691692006,-0.05357433413455054,-0.10055081087979867,-0.7026279813331564,-0.1214057551112154,0.011970129197930057,-0.027765366928413367
3831,-0.026363825189267262,0.06958702370602099,0.041550662886727124,-0.5542495429619212,0.02702399597101106,0.03639686368785846,0.25057242045899103,0.7717573911153404,0.0073450291658834176,0.005804941324156477,0.03486985309933926
3832,-0.10884629980148866,0.09566795216299831,0.026999842394840736,0.8031696162296814,0.08458893193972848,0.21025638029260857,0.12063137013274794,0.05028846162504689,-0.04763030708496031,0.03213893487578766,-0.4845873002228469
3833,0.07989003489298299,-0.002297341475274434,-0.06341768612713355,0.007345234522431337,-0.5835404289849117,0.1555247678229329,0.05378142700033524,-0.06376235685872074,-0.11290055895977627,-0.005554920358220348,0.9256873677472568
3834,-0.02861862770897834,-0.042545243829419294,-0.052643790222080614,-0.008203068927213102,0.6287701275575659,0.007133022308435911,0.055980794914438074,-0.02582510547091074,-0.019408339073312214,-0.1189116426367113,0.0009443239732610854
3835,0.017594016790240006,-0.0818440114364386,-0.04555113557718922,0.13002893268120416,0.11627888259775353,-0.1575631381192558,0.12535688265785955,-0.16286965957483152,0.4638864283268677,0.021219477962363106,-0.07328959412988058
3836,-0.1768377489540002,0.017871402287334325,0.5844699432940043,0.041353837762058934,-0.10432440085826013,0.005362108772736612,-0.08267798299312505,0.1360257000460371,0.029423095025578102,-0.016095917453685375,-0.04593460895531791
3837,0.0538538635728732,-0.007125393556573248,-0.05494499782880522,-0.034156041959929516,0.08384409083038917,-0.6667583196030789,0.00247080621942909,0.000313712107235188,-0.003488133146880605,0.06424824928292384,0.024144526950404255
3838,-0.02262025228692197,-0.12260242796231376,0.42652125540193797,-0.03348283963131425,-0.17327634133961972,-0.0875558776299627,0.08196667011671883,-0.09379037075345133,0.004956039468105382,0.0035626649874188183,-0.018223912939320158
3839,0.06775996712452219,0.6719195708485262,0.08202230467337876,0.0525321294347946,0.028092632054667208,0.030267892837623888,0.17240358868586103,0.044044136687389934,-0.007475726226372505,-0.03296689085162514,-0.007262354299069301
3840,-1.7913909921694204,-0.16919815962457505,-0.05057618320185768,-0.05608110375010647,-0.018299844821687703,1.940482030416738,0.1219075220379693,0.17370280683755904,-0.01888059288426563,-0.12558136089468505,-0.11789670872956937
3841,1.3727010688373242,0.08126066870346058,0.1686639837021958,0.07381619482788644,0.02187848585631104,-0.07024517194319482,-0.9871086230364355,0.10460592304985673,-0.02075619013856779,-0.10517266727765667,-0.03943144397122561
3842,0.8046213631814189,0.0350908255886366,-0.06913688763793867,-0.1111221146538569,-0.054556219615862905,-0.12089373213334127,0.029906732453848502,3.974011924722399e-05,0.0458865598961041,-0.07671555549945085,0.032209269442138706
3843,0.5758293818728488,-0.008415049871540441,-0.11394474185240278,-0.016128295964004585,3.306696080210628e-05,0.1533911027092557,-0.04093741910725753,-0.017469574123754394,-0.10529836168920789,0.004785580237237264,0.028882203194175875
3844,-0.06514071628275123,0.09147770952741187,0.051735832303059545,-0.037647788682415334,0.1303548972474273,-0.025266244208558684,1.574626070069112,0.06306053179469072,0.018485370601834836,-0.9370283884049633,0.01216786272577825
3845,-0.01612868503300146,-0.5042616429881162,-0.0468433825278911,-0.0038311450856460417,-0.1053432630975654,-0.0376220507397851,0.05552769385476359,0.0797074347244666,-0.036560073938476406,0.9828913186409861,-0.09109845951378563
3846,0.13171468930648017,1.0213107534040873,-0.06516650481383089,-0.06879443184011372,0.03338250709660874,0.022275298630774147,0.1637669110014495,-0.6110284536059937,-0.08096831215056086,-0.018503099834676236,-0.04010098380998486
3847,-0.23751062395007652,-0.0047937486625095165,0.051308933403134374,-0.6176751242737637,-0.03373169007266642,-0.11972406745471764,0.11806422604402896,0.7646391547149607,-0.08594001109109302,0.06703746077543031,-0.024643031138211646
3848,0.057622278353376945,0.17615952451100447,0.07674557383300915,0.8137961012940522,0.02057763598989729,0.18468525816406853,-0.08412412392753288,0.07865659521519225,-0.19679924335562962,-0.019512218531028094,-0.5072696557963154
3849,-0.07573684208057657,0.02521565353964771,-0.0192916446648376,0.015669710528992187,-0.6460473588369693,-0.09398120130321168,-0.09640499306097768,0.014277815414703687,0.08313694866618812,0.06953565809618965,0.868146565902736
3850,-0.09997294102707331,0.08825194211864737,0.11195049926124447,-0.05625698361449306,0.6075523624511705,0.020175011109336956,0.02043209876823896,-0.08695180612843863,-0.3032464884158101,-0.05006524576759455,0.0009767296162327965
3851,0.04649977330829095,-0.028549463193070335,-0.0682922624207973,0.009672247591704984,0.043751421383536875,-0.06771008333107562,-0.09926159817806608,0.0217792041890819,0.49075052029698396,0.14593463715852312,0.08667766636400273
3852,0.0890640885366693,0.03536288534517389,0.6167388529070688,-0.026953115998952008,0.005809638810533712,-0.21177141686976006,0.003480283480726713,-0.08750814760493286,-0.06853746447200759,0.05962090563018736,0.022197877355955953
3853,-0.07258786812817751,-0.005490326033260655,0.054349284643619745,-0.055648889072792855,0.04242921200936616,-0.6237286754144539,0.01845723213397226,0.04552110541139508,-0.05701856515342435,0.022171495034679755,-0.005922626325443537
3854,0.2058582160498604,-0.09375850558445495,0.4118099471129805,0.21109940997940888,0.060797435085964094,-0.19880375618941476,0.01801197888663031,0.1023729242280207,0.12939875597057726,-0.10764982275033533,0.013531168423708047
3855,0.11753353715421544,0.605729424234442,-0.07125529472384083,0.0518202172070088,-0.01580847311899113,0.08182190124598042,0.10694963516988142,0.055000793812575804,0.02567200668530757,-0.03965142798636198,-0.11063438137651471
3856,-1.6893847561115451,-0.07333138500371848,0.030359963485912196,-0.002923502603444105,-0.03783895030945672,1.9147575369801113,0.008376540893907025,0.20021051029163062,-0.0974195580619089,0.08502386891157039,-0.07205207427407684
3857,1.229179181027953,-0.08892411135796979,0.055403237918139454,0.010623070737148601,0.05971593387134843,-0.06268339554532926,-0.9409168337993192,0.07478444504023388,0.06648055856184372,-0.006904160384136666,0.05758288835771499
3858,0.8397645526044212,-0.005086577404235385,0.013039628595679236,-0.17342104656158155,0.023696158812708597,-0.10555250820074556,-0.08135394736631248,0.12025198584101611,0.09915485962259372,-0.05624167036445512,-0.10333954001829787
3859,0.6045221318514074,0.03949807054868432,-0.04849888950197774,0.022505251725719502,0.03166970429606047,0.05014953910044597,0.0014598937993298483,-0.04107405812006539,-0.03572091706486797,-0.055225352256498085,0.036813240967104914
3860,-0.3055899979852183,-0.013689302492716545,0.0026012053984769126,0.11400928899516319,0.013005632983328774,0.19557760545064432,1.3002140330030896,-0.030520322784340248,0.053299743159392544,-0.8310167475386911,-0.028199519924227687
3861,-0.021249427099024852,-0.6418924052198884,0.03620261076782802,0.05335158819808093,0.03675446887857556,0.13642142303042556,-0.1188030191786274,0.03069115891737676,-0.15034485383084595,0.9858407814880827,0.16022887954337028
3862,-0.06404368855002517,1.0055350885350942,0.011176518105796408,0.02324399526717316,-0.07750021257508513,0.08713123188778012,0.17679951141207798,-0.658069862074049,0.017104010838359034,-0.11575237676399845,0.0031322974802666407
3863,0.07217193078965109,-0.017124612309816607,-0.050509761046889645,-0.6494213905716979,-0.060499203187038345,0.17440409041787996,-0.006201728863411008,0.8680444541147083,-0.010296254863183966,-0.061766083887374486,-0.0008050577970288783
3864,-0.2239185648033691,-0.10959439561551693,-0.09444831676961175,0.8055350395449079,0.045290940265551964,0.08737465003472784,0.043802829154626334,-0.05435892753645505,0.04257913600600759,-0.10026929053096124,-0.48933089970830335
3865,-0.25897745044383635,0.007658755161157324,-0.09863413231755228,0.011740453064882198,-0.63148854150952,0.11111784855942189,0.04764548996139201,-0.0428110868491664,-0.18669685339729677,-0.06760093734752862,0.843162007925636
3866,0.029962685374367318,-0.026389288208624823,0.014631374206355276,0.0663562639549552,0.6253553086087306,0.16678725768988326,0.020708848964235155,-0.042287504614346466,-0.15952221730860716,0.10181959593103153,0.03706300910277534
3867,-0.20695238729045137,0.21323037312432985,-0.30347299011708295,0.023817946056435432,-0.004931552945608629,-0.10732591856224315,0.0060802296361424975,-0.06344700512406454,0.47294533244772535,0.030921989190969862,-0.025159606423412965
3868,-0.14103727366961635,0.16904136398872685,0.5676454326945712,-0.021732100762488663,-0.03799561223796789,0.03682506013422246,-0.08251979442991866,-0.14354804109221697,-0.020699457791532566,0.09568763094486424,0.18705969885356138
3869,-0.10963863538021865,-0.08253242005835652,-0.04782819752543204,-0.04982263407086143,0.008478809513063092,-0.6911241070830113,-0.03807870667211319,-0.03830232941415632,-0.04737184070599972,-0.06250011189789635,-0.08981624511950694
3870,0.1666584563639235,-0.2091743758860672,0.40993662308726364,-0.17894021118085657,-0.1147687381040878,0.04649643693343164,0.2202764207708481,-0.08352830345643457,-0.09455099895403099,-0.08345009441145741,-0.15215750263308056
3871,0.1639321511017415,0.6471335136871291,0.0662499431793275,-0.018984661119628155,0.06478497980681473,-0.14740887216376625,-0.06740255906177643,-0.021901485682567258,0.033529628391055125,0.06381137624962198,-0.05039083159513203
3872,-1.8745197898745574,-0.006544008384615602,-0.1113631411933091,-0.02388055127226097,0.032183411810965595,1.8366807273678059,0.06034335763990443,0.05470601602317915,0.25798009338796823,0.15714696673819967,0.08396125300195653
3873,1.6316380161089548,0.02184602357065941,-0.1301180321264177,-0.04213397436063284,-0.05048470743807786,0.0005072620320492236,-1.0307009104036193,0.07304011679417462,-0.05042009733530773,0.06732497070294244,0.07010666318671901
3874,0.812475396158556,0.10662369215744444,-0.07830818583553946,-0.06601637672218211,-0.02973910037547669,-0.006160919288875841,-0.01069100652568911,0.12301914961093816,0.08914711800990174,0.02336547314672967,0.00471632785685422
3875,0.585452782980331,-0.05011435599589576,0.0560434957853757,-0.0022980280973414115,0.013173718345097403,-0.0236632517883111,0.10030339621942658,0.006813310213018184,0.005520433533169146,-0.01945534191873592,-0.007452000853315001
3876,-0.12120863429878288,-0.03849740443935797,-0.05251702025208135,0.1154691782463483,-0.0320087113196147,0.11640531360384732,1.4293878178753512,-0.035316485245822156,0.05313724704475916,-0.9318921046150238,0.0659911794184831
3877,0.041508247775451215,-0.6637740326302156,-0.037588500858255776,-0.026579397499432833,-0.05072359846500829,0.10890887731649188,0.0021828592659970786,0.07047276488522711,0.05864103179048513,0.9991495610132559,0.0814196017933123
3878,0.013445685881963832,0.9921320279594453,-0.01134459376691636,-0.06409050849059036,0.029663595094056493,-0.03940157270952549,0.012048924502957751,-0.5946393733994895,0.06494265610351266,-0.00398377875557297,0.02304074580059526
3879,0.2045910646299879,0.04252168477124348,0.07576333973799058,-0.5328704107794564,-0.03622240073169718,-0.05837444088671578,0.05736526094031496,0.7163689379403846,0.05027923513546245,-0.06833536338896792,-0.09236503467306154
3880,-0.00969246536952347,-0.00034209251245480255,-0.030715164070615468,0.8058653326129507,0.025284927095080886,-0.11877089748677519,-0.06292258940874726,0.012020092242748536,-0.11805510101304036,-0.211629780341952,-0.4172427127961429
3881,0.1081645633149532,0.16255887885951742,-0.09976052040995798,-0.11653052779170231,-0.5429998826315904,-0.05440157546936123,0.02228195560311094,0.03928702535547963,-0.08911184235469247,-0.06593998292870018,0.9102342977391064
3882,0.06979789905384803,0.02959647261177703,-0.030792300010610382,-0.008370228022450554,0.6170764480904379,-0.101343163063368,0.025742255285594717,0.1154311015539201,-0.43904234021238264,0.08403632994313545,-0.03388945634468992
3883,-0.08740089779535717,-0.0818192788041068,-0.032979845778705955,0.050650427091197534,-0.026150796282886656,0.1782062202027092,-0.1113513955212744,0.2741992779259015,0.495299486163333,0.260347452720807,-0.052343001563437054
3884,0.041107423234995166,-0.04345060760719693,0.5741933192888496,0.17381818796758874,-0.14033610462590285,-0.0567466153856527,-0.028496221445275895,-0.046036119183046946,0.07182848067545111,-0.07183764971262864,0.0030245154678948394
3885,0.08518496320592348,0.09579921559330373,-0.013327241588564083,0.08865617115911277,0.09484571059679568,-0.7294649979505441,-0.03797860412766202,-0.04372449735970366,0.04289658654458619,-0.04524840612019685,-0.02792083903473458
3886,0.014308630129135974,0.012313675140784722,0.42900586803552304,0.018605246171639805,0.06564093504869595,-0.14082148527176536,0.10077038647757224,0.0382222633279116,0.09904536147991971,0.05650054775833197,0.039122787901092734
3887,0.003012262133430901,0.6211912163083693,-0.06123536576581274,0.0016547480391672943,0.0023155914440726707,0.17727973336624797,0.1519944448522761,0.06377696283873555,0.05548525411898729,-0.05223070220059731,-0.015679907418659714
3888,-1.934285510119505,0.1225832909995042,-0.005637918287697774,0.009909359006721843,0.015699093844350646,1.7696345270660152,0.1673750844749276,-0.028286484262168995,0.07191152692697367,0.0504109885921482,-0.21792577579546796
3889,1.5223609078432556,-0.053597305504046754,-0.020121728205378095,0.018028060879043843,-0.11041298771341772,0.04020143149896524,-1.0216562009350227,-0.03993581276499592,0.0616853943236821,0.057714354459369996,-0.052187990367005055
3890,0.7463006108294686,-0.08118597314105334,0.08347733511172052,-0.04562714713896325,0.03956805908765935,-0.22879147718885756,0.03665959844295612,-0.057464898159436534,0.09471358181654017,-0.16239917274724402,-0.002519094518279228
3891,0.5877739129821019,0.035438649270482896,-0.17474190019452607,0.06405149881093708,-0.04104458817766501,0.10746903306370906,0.009367388138913316,0.037509793961320786,0.03894708629542621,-0.048880190868305,-0.044176753865291386
3892,0.03869747261913933,-0.04561913661667132,-0.009745744977428028,-0.1181659991505747,0.15281807811622525,-0.09112393110935349,1.1042753197242057,-0.034099567478837925,0.08436677016410045,-0.8200379685928658,-0.11009261432221534
3893,-0.07761892635390873,-0.546239074320556,0.022577667754770298,-0.039433590463906855,0.0033236545829137213,-0.0032120409489469377,-0.13661490348905356,-0.04652010496874673,-0.032446753147902206,0.9659901496032206,-0.03190637176451264
3894,-0.05214761316332319,0.9392489703041034,-0.07282513555169824,0.0880872422924006,-0.023163228534188843,0.04833787964660391,-0.10686727871553972,-0.6635546160855512,0.05517777551405112,-0.011789601195232223,-0.006895276674343886
3895,-0.11475451571861763,-0.08636289292534989,0.1375194428551304,-0.4958808743379285,0.04116721774391551,0.026849572276634745,-0.003978825955810019,0.7858756954019316,-0.09266297415147234,0.014045374762220158,-0.020023518892290496
3896,-0.05208995212851337,0.04950559327317927,0.013691229201423693,0.8359460102149048,-0.026571384831007946,0.15576637477026284,0.219849896543936,-0.05184901946900156,-0.03813073626419694,0.08521319063283016,-0.34063791480233724
3897,0.06088052923673182,-0.11282741566418136,0.03178649529924703,-0.09483735024566246,-0.6964979155363468,0.13505187915288494,-0.06217045955767615,0.024639634814733184,-0.03727743676471889,0.02751286544028505,0.8738317166269848
3898,0.09150730466147017,0.192035617502789,-0.02257519639988844,-0.019949854825218008,0.5995263955790382,-0.018953410769768402,-0.0457438270806156,0.08187598788165652,-0.08516719599785366,-0.0852092452006773,0.011065776141387446
3899,0.13095149635830822,0.12729847397733993,0.14753329245345936,-0.0881534415263993,0.004551611597875214,-0.04624453137096017,-0.0486479306118006,-0.05051945262209514,0.5137702166966729,-0.14074425809515334,0.1119223800670259
3900,0.06966815666195765,-0.04738188560684245,0.5746153645044592,0.02030524815916237,0.05656549554737382,0.0995768988795668,0.05730977057770707,-0.1416532247380722,-0.03503342327942917,-0.05382981481991729,0.150107697330048
3901,-0.017773337396062912,0.04491016930085661,-0.15168373024491225,-0.08097407937062545,0.058035050884854264,-0.7073591072118394,-0.07105848664147929,-0.010746680295312436,-0.08439524041188012,0.06742657745552733,-0.09498556085765282
3902,0.09835038513291548,-0.06953616004330686,0.44806457060226473,-0.03138995716415649,-0.09419788800779469,-0.1464884311537551,0.24948802734066505,-0.1483426193810794,0.03366368550050518,0.19173638049975059,-0.01088217894033194
3903,0.025366328931503167,0.6426107635101556,0.032168691508297764,0.0032265577245073687,-0.008011429863179882,0.1863391726937187,0.14273656000526272,0.06095744153941207,0.03461719024809461,-0.06511328242571238,-0.0064124639811503435
3904,-1.7344158801705396,-0.10297363404817611,0.02578335371527441,-0.23311606645708804,0.0023751523726974343,1.7847398076635563,-0.025937173715905003,0.08346682392468475,0.055218638989744724,-0.10475308037521593,0.039478784472320075
3905,1.488960117333296,0.020662122263111055,-0.12286657681814994,-0.053094070180747424,-0.07232184177385084,0.06712980577389592,-1.0772995324885526,-0.019557981204212316,0.07121947751788352,-0.08057754499203224,-0.03726653532405565
3906,0.8837160240581845,-0.12702172461789574,0.12453975564749456,0.01204197815433666,0.056636875640515824,-0.10980246403141018,0.07316356871884754,0.02169960355264737,-0.05147653117824243,0.020744405031259947,0.08936318226142441
3907,0.6684437518302342,0.0007225757905152726,-0.13671851996859066,0.010565352005228831,-0.018499362759213805,0.0471994483712592,0.0342354973902482,0.01282344746701911,0.05350427371858601,-0.05716812018565462,-0.028701506241153966
3908,0.15233560745469388,0.03364423741238373,0.02656870351187554,-0.05708141144394595,-0.06780949428491452,-0.04148851974423922,1.3053300120030202,0.1036445736606747,-0.053997954293221725,-0.8471033632871672,0.11335877972500637
3909,-0.13134864065840177,-0.7075913850613651,0.02649199902014773,-0.0399552694630184,0.04226195555537228,-0.13998841216150668,-0.03416849358418302,0.035029338637991306,0.15106462313735564,1.037059484503246,-0.03508093801968906
3910,0.008326469244423353,1.0038907131173296,0.08318792092025243,0.028311785775374337,-0.00824014081865964,-0.007503774620063009,-0.034734027895354895,-0.64675955579923,0.06651244611265587,0.03978812656053025,0.009165826310173611
3911,-0.03480824172227537,0.1132022346017122,-0.02312282196402321,-0.7209351169992809,-0.13667035958953055,-0.14503523900897544,-0.03655147567939522,0.8203311576603609,0.06722763492780709,-0.0194336385773212,0.0004311365933179524
3912,-0.08772490318668019,-0.12016551517857828,-0.0032676912785217817,0.7668505009913628,-0.1814693501652827,-0.005230883286976877,0.06712008842408917,-0.01945195705630256,-0.07555011653487047,-0.06471009066475075,-0.5371176162506222
3913,0.16130880810625392,0.034543386149611985,-0.01646386755112592,-0.06426899758620594,-0.5598870417990927,-0.02085923118989843,0.17068907516207882,-0.009752745092445284,-0.015870972826971145,0.020133449172069,0.8495991549152335
3914,-0.025549104675801838,0.12161648205817314,-0.027569592303518284,-0.17316779613850353,0.5971935145922496,-0.10867496426337986,-0.11775990111206794,0.017037945395350647,-0.2970123070689913,0.15821226790972542,-0.0429230957376401
3915,-0.10573396857681652,-0.007831512875002118,0.008143183594051584,-0.016167239844581703,-0.017339243066443823,-0.020257469820755446,-0.1045179600213777,-0.04875253281854447,0.49799411242717234,-0.08717746389227099,0.08320316288567044
3916,0.046401270442870596,0.0034830442739315678,0.6278162574309359,0.15878174028851857,-0.02266878215271204,-0.01252402416699921,-0.23059039674438137,0.11505201262433144,-0.0100519007305131,0.11337655492365376,0.11256661382891317
3917,-0.046184896714373376,-0.026446032979236124,0.07524983430844942,-0.029721641417418364,-0.025872440614805488,-0.6681085721638513,-0.03663956736927905,0.10695794840928423,-0.0022916601193853107,-0.00968969303108103,-0.05362237940582616
3918,-0.14429898880191439,-0.072628741009957,0.40125417492185833,-0.07056141705738941,0.16569236739130305,0.0888131136341663,0.04359865446968847,-0.21426858395026482,-0.19167670501597625,-0.2246050811712287,0.025026738222055298
3919,-0.022243445828311982,0.6462791974010558,0.11784437430827384,-0.006756139291575876,-0.055459560063611746,0.013912221005061426,-0.02266729359874914,0.04843400503949999,-0.02115317906249206,0.05477213252389562,0.008437179329996642
3920,-1.7995501877966467,-0.130275781998493,-0.04112821301863087,0.0245966821387318,-0.07176599743200661,1.644041832656499,-0.09687331623609537,-0.057534445165733396,0.08791935199705816,0.23261600434331617,0.03811395107348046
3921,1.1482567578470937,-0.02813380535912891,0.061037384808114964,-0.003969145959237874,-0.09911722546998525,-0.0018055700812832976,-1.0058407249614776,0.01201780781828117,0.051328811504685885,-0.04035179561579154,-0.04108196265519111
3922,0.9352969698250952,-0.12848413546353438,-0.03579182525999017,-0.07414375089277396,0.000608488070316611,0.06066748601310553,0.07499948251321864,0.03726001742127339,-0.012215237419427037,0.07441587575568918,-0.06795162121494806
3923,0.676563184394082,0.014201082890288342,-0.002327766032789451,0.00566298716936926,-0.06351637155213367,0.01763664175363523,0.03184902246499939,0.01083939752348739,-0.018340916098141303,0.010781754606130345,0.00022966709025357048
3924,-0.010480791440113607,-0.05164739469377782,-0.0035236976645797585,-0.13531406345292898,-0.032401622918367255,0.07165893086242003,1.3527570269795646,-0.029543021892266333,-0.03334402044967907,-1.0504555634205042,-0.008710056319404753
3925,0.06107487589682661,-0.8456074415169544,0.09994689819287127,0.07521340268338562,0.043551443527124326,0.0012883321978985358,0.09752640431705539,0.04885559888229695,0.08043061999035211,0.9182601930699985,-0.05219066317072703
3926,-0.02021872245623591,0.7576106201720285,0.24274246096321284,-0.013064384841917583,0.08667840557730269,0.10816011418208023,0.04157662008584656,-0.6290580922018227,-0.07019960453068032,-0.06728747730465909,-0.03547967263945457
3927,-0.19210741425207115,-0.015290754227195573,0.08645733996191629,-0.5318529382872403,-0.07216593586837303,0.09233935180599182,0.012928270595342458,0.9015949651277299,0.01932898506249382,0.10491371917476564,0.026813923121518216
3928,0.13002621897774613,-0.07747503528170353,0.06773174447772781,0.8588816479890581,-0.10212528497796498,0.07114588298912987,0.0125855834888892,-0.04311800959814135,-0.07915787887337697,0.10738971598538627,-0.5329832451694396
3929,0.010313798890200091,-0.18628718597437613,0.010397520353182515,0.03636231809828007,-0.34655727092863786,-0.30285814724187343,0.0625393784822997,-0.017800840515495363,0.017074908117299687,-0.03571217941455822,0.8633889918910994
3930,0.13183312034284722,0.17669558017027,0.11946836315981989,-0.1398265183326585,0.6574039423240277,0.14377070023574098,0.11284633371599691,-0.03850830741299359,-0.2939890117787367,-0.07776271756292093,-0.06262063850702952
3931,-0.20273928836994523,-0.07766195955916358,-0.051474827658954496,-0.03660865825055763,-0.07562558880030203,-0.013411273776447075,0.06464593995237679,0.07231307582810818,0.4646711499819146,0.09336747720673964,-0.07817578815291265
3932,-0.07750345187282404,-0.030373794201969985,0.6210808818210607,0.025882851613363407,0.10449075225630507,0.07645257059893763,0.033909570631900005,0.07815200664313303,-0.06959182959994198,0.1579765526898599,-0.10002493268711547
3933,-0.030180490934697178,-0.06521229601327201,0.17866032844908764,0.05709243256172606,0.13346570673361416,-0.7617434757936333,0.03471507427055055,-0.030860907882961548,0.019914399256160273,0.011190559299959938,-0.05371595315674441
3934,-0.03650676591119993,0.008083268064656134,0.38772223316063315,-0.048282495417745715,-0.21846233617875052,-0.18415307930140679,-0.10466458276686955,-0.07773440815699575,0.024477744222178188,0.03394092203259955,0.03369252077244901
3935,0.17046124624818493,0.7253476656152232,0.07981961834799836,-0.032478133003713605,-0.020327492897131778,0.0019351347530632973,-0.16513269017915078,-0.05952445421953376,0.02888933472668868,0.00793082547967748,0.015122747127182982
3936,-2.0147924748716326,-0.0368319369566601,-0.1441115797049117,-0.03507935773573711,0.10680363569604748,1.6555094052696468,-0.009828680724101703,0.04971115684664797,0.10676879278242797,0.03509001031562733,0.019946420831388745
3937,1.386896319633667,-0.01890475997305251,0.10457947603623478,0.02847543502742771,0.0008607764311730339,0.2814486043639625,-0.9553789545449374,0.030307327079495617,-0.04089805121124267,-0.09762018163305813,0.04704949508502759
3938,0.8102761300304977,0.08811693045374387,-0.01778581565578905,0.003964437972580795,-0.06954188150436358,0.1912060497364405,-0.01637057721985558,0.11406429498528602,0.06626951606530503,-0.021754770476971164,0.16479110003186417
3939,0.6154816801676828,0.027979702762931984,0.02995569911960819,-0.03050739842851715,-0.03474996181228385,0.13361709809128175,0.013627380892193295,-0.06742469986440938,-0.001175307190449346,0.04810375228716611,-0.07291595613325597
3940,-0.34781932161971046,-0.06810051152772945,-0.032107351143874155,0.11349764630794283,0.007598380935210801,-0.01974247210307335,1.2592172586051076,0.035693573313904485,0.007292297603038544,-0.8457392667702096,0.07098941877609719
3941,0.11952461140917066,-0.5960576086136185,0.027578866900175948,-0.08633890912810625,-0.041525618922350516,-0.13619250168149186,-0.03172794174121538,0.060138182793562485,0.027133429834966,0.9375263211882315,-0.021835495769703277
3942,0.1974563615349563,0.8183860242056544,-0.03162137545632046,-0.02695810019675638,0.0027080902426924397,-0.005404077800916856,0.0501594358538534,-0.6364040035494121,-0.04317662579828571,0.08570835329628046,-0.0551579930763495
3943,0.009700260237704402,0.022021299156606375,0.018923660301955213,-0.5379534259961964,0.013782168256517983,-0.1936209170335105,-0.08325156752691275,0.8615973791789342,-0.060527488313757885,0.061721519431056394,-0.1815988361091643
3944,0.08579507488199982,-0.06990485438264732,-0.042156128285630916,0.8868421440790503,-0.016347499772372553,-0.06883257976771798,-0.06309732249895714,0.013938056448067608,0.051978457083670715,0.09168368526422803,-0.500442035333376
3945,-0.045650807433546256,0.0017957058425135326,-0.012696518202260738,0.03903044821064759,-0.4420305241357402,0.10510636202083312,0.17731403853918062,-0.08256502373214199,0.035767624632655995,-0.13864182041258788,0.9096903933777604
3946,-0.15061379587472148,0.0862318456740443,0.003336873539343973,-0.1716597543463953,0.6192928665025931,-0.04695394891335938,0.01988654417070758,-0.01969429296202823,-0.17660916443073388,-0.0015282771077259122,0.0013878916522417008
3947,0.03969064282041477,-0.00855622399813342,0.022427797858179957,0.060611701783152186,0.09555357635054613,-0.041895868915840066,-0.0879335995155759,-0.11491654154789399,0.4768175722675839,0.17585215736609097,-0.03855841699308211
3948,-0.1494027630763624,0.01787129695797838,0.5958163215247486,-0.0287383153066508,0.04507051142227515,0.1304267782882725,0.07947289167295828,0.11034441270362028,-0.05374899617587243,-0.08585161466506719,0.034551125835802596
3949,0.0983600021473021,0.11363819831290942,0.05900150163877402,-0.022715283488018014,0.013910200056596692,-0.7019014546953328,0.015417950055539977,0.0378253048552489,-0.03613360546123598,-0.03446388338956691,0.0563856942229434
3950,-0.09186323821375313,0.05352422613025835,0.39674711794292633,-0.09447196180235508,-0.05558563284870779,-0.013410299299227083,0.0395808825050682,-0.06514547015131637,0.04279125642046628,0.06363513946584645,0.13074861526555126
3951,0.03192987902308179,0.682133885666532,-0.09610886965541936,-0.012806744622291694,0.0017199372098914648,-0.0270740236555147,-0.09772679463322637,0.04769263308202762,-0.05266820541964786,0.06875500340279762,0.027547613775947468
3952,-1.9576334521364518,-0.013178239738131032,-0.04498805658780072,-0.17110652259614884,0.04151410418626489,1.8219120129810198,0.22857024461909747,0.09426242811114108,-0.017415009828287958,0.24792877711008993,-0.07590635253742736
3953,1.377954864539534,0.04961938949912007,-0.05219294016237156,0.011561003071468682,-0.038158295459133074,-0.07210079530975923,-1.0247335872850016,-0.043813730164688404,0.026365785313884144,-0.0331173253294435,0.050462693956017594
3954,0.8830870643215675,0.004198009034488498,0.046232850979583705,-0.023442441009148326,0.05741855883945726,-0.042323301878920444,-0.10513033987437206,0.004953368065772897,-0.12687046905055266,0.027793385100396875,0.014689744777937302
3955,0.6316823060212284,-0.027444958334371813,0.05222951174615924,0.0038877231178370076,0.026743926747889963,-0.031071067606075267,-0.056205699337787116,0.008857381993478715,0.04243518049132371,-0.033474028703972904,-0.03947423533225982
3956,0.10345206874995809,0.005733824300301041,0.1519953523765243,-0.06472837743564751,-0.007886324931410458,0.08906510731354872,1.2722974096672486,-0.018634993325234113,0.07457337485819261,-1.1081454541547053,-0.031116573139707993
3957,-0.10944920397654224,-0.716873583726961,-0.10075055514434972,0.004282605579280448,0.045512430402376146,-0.09841332438583868,-0.011743145861169533,0.07072765551943049,0.08143568503461283,0.9700348639180454,-0.011010321101223498
3958,-0.039616362210384205,0.8860781938413195,0.051722608019093376,-0.040978293691289164,-0.02890316989552433,0.13137592569111564,0.10680249316894982,-0.538341884557991,-0.09140810747470492,-0.003274474072735691,-0.08770284884071078
3959,0.005300024433504605,0.007778055033827435,0.21625426618889826,-0.6047240146791328,-0.01899260929629889,-0.012710592544323381,-0.11081337154030631,0.8352507253160597,0.0962327153253753,-0.12144977842496371,0.0032033439111018476
3960,0.11809547982956456,0.016626256674367727,-0.03600649597137739,0.6712766267882835,0.0002283095494994905,0.10456705929156032,0.17322514912194575,0.001455589338072352,-0.03918589512795194,-0.044075229261475835,-0.6181828419311473
3961,-0.29782038090124324,0.08488053542415977,-0.05064923025534003,-0.0098860267973808,-0.5697681264774961,0.08605985877671171,-0.044703666628077454,0.004903532111764146,-0.08890572529337057,0.13366169636873645,0.9072221730849297
3962,-0.119414070021135,-0.09104275014354267,-0.24141717503125076,0.022161114165030825,0.6068773736627195,0.14609177550137845,-0.229354160846662,0.03700353140075937,-0.22669225339320123,-0.0485225609006836,0.015256035246956975
3963,-0.023222493608673695,-0.020000246459859535,0.011049825641081645,0.08234776478214507,-0.09483405646457972,0.26817264202201035,-0.03180511603962861,-0.009085920488718787,0.5053124169919538,0.1196126984380582,0.06424132457031705
3964,0.28472394593458833,-0.01661332419783109,0.6589217228692903,0.12473931361946264,-0.02269809066177649,0.12628878725817289,-0.025339862925105344,0.09658311578664275,0.047792814722120845,-0.0783319304886853,0.24802969433371094
3965,-0.04196955511612773,-0.0615747588169171,0.031424825530876416,0.05727172567480696,-0.11742970778132487,-0.7011984286927667,-0.0014424927430014534,0.08037976662163707,0.07445647017098106,0.09678169726097544,-0.01134781183832014
3966,0.19875838207102522,-0.04735518606362069,0.42914700707749337,-0.017595944424538223,0.030636213679695285,-0.08330618567081156,0.014266017170925453,-0.017590524158295553,-0.019044547204060153,0.1999199998419043,0.19068135187113217
3967,0.14640257734264875,0.6686993919554554,-0.02727576607005208,0.060305785213548256,-0.014919093890213418,0.06936426822008525,-0.06886270243599778,0.0009144276818016071,0.09571359575468982,0.05477114298822426,-0.019811533211570614
3968,-1.6239453936303436,0.08773667973857369,-0.010795444663801848,-0.1325299192035269,-0.08825749987652029,1.865767696127709,0.044473814536780745,0.15122181180626745,-0.07568812806139603,0.0008926982786673899,0.01546070572191941
3969,1.596862445736097,-0.00025341961835112503,-0.07192671123376673,-0.011791973449226768,0.20892212628000487,-0.03729163983335735,-0.9420705835884029,0.06912212253666823,0.03278244288407646,-0.007528463993621051,-0.017408772242236116
3970,0.8208458113453789,0.09397535019045716,-0.040463220721341404,-0.144847557566974,0.020545232857543325,0.18669633063729169,-0.012954986445715574,-0.06577535302956178,-0.05374654953130745,-0.06209554139695059,0.08358684910128858
3971,0.600291981775238,-0.012352619528509773,-0.08546831268450529,0.018628158710222983,0.012357197155087069,0.09174116301016993,0.042803183652849186,-0.004624461313426565,-0.07805153212528382,-0.012842404131281064,0.015190072781823792
3972,-0.12012528494829826,0.0002741828947576642,-0.02114474505543037,-0.011159460013564586,-0.10321746868130556,-0.08103075247397845,1.3919488556135564,0.05565196142788151,0.03135657152482991,-0.9791333736993393,-0.11448208627630983
3973,-0.056578965010926976,-0.7385694215227218,-0.05818881891279804,0.07735540219958602,0.010196275133822643,-0.01142572880398068,0.11146383262414483,-0.1768846971404556,0.00011789684766836143,1.0497703831074991,0.14448474753772525
3974,-0.15998521643306327,1.0755052976244286,0.028642238926982963,-0.017138955955153405,0.022091998045088792,-0.07980822053880278,0.28283366653615644,-0.6744195637302135,-0.09657020028639028,0.06426753734518494,-0.014488666883378933
3975,0.01565835262084573,0.11357307181016808,-0.06013778612448235,-0.4553670161797343,-0.08542292222457468,-0.05244525750718166,0.00023212497728733266,0.7466166687037272,-0.03971155201460787,-0.023661944629019216,-0.0027206809571896293
3976,-0.10558732526276755,-0.028949629903312048,-0.0678185114280641,0.7968809345393895,0.07701093759895733,-0.04134908632243821,0.13532092811075355,-0.14451674488445743,0.1295215886166707,0.057908384694646424,-0.44373969034928
3977,0.09683263364937227,0.02161559677457826,-0.08152430899739016,0.010369245358985705,-0.6430275160300825,-0.14096346883417016,-0.01946034115037051,-0.06243250260768714,-0.02794062214567593,0.0083112339300122,0.906002896480143
3978,-0.042787717287898167,0.11265938402800431,0.05660761776663578,-0.026438681314730254,0.6147014569821433,0.12053966056056875,0.05126087744144362,0.0034093517767573725,-0.2810999689409943,0.061190509292368064,0.0005859659439222285
3979,-0.29770747022549654,-0.10769904964657187,0.0614231401949062,0.04385864485814958,-0.00903982407953199,-0.05045275613573246,-0.14785234946358625,-0.08953151777873099,0.5118602238301776,0.11096532711694455,-0.1357684781188077
3980,0.07949377668671274,0.061286100187869126,0.654414050927032,-0.00022551188411328027,-0.01965905269673475,-0.0276864236363255,-0.1088031086291538,0.1605588317851209,-0.0955347517107635,-0.20405464410772522,0.012277671798134639
3981,-0.019355377093496808,0.09366596950386445,0.008253791947814438,-0.08869349362027056,0.08231405641897935,-0.6102573775190695,-0.04255569418440754,-0.0022196979330145875,0.03444859526705656,-0.05042154477652849,0.1179099445672238
3982,-0.0800133549232311,0.040647010656391896,0.39872179477158626,-0.139116547382595,0.10624064927425136,0.06477810054031338,0.025794858880394338,0.007194583224953425,-0.01882593783648871,-0.17679115784873553,-0.06871092974701024
3983,-0.006184341016888263,0.6681387978474085,0.03552883979136997,-0.099262812994449,-0.027866579144991504,-0.011236296100162198,-0.048773245087354755,-0.03921964607306523,0.008763635018662617,0.06533253999830424,0.039350660209646414
3984,-1.789274509741122,0.04082627819337692,0.04959519875376664,-0.030165694250191413,0.022009867095325934,1.721304220772031,-0.07020546334290415,0.09235533860151561,0.0016493564613134213,0.10062271007465978,-0.029934218819189964
3985,1.628899272968141,0.1309664109777908,0.17761604843928788,-0.09363731543714524,0.0719997913730927,-0.16681331477400602,-0.9931660367869525,0.06632276004088651,0.03523983953278712,0.013308610599744197,-0.003628548759146492
3986,0.6920184291447425,0.07315854212945158,-0.09110977073511176,-0.0057938265168572135,0.02894270988317308,0.09099971317198996,0.22953353604171334,0.13888264295433206,-0.027137842665551387,0.11274809981569181,0.006435727738004918
3987,0.6797908016846924,-0.04567827607773265,0.02186602899609227,0.0238271048867634,-0.007757886564408852,0.03751735235058547,-0.002612246576250344,-0.008753220633035753,-0.06388854185409615,0.0023152929182100046,-0.03452070703628767
3988,0.029504554709355736,-0.0501492178376294,-0.004639739186498681,0.01723310000975148,-0.01797974556655273,0.07005973798491497,1.3325374341213794,0.014228949187219904,-0.0187764128886485,-1.024947205200124,-0.01772032640030702
3989,-0.27739076656510425,-0.5351644052868056,0.03917912449045931,-0.040225113773581504,0.11718896860251424,0.07546715461373102,-0.061968053649589586,-0.05873720767381783,0.0913033883949868,0.9973122282826734,0.047065826680947095
3990,0.1531139389352378,0.798046245870861,-0.06952656735597149,-0.12344892512027446,-0.035949389318838065,0.1286678225116395,-0.07638649776628766,-0.6470671086954879,0.0013407789526463714,-0.020197799242767007,-0.018665299820429086
3991,-0.0026363976963453017,-0.1598643224428452,0.029896600939341853,-0.4856370590498133,0.08447961402088051,-0.05193889369924014,0.20784774103673329,0.7882568574389982,0.033905487489456654,-0.10020390165440862,-0.09611364340664713
3992,0.008843124515319139,0.13429350220891403,-0.02932352098679047,0.7353290529739548,-0.09277042763071507,0.07973234425277216,-0.13327983611977737,-0.01105118607383891,-0.11927715101211117,-0.19157814471100118,-0.6280820506026318
3993,-0.22699312100466065,0.01342851487378642,-0.03631688934680935,-0.042343781806169906,-0.49328591628015994,0.12591026168923694,-0.03608404917378895,-0.007261111599714069,0.03169882506457291,-0.08900462079979747,0.89487989051119
3994,-0.007344660890882622,-0.09406627373179549,-0.050609059658281816,0.13166232706249373,0.6171186789929657,0.06117105144287443,-0.16068942824106347,-0.07487534804710118,-0.20703695874190295,0.1183926410783494,-0.006992082352423108
3995,0.1360517131608205,0.060271066669006376,0.1586610729796843,0.02373885848090982,0.06540620764731081,0.24308698009630603,0.11274149714618321,-0.06723279171297586,0.43353508465183105,-0.03456314797631308,-0.021770231589647034
3996,-0.07762281111930176,0.10583392693339065,0.5956891595999078,-0.11765663025783454,-0.06720942418922828,-0.05750081561785838,-0.12159347310184207,0.010810964882287378,0.05406910880195045,0.0788853875951504,0.050607279677212555
3997,0.040422571940088296,0.025274842939435205,-0.07153547190513788,0.016547015592587287,0.018680869344427677,-0.7296946517304113,0.05949292183173671,-0.07272787691751753,-0.07292635947038423,-0.08661108490994979,0.09804095164109405
3998,0.12664401911394818,-0.10506913518481924,0.4253748150079696,0.08099590795193289,0.1471289232282479,-0.017068301315118134,0.22609051007715647,-0.09088476431153855,-0.06217282965572375,0.10659609584515739,0.08320795030472475
3999,-0.08372703144731299,0.6776340493783175,0.07894634299393119,-0.02384165129887644,-0.01244885916258958,0.26832380288679863,0.02956409452151621,0.027126414979947448,-0.0772976776257063,-0.00135956490068102,-0.016674766458012278
4000,-1.6687999613637803,-0.04609549166068238,-0.020508030886662913,0.1033434505382357,0.08435047569844664,1.3913417734837568,-0.04934742303614837,-0.04145091906970486,-0.17983933205539562,0.019764106774485226,0.0160240534291174
4001,1.3185637239843588,-0.01817873518296663,-0.013065438468363336,0.10471162845661877,0.04373893911061181,0.2334827800826745,-0.9972923761441188,-0.007399829506540049,0.0017496582408396734,0.013701785755218644,0.03328676436444816
4002,0.7970528376590285,0.04991423948617866,-0.08055951060544277,-0.14674773705346067,0.04118942180665036,0.010511569401912467,0.030680459113863957,-0.033571182727410574,-0.17689492474769808,-0.009093799981465388,0.026901091678746825
4003,0.6258151917411368,-0.01212345556055753,-0.07283059495628244,0.02991154727728349,0.025562213755010905,0.02279023024472019,0.004304090191055037,0.008616168238740665,-0.14300249043072422,-0.04330441500513189,0.029582866635822522
4004,0.039788464276306536,0.03729651135884213,0.08601527603238351,-0.00805948227960411,-0.1785295815124292,-0.031767570643285746,1.4439122153621606,0.1064288472795109,-0.13363129367072077,-0.8026492888470651,-0.1896511625676359
4005,0.04010545577480102,-0.6487106493635455,-0.09229341916492774,0.07583024998231583,0.032300920404296454,0.11763758211148671,-0.05789303746996134,-0.02931520861198739,0.05969268815215529,1.0227834904094792,0.08870628827422103
4006,0.032010252839827315,0.9015694952101247,0.054794777293139627,0.024337796249441535,-0.02932754473783649,0.0646834035193281,-0.0058369330177218525,-0.6045682567966056,0.01454960662118392,-0.01614411388244676,-0.03370880069118844
4007,-0.024232524244645143,-0.02963448112405567,0.04732294010018005,-0.5977621126665411,-0.05113204578166728,-0.07020374433230286,-0.02324950616876051,0.807937922111267,0.04786712153533393,0.0006653800077729274,-0.08114801068742675
4008,0.08318409223659237,-0.02243898937368883,0.03440364900235185,0.7844834448124639,0.09978683522514178,-0.06921365063335397,0.06760638467754601,-0.08942073131715242,-0.06770389725387978,0.022117297095541184,-0.6396434917256931
4009,-0.05773607868387283,-0.005891880101818371,0.02674519028300923,-0.030518551581738197,-0.6061710380446682,0.09157265251590249,0.22208216802423722,0.047028552607916906,0.166035555984275,-0.1528118341827346,0.8565391647968537
4010,-0.0735930527201147,-0.33401469058350214,-0.06933957145363008,-0.0446014858387225,0.6039682559155458,0.06496115871897887,0.18102637982431818,0.021103106404279325,-0.21280923915666194,0.01411393338939368,0.03025926428748984
4011,-0.23704281685031459,-0.06206995519971694,-0.2047883550075272,-0.0632256357160814,0.060715667681411185,0.11714993922901863,-0.2077571722212294,-0.0438373563117374,0.46622911086338475,0.06996567737186023,0.03530899499175612
4012,0.05536066339437497,0.03521228192234683,0.578126252149945,0.12794671712103514,-0.12766278046897123,0.08859478809414356,0.0662164213455171,0.04176272932013066,0.12237013455305187,0.03367213926619497,-0.04212071784503287
4013,0.041876454729475786,-0.04317352394685094,0.1244889057582661,-0.023929996093757407,0.009744646033875296,-0.5969426130683982,-0.10569167698707388,0.015090790294116873,-0.07594998155936723,-0.06776471327576335,-0.09807380309373373
4014,-0.1237619112255938,0.19878913441731955,0.4661439488459188,0.03396962179445723,0.06749152947583462,-0.035823735170808384,0.1329399769549679,-0.2306852519390617,-0.03604797976315811,0.1069955362272031,-0.09328064302773549
4015,-0.1837408690980649,0.6875650274816828,-0.04265421698387942,-0.03668370824917224,0.08738213974929873,0.21197091172784982,0.01072054309508777,0.03129361657739759,-0.0008371433159758128,0.03753918360037512,-0.021903943843973463
4016,-2.0451400264763926,-0.0670397403427326,-0.05734074216670383,0.08866829905118602,-0.10818371532478581,1.7541382285715412,0.14307837344220614,0.048121766192616135,-0.05771569736693063,-0.030452507409618357,-0.04180935537151273
4017,1.4363313067164687,0.030924311662232605,-0.017840446461358215,0.02181675869509842,0.00010471875527847795,-0.10604843689976243,-1.0448957397613121,0.10101265770155342,-0.007646741575224062,0.07068642218356483,0.030829417716867678
4018,1.0782118956976656,-0.10208947536827123,-0.07118261259818703,-0.08695694247384025,0.03357964736489377,0.04066577206697357,-0.12820537873867505,0.06682393748047462,0.05647725530755096,-0.01508480896426798,0.001601952336124795
4019,0.558575932192772,0.013930268686899288,0.042650362671187776,-0.044712843980867716,-0.029718740482835532,0.17573137988561238,0.047456084118902106,-0.009147562809745883,-0.05713761002428529,0.01951206637820513,0.005322452313754289
4020,-0.07949561043191633,0.01671096453261884,-0.004435176745307201,-0.025564487648208793,0.056008962228528636,-0.2211632662641745,1.2898152497812225,0.04770662921945828,-0.035421756205571475,-0.9196705621976544,-0.11406055283463648
4021,0.006253750294027447,-0.7316677430130699,0.0015257323897011404,-0.0393852018828785,0.0027506323025703913,-0.0659091337577359,-0.13018000279910813,-0.13852019842882787,-0.3050407455274685,0.8319576067144717,-0.048677845910374606
4022,0.040686436854335914,0.9547053803650031,-0.0808280561724745,0.08268756250561364,-0.03843296345694265,-0.1859674920445671,0.06540146598220746,-0.6366429403725954,0.013629071337800894,-0.03524553346743604,-0.15153430704334903
4023,-0.057626543219285536,0.021766464883536233,0.04014752225960459,-0.5398814932980427,-0.07480120571855699,0.10918763244144206,-0.06378750549791412,0.8204607137330312,0.13373157502133345,-0.06720505469452503,0.07483771075584023
4024,-0.0647934171237414,0.08761068197065128,0.008182558789076037,0.7849628668757173,-0.05659817324700367,-0.12558691086192178,-0.005037463505214161,-0.06863597272873964,0.004290762591180476,0.10071454906823235,-0.4266862621955444
4025,0.002974970670783181,-0.020532673416004628,0.05014496535261379,0.013746315234569078,-0.6060340208991291,-0.1169208145735378,0.12590839795482542,0.0011876088943517825,0.061012865947357796,-0.05605800780309245,0.9151145315260792
4026,0.2241495778107806,-0.07995797423557537,-0.05183102903340625,0.0892415484112729,0.5998488538175762,-0.11321174359625177,-0.10156216332694419,-0.021812723870549014,-0.27756452316034685,0.04430693101461247,0.052998332474802054
4027,-0.16554884987999127,0.04066712032171222,-0.10843633984233604,0.09167534284413074,-0.007712330045207565,0.022108935666171475,-0.23123856006764873,-0.0163614923008171,0.46524605803556857,-0.01317959773915833,0.076420025225065
4028,0.020261099863196047,-0.08967969705305966,0.6070711677954111,0.09094510593569205,0.011035940563768417,-0.11074496522372333,0.08758892680157995,-0.14454852708900423,-0.0850227841499098,0.15675414396165385,0.05521789335245527
4029,-0.04810957690244231,-0.10941994529750028,0.014401382919395144,-0.03963957372931608,-0.030133809082598294,-0.6756651509629135,0.03429938215745376,-0.04013128012753348,-0.17247001413215046,0.08649921376455347,-0.11308707227923787
4030,-0.03946373343447113,0.0679323385136164,0.4301269721457178,0.020120924107222795,-0.03305943815177479,-0.009239833733472922,0.02702626202536125,-0.026495937797575756,-0.009390733808765555,-0.23681504379411727,0.04295852815964245
4031,0.05149182892543279,0.6423353073391483,0.030243126457473034,0.026582890407424925,-0.06334685369512462,-0.11298319907507921,0.11496599855798371,0.02635875396909313,-0.007245536677084004,0.11286311760701549,0.03502407777507385
4032,-1.725132581963293,-0.05948410359345211,-0.029584901529591073,-0.13229822250953516,0.19213036558635813,1.9419003882524075,-0.12979451750723756,0.03523883511895712,-0.10586187263336325,0.008523571534161518,-0.12125058987225548
4033,1.5699380561824081,0.028563961001353878,0.011026574634705853,0.11291539664060087,0.013781240540325162,0.17073880569907657,-0.9627398591011381,-0.06080889107036466,-0.010265490014276877,-0.09695749058202463,-0.008617221990013118
4034,0.9140371431764766,-0.007721177544877909,-0.01798198671546219,-0.12563276342964777,-0.0745650101439675,0.15971960537712232,0.03339746390083699,0.13775933654356948,-0.19708564213611787,-0.06679254457787627,0.013667269882989075
4035,0.6349145767252297,-0.03293862491895601,0.02650405597270229,-0.03173907864082718,0.014167711400938268,0.012305841671836404,0.02729775143139501,-0.029710854047866962,0.018983614883575563,-0.09005843501575224,-0.018728009127281384
4036,0.18901410217763903,-0.11888475232427322,-0.09885624642930595,-0.05798447446282743,0.02317520106277464,-0.041967508773765025,1.1997279445610707,-0.06997065250356604,-0.13953051126577953,-0.9020146441712392,-0.06842034068697424
4037,-0.27881409438383425,-0.6564986844791771,0.012059401112733115,0.023031743139850076,0.08231560652090879,0.04129170282021087,-0.18454409380130576,0.06685570835021831,-0.03206857064837905,0.9880808647820037,-0.03332330545269149
4038,0.10169539424465407,0.888285593791463,0.07842936965226018,0.05908612366412144,0.013390109923431863,-0.060646760497322115,-0.09414175765265972,-0.6336024755686197,-0.02221826744978353,-0.01754216926521769,0.046184318646994814
4039,-0.13919275224404412,0.14119741239732025,0.10002317942392214,-0.5656657659064148,0.09350110931323949,-0.047968989201046405,-0.030154196804272414,0.8500207514197653,0.051952945400992545,-0.04379192793027527,-0.1702073509309483
4040,0.0791408173244684,-0.029962011538373252,-0.03944048106090511,0.8199431476556521,0.052648887940215154,-0.11054852108872681,-0.060990759788522496,0.028395658748333323,-0.07688208936888179,-0.09713177422941731,-0.5846788220607446
4041,0.190551282939689,-0.03501590832040611,-0.10733726777080868,-0.10757235743198455,-0.5604321810848223,-0.11457354631027256,0.06195008414552951,0.026304181241632585,0.0724304831832727,0.04189707570887799,0.9645261755955572
4042,0.10908299958100097,0.24330295630678994,-0.042990248109754894,-0.07805177170351954,0.6559020554210909,0.13138791880476347,0.05108889479001539,0.1189789808688684,-0.20761568305893777,0.027510924203761614,-0.0239078006783517
4043,0.02750286728709131,-0.07851858810001064,-0.3124573519982919,0.08192579798506859,-0.02176332306194172,0.1260653046623503,-0.08515654016917629,0.16127901754008317,0.4724769293002721,0.15834225301760146,0.016541616932579186
4044,0.017443872395907327,-0.04194257483065643,0.6206675351464215,0.15846047540608002,-0.058327605613440664,0.02768615062862346,0.06859136870507718,0.10959297314468995,0.003337051257636614,0.11849578130344283,-0.01681308929091701
4045,-0.01754485524639504,-0.007015985167931589,-0.019565458714226148,-0.1864575741077114,0.019812035121304028,-0.6748944101026867,0.05328022580366036,-0.037240198951018766,0.05214566427610593,-0.048017159863446915,-0.0010927760423632537
4046,0.14919089879916858,-0.06216380807483202,0.41965096037952854,0.01256759864731347,-0.08181591165288836,0.21110812234194376,0.2637670708236841,0.09716761172503319,-0.02773656581486722,-0.1286311251859544,0.025922084461688834
4047,-0.1397309031773127,0.6918942595391088,-0.07172973733905003,0.0805140906684086,-0.049520147542418055,-0.08049378638803982,-0.0757843794325579,0.020350720118330782,0.09910514363702722,0.04303695589016377,3.015211159685966e-05
4048,-1.5758293527857,-0.041237862976980476,0.00471514250005122,-0.06374574135521432,0.053473912551177276,2.0017203345275116,-0.04649987636630205,-0.035053310074563776,-0.20979125854507433,-0.08214670387352335,0.05639732202732374
4049,1.5931737365959713,-0.02260758282931046,-0.07560484171338731,0.08033979142511383,0.11122002557297188,-0.06389298212244152,-0.8779902803026743,-0.08289413949769817,0.08179429729111835,-0.02497040848456834,0.022552160757171303
4050,0.8555096109586572,-0.10667841822799151,0.029909124519493915,-0.246480735195437,-0.017899043272008013,0.11271793671088334,0.025439502226259212,-0.05969096096363315,-0.09357330129755355,0.0653569629770947,0.0605636116945107
4051,0.602063396484568,0.016560998686504465,-0.03329712948578199,0.05504327792636148,0.012544794807570862,-0.006260669025703949,-0.0017503296557582074,-0.021553769213865606,0.041925630891274886,-0.0032954276643204347,-0.010653571931409662
4052,0.10357164255545741,-0.07940748831742775,-0.027919013964271756,-0.07390996705723421,-0.04141806528283297,0.2375815737347217,1.235825753513331,-0.07505184755880925,-0.05425457348339462,-0.8626667761290826,0.09760195096723144
4053,0.05811385738340898,-0.6931735833250643,0.03141103893657419,-0.027205804255983075,-0.0639848688834761,0.07979427017795533,-0.021142681139969314,-0.09890834331014588,-0.06981846734344356,0.9319396104324907,-0.06432993385674267
4054,0.20149677653142808,0.9108211322507896,-0.062167020042002794,0.0434357144732042,0.07025992927107928,-0.02438121168388345,0.10258074035291277,-0.5808554799656277,-0.057508219707571695,-0.0033711965236529326,-0.11120522874097762
4055,-0.2990077768046931,-0.015790106367575968,0.1478980408355105,-0.49600983099783946,0.021136124568368962,-0.15203989215505703,-0.06173691663426093,0.7823489556235541,-0.06621295839166172,-0.1040959811123627,0.15914573505024454
4056,0.10101107303502686,-0.0004702387215240332,-0.0008103835992202806,0.7963627264929027,-0.028046013956828163,-0.03560783762411022,-0.24028631579714518,-0.04105256373747956,-0.2007643622919694,0.022538868217282786,-0.4041831727513982
4057,0.1651848513160556,0.10389483212472736,-0.09502527914554249,-0.0017476371466989354,-0.6203564497213874,-0.3241615858367995,0.0082536807922754,-0.09889076782069578,0.1925703630689159,0.006893581642515992,0.820996536059488
4058,-0.036589561876396746,0.10582482434341146,0.01907820799415749,0.07957263262117874,0.5860231132139857,-0.11173270005705994,-0.13012365281251856,0.042227942909650436,-0.2554344760193801,0.07037034197008638,0.02854045378732229
4059,-0.03025297704589591,0.08970730601925436,0.04701333628904954,-0.04158810178416092,-0.00515238426387445,0.06775311606757,0.013929654695892583,-0.08303031109261148,0.47927938302756545,-0.1069037824341222,0.07428524155455445
4060,-0.08706499894461436,0.03341433043031551,0.6140623690590433,0.011443306455332002,-0.058622427657781404,0.024956737692274904,-0.050354662211264785,-0.023029914364106972,0.15983989051684863,0.11885319422421257,0.11411745764920037
4061,0.11579017458438938,-0.023668732355255444,0.08494565396602635,0.05032115113017158,0.016409431517821982,-0.6912614914337334,0.03476283304142017,0.031387401059535594,-0.09945386671475416,0.017622376554402762,0.012235364960723591
4062,0.1191748578729949,0.009296006440262582,0.39456978872708315,-0.0737232280648709,0.07113436894427311,-0.08198953337662204,0.10805197987626164,-0.08646429648003386,0.1340656668445657,0.023426587939235514,-0.060553314770441485
4063,-0.20061875368165982,0.7158573785308355,-0.0010742308661934753,0.017434947675869682,0.010004345216885192,0.17018641933174328,-0.06980706615735416,0.03933380369832433,0.024138872774625075,0.08047370803661863,-0.036320911503197495
4064,-1.8007864646438783,0.04029011929594915,-0.007346027081798677,0.01557119497911502,-0.14197845389360525,1.6201511134685156,-0.10527335050692549,0.12701567317857376,0.11513128616485517,-0.029945583755155457,-0.05989748674588206
4065,1.5344456837956493,0.01606518524996055,0.06462911811877366,0.046092353521695884,-0.013202897164161988,-0.018648447609263638,-0.9397290622592565,0.08581459401654734,0.10823328428836758,-0.012696860279668303,0.13436098857698578
4066,1.0882516521009673,0.01007986152424155,0.06633517161813687,-0.12370620441781262,0.13394085842847359,-0.02957197694070207,-0.0504270113679844,0.001062609327905052,0.010412836986939036,-0.09578700644143769,0.06718594162867961
4067,0.577639761998276,-0.020604207523058825,-0.043028590027711,0.019381394265609257,-0.03682738872929386,0.1031760675957697,-0.006372020631872561,0.04377964620847494,0.0024633840066096736,0.08294390521446936,0.023727686073917873
4068,-0.2257670613334167,-0.054640214323452306,0.05125252386855499,0.008244448148223033,-0.08832631059426937,-0.09359423972192338,1.2490792716324308,0.0450945129560548,0.002613246709735,-1.017324106212939,-0.11504260339364333
4069,0.10296533327940308,-0.5418503216233965,-0.23995952968901818,0.1679903048636822,0.0816949947215871,-0.08608687779183131,0.04265839092660571,0.025535593542551045,0.009006704440239521,0.8949344756615246,0.018910220157398495
4070,-0.0875143330768573,0.8549644106175239,-0.14988424207693898,-0.06374485396432074,0.01341798150929422,-0.04156928677221427,0.21634095210867127,-0.6545358685025487,0.09876526023968525,0.06521325040851483,-0.008402246244366094
4071,0.06582435240819164,-0.009516285984630113,-0.03668622703048405,-0.4807135870638489,0.029066889332690388,-0.01856672902854326,0.037182302758713676,0.7977627391181059,-0.08331677980189872,-0.05072941736810529,-0.08694871470837404
4072,0.03557462200892254,0.10703150409001991,0.03100604852135958,0.7546297956428217,-0.08244793575952922,0.07750500143472105,0.00208903301492671,0.1055631219591824,-0.06704436676462254,-0.01942708854802412,-0.45038759662621947
4073,-0.0430932929850807,-0.028986570779666956,-0.04167520359019949,-0.07577602663580588,-0.5901275328944317,-0.020791164278858375,0.09750334177559852,0.15123027552166943,-0.0269429457681378,0.14780568887644427,0.9054857880083944
4074,-0.037214189792921556,0.00796432472177216,-0.008974737168041001,0.04512237995393781,0.6062594104798879,0.034715373750824695,0.0013267490322308277,0.08798223560883094,-0.2066005068061562,0.04421553122173856,-0.00816656843569346
4075,0.10546830119827737,0.08579617223423036,-0.1613164278345247,0.06284232151063049,0.05202052218601408,-0.007976482474832907,0.08068489909366945,0.01903608354831864,0.5289272795698879,-0.12061924853817128,-0.055512395617845614
4076,0.058367761121835685,0.18433340291744227,0.6382765925370533,-0.05624903942265862,-0.12560829987207942,-0.0891098218683784,-0.00630863614229498,-0.025015116856015075,-0.17981629771121438,-0.0031995943379326728,0.04834453531017178
4077,-0.1542418408139409,0.015985102088565958,0.05678002586001717,-0.01873064889139961,-0.014126954988378777,-0.6830249576765112,-0.0231565493734359,0.07431274694452909,0.032440231288068305,0.09452062699054674,0.0263808726604801
4078,0.0589019530325364,-0.16810558836719333,0.4121284154076831,0.08378399750936856,-0.07587799291152084,0.08232460244261644,-0.34598045281295525,-0.019787371724720074,-0.03830084295894547,-0.05357417092626476,-0.08309392071731268
4079,-0.18808019811095522,0.6607570765145914,-0.020620679239157703,-0.02544225652171234,-0.015096541841196878,0.13107401438971938,-0.08706262961051886,-0.013037617330682955,0.01471745019450329,-0.0009423152533152117,0.02772961756929959
4080,-1.8278680478941778,0.0747206619267824,0.03435925192927629,0.0182662415883746,0.06302496477489293,1.8241606855635897,-0.07602499044307735,0.15718765629930284,-0.09584070513400053,-0.06640501530046733,0.002059402972582428
4081,1.3499897996755488,0.001377561191323704,0.058136272843025937,-0.04162181837918023,0.007947118874883325,-0.04682821736139045,-0.9266293057662707,0.08112410473032552,-0.07992071375452911,0.0035302868934851336,-0.017014440335163666
4082,0.7298223651600482,-0.043926517163137745,0.07838638415902388,0.059721020733994046,0.033482980331901,0.11545249354590789,0.06154432267564755,-0.08728234598159998,-0.07272821845876622,0.03442674395525026,-0.12121633006389614
4083,0.5846505598661649,-0.015311728695240764,-0.020508684974737585,-0.014485980967836952,-0.03696827648910198,-0.04929698776880985,-0.006153711875046926,-0.0335169203456803,-0.027196319031404795,-0.012465597768361557,-0.055358521871469724
4084,-0.09637339943220444,0.1029112966928558,0.009414913386678528,-0.01890341752515411,0.04744981615987362,-0.09845516048512842,1.2114381783084385,0.007796462395633931,0.1735480870636013,-1.0559776725018732,0.024082327062015605
4085,0.11743086434376028,-0.6373992251311994,-0.1368808804907828,0.008027322005992396,0.06051980305541595,0.13221394657245775,-0.01832381538719874,0.07650789466930852,-0.17805295988483527,0.9366794808588559,-0.1066307841230879
4086,-0.14052239541407244,0.8965120556679589,-0.05641820728728729,0.0037946185037144075,0.005893266089214726,-0.008831254395009458,-0.1323502549265375,-0.6368844109615162,-0.02883364311803299,-0.0449943962379896,0.005324787445400534
4087,0.02860722082254905,-0.03304418418875662,0.0512029857363608,-0.5755967691705068,0.06321890186472878,-0.09119613769917562,-0.14775028163420956,0.7747012175699357,-0.0010610098933889357,0.09960040520044122,0.09160819188044053
4088,-0.0525983472361229,0.08174168368691352,-0.08737334476076465,0.6957567558324879,0.02891309419899164,-0.1271880217915974,0.012057642926818787,-0.003523918228232999,0.012146902150460989,-0.0787397492669955,-0.49863498211037777
4089,-0.018431552968929905,-0.02204434402293061,0.11331107018313272,0.025451509096636394,-0.5172652629191591,-0.0590111826633945,0.004575996119994234,0.05130243781002481,-0.10470875025195467,-0.0535064833860988,0.8496712876736243
4090,-0.17607234500045862,0.03532810834765647,0.05028310951755148,0.0037239026185407753,0.6377332615493975,0.017578193789745657,0.01391052352634211,0.0789349104155595,-0.2251329336647246,-0.13069750695395746,-0.019194449943477354
4091,-0.23639526220996449,0.05901990700335367,-0.1727068688389276,0.06342580484277488,0.017084391304406893,-0.18918753169494526,-0.0364366342305498,0.07767387345790344,0.4774299263843558,-0.044362328597512414,-0.08846419934915685
4092,-0.038824190897499423,-0.010544258524353518,0.5799629161949185,-0.006356316399493446,-0.0327766508149462,0.17310963772567928,0.12501906079547054,0.0740163071844203,0.038943084229782904,-0.1858100447367446,0.025206716130048358
4093,-0.0028779189999932836,0.03206607662878362,0.10288536837247056,-0.10803613944195009,0.011546706338964647,-0.7084439725622909,0.005324777594241671,0.031205073946677053,0.032316437885816625,-0.03442955684575487,-0.04710478449905964
4094,-0.020155684127533834,0.15054710934809476,0.4349714488555099,0.005512637646845913,-0.011483475635444634,-0.16279034392527683,0.0141789184744942,-0.02096792100245714,0.035815968230843855,0.01363300476553005,-0.12314303770603378
4095,0.008721635260013166,0.6992120533111857,-0.09705197160440722,0.02236674461758189,0.024574319719695998,0.08729093856126453,-0.12494123537286038,-0.005371411611992042,0.0788415266981223,0.0299446149491749,-0.03561346688185907
4096,-1.6540491450341719,0.005818345306138562,0.08050236377253686,-0.09469758662500402,-0.14469461039768547,1.8649377256318451,-0.08521387857737572,-0.05798402362191984,-0.055856329283319975,-0.12438895394150029,0.1428947003996673
4097,1.3508111750677456,0.011155349611654257,-0.05190667290901775,0.06540248516064318,-0.0025462376880312746,-0.06539744190356261,-0.9962086117565441,0.0229101535299604,-0.08716713708109446,-0.03857725989425506,-0.06333551159880678
4098,1.0595063191593908,-0.09454765064017435,-0.04350309643293146,-0.027624204869847797,0.012291942587243367,-0.014452586355724058,-0.1194217794548952,-0.06793475289569968,-0.0015359341064126305,-0.08518824536656668,0.014806692632859166
4099,0.6125504978348166,0.02224904302551895,0.0216477128410849,-0.02038723367928707,0.0030152904847289335,0.028666336752041048,0.0021270254811357045,-0.007149864752666704,-0.06598233590641808,-0.01800859887882817,-0.03158740182738831
4100,-0.08841263122129514,0.03771006630072688,0.1072606159384401,-0.0041350760597299195,-0.08109843144263884,0.05936232499736944,1.273278352708151,-0.005341902517310976,-0.06654566961010527,-0.9152030249087669,-0.030918467843390616
4101,0.19452319931256956,-0.6619696341503453,0.013884026982014061,0.01167077221547344,-0.15040744217749152,0.07516559742470243,-0.1063256675674885,0.006313804381234829,0.0886558303339334,1.0555432271434084,-0.011432071708213493
4102,-0.11896154798194214,0.8395515329354298,-0.048219474886563946,-0.08654022882910824,-0.03161517692195533,-0.026297713229365346,-0.11264899302802177,-0.7011581133674465,-0.07875936533541089,0.07303746976734049,0.006535411092420849
4103,0.22575975802755108,0.02891831979717028,-0.050648977374000745,-0.3704562468810707,0.04109942326446294,0.13261029398733673,0.05446789774230126,0.7755530615297006,0.10306733954966975,-0.044922425210454184,0.027058605372842506
4104,0.018511293977249973,0.14750655488999884,0.12949852986411686,0.764339918420224,-0.08186109984125027,0.050301041954782647,-0.07130755948512701,0.07973087553324795,-0.12334066085489845,0.015051081831984992,-0.5054245975066648
4105,0.09535363101320739,0.027334547592117554,-0.2991682270461815,0.04426543226195045,-0.4498565053277483,-0.14457187433621524,-0.04616299214384875,-0.09815758020110862,0.03551146243187953,0.14515835686195908,0.8592971990090843
4106,0.013884307141647767,0.023605661215287378,0.15930101638354233,-0.03131498052010296,0.6533262132638603,0.06062354650424767,-0.02682980509802394,0.014205635803028157,-0.1697298753767605,0.03339640035274193,0.012923633538857476
4107,0.004875256225254154,0.08363709098832317,-0.09900085380255767,-0.0023387715167768313,0.05593323479330487,0.06823470147333158,0.047154963594781815,-0.10435482126296054,0.44922132141368326,-0.07708331281817775,-0.005870154949287387
4108,-0.06526776930871139,0.2315790961960103,0.6359488850797642,-0.09543878490764403,-0.12395427192434559,0.10205059320797912,0.08532884236179597,-0.054611602468899414,-0.018639918468775968,0.07454851383801522,-0.055364263975886265
4109,0.02027489945527485,-0.07648915232057944,0.007678270647218495,-0.040012040373123337,-0.01279569798275465,-0.6778217417728063,0.06905416634084667,0.010769137555580932,-0.026277158528783987,-0.004670546225446706,0.04078149700087149
4110,0.2095863522246719,-0.0432536007798565,0.4004552687027962,-0.043995179892818294,0.03281491587167284,-0.16313733400433303,0.022077578639018214,-0.059504427640530815,0.022377740614773673,0.0861550940085149,0.08819554909589082
4111,-0.0004563579621851971,0.6098180367668592,0.038730787364668263,-0.005190362157465562,0.03596561292569603,0.18271932404255165,0.2523649935356465,0.004891642432973466,-0.07850921552868592,-0.058173190432046065,-0.015419013555564905
4112,-1.9306478762722037,-0.1447264968389637,-0.082851248021959,0.040014133393342984,0.06876887502495325,1.7171326790379138,-0.008504037103073545,-0.023343281666826685,-0.10578306307359286,-0.00800127093935402,0.07424916559702557
4113,1.4117464488739087,0.09637310332860813,0.09369752116670768,-0.004225192132891469,0.14454762448284617,-0.0640258762066855,-1.0162117234255525,-0.02274377917009738,-0.03987934962485698,0.06394234659836111,-0.009544081309702433
4114,1.1002462293781916,-0.08684672921616383,0.17871783282321688,-0.06953860448026203,-0.1222310317354765,-0.052691131096573474,0.011361674825971778,0.11413738929413518,0.014408600965421927,-0.07100191289137053,-0.006924554745379337
4115,0.5579134062342702,0.023261508446362072,-0.03642142090906868,0.008044759826293945,-0.04074330901416019,0.044684672786006796,0.040660974548555856,0.022833144119329442,-0.00623000046113348,-0.016626093053824606,0.040490881658451376
4116,0.04034843629396832,0.1571605698131533,-0.0361761917109997,0.01630606588863368,-0.06290573836089322,-0.0717131433814285,1.1724667255483898,0.029751416370969626,-0.023454869186820528,-0.9210477480491416,-0.08781435968714124
4117,0.01608263955140549,-0.7583532883063245,-0.033986628437212965,-0.021630360781366015,-0.02025265861951048,0.015253626150674594,-0.07805372263262278,0.019062907671612398,-0.07234661887459555,0.9788586556675137,0.03353282589779397
4118,-0.10619462282946109,0.838351723753405,-0.003624066209161104,-0.033077978564591035,0.0638290756545847,0.047387884342060704,-0.04428543689636168,-0.655500672970914,-0.011980999340294956,0.1528117574502143,-0.07416460274355241
4119,-0.20170558792914808,0.07685764532449242,-0.02138962792191542,-0.4472288648786276,-0.07593499517202554,0.05313107376361199,0.11863335972040184,0.7832261709206835,-0.12270989493134339,0.048101572937094064,-0.02231471535740958
4120,-0.15321250729384708,0.16264357675580363,-0.1404638798028735,0.7752191157727731,-0.016564813594532386,0.0593057087744571,-0.10902066672353569,0.06922196170428169,0.10631736809260758,-0.056102839464996286,-0.5029208006885196
4121,0.13835575569896028,-0.012180091396823588,0.08848217562336883,-0.03977821791545451,-0.6959110031908516,-0.0003870768119165315,0.009108425524828585,0.008688498628956036,-0.0449955183348145,-0.022408039968877365,0.9195589476021799
4122,0.08605802975204939,0.09809321760709815,0.04519301368184786,0.02647656371378364,0.5836411573012059,-0.24114724408703017,0.05725677117827493,-0.023244417489019883,0.08140730211287436,-0.03098020336388219,0.045052833920907684
4123,0.08780947818656389,0.13823163278295816,-0.07487487827041041,-0.044540080947807495,0.0351988183647892,-0.024618738090965462,0.11615889617834471,0.09408117471975236,0.49849168650694325,0.029165603641430355,-0.01620504272171982
4124,-0.18342812429862415,-0.04518717083577933,0.6111314068220678,0.20643806782599627,0.043193806001045026,0.010724824509778063,0.1265325928385104,0.04056187972230227,0.03315582941221161,-0.12092345087460493,-0.14355711377347516
4125,-0.0403748471148381,-0.045799771598018485,-0.030447676327059227,0.07162122795312567,-0.031775893653533616,-0.7107464955533369,-0.05936490623053101,-0.06067269878646239,-0.014753619960085132,0.05904638619711227,0.06349734289732122
4126,0.1167646762034098,-0.1620926170052063,0.4706518613183404,0.06317437259456422,0.09128295112948225,-0.0905854427674868,-0.1595513848517425,-0.04972299838994924,0.04453638579838003,0.08601496746432363,-0.045533865356678443
4127,-0.04153401110808117,0.7091083059919753,-0.006616781609351839,-0.04668735757717935,-0.054852289857667935,-0.12868118175160814,0.0760988368899209,-0.053513818539376465,0.06304642698890087,0.09790418202641327,0.013786533967771115
4128,-1.9614205446919415,0.10746239989548899,-0.055782332155146455,0.05317911904872093,0.17641090727874784,1.7671595633551984,-0.024054977284914358,0.050472159739454125,0.06710586161136703,0.05038694125214446,-0.06087185750207657
4129,1.205030437957467,0.06828000444183689,-0.05221686558006407,-0.024616940872642344,-0.035647958390722156,0.06834516874036708,-0.9160911332820743,0.05176947611534143,-0.09297900156466296,-0.054837651142102754,0.10022589986178974
4130,0.8600820156042707,-0.07496084043884288,0.032650893721312,0.0744827343942492,0.035313596682006974,0.009592325342907958,-0.011595121800848873,-0.023279873479307368,0.016976923625982278,-0.06296366490240235,0.013798193998216201
4131,0.6215516290668789,-0.036972985949707916,-0.011617309140212995,-0.009437504662770579,-0.013835073587398675,0.09943867873818212,-0.012284995564741677,0.014012682838536737,-0.060734806440518735,0.06412365862784272,0.01715127435214843
4132,-0.14032051268642443,-0.052844793607508524,-0.012535940732689198,-0.08813303782260537,0.04245398823295023,0.020438992960526644,1.1782788962439898,-0.08182822880560185,-0.035039735422473114,-0.940046427715324,0.11158897445984535
4133,-0.0007623904979226567,-0.6751268502295771,0.04659937191649536,-0.024869579975813773,-0.04966386837639638,0.03088724482006205,-0.06734004951108395,-0.05874936275329168,-0.06666866003559786,1.033444417457273,-0.0379278999317913
4134,0.2523103891214052,0.9780410820476363,-0.1244741755478331,0.05333374126865113,0.1517935177683263,-0.024727506528770808,-0.009993085414767408,-0.5811234102758888,0.09184767922088985,0.125285123755063,0.06493119194373667
4135,0.10401867965469432,0.019904849607513604,0.009477400824001609,-0.570732754607063,0.01865265433538689,-0.053222340352946484,0.06649036189651288,0.8135080642089502,-0.023066633242305474,0.1732049609448207,-0.025638056847871515
4136,-0.044778308187508574,0.13960000822265797,-0.016376322143695398,0.7590136514971414,-0.023585470439525257,0.0639572522391407,0.03666300044412352,-0.07306879599907475,-0.06890221494539346,-0.02336957963997738,-0.5226165318764722
4137,0.09300823041918811,0.20350466008965223,-0.022530536503813196,0.02154309168878866,-0.5744411138183955,-0.03723445683854811,-0.14761131062614913,-0.038583245639953266,-0.06791131629464614,-0.04716853512319869,0.8944689707556721
4138,0.007114287325072365,-0.19442184113111585,0.10979667971478091,-0.015385643995045637,0.5719709809320188,0.12111735696841537,0.021990228244266028,-0.021364938016232442,-0.33694096397056805,0.13874783532384535,0.02637479619119386
4139,-0.09198867874713969,-0.11829025825103556,-0.05778835076249285,-0.006525083428342645,-0.005825054318796235,-0.09710308427464992,0.07340326471266378,-0.12045785681711868,0.48730906892329623,0.09821011174121373,-0.022083135964519544
4140,-0.015311303116983177,-0.011906380182758863,0.5803666968010249,-0.030880208272728426,0.015688103029836073,0.07639254014952947,0.045075131286670705,0.15333141739917497,0.09347555817058553,-0.1097379809065488,-0.016174638443798205
4141,0.012907451619300913,-0.0015998970615547377,0.022139458117424227,0.019785250318919836,-0.02491233121730467,-0.6712946353245554,-0.00047007390764610053,0.06563521937055783,-0.18296303958972898,-0.032003528895577456,-0.030224712869786785
4142,0.13123859952054173,0.024720224159598778,0.42665766159787755,-0.015015975866093064,-0.08445908015191747,-0.0019663883263965933,-0.18705197143739727,0.026147034049467846,0.031034426608059256,0.05724296457688466,0.10543467335336529
4143,0.1829448400663805,0.6423551345615433,-0.05204997852591797,-0.0017712754627839146,0.015346872497471601,0.1380834414315958,0.06770349516651916,0.016648948095278324,-0.02709155536101755,-0.0015730928422056367,-0.030060941160023356
4144,-2.0619669519200743,-0.0284200803992328,0.027633326177386418,0.08443823271899469,0.11747966516285469,1.9579139790824023,-0.1441093417482918,-0.05350336845969077,0.031232244215236796,-0.003801722806693026,0.12622095655221255
4145,1.433419617303618,-0.023482150127778375,-0.04077193145933278,0.019448851388430298,-0.1731369776150393,0.1134351563571678,-0.9404681084281734,-0.027025104816518944,-0.03952916826993917,-0.0448974389099865,0.024037311231055368
4146,0.8829029133175701,-0.12630813299439536,-0.16192126698478462,0.0996233917888283,-0.044913923427276625,-0.052350057690947985,-0.09725913546373977,-0.000678547010937803,0.1659313620271013,-0.07531951909607953,0.06328060940568818
4147,0.5658767223492805,0.00855009513017675,-0.01992899879954741,-0.001212092820464532,-0.08586297578208786,0.050486200775792696,-0.036703863244848506,0.0009755307663153875,-0.02026059720276259,-0.04964845469248384,-0.009514397389983609
4148,-0.0717216959559126,-0.015054287364824342,-0.07591814762251281,0.10762668670492177,0.012406146192442647,-0.0456526679636207,1.3880789714324382,-0.12215833574738601,-0.03841464340903606,-0.9683069450147591,0.026958898433254764
4149,-0.19381389069488697,-0.632482502548614,0.06857010429873424,-0.0129229927594767,0.06640307623564705,0.0023186638172698146,0.02753194112075579,-0.006218897797598346,0.1465250900495252,1.026570264471737,0.1268947980383203
4150,0.26335181770135946,0.9180874570979718,-0.025437988389206464,-0.10483585661209878,-0.09463383324825694,0.09272673913706249,-0.005067026823560783,-0.6199971010550465,0.0028434906397303743,-0.029057927720803477,0.06898801372619476
4151,-0.1613570839800269,-0.16389080080763624,0.05762720645797004,-0.47584647400574626,-0.09889353767804328,0.1959671881945978,-0.04515747926110965,0.8306810676545103,0.03592824877452662,0.009415662840290922,0.017024939765792863
4152,-0.14391006046128257,-0.059778096188553634,0.01393707752554611,0.7988937546269503,-0.012221327164368993,0.0911744761836207,0.14863454985449123,0.0014197715222171365,0.002761332694798564,-0.01933762617948968,-0.5607480075355847
4153,-0.29592163549746886,-0.03685258272690189,-0.04325226389974115,0.08784371967658026,-0.4790427832027171,-0.0043495880742499176,0.01951082548026442,-0.010118354920159903,-0.08890381657987931,-0.07072431451076963,0.925781386120935
4154,0.1660647718559641,-0.11663868733563132,-0.059333153712672684,-0.00535905124335281,0.6621991597012381,-0.010091108204993558,0.10681561592092635,0.0759798620380523,-0.12353921430801552,-0.23187337833212746,0.009663027533793077
4155,0.05164124301089614,-0.022064506306741973,-0.14592150192382936,0.03103562681530781,-0.006685055777749225,-0.11372743785625217,0.104392496018287,0.21515371926239749,0.4924376864139626,-0.019890965104898434,-0.021072437155327122
4156,-0.19827505029073417,-0.015321337538188118,0.5904706326272292,0.09654216444601448,-0.014517775336423098,-0.09375094411872094,0.103534857521649,0.016626524705223106,-0.16215167817725087,-0.08208960338397323,0.07084894115214238
4157,0.04799640727424485,-0.06441780042283048,0.013703400859043596,-0.07285145531443672,-0.07415995384090829,-0.6821525882735382,0.10957318462164842,-0.07162308640290697,0.0892716111331107,0.015427605740280483,0.13979703329735538
4158,-0.05912658767070306,-0.20554232615904314,0.4103224547218593,0.11431027503195917,-0.025713996815922378,0.040564853548970416,0.028351955364944746,0.008760099637454753,-0.044709573248683805,0.029311451732398956,0.03661591779634198
4159,0.007632046053186012,0.7388905044590043,-0.052990773912072756,0.0531428465060973,-0.011204151097562594,0.24311709123628295,0.056751101613332015,0.007627993588827181,-0.03531433968311205,-0.005246635561933633,0.07159088137694958
4160,-1.8711629626164161,0.026177574891131955,0.0345418361788144,0.026784098699668617,0.060059699900111674,1.7561940472962057,-0.13593896734283323,0.18151034373608552,0.07322220864172403,-0.1044492201570105,0.060642274000390524
4161,1.340296534907569,0.012554818667236619,-0.0935803207594314,0.03302885667718438,0.06662164469384971,0.11816372444246417,-1.0623313797663716,0.00900225218762042,-0.025259944197995755,0.035242057078437826,0.1655110081265935
4162,0.9903243825084317,-0.04909922365979762,-0.05376993352192462,-0.09971018363697456,-0.05551306180991723,-0.04320340760025536,0.1538809184043653,-0.009893584243528899,0.09258919496975668,-0.04221312125011778,-0.0522186996189707
4163,0.6020932683069042,0.01652362716143948,0.08587911989054865,-0.02561614447941877,-0.01198229428233143,0.04637729539908474,0.012666288573399197,0.014989046370728511,0.00718033209328655,0.0005736254118391708,0.022292792034240495
4164,-0.13850619944369003,0.007651314038267862,-0.20641663066546845,-0.0049860239468394974,-0.07340274278041815,-0.1555572082574776,1.2831629103924052,-0.056056158331948464,-0.06344195864189923,-0.9801396961853934,-0.06896778852892572
4165,0.01015060298201814,-0.8474939753723856,0.03262723062295243,0.02703620278373793,-0.13363648276358853,0.20334412546314856,-0.11694987962572524,0.03209109962342782,0.0369793732257101,1.006090918797303,0.05611429882624036
4166,0.14876481699702543,0.9658119814031992,-0.07331488164493373,-0.01885966225993034,0.03533418233063345,-0.03501097753685326,-0.05725957391910114,-0.639583630700912,-0.0019529956811137473,0.012753394021309223,0.01375783798351217
4167,0.1075676959127152,-0.00952390271200507,-0.041880830687927875,-0.5664770796717069,0.16590345411985824,0.006722079056052976,-0.1608730116868198,0.8746415642810905,-0.0262914067942601,0.1931956719070948,-0.006862639614669254
4168,-0.03160106620202007,-0.01935790989220531,-0.062340331722272935,0.7625398203931268,0.03407391899347412,0.09166769557488429,0.11775339867932216,-0.006963592811177735,-0.1542477763709272,-0.05725657793517479,-0.6204619966141038
4169,-0.07988609175585472,-0.027961308718915008,-0.0008918948902943275,0.03825795245553069,-0.3712150140058801,0.09890443646086586,0.01755194641675981,-0.050061057876740096,0.08646834401312439,-0.1306379972237728,0.9005945437309001
4170,-0.22674184434437386,0.04403387279757257,0.04905515413900734,-0.00997383948871531,0.5924891243645815,0.03091578466232073,0.027847551909782383,-0.04246243468333338,-0.27533206598239796,-0.051205558363698556,0.003815071991573748
4171,0.07684964504183224,-0.11884450995487555,-0.11583451553420504,0.12314816629744628,-0.03342694198731048,0.0775814354001175,-0.0821725732103165,0.11866384745811728,0.4951150631974305,-0.11197708167847076,0.06891319281249
4172,0.02553953144421741,0.14205759919726232,0.6003456993741462,-0.14363408801178898,0.14985565864610306,0.028656745946824845,-0.010022337438205086,0.11050009217999288,0.08302981906838952,-0.016317699471143195,-0.04619883477976167
4173,0.03663568195699165,0.04767559876657031,-0.08222883891553928,-0.04959568417203891,-0.09504283533685526,-0.6827227552080087,0.04988122803607827,0.06385435830400986,0.05899242192930535,0.029968279062719993,0.052676691992796586
4174,0.04486240676278286,0.04770214247317382,0.4260071668152674,0.15143831163666582,0.13666933706633372,0.08422142769361725,-0.02725829911646344,0.11696342225581004,0.012596726096063953,0.11993736804757042,0.08988856405338908
4175,0.020388233372657286,0.761206025819771,-0.03789076573574587,0.01835961000212797,-0.016351594656277356,-0.06156748041025022,0.033667227404753274,-0.02295720703151462,-0.055184495306888535,-0.019095062504714842,-0.026433963803519263
4176,-1.8544719388725768,-0.1571942377822434,-0.14876456934841387,0.07947417863185756,-0.016783632424946463,2.1167714982420582,-0.09601314583662343,-0.056970819873051116,0.058314283065663636,-0.027193992272775393,0.009527977671253619
4177,1.4932924141981334,0.07783451204966735,-0.0646132772080469,-0.024170543373142415,0.05609662663938167,0.006637361658322295,-0.9435057116219798,0.04850141411134316,-0.038773800576073214,0.00024960520423422563,0.01356425749291645
4178,0.7823173030647943,-0.133789453831995,0.14719274630595627,-0.07690877449355388,0.05544481157864265,-0.04701548070574553,-0.025359419963324012,0.07340422077971441,0.071475258977326,0.048365194149124,0.015116519190021391
4179,0.6349035380356076,-0.012920169377898444,-0.08334292942265352,-0.016864489830432778,0.004709539760630213,0.07438613276223416,0.05013886725109201,-0.0028433553455908724,-0.08625977300745659,0.009101710268107592,-0.01859495440770053
4180,-0.18797633032257957,-0.0806111464956163,-0.07268645073451219,0.06727107663770805,-0.10161111178991601,0.03877362259256916,1.3074012513020385,-0.06523813900743501,0.05507424963398788,-0.9395721510719408,-0.0508888868817316
4181,-0.06232522194841305,-0.7306860443681567,0.11260861081226477,0.12846822778671374,-0.09285139130159273,0.029542913864404923,-0.006900109152959973,0.004924654654779371,-0.11166772387575385,0.9676169414514822,0.007174207979420344
4182,-0.20164775996830203,0.9688375697508367,-0.042297662183948675,-0.04275353527559017,-0.10453560264090025,0.16416762542795982,-0.0655971395572469,-0.6918202844923571,0.08990765123948116,0.08462232104565953,-0.10384893420931937
4183,-0.16454534258148973,0.09794615092735193,0.03353967821054885,-0.6196761412088274,-0.0952719158812773,-0.14466995113718678,-0.028467069929296956,0.816183275046527,0.05612533386558766,0.16657971243640238,-0.008405785155757035
4184,-0.15802813924439998,0.015048949244126149,-0.18819327937903144,0.7995211739898206,-0.03228564947174019,0.045670949300123644,-0.13154621065281666,-0.003880407540216251,0.07432978830566071,-0.04047198453940161,-0.5401735776542173
4185,-0.0238116790270462,-0.21497326617318563,0.05609399102476381,-0.05093269184648451,-0.5353581811687468,0.08227426169393394,0.16338488917482688,0.01047558096650221,0.03392555253880704,-0.005048677726453655,0.8258361314314168
4186,0.07760076120840721,-0.10810400989457003,0.0807097394623423,0.04233324827812408,0.5666881912533246,-0.020451086827025504,0.006882787159711115,0.08935932398351934,-0.2523953358767319,-0.05048467746027199,0.015885988230918156
4187,-0.022464219061844027,-0.05570408831243285,0.1526953542447066,-0.08135839265734002,-0.1250520957577387,-0.10148493321790604,-0.02635643679077334,-0.06375130436526344,0.47747314131123625,-0.27764909996682857,0.03220343664323455
4188,0.26081289385214884,0.06288998130848897,0.6147635752215747,-0.0036856794113646514,-0.1093028546945989,-0.04179419250866737,-0.08567637479222162,-0.06086149800137042,0.041533528463357616,0.10020015489918482,0.06648996745927688
4189,0.0630830425961547,-0.04798584815414599,0.07939049046911414,-0.08765413421855002,-0.09240396868034494,-0.6074778880190355,-0.11848261416923503,0.10030445376376314,-0.08486822503865332,0.019721917607651834,-0.037536936899663934
4190,0.04190156192643388,0.06118898321011844,0.4380440752991372,-0.18097265219017847,-0.0933120750442385,-0.17309879827214997,0.11090352080224161,-0.11220665326127555,0.08183782722183865,-0.22032333734536455,-0.15903980331603487
4191,0.22267264968796502,0.7269188005847235,-0.0875260560365602,0.07219136158942806,-0.01251850688356921,0.04265068675695269,-0.023513816609476303,0.0035853431654626613,0.050230226442129766,0.0047451407771924815,-0.04677903678770662
4192,-1.8093581972233714,-0.036012167273940854,0.13309876472805698,0.05658367615950106,0.03961530867038066,1.6591297550808923,0.06822042162986852,0.07673320754459534,0.028354094575257886,-0.00816707235060983,0.038364438330174146
4193,1.3275308397041183,0.07323462432336415,-0.04355054709017997,0.050561381937401846,-0.02898719548960288,0.0005264398040203103,-0.9417182246500349,-0.06591802831871722,-0.053725713361461494,-0.05941002587567184,-0.06852250558073784
4194,1.0357195082467285,0.14265611446192988,0.1424134425993941,-0.008406386028135603,-0.09372066616274681,0.1640167528020296,0.07044871350966664,-0.22510065732493928,-0.1024205194833599,-0.04169981795095854,0.1036914176969485
4195,0.6917370984896032,-0.05677232904715904,-0.0905775145371704,0.011679206005457195,0.020297902074775342,0.05618409730822098,-0.0002047082158753418,-0.05339168062388883,-0.08669530649369488,0.007111545850820598,0.009262885771043259
4196,0.04749949696415049,-0.06981452932440425,0.03230414831525611,-0.05381778728515713,0.07083171081903883,-0.08137714274845015,1.2216752234260682,-0.11449858194764999,-0.10669505336243264,-1.058492742489194,-0.04779179393828524
4197,0.2603284278070832,-0.7678218905407452,-0.13804727506414402,0.10196698954948995,-0.04363106239875582,-0.026084971424893542,0.040972615933387864,0.09662055845146506,-0.12924710520775304,1.04564173227024,0.060493946586586064
4198,0.02646592006132332,0.8752824999799416,-0.0597696781285329,-0.0429757336317453,0.05083692236912628,0.048511263609741166,-0.025572440079540695,-0.5351998540568851,-0.011405360005810342,-0.027379090067217136,0.043249391033292034
4199,0.035678500834448776,0.04275910588797048,0.05451311621108025,-0.6737888926016076,0.0559552046299174,-0.09606725682812606,-0.011685356190450564,0.7856927169980401,0.0007002085675135127,0.031938573560165495,-0.08835169151340685
4200,0.21547658211224532,-0.07127806174834135,0.028530036162380704,0.8390268866927847,0.07588864483355486,0.12066864298029813,0.03506004991337141,0.02668369437234849,0.15266271010028648,0.002470362047985404,-0.4625760170614761
4201,-0.06402657294667552,-0.15306160902553043,0.01273363299302189,0.033304296597342124,-0.8630312162016351,0.1532872273580613,-0.0937449416758132,-0.00755505818786652,-0.02845714816281746,0.08739473747856613,0.947280968897782
4202,0.009213601530233947,-0.1430969469438047,0.0039797832430913775,-0.11858427203376339,0.6233218516938526,0.05423847723788132,-0.0026386693142165067,-0.05580578028944378,-0.1359030103114965,-0.1407513555011642,0.04293531879841133
4203,0.040661973068957,0.020006095511971998,0.04776576858096253,-0.11086537920569392,0.03775040862528738,0.04874304888245389,0.06926487755251783,-0.00882024921023176,0.48501862551360003,0.05289860865357587,0.1587971837520195
4204,0.07103008718744125,0.07272600790251868,0.6096059131514794,0.0345668552847917,-0.05078231113445568,-0.05713192684736756,0.10665515392138962,-0.04210404832328253,-0.0404959068485846,-0.08219595561629532,0.1448429503656007
4205,0.005888018414529843,0.0007615902573671505,0.009561349230473293,0.014613450521440152,0.045285177270592974,-0.6934819341577576,-0.034707479392760726,0.019521804677165196,0.09878455973448039,0.009634114644610583,0.00834124096579537
4206,-0.13613117844801692,-0.10935180965685318,0.4287809331860645,0.022000308544030584,-0.08251135936101939,-0.00013202671514305452,-0.15736137971468803,0.01987594856940202,-0.06650622456161681,0.11535577028101739,-0.06688343909140086
4207,-0.019423735985672243,0.6136085679317372,0.2121540889549245,-0.07752213529348938,0.06839551510611716,0.10077923629567785,-0.13126836846052342,0.018171113193326253,0.005378017378573648,-0.021498966737491618,-0.01526133783507879
4208,-1.855940217108698,-0.029214332583962846,-0.1452406771967575,-0.05706668310162415,-0.04335281091749093,1.7827031043659733,0.036128294438475844,0.07988866989511544,0.022873212672840267,0.02417850067047999,-0.09519087468131338
4209,1.2319251182937467,-0.017682089163963608,0.08422054776948187,0.015265995032592568,-0.03677501523463222,0.15507913410123814,-0.8823413427912543,0.024251398703786915,0.12273848485515898,-0.04596880464190907,0.012734037766630749
4210,0.7821892213089299,-0.007316551353395973,0.03620633510225415,-0.0776622366715412,-0.03127178155258231,-0.1826549678987261,0.05516620274744951,0.017974955117540943,0.05646151149614083,-0.15476972368431693,-0.14403068478715525
4211,0.6477049391939319,0.03404721134408424,-0.03475891035176918,0.01965949532998509,0.0006828728872180804,-0.07567499330837642,-0.005308699886595931,-0.02998375306003448,-0.05730279218980987,-0.03765056238324154,0.04339197364865929
4212,-0.1304025311986278,0.04310876383115843,-0.10715370092056065,-0.05358423444668415,-0.10417039851293713,-0.0661709602362689,1.3031554558412664,-0.08595760779377759,0.13922390847371743,-0.9537980538853205,9.742443076087926e-05
4213,-0.014859019306698506,-0.6406641140069093,-0.08066928128642119,0.0970305683098283,-0.04998266908434282,-0.11970660876149801,0.15373036301921197,0.09983393019138041,-0.021248274891975928,1.0117365478728464,-0.08622151409378494
4214,0.16382197230976034,0.8898922101467336,0.08039801417598953,-0.007205088505745523,0.06748495432848643,0.11908370839106576,-0.1051589026967825,-0.7612112312230006,-0.0030743250182298392,-0.0920606587772685,0.07041795350166502
4215,0.11748123044337092,0.009492017250074404,-0.021154850925965703,-0.6819374338399353,0.0355252661511161,0.08068954382554697,0.15741232817761125,0.8321121141271517,-0.054017305460856896,-0.054892825052874954,-0.008710434926684591
4216,0.01197102825327434,-0.0011962501309169457,0.08308556796848436,0.8047283997720427,-0.11672506532018932,-0.12453930706176694,0.014641720067885368,0.07053230395698232,0.018513928557968764,-0.08416752077315513,-0.5050132773479544
4217,0.1330300620020365,-0.07023426803637645,-0.09164950108160541,0.047503569579645084,-0.34323144229420127,-0.06571881442144374,-0.0816708311509402,-0.04172183234686121,-0.06885608058892617,0.11726573425325039,0.8177576012406715
4218,0.2257731088496664,-0.0024889365377585987,-0.1785991831804661,0.03844230596480221,0.6204712789097848,0.012192554604902983,0.19144419832725,-0.05281198124355206,-0.2172872837339148,-0.07151394651639696,-0.010791365314797541
4219,-0.046183240138589474,0.10799971021182644,0.029379570033848765,-0.010178623728412932,-0.09827061950491817,0.023275371186086323,0.09597453126226287,-0.033869792939718146,0.5091109956627563,0.014865462620335137,0.0019044221309330446
4220,-0.28631352245991715,0.046607491005427715,0.6218099198113708,0.02475879466311306,0.02527823214455342,-0.03120980772514978,-0.07663167220340253,0.01371449843077206,-0.10273820554320914,-0.0011604695475312989,-0.18885784446763004
4221,0.021353437846961622,0.018681361776045666,0.0211464064298561,-0.09049937591732578,-0.029817060891888215,-0.6567225126498913,0.13483617233393944,0.020324040293153454,0.06527608297031884,0.008528346317436927,0.10122262443951942
4222,-0.25655055699378876,0.014269605240014197,0.4333101237585768,0.07173732773818513,0.010233318506613596,0.10193091859830487,-0.04182188059344932,-0.09541514968634654,-0.014463168419509802,-0.007238117182098687,0.07325166675061812
4223,0.1699224402941755,0.6616998542945447,-0.14060820834730897,0.029271919983982087,0.030773222390691794,-0.08129281726575506,-0.03774112701962416,0.0730160959324293,-0.043224389992589526,0.09400831114986817,0.007604127468677108
4224,-2.0227082590100123,0.15296437356809,-0.026041123805683065,-0.21252966158151723,0.028414220519131495,1.7871178374545846,-0.01858971364708312,-0.04365887831959019,-0.0462538270454438,-0.06358621601748411,-0.05045822596562595
4225,1.212165622357347,0.02466043270046435,0.12007641045680251,-0.017480253384770918,0.07853608483432142,0.23908410445553005,-1.083000986802379,-0.0019015410274689443,0.11352296707629017,0.027478321581584073,-0.053525249501823816
4226,0.7809675946724065,-0.02190448244338282,0.0312638146387047,-0.09078192941626627,0.048344907145716605,-0.0255584413335981,0.045477754118325386,-0.19041836013709076,0.025744096930091654,0.039693266608566986,0.0032754924376103365
4227,0.6311666625793743,-0.07847064271478373,0.021294971457067373,0.027687620609293494,0.001975211267429754,-0.025396712865675297,-0.018773566653598372,-0.05871475968474479,0.03494369600157909,-0.02720404867809236,0.027268626568253327
4228,-0.11557784012393978,0.046486565053276904,0.1394479587058079,0.06359687541693872,0.09488087037674836,-0.22624731616002042,1.3380356437526204,0.05695436058738932,0.013456067607437753,-0.9119716847634886,-0.06822613906858874
4229,0.04821726743596599,-0.6123863658977495,0.03221574479957115,-0.06062500855019175,0.09734443576992098,0.08505554511240028,-0.15531877220112636,0.012810859702415496,-0.009308835621455553,1.0608956599054957,-0.0485462996903874
4230,-0.09941717967670907,0.9976465153448191,-0.12603986974278167,0.0646932311882528,-0.06742785691727382,0.02369500617565267,-0.018767574186327025,-0.5618557983158907,-0.061843314525495574,0.1699591462536988,0.03232453230826719
4231,-0.039819058797163416,-0.027644209809882418,-0.04265922331453134,-0.48622835930583336,0.030931900640226592,-0.17024045681364208,-0.048909550063001385,0.7858162381005638,-0.12307288471529342,-0.09455603106169366,-0.06152434306009174
4232,0.027349820177899963,-0.0014613004831232966,-0.08079021570147178,0.8628210966734979,-0.018110956954737977,0.2426070274583582,-0.18059852285258596,0.011231986685390645,-0.09061263436947271,0.21935543348940367,-0.6137791005268958
4233,0.11324708896008218,0.00725184419921596,0.005119735192155387,0.03325436405121353,-0.39524213720238127,-0.16406593872541136,-0.004662443707784779,-0.0281010051425372,-0.17686690215367976,0.13456210918280162,0.9567454344025009
4234,0.09697627664002023,-0.006575289287176617,0.08762377280248672,-0.0891903896742059,0.6089141013293988,-0.15395899601692364,-0.19957773963756098,0.174544564388865,-0.13710344808676034,0.06589514751257074,0.01395651211816026
4235,0.06522241292289042,-0.010009092783891813,-0.22271766607531474,-0.03200626509976033,0.012312396719345331,-0.06345957861167915,-0.0009437568203060475,0.03586323596332106,0.5054144875783635,0.04608355493190815,-0.003402042106702896
4236,0.09157820413714585,-0.16644458675733326,0.6188991380175384,-0.02128455433940871,-0.01587795084128092,0.03857317192924441,0.11477390738452298,0.015526182813114754,-0.07967458503563135,0.017129851111394482,0.06731615304651234
4237,0.036386777717106175,0.05822656750381284,0.19886546053134402,0.01707601096417594,0.07792935615302714,-0.7021962169769469,0.021096155719624674,-0.01287299642315969,-0.032782767787995236,-0.08120759040559157,0.07362073311750879
4238,-0.08043298824802608,-0.17545208528868672,0.4171876665666743,0.14021152842662332,0.0685482816846408,0.3091179011951549,-0.039320045360771695,0.18524017291435074,-0.11814446960625477,-0.02944051698621407,0.08851653952003499
4239,0.3148548337153941,0.709452943694084,-0.11454050258209976,-0.058569472442694864,-0.06834409883108747,0.03546513836624849,0.0008713780689627755,0.057608373511971206,0.0163089061093745,0.14897421774214692,0.05880319277547017
4240,-1.6065546094489496,-0.023528805442021454,0.11346159848366767,0.006348094947367058,0.12261106347926183,1.714169152531006,0.08224166441241841,0.12467051947668252,-0.01089290182248429,-0.1595254383716958,0.02191599356604021
4241,1.313744828602784,0.029651471294533882,-0.08026392043939003,0.10949548514721041,0.11040529125960095,-0.15242377055288714,-0.9853217498598936,0.04791181655790357,0.04001570883088507,-0.01412141577998149,-0.11761352221704818
4242,0.9865784755670248,-0.07376278826220461,-0.0925425633346216,0.043700935417171946,0.06819329540414891,0.12398456726816902,-0.01901861378694617,0.0026531965730826556,-0.052305816449372294,-0.02601389478998999,-0.09733882056736316
4243,0.6801943145927846,-0.0065514760973691645,0.0045184878936522,0.015724198955383645,-0.08713260460572053,0.1076317237207399,0.04670705652690519,-0.028140294876751827,-0.02135891061381647,-0.05419219629866585,-0.012688017180879224
4244,-0.002224940229214396,-0.054003672419349724,0.012442574488949011,-0.10074390933976546,-0.07241946588505085,0.031591219008436734,1.2970394635873554,-0.08727763232667564,-0.0014544591680422493,-0.859148844820082,0.11721941949493661
4245,-0.043939753706850194,-0.6215714105456294,-0.17282778835484897,0.11261538806961245,-0.050712091125177404,0.04627554880053225,-0.0163277265426289,-0.010631829310904112,0.00872134593937504,0.9791086246839295,-0.0032328371617583868
4246,-0.15340369364939674,1.0185282661058674,0.018201692465013,-0.06284808247835533,0.0004037491332356735,0.049142701413083946,0.028155795178111072,-0.6233396580397454,0.07059914979866141,-0.02676930992380095,0.04615008245654184
4247,0.09014056563932522,-0.004219512261988249,0.021727876296927497,-0.690685555133711,0.017189228722520142,-0.021447136224984877,0.05936555686385379,0.8300300853974889,-0.08363891898233819,0.09643763464213403,-0.1774617370427993
4248,0.22089344538579964,0.0419053039131799,0.004918440321168969,0.8056040051317519,0.12949510456623745,0.09865978345625227,0.17049931551827477,-0.03772202496726242,-0.07856099441132029,-0.047439041724679255,-0.45287589088307406
4249,0.047616119038686164,-0.061738140949758574,0.09149097378825488,0.02168043480865714,-0.4553598427809802,-0.06022906799428541,0.02924226527023969,0.027410984351889538,0.1364220929096134,0.06846398160094473,0.8174981802735001
4250,-0.09021767554401551,0.035427887574946346,-0.05347594872593228,0.06996953248196904,0.5922927185976208,0.16277840843666536,0.038502054787514325,0.07728360621723208,-0.36060635421263465,0.043669291455208675,-0.03643709526284509
4251,0.01944921505726319,-0.09958609886964037,-0.04178869404590764,0.011908256391657048,0.0027840521816203164,0.017171040511178896,0.002887031151677359,0.10516710602126123,0.516884222587012,-0.10230204624147565,-0.01816034156818796
4252,-0.0693298859605752,-0.05064016432503329,0.6216451731891842,-0.023219864956110326,0.03247520340457611,0.11130901498414504,0.08521584012008514,0.019829997290506583,-0.1127016636772685,-0.06305317908193882,-0.13801088068716014
4253,0.021389185503281796,0.07144107046020443,0.031329143007258045,0.010560156857780237,-0.048145616442940596,-0.6729686426139774,0.07850846268311201,-0.015327390728850586,-0.06705526961731308,-0.010376406931114596,-0.04054533021105057
4254,0.22488955770989041,-0.11549026526464633,0.4387953129808859,-0.20839182534961734,0.10878960769322055,0.08351237548121837,0.03280695992359794,0.1416377196545729,-0.02674053255982059,-0.06782915744927587,0.10330291628614345
4255,0.11522247770045947,0.7258153509897831,-0.04612613992267116,-0.031495400897296584,-0.00503825406331984,0.2180587381622901,0.016928419886933128,-0.010450042233155755,0.029768584982704,0.17104712898065863,-0.07984914630685416
4256,-1.9773252405556494,-0.0980707119509773,-0.05599235520670727,0.0737265192425197,-0.05076952039395602,1.7627200984036744,0.019169714971184363,-0.010982971233061892,0.005606527119487038,-0.03178003379084612,-0.049067937093302504
4257,1.3415213022547785,-0.04121982401572481,0.05246091212877395,-0.033624799157441404,-0.012485121039963609,0.04250626573053345,-0.960760685557024,0.01764656751330582,0.14076399697595415,0.019732963829019904,0.03713111700789882
4258,1.0693527117744717,-0.05143306962994465,0.03899578391960489,-0.07868621207229728,0.023088545216342897,0.06057018893880749,-0.10260659027963585,-0.08825908034655149,0.076778724119642,-0.055554228659932495,-0.03370404703706628
4259,0.6061038808812338,-0.03345144911681085,0.01878911239932041,-0.022852618789039693,-0.013248903926138998,0.11638506494957826,-0.029635711519299095,0.022405576325277093,0.05707163723084584,0.020575486065423365,0.018782881404139178
4260,0.025249219176147628,0.12410042103146861,0.04026227487932507,-0.031689638490093854,-0.016552646501533902,-0.08557612625914643,1.279194872924922,0.06168634715388197,0.051793931859075715,-0.8804389657621624,0.11570791669753533
4261,-0.07984052360462843,-0.6911873717809686,-0.1480941080264928,-0.04471604888365956,0.14352295207896867,-0.09064044829524416,0.02280457319829975,0.05837970610653713,-0.09551093838054524,0.9876941198738068,0.022576146524043987
4262,-0.12012903457482386,0.8746624965124065,0.0480132759303116,-0.016496585642082014,-0.10048449019604111,0.028407935024403995,0.09566667815228831,-0.7165404255004706,-0.01023558474401038,-0.22965553358312069,0.05107252772792166
4263,-0.06487812909158037,-0.11442652790384263,-0.018738848473030544,-0.6091747905436433,-0.03465878728380436,0.03883856267184811,-0.1142781698620165,0.7839294969671978,-0.17077957042533873,-0.11320901433740027,0.021980308276553118
4264,0.09177117319331235,0.048293804893666185,0.08517132535691047,0.791051451539197,0.11293974130204523,-0.09431810031880775,-0.05407031928582916,0.04182915422783154,-0.04228268592846783,0.016155281460487964,-0.3823557880450168
4265,-0.08135894875471913,0.10542749511668872,0.062404279911812015,-0.04241439002389225,-0.5191329642649644,-0.019921618133726376,0.09180258902076878,-0.08952763130593025,0.01011992632974747,-0.05369668884334082,0.909472313402307
4266,-0.15887235286315035,-0.038974522814937754,-0.03352522843009093,0.10774945052745946,0.6007764067897552,0.09255736423061739,0.10154924200988778,0.07751321929817787,-0.3321092216420847,-0.059612604390209045,0.012117197534013427
4267,0.16274020927809235,0.10826688357542771,-0.04880729923269389,0.12991301158161053,0.012175504787388674,0.03932419363397238,-0.02210547373247982,-0.039332320572218804,0.5040132700077112,0.10885518264922778,-0.043925992721015245
4268,-0.02077342344041057,-0.21042499244594765,0.5929110381141344,0.2396428053346458,-0.10805769397846275,-0.007422550920632596,-0.06388542024190208,-0.07351750906807328,0.05234579709794613,0.14891808361431005,-0.018771475194710056
4269,-0.0070799624909881394,-0.009595763546398219,0.03192314515184435,-0.10204743112206995,0.0317316721163859,-0.6415744332855711,0.06374614195888816,0.03880515772104315,0.013157884303932109,0.03665438198197041,0.08565893416823885
4270,-0.0008910988731706503,-0.0763970623258428,0.42453178317436846,-0.18060627746121644,-0.03431649926661698,0.17233519513183201,-0.09217804745780403,0.07848122858184128,0.01687629486760804,0.11586276251594298,-0.009185211205904157
4271,-0.031613190829760766,0.7283512079569048,0.09856515200859892,-0.0021555662209400044,0.07627813015831288,0.07270024625718477,-0.11306581394528216,0.009782666448874537,-0.07647593404691358,0.0684624174109238,-0.02285870674815504
4272,-1.6524169410833678,0.033625708089204336,-0.052999151878622974,-0.17109974928335922,0.10861193691766889,1.6599642377403228,0.05260175677503638,0.08326912067188448,0.0010711986324931193,-0.10100647593619723,-0.05978408337652256
4273,1.3808821854694213,-0.11526469098006062,-0.07497421352543411,-0.008327775445580152,0.053129255526872254,-0.05048902537361787,-1.0874338382236357,0.008861300164769754,0.028273788758361982,-0.022982955499119797,0.022490838665851234
4274,0.9810303516562818,0.008626403802303914,0.033678440538759034,0.04924627116101919,-0.1471845801951516,-0.06917086980411297,-0.08207446089955472,0.10651635417716511,0.08559006395069502,-0.032117092826345575,0.19388986330983224
4275,0.5922937373607255,0.06005068226118535,0.03939534397362959,-0.014649879900456457,-0.05231190564147805,-0.016020722059682642,-0.04585658723427175,-0.06843551983040931,-0.06600625733978933,-0.01454598669035518,0.008676548131631677
4276,0.015449882665945505,-0.06077195744314745,0.03819947660857503,-0.14226273068785797,0.01638162613857737,-0.05258657607076279,1.22267239370641,-0.011654025506516232,-0.14452348517690367,-0.8950538011230905,-0.07850016901576004
4277,0.05868513085577982,-0.6483431024682058,-0.07229827174405165,0.04623907498378465,-0.029717635687951688,-0.18451939856550983,0.01764577556116033,0.08256476347553457,-0.12723725200171818,1.0031642553946771,0.0032864098111389916
4278,-0.0010081856349690556,0.9040595279256514,0.011049907623963361,-0.03133988235125356,0.0219448693255697,-0.056297215562736896,0.10090444010388853,-0.723882127005171,-0.03444943034795511,-0.12630627865763852,-0.0012267044035957192
4279,0.17452880990110572,0.02051099141120686,-0.0016737066341040799,-0.4420852948830072,-0.0733143105487099,-0.03282273861519941,0.019705737428020717,0.7740153842771837,0.009104291361563061,0.2058637794755447,0.048414277961998944
4280,-0.04560671290600571,0.08430261729552052,-0.06553895075256033,0.7490628129068216,0.13687828976044986,-0.015465809554877372,0.08126990417879565,0.004671770437666847,0.09501266951701903,-0.0808794185296871,-0.44579917241600264
4281,0.02076361243986787,-0.04251448478300666,-0.021395562939054532,-0.05193088237710842,-0.6411803608096308,0.02252941325808732,-0.048064254164408085,-0.03878494072162167,-0.072242413136967,-0.18470327235983586,0.8807786005435801
4282,0.002885654216043657,-0.005805638986360284,0.050548722297749926,0.010621969458244843,0.5809714739559708,-0.017016091495413714,-0.027382588525689273,-0.1318410071060124,-0.09280889236432993,-0.09877819313940163,-0.031853100535177016
4283,-0.059485681481935275,-0.10522879173926838,-0.1284514823787213,-0.0035590242740933756,-0.059993269484462396,-0.03708794091078428,0.1667568154610176,0.08176807387512794,0.5199909333674259,0.01162384630959842,0.00011326517829338177
4284,-0.013165911126390402,0.06856446971545913,0.5946750244116981,0.04307352993596159,0.026176746274249138,0.16482328923645564,0.007666299733594446,-0.1158116472626607,0.1106150538531494,0.008930033658142331,0.18612427757897554
4285,0.061120261288560324,-0.031090674153261822,0.05816384384929659,0.07861645568264856,-0.07044798884091236,-0.6617113535556611,-0.026020016309467854,-0.01850966071912443,0.04500349504936058,-0.007270021053367,0.04932040073259171
4286,-0.0746982810881675,0.15951782018087093,0.4424851265094831,-0.009067554945145667,-0.07161389305190738,0.14445404106624016,-0.06174631945961582,-0.03456027882041519,0.04977418986771738,0.09539839157108553,-0.05495754894363565
4287,0.12635998343375252,0.722229529972377,0.035773140516244195,0.024765887141471585,-0.008364870976318935,-0.12977596484393011,-0.1574919258487844,0.005092479400345011,-0.016177610827714878,-0.0431301942172987,0.047608047830676944
4288,-1.8371859400084904,-0.028363986925478937,-0.0011938964575512676,-0.12718364932694426,0.18847186960318862,1.7390759066567478,0.0020519680105499333,0.014731825591126152,0.027069448719024655,0.01179333146735925,-0.0016985955079889129
4289,1.6505774214838032,-0.056440960915815255,0.021385547023104565,-0.04259478746388714,0.10128176458466519,0.074835048475663,-0.9086581311147899,0.01803000976163778,0.03639148786401017,-0.03875035738853566,-0.03697680535966789
4290,0.8783531123520406,0.14787248153610755,0.08135120591878656,-0.06376671048406682,-0.13313425441543603,-0.045155024874158844,-0.10031037355725404,0.05458453181327703,-0.16360834569269284,0.020981670330798133,-0.05593278936632405
4291,0.6355731508184977,-0.030767839313290385,-0.009754214023550138,-0.02461420197043186,-0.039822975261478336,-0.028662408475650797,0.041237899160713236,0.06723578942096248,-0.012610630379871765,-0.019700177046600306,0.06389708064331645
4292,0.08048572910767027,-0.02522605621211682,0.0692115986988311,0.03426225932014214,-0.027164222065248118,0.009345258370274202,1.0938384186327577,0.0009348865567854264,0.0397836354035754,-0.888983342249189,0.08774031051305657
4293,0.10105963333215606,-0.7558768179942675,0.02262078058711008,-0.04522128683691266,-0.02357600635104086,-0.18654977473147627,-0.028629093448858438,-0.0033153268810155873,-0.03584929423994473,1.046924834055646,0.05576255969575113
4294,-0.20374634360111393,0.9294467370946331,0.004394702700476463,-0.003185318484542573,-0.02396036554196957,-0.011925992177714223,0.008254681568624717,-0.4392978583977032,-0.05198621203730665,-0.08192409976966998,-0.030231378516968502
4295,0.039386570078210226,-0.02454735231579905,-0.08744517753747642,-0.5063460370350626,0.08890627326824317,0.19820762479099205,-0.03903161000925633,0.8709212715194359,0.00753237353304444,0.05054833144136462,-0.04334644384887855
4296,0.04702618385467401,-0.0021518150748515777,0.015544149812896979,0.8157802358078653,-0.016989219462890743,-0.22507276802695128,-0.08701928966238462,0.020766303046449656,-0.14190423343253253,-0.13668127788183285,-0.5446734689834276
4297,0.09339019147885316,0.03358944670221499,-0.066023472960126,0.03988839455901083,-0.5706639882164349,0.13254653678403763,-0.019363506685898507,-0.018884310403244505,0.04442876674864105,0.1006338474215984,0.7956904847078127
4298,0.011077971441260968,0.02234604728183013,0.015900038167623334,0.03636886873654466,0.5756487766306632,-0.11998971203203328,0.055522651040391315,-0.027160103444454322,-0.19803197315605112,-0.021685203513768327,-0.0018945783443031052
4299,0.03130969595286581,0.10944702484105787,0.10326971650500023,0.11109784733424515,0.03213130808704274,0.002918532903091453,0.008330773485980764,0.017259675501423103,0.4901955589584508,-0.03789711885367797,0.02509464522444624
4300,0.045240427022719916,0.08478515401399894,0.6324862486501966,0.04703117204135836,0.1538286658633358,0.1875365254745267,-0.04320799067248061,0.1842380413054691,-0.024196935792544984,0.051875411644591925,0.05756413183683982
4301,-0.05601918877816552,0.0429058530994892,-0.1213409002567459,-0.021750134057431283,-0.07892075109973434,-0.6903011711803723,0.043486824625653626,-0.008968707733032965,0.031128353641994205,-0.02034786326040052,0.07575920124471844
4302,-0.13333681395103955,-0.047546950644954296,0.3967275014313158,0.007691775300876252,-0.015611277541368134,0.025619414206548077,-0.13528300894813838,0.028222604798549572,-0.007981156764248366,-0.01998881364576227,0.03381379341353119
4303,-0.04766433283344074,0.6459613728732986,0.02081685099366474,-0.07188820562054037,0.10221007872559401,-0.025078763077390542,0.100655126006997,-0.006799789684942655,0.005383620173003916,0.0720540269871592,0.025115697938648363
4304,-1.8931766753935861,0.06673629006600831,-0.018339249827629585,0.03910787651556838,-0.1384567543371091,1.857542111664656,-0.0427913325617761,-0.16706645222407043,-0.0005959975166667259,-0.07521780690769418,-0.06991064519029785
4305,1.6879232850618595,0.012785430425479801,0.06907157010030883,0.028293873013807525,0.10615216236347423,-0.07457615016403028,-0.9648630722184542,0.023827549799025943,0.22484508698283817,0.03908480562282373,-0.03678056528361723
4306,0.673067972588544,0.09486710369050914,-0.08572911094595304,0.04895303693818519,0.13480946967359375,0.16358185905366746,0.02782284495382801,-0.023143585000088153,0.05782976061464104,0.04013244738896214,-0.06664137772685949
4307,0.6023194332927397,-0.01564627692906521,0.04440070850897973,-0.04224460861236411,0.03935928704067249,0.04852462676102208,0.008724786204318574,0.05154634716801531,0.024207387221366387,0.00942762181022921,0.04357138129193328
4308,-0.05384870071781114,0.08219979284103929,0.0385369192817288,0.011616284636329358,0.024787648458017345,-0.03700295099989505,1.3428956060482358,0.009109665715956207,-0.012129122715076773,-1.0526789351092434,-0.09210295981903929
4309,-0.03522166420327865,-0.8180905620004673,0.0014107017565716264,0.08277278828159496,-0.09406159684139756,-0.11740057968827246,-0.018645876173062983,0.023235210690309146,-0.031208901263669542,0.9598626794023899,-0.09486985799845367
4310,0.04126061630081075,0.9188848902049861,-0.025997021530679284,-0.05864095937841908,0.037113416994858685,-0.18748268200022716,0.0690906527686321,-0.5990536387274843,0.03758064346767204,0.016292842024745926,-0.0423225657735139
4311,0.11682812089945149,0.027445146676080015,0.14868015659012832,-0.5834163765813773,-0.01842308702120738,-0.14798407195387958,-0.11529104500020496,0.9192979857378619,0.016285674248345188,0.1639436311030838,-0.00835618878525023
4312,-0.022284643407144762,0.06301915444204427,-0.0588203181271665,0.8136365012529193,0.010583090953283827,0.17453501523397347,-0.0235943967975635,0.05931805662622811,0.04330482786394223,-0.02664981188565227,-0.5362540593563356
4313,-0.09765165011064876,0.07495498905193446,0.035434256442348405,0.005441602303359156,-0.4221622183531979,0.36715963627265186,0.06701907202498456,-0.015147501567314713,0.0015349978043084226,-0.038596326318776644,0.9056656811029374
4314,0.028098754141084443,-0.036709536090599154,-0.10298553030162776,-0.08259024344211324,0.6137309697081917,-0.12867187658058735,-0.09537493598925932,-0.06907192312140813,-0.03599262638467457,0.0697111145897532,-0.03018775974039465
4315,-0.12061456105919248,-0.10228508050569465,-0.2840441785080245,0.12374035938351188,-0.009671802706166707,-0.1894447902130939,-0.06353830666268555,0.1062447839686689,0.47588361450962224,0.042753550092384345,-0.15893944449188413
4316,-0.26830018597978006,-0.012065441405827824,0.5947577325620598,0.0488375132105503,0.1059995881792858,0.08110005223904286,0.1766808899466315,-0.1672498730475445,0.001984563868043082,0.04714298609609505,-0.13936465079794536
4317,0.08970541820154543,-0.03812056282765955,-0.04888636855186704,0.11051926370636124,-0.03633676286184029,-0.708421151929898,-0.03799933215511806,0.026441249520978774,-0.04082567315959162,0.09445678281042373,-0.1175114728323035
4318,-0.09486373923117654,0.0012865447364730168,0.41616194290777825,-0.029579023038707852,0.11401320710946117,-0.22821362895206876,-0.025414401639743574,-0.0014912587904220638,0.07031043610999176,-0.14114978760534208,0.044505196204889186
4319,0.05328624421017618,0.7336803093716467,-0.07490590879462168,-0.0018465602978375135,0.050414275882345455,-0.047901043560597295,0.028649876747082206,-0.09045837265210968,-0.08227780439113772,-0.011231623032145555,-0.0013096451349760715
4320,-1.796490233610706,0.03618287366023541,0.07741474129468592,0.13802784338564292,-0.10891531101139056,1.8761305996054418,-0.06237837693480741,0.0935652752425199,-0.06250249868504433,0.12791037513677558,0.018619141991991266
4321,1.6149350124722797,-0.02068951891065399,-0.039998452345570895,-0.04835656954436857,-0.03255538911993759,0.030527323222626315,-0.9813612879711097,-0.017939179559027078,0.11931563603880864,0.06331544642000755,0.02455129861774498
4322,0.7581893897508196,0.030804447687699958,-0.021154849430502026,-0.05853808466509591,0.05555424223781198,0.05282586715683417,0.1821639529560463,0.08046539263453573,0.07285730680619755,0.13056302077879323,-0.02378560785981266
4323,0.5460398837778437,0.0020908233666675387,0.0875696654604217,0.04170138449179014,0.07966023977955804,0.007860464061728356,0.010714123431471226,-0.006935364518355787,0.08585774355327717,-0.007193476883352693,-0.09059879766573253
4324,0.013341925422315284,-0.003869846697682266,-0.12464016955466176,0.008487681483632218,-0.05956920197560791,0.1249462438223656,1.436952786855221,0.02916552127233454,-0.03742577538545697,-0.8309149458071575,0.01466319672007697
4325,0.13593673449993865,-0.7693214197244251,-0.054142198901553015,0.04214090830118299,0.17773655010531092,-0.08541459743150893,0.03654232744975751,0.03397733238063286,-0.08858040520256477,0.8204977615018407,-0.04563117149640403
4326,0.07456576454699335,0.8076046513816314,0.08614730098411924,-0.04078124416325818,0.116595180625138,-0.17304000673134817,-0.06295513789142068,-0.569772178257871,0.011012998325956376,0.171938093995868,0.03484653904576044
4327,0.07078547369075792,0.05334491033050007,0.022518999926537036,-0.5069916788577784,8.024127956456593e-05,0.15147727616464915,0.08043250697389148,0.8123808897826801,-0.14803067983321833,-0.0764076771831041,0.04056947983487412
4328,-0.06858402245181959,-0.023676018215598227,-0.1588596152617509,0.8313442637828891,0.031286396720988145,-0.18180200362548227,-0.08917063440347334,0.1375172626617421,0.008847043033190321,0.06319482062111469,-0.3696550714643485
4329,0.1518541166773205,0.16432472301319498,0.0616288576571779,-0.024357816257311364,-0.4747311286945469,-0.14954049262163077,-0.23631384406045947,-0.005163378608182193,0.05080055262283866,0.08757366591024543,0.8687631244583567
4330,0.08690074372609294,-0.02588045641619314,0.048587716847386345,-0.08781584061846526,0.5656547171871575,0.015130641129912444,0.02086422406319427,0.18944615727948208,-0.30689241456657224,-0.06521625357701337,0.02100907350766655
4331,0.10048789225799372,0.10193304478506351,0.004280703753533871,0.04087341947761959,-0.07117310399344687,0.054273132388196615,-0.1788767752508166,0.042937908755494386,0.5028583973795829,0.047926584301901075,-0.06359596206702123
4332,-0.08642137133073002,0.09484040691405832,0.5784063407295007,0.05038647684581184,-0.03769108949756973,-0.09617873102534921,0.12001079070937701,0.05777458088097436,0.031071994306246263,0.03094783412399348,0.010357613182663646
4333,0.08697528650328046,0.05626494891443425,0.060030260164085414,0.023624799778647836,-0.11717031840386018,-0.6583441469702288,-0.035057617577109776,-0.026024087838020404,-0.12190718979133239,0.07364518528978968,-0.07337830315817581
4334,0.013801944416553634,-0.10192825532360905,0.41978205006222036,-0.012116340556242573,-0.22916615694096,-0.08800936713532301,-0.08753951719296492,-0.0005598488116172902,0.07708338902549769,0.09361047107553001,0.11379874836855222
4335,0.07382208087640368,0.6017501853353927,-0.05540285087511607,-0.0838980485827505,-0.05102872985772881,0.24469143385451647,0.17418482980178868,0.02955170720852694,0.05538553280065383,-0.028793982250683435,0.011831032563136359
4336,-1.9328764861225896,0.15942598725914114,0.05412840967587819,0.12490090422522634,0.07670034545222838,1.5966958080060116,0.02423156729188504,0.04038688621157945,0.05140104481956279,0.20870841032447632,-0.06798819846769616
4337,1.2097724116513582,-0.13714620745285072,0.10728037268613023,0.018161149884182878,-0.02181999675461676,-0.14638121789878472,-0.90363018805865,0.026486137254837228,-0.014865085442710308,0.0029142167587764725,-0.000894387645555576
4338,0.985297719246446,-0.008877782163535148,0.13181285315633273,-0.10954201550057643,0.0786567189456839,0.22049333578433788,0.09655194747220107,0.0323308764247553,-0.0841699362909653,-0.16565712675637193,0.004649326501393986
4339,0.5822301941222227,0.026538361279708073,-0.03724165213474271,0.06854724027957548,-0.09586018763929055,-0.03487205161404193,0.0377310092653062,0.003756307795212145,0.01464401110250016,0.052645956220628086,-0.001647473074535606
4340,-0.07556055960890184,-6.875832933397105e-05,0.05822153122680423,0.09035929815309408,0.038575299684599725,-0.10830319526479507,1.139684861470879,0.07753775017639604,0.10600834265173385,-1.0118713491959044,0.07448209695063766
4341,0.09886625724222056,-0.7470784349848363,0.05694669460821441,-0.048437066773885276,-0.0762896123208583,-0.15764174638981504,0.03342920387975225,-0.06677906539805475,-0.06396048028567762,0.9821105594411181,0.08046642292677539
4342,0.05002089225815607,0.9090727016414079,-0.05181917686317855,0.0030442450891815633,-0.02729290836966904,-0.019835159824603765,0.1382160787371173,-0.6389874669345088,0.05466217412554766,0.00584044451655928,0.024363675849907337
4343,0.1014820190001702,-0.007036767557325192,0.04070074779751744,-0.4944197148629401,-0.07160742507829687,0.2346242346712731,-0.12623105855272038,0.9135754767534442,-0.01946177500288212,0.13131587351825635,-0.1302404631446274
4344,0.00569583953808162,-0.07486697209270564,0.027831478840451663,0.8498520924023841,0.045570491115611594,-0.12561072372355866,0.07494921594877213,-0.018997764109902594,-0.024438268023599236,-0.04005438700226695,-0.7364533363409109
4345,-0.28291412841757285,0.05322097146603755,0.007215829470508582,0.033846940911153714,-0.5969223603699048,0.015515639828829444,0.09923012253851182,0.0691313559985551,-0.13810370727274812,-0.1363868219780701,0.8777311300298161
4346,0.053913915902794686,0.11607177584824922,-0.0873365933455283,0.052180503404319394,0.6163742539670871,-0.014825308533651093,-0.06997052881917806,-0.05582241807896634,-0.10003008411944467,-0.0027505164925044597,0.02896601228891337
4347,-0.09992465713476316,-0.20023423633876905,-0.1565502883790495,0.09854566388517591,0.06392375451763418,0.03506763024180791,0.29400139424663674,0.012340752274910225,0.4889393710838489,0.005598034924203615,-0.1079990852298845
4348,-0.09519434062657559,-0.052265027438040026,0.5194422550261601,0.00483778083626492,0.06675289121358831,-0.08145360379838473,-0.1585475016985035,0.0018804067366153098,0.04776120356301227,-0.028996542875987102,0.12711258812541315
4349,0.06639104018426281,-0.04202945901636759,-0.10160730602567883,-0.0571527776341235,-0.050831074048735346,-0.6102093705977115,0.004233162163382275,-0.018786388101646012,0.13572662258344306,0.02459595185981552,0.016131642719549304
4350,-0.10300160557115327,0.012839868561056591,0.43850571632828783,-0.03938814656097282,-0.1505741698615494,0.11976085293076252,0.09325704468288633,-0.10013391157633929,-0.11515339785128396,0.015100039571913332,-0.19498266918315346
4351,-0.2527565116573742,0.7082030811762433,-0.003106015960635247,0.031444265468358455,0.0002980192432547211,0.18161879721291224,-0.05334027836577826,0.04703237360892561,0.048737733401970414,-0.02400339024505628,-0.030249935054995868
4352,-2.0830976865951016,-0.1205264163977745,0.004172739977630743,-0.10036006598902138,0.055936652546509855,1.787350538675354,0.059722205785225614,0.07811250865868281,-0.05829768930164303,-0.053046789258333775,0.13162424989928884
4353,1.3750907641639127,0.06298643949791169,-0.08630710588346115,-0.034422183298194894,-0.003734937074681389,-0.07443383807037393,-0.9320707272578211,0.003453466894368032,0.11302361227233589,0.05265392760243199,-0.06622878511302262
4354,0.9123536705103145,-0.030497816396698615,-0.0003160165734620286,-0.13581717185405476,0.16405378253032202,0.22140470627234088,0.009315079330808034,0.05635355143040788,0.029206166027209917,0.06737118616895565,0.1409234314624036
4355,0.6244685061148165,-0.02901844713313833,-0.07481791523249513,-0.005476196068382724,0.026372041581209784,0.06928637074299854,0.08427387657864997,0.00677764087536516,-0.02202297004313333,-0.04784946650774625,0.02064975272745725
4356,-0.04534039011809766,0.07715710142562061,0.12712319037600983,-0.04886976013568065,-0.018711747893283948,0.1644718114348902,1.1413432015545841,0.09241083875834222,0.06054583768091672,-0.814432497420872,0.008205827815874128
4357,0.017208479893536653,-0.5285348493841092,-0.06335707189665109,0.007033016890737015,-0.06488552644308278,0.05343640228048478,0.09158105722915107,-0.1107390784914962,-0.12452342801872453,0.8940337864462535,0.033268889764230175
4358,0.11336330542126778,0.7133460971582708,0.08585723275266677,0.03211068271483704,-0.015935762521024712,-0.03764698055186007,-0.1167199119073738,-0.6013371289942658,0.030552913463452406,0.0024898720099926133,-0.05098899936449539
4359,0.06299620070062541,-0.1910573831277409,0.09930511293731534,-0.6282864208611061,0.10612905101726201,0.15721326643612074,-0.1729181425265888,0.8353177852493718,-0.08917845528010998,0.10064723782884613,0.035827663446289564
4360,-0.31686102060803184,-0.04574724469474519,-0.16857046696539668,0.8252964472327267,-0.2138420953913771,-0.09535854472910009,-0.01651519044980312,0.06589904608578377,-0.0389921000319538,0.03894521077618722,-0.621995789810199
4361,0.08051754520328203,0.03546637580923226,-0.061002379179618545,0.016856710565357837,-0.5777586996789201,0.2249994397427681,0.03662564988460981,-0.06857738284536086,0.13282534538620694,0.04563249120925631,0.9008411767713007
4362,0.09878722744229763,-0.0650470005539986,-0.06622384372030721,0.08915900591102204,0.6059549186430288,0.09426537160074624,-0.014938691961810167,-0.029176779853863213,-0.2622503566858388,-0.05082575588216952,0.04293033501389996
4363,-0.1370532978982795,0.11785369328736414,-0.2517472624704684,0.07011827289372168,0.039759904405963636,-0.014707849972995998,0.12663503021187095,-0.18038885002818397,0.5069864650051671,-0.08227934477686483,-0.06422907326031052
4364,-0.0030204870838162878,-0.010097443401283093,0.5919565871899605,0.02135702109888418,0.07343945863087913,-0.11283447280671932,-0.042064313570881286,0.01583177074142825,0.03076494269476495,-0.02198809817453966,0.04258463817600428
4365,0.05803243527157383,-0.11283812870790798,0.20828480641802577,-0.12226853192932227,-0.029200498603905542,-0.6767122980411944,-0.07416009756081525,0.02653785099782171,0.12353334770800872,0.023579120544001374,-0.02172320604905948
4366,0.4184558673999846,0.0441688620462049,0.3896421697205705,0.019299785052714766,-0.0147986241302871,-0.1364695491307807,-0.0992646147314934,-0.15604697587671446,-0.04911181997177412,-0.1669845907812647,-0.07280222366578101
4367,0.029359494167353756,0.6987441475644621,0.0709070869442155,-0.04188584454226829,-0.04134892446484935,0.027558680810616968,0.0828111973114635,-0.05024706548210375,-0.007192981877405799,0.13853220544675166,-0.025248602230258165
4368,-1.8639661513429877,-0.09232883569096095,0.1424956835309548,0.08026744801439635,0.02012334823675214,1.6135594961462099,0.1084321205272336,-0.03593257192403631,-0.053394926681223934,0.14016251074963718,0.0484259519816888
4369,1.578230309444189,-0.05664603769650625,-0.07187137054064521,-0.10013766417539302,0.03170771057604084,0.1041430988630543,-1.0034676981686617,-0.06344977414391605,0.04561193782330344,-0.08499876523369054,-0.002539486554733337
4370,0.6707917468941786,-0.16918114463138095,0.04765987986413961,0.17750377608333073,0.0314618912320762,-0.19947745359689484,-0.21760742560493315,-0.12939526696289308,0.02484571238388795,0.16927382754259535,-0.06820772022452512
4371,0.7317851013398663,-0.01137486670998521,-0.015301001075113542,-0.07986090964405085,-0.06311269848627898,0.058259755222711776,0.026148249742176437,-0.0482532330756489,0.03022769572982842,0.055091011890087443,-0.04644316163847771
4372,0.05631896192543278,-0.04669432673270228,-0.02681007558635763,0.006929099105001865,0.021791099921450133,0.020921435890920173,1.356035752494606,-0.07871421394879907,0.0272730679119156,-0.9275186618625919,0.08354807343815276
4373,-0.03762970657278324,-0.7280046471046537,0.08848927444972633,-0.03788648254844196,0.04682241471702797,0.033096830981066444,0.037036638975563904,-0.03777264445380739,-0.11927754819750058,0.9852734920232548,0.053412973873188926
4374,0.06421533014353098,0.9048760688755821,0.00669209404701183,-0.08582520078728485,-0.11396173660534997,-0.09908111165923743,-0.030869467001779158,-0.5484140453629174,0.11167886883417644,-0.1020840587869995,0.011630016665111233
4375,-0.203359380437593,0.006770794602086055,0.1023140588963463,-0.6206505141203389,-0.0033316080949049197,-0.0008344978757492206,-0.06509671587030989,0.7913965614978151,0.10665548269823888,-0.03686419120252797,0.08181659874093394
4376,-0.1215140001318224,0.013187768315499587,0.19513619473964716,0.798988210017174,-0.04080792591167668,0.12536232343128598,0.055174216453229154,0.044096397918653704,0.0055683503627590135,-0.11834732435256848,-0.6068062869969336
4377,-0.036297989317649146,-0.14639515492788818,0.05671541354810845,0.027493041316473097,-0.3493474186854705,0.04252428616880876,-0.026526737658691298,-0.11735361312085531,0.19013476929503106,-0.07002617071770953,0.8802046768549117
4378,0.1417985492072391,-0.047824514154994016,-0.08148286352973198,-0.02016561529198705,0.5840595482442728,-0.09079556649528017,0.1447463225587316,0.06364985821276228,-0.25120242067494974,-0.11302819923477851,-0.03476094220958231
4379,-0.20172578052394727,0.1504738752383766,-0.2453396515096859,-0.06706317468337732,-0.007454761523392016,-0.051298152622504124,0.12375336682629029,0.024075901225852264,0.5001501404669365,-0.09304858194681848,-0.09523642130212881
4380,-0.15333863041407508,-0.04950903188202746,0.5721938443362293,-0.02256788743717206,-0.04076329752346075,0.09874885536290014,0.1602340289630633,0.07439935890808866,-0.0011816284456332253,0.057696743208210347,0.006581359273052279
4381,-0.02545975887261743,0.05239857393236283,0.04468685777413601,-0.0037983229809261587,-0.0812312586740216,-0.628467144761146,0.023270090388846056,-0.02871835285442041,0.03608596411375044,0.05944758999170437,0.018826377102613482
4382,0.09996722229445695,-0.03654042861768315,0.42646482101712224,0.02845404736361305,-0.0042470692664235655,0.1933800260743773,-0.09392348621135203,-0.03578145650003992,-0.07164361205838335,0.053416702212385675,0.039344790025894257
4383,0.12717122086830235,0.7019933843801618,-0.08820050892971755,0.02505439108272217,0.08612723543605649,0.08338485226207096,0.052770802209224824,-0.04501051234053528,-0.022480077067880657,0.16041742903377598,0.025254461228338895
4384,-1.7483076073675885,0.04844416960164521,0.0031273625362530488,-0.024098491837312226,-0.13189136811343086,1.9384421793192022,0.01650463376256068,0.0692277219167973,0.2081229238424736,-0.06489331680553208,0.10536770267707435
4385,1.714465720925464,0.03308727057661488,-0.06436856908775478,-0.037154791234335786,-0.03421827441495318,-0.0285640518306748,-0.9922583032697482,0.15125800958157215,0.11752220454601572,-0.031014293692392184,0.08029757556946354
4386,0.8565092777060437,0.11328415431082955,0.012143651849356715,0.04030267651800251,-0.04169979389822855,0.05051389929860804,0.027894383283658092,0.05301815692538416,0.06714810411869905,0.12322430942310104,-0.03167590464493364
4387,0.5972209953663226,-0.019418855439444438,-0.037640638131705706,-0.00454050774920507,-0.08114992537963675,0.007589816130743204,0.01667309064268962,-0.01197083562833241,-0.008493581360951453,0.024525392867631807,0.0030381449475300835
4388,0.033590491123472614,-0.05810118182519733,-0.039794264816085216,-0.14180281115606927,-0.05111014790750505,-0.17210625323260345,1.1577624076505137,0.048480094094012265,-0.07299694233622678,-0.9430459528018679,-0.007578583371109263
4389,-0.11949014915592222,-0.6672977066079647,-0.028171423817454726,-0.05778620600115031,-0.13547646272926617,0.12155510361735151,0.004881745250027154,-0.03506964307866067,-0.1566753987001863,1.0113910195328795,0.02668255899957346
4390,0.1157641652923878,0.9225901143139754,0.05708497426990764,-0.0321406061758964,0.10613642318958894,-0.03397353882423487,0.08737637293141277,-0.6550601755498867,0.06586979316420433,-0.13073409034909325,-0.023593618910748453
4391,-0.2581158417921276,-0.08960508856175835,0.05510019810602137,-0.5076921044208069,0.01906699901134195,-0.0399834977513079,0.003517904596842987,0.8162511459455668,0.08626986102898455,0.031760035183293206,0.0018644708528292048
4392,-0.24259442786233945,0.1485707578906921,0.100399960613937,0.7744976816962978,-0.09285341089836578,0.09071447546678674,0.03100550774993027,-0.015220019038599509,0.09810506509123254,-0.01847015581310142,-0.24202956291338307
4393,0.13522658661035872,-0.03242705523089277,0.051565541403370774,-0.0870565001881274,-0.5694954802294974,-0.2796233248807481,-0.06951184286858224,-0.03732397938147032,-0.02963724090309536,-0.09625030879123782,0.9352007239298263
4394,0.07103156912555278,0.08149301967177604,0.06951523281105941,-0.026291959055249482,0.5545647221977055,-0.15081377419001787,-0.017168935283720488,0.0706542258760695,-0.2162751792583748,0.021270564336528696,-0.056487876614365766
4395,0.27603113619109026,-0.048779822069648184,-0.07359251979865872,-0.0066702144234738955,0.07047391120403396,0.0013626122210703587,0.003776935276595222,0.046235192383122466,0.5053134273606351,-0.0559121486062032,-0.08528873115926806
4396,0.15176261163153748,-0.04388424286882877,0.6134120207141713,0.1341472196400401,0.05074210718529562,0.1223871994066319,0.13453814672528325,0.24781729592493634,0.07836779193436785,-0.19069107647883507,0.10931768706913399
4397,-0.021575236110952765,-0.014290882571989405,-0.0043323764339254795,0.06855061387370551,-0.014298580669960271,-0.6288648779453215,0.013743241930633003,-0.007231915977926318,-0.1331341904786015,-0.03846129124503727,0.01165855675547042
4398,0.08643126284600795,0.06596132942935777,0.41882931213160424,0.07383244395129214,-0.0376584650585596,0.015601364869374055,-0.0939310292269457,0.12636332424857463,-0.05297505659496893,0.006751209679724976,0.060707859232738706
4399,0.1739202015457102,0.689808053465212,-0.0005472717787904455,-0.018597181163587502,-0.03536400417520533,0.05201147286612268,-0.146471101129807,-0.06170708301260221,0.008026856001821356,0.013734794077472684,0.002983543703717822
4400,-2.1176582639268378,-0.00010016345379867952,0.18280063528755713,-0.14194977735388484,-0.05032428916282112,1.9522172047549806,0.04834987183464261,-0.02540989576994522,0.06725436937543308,-0.06250781836053546,-0.15656947302663915
4401,1.2922962708736532,-0.01792775591968549,-0.15534959067842521,0.08450087808982434,0.06316213657863864,-0.11214155850672289,-1.017254398219001,-0.04753608080102044,0.013442311806291796,-0.012504154404348851,-0.05722015135935004
4402,0.6328422747841536,0.012546561154012913,-0.06708610082840133,-0.08752431944027136,-0.053573751619108725,-0.025366076447064755,-0.046850040573824095,-0.03376141477986292,-0.10421518538685312,0.07389492716200156,0.18076587679217238
4403,0.6366249062686022,0.002831001218472285,-0.05753787084325463,0.02924738555077673,-0.036722546049284,0.00184455957278893,0.014017201469186018,-0.043763595224340965,0.02659984844000992,-0.011233487878270455,-0.04058852331545908
4404,-0.0708436705571534,0.05283222106995161,-0.02788611655768181,0.04707168730942814,-0.07945082609345455,-0.025635955187488246,1.2353242867833232,-0.010863914041852106,-0.08778258548920874,-0.9880838547738378,0.049729839347571844
4405,-0.1651228905496634,-0.9106258101865541,-0.09104937980257377,0.02457188241275124,0.012089773113955617,0.17762491239137046,-0.048759974168097735,0.12382906161115229,0.014001290269782063,1.021089203376357,-0.04305418454233406
4406,-0.13882981039703268,0.9445699766381622,0.004913881915245434,-0.02316043752304109,-0.014316368961999195,-0.058451283509442564,-0.13511101305317327,-0.5607732253628197,0.04404203954492081,0.0307089725043757,-0.07976454375263212
4407,-0.09951647941918228,0.0019647970327353287,0.08592449481912613,-0.5848694194101676,-0.01735588180514836,0.11722500896662927,-0.01997928910633668,0.8204683973649589,0.20843722176496787,-0.0810497850680211,-0.02223874570136759
4408,-0.1361767084614751,-0.014098701392634635,-0.15895849992115105,0.7459966119675224,0.023718774624799054,-0.009607416128161692,0.14724868667204,0.0551295754769798,0.026883453299611473,0.2503884629718729,-0.3593620494204703
4409,0.09965659380411956,0.08375586205038558,0.04178413915650271,-0.012584341465943925,-0.45239467482917317,-0.009799029457518166,0.2440263171650159,-0.08719131787688723,0.08605285365089373,-0.0762592067762156,0.9236280314594056
4410,0.08546239377198891,-0.12677509129676526,-0.029312870975541687,-0.023884507752103993,0.6012956768068519,0.18363489255572646,0.013849733830145816,0.04984333563696146,-0.2521967549033669,-0.026663733195306946,0.09719105945521507
4411,-0.049539358639915224,0.029979570795246182,0.06438116589494332,0.06296016497690174,0.012974513692310757,0.04170712886014647,0.06457002177517777,-0.03788874668845314,0.4861574687676481,0.034539749338032215,0.002178184367756454
4412,-0.1252016189413518,-0.029268843269676284,0.557500502063939,-0.1250938975183694,0.022332633979928643,0.05178003833843983,0.027081606915765694,-0.0007260168379621297,0.004442099331961257,-0.03510671137387267,-0.11658448792583617
4413,0.019752272638915006,-0.0068827790602876745,-0.054793032111501425,0.027753307687126517,-0.04559770494603944,-0.7230289280038995,-0.02174065799294207,0.06922996426014599,-0.18667607558066163,0.023456655539529046,-0.057128637492598305
4414,-0.062406838818718224,0.1364479213091818,0.41129566308283094,0.02606246724014711,0.0636658138180603,0.11930683192855684,-0.027122448859997723,-0.005374862921086266,0.007552833356725772,-0.2294702299545207,-0.1379425742006108
4415,0.2693946934874697,0.7153140109192573,-0.05784335504947338,-0.013779814911642038,0.03264096966707989,-0.05799042327065819,-0.034815626194456155,-0.008645957193612233,0.07294753431225129,0.11142165324453479,-0.01320567707743706
4416,-1.9696006832999913,-0.11866188262002758,-0.1282297498943871,-0.057378060767533455,-0.10327021796728017,1.7528082994971903,0.05594968100462679,-0.06611644929069213,0.1495395219740707,-0.08430244191404704,-0.007906996524674005
4417,1.7286969420675389,-0.06178604491502384,0.12425707501126051,0.04480667549460896,-0.09806549389775872,-0.249921550783822,-0.9740897702310705,0.025370590101969223,-3.6747198901338493e-05,0.0330475241223544,0.02223879027307737
4418,0.8392691127619607,-0.05104292388612334,-0.050876497122667765,-0.0753660582238838,-0.11782896506213754,-0.005732839614908954,0.10306311349592077,0.07869102685067525,-0.06998892672577182,0.06194328783313879,-0.11278692729380936
4419,0.628783160549275,0.007273644028861876,-0.031820910657964795,0.04141706284174374,-0.025815989001366807,0.06866418687529731,0.0001921897327692222,0.06545968569880822,-0.013634125997267516,-0.007073390775351343,0.0030498546595479435
4420,-0.06491125732613945,0.04105110153048904,-0.12623149219131738,0.13240248036783833,-0.10498407909113242,0.014870756316272351,1.3488085488966062,0.0259675863630342,0.0481029168322966,-0.9961158131537486,0.059608042050628834
4421,0.055626751289843006,-0.7039701231241997,-0.020098754623410493,-0.10111854713494718,-0.24074966694107075,0.11484237681901892,-0.025079487860791713,-0.12699281490186384,0.01408255695190873,0.9630624537183446,-0.139156660484158
4422,-0.2951099385246586,1.0458974707406308,-0.1326131580381316,-0.009187662018321493,-0.07354520408961475,-0.09127729179756672,-0.14985451354934404,-0.644286556356831,-0.11445606223188853,0.02554725390356373,-0.07791755002177958
4423,-0.15060291543755966,-0.05966166188302626,-0.06186812431674012,-0.4147683065919159,0.018587226347717957,0.010227433462203847,0.0543226180626385,0.7822709219617023,-0.09435837589926202,-0.0628263359929302,0.03177603237223122
4424,0.08841964854494096,-0.0024261836343729905,-0.03678196757134931,0.8328708341443064,0.08179648474665281,-0.05947644391320719,-0.05647867925381224,-0.03512942084560949,0.0288975495898911,-0.05356549250246721,-0.4304775948254765
4425,-0.013216163464401949,-0.15579645207671794,-0.36019891302959406,-0.12934236369498658,-0.6984920428559052,0.0857931891763092,0.09443140185844084,-0.027325434974204314,0.04525757534715639,0.03182287658235054,0.8307989016748205
4426,-0.05855079654160649,-0.05604788970759647,-0.08101392079120204,0.04273780052759509,0.6069297101699324,-0.18399452365220342,-0.15705704735879764,-0.03283137256825988,-0.4401245115807896,-0.2513625371734158,-0.007002400494675296
4427,-0.18220889466008483,-0.10627615829517909,-0.09411812707802601,-0.061400715112218215,0.027313561440024333,-0.08948750908624042,-0.21580774834137387,-0.01035598213922913,0.49276743480986307,0.05137254602826916,0.029250657902759332
4428,-0.05574168835338495,-0.06458553838751453,0.5988397770803239,-0.0027612863340817882,0.022271307473723804,-0.010100438863188935,-0.04360861517292706,-0.04058024214417738,0.006219088827128934,0.1161031714227466,-0.055376134942409345
4429,0.10552187908116366,-0.007038261285739217,-0.057194784514983395,-0.027365079365046487,0.0987790154490047,-0.6304657385544771,-0.06667038066946969,0.06345821058641954,-0.10891384302782461,-0.056088182370943596,-0.004585794478379068
4430,0.14535851931636165,0.08421319463674262,0.4146949423183747,-0.015064033175210956,-0.005751454156384224,0.08349211241382887,-0.060437261044950334,-0.13559094513216646,-0.022359824314059668,0.019024074883535615,-0.0519200241069388
4431,-0.15278895448101504,0.6978024833260985,0.022539710256262516,0.03042914225818561,0.07960896916738641,0.09035262736569932,-0.04476872465963244,-0.028653822235051852,0.027453942992923072,-0.02706217748390611,-0.02195720268569857
4432,-1.9367031910888155,-0.03995797516810552,0.18714645424098292,-0.09540157926948441,0.013089911901046733,1.544879167774024,-0.05616919874288643,0.06120891124976229,-0.07848945317545526,0.04060101489082204,-0.1593547410509239
4433,1.5911367888666959,0.05055981746939389,0.0013126527735273644,-0.06831796225468663,0.02242753811810414,-0.02109745356310358,-0.9984971181823787,0.004828900109355983,0.04398175399993417,0.006534489582019589,0.004486641165600973
4434,0.7985718073728374,0.03519375776647384,-0.12429283257640467,-0.08311577181488845,-0.13219735799569918,0.16319927812509533,0.18528420929045145,-0.11558867511039472,-0.06386246369774223,-0.06344664520312097,0.37166280480720437
4435,0.6525983641083422,0.009254593448981498,-0.06985586031316944,-0.020102383743392332,-0.05063927403563989,0.05407303809955319,-0.03173166764625422,0.00568771858138146,-0.05671445558886872,0.009636730353915338,-0.031791036631768195
4436,0.039665404102564174,-0.10044180873740706,0.06459104222983696,-0.04471502581899618,-0.10278964656823006,-0.04861855524880553,1.2775639824320186,0.045403540238335094,-0.07595223107381592,-0.984660017330093,-0.0708804110625903
4437,-0.06621015305915966,-0.5627370531249293,-0.017593231138575572,-0.07659917420984959,-0.12088779600354978,-0.17364779355671556,0.10998773659046704,0.016911516282536607,-0.1251860624005995,1.035165216935993,-0.007362528057301964
4438,0.04058856978410257,0.9499303813465392,0.10949845793222711,0.06064484406042914,0.014970517348017381,0.16678982688340185,0.06531837747846336,-0.7155160997616117,0.10124012449295211,-0.02822858810725025,-0.02665766589920215
4439,0.04730429335150674,0.03705239277789522,0.03662461407315619,-0.632000660997591,0.00614398741523174,-0.021484907298982274,0.0328313999870955,0.8472950876701842,0.06853215514670942,-0.07652544852341273,0.0076312029962542355
4440,0.029807432325606068,-0.0003677404791165833,-0.00099078443391156,0.7675882549905434,-0.017406331241806086,-0.11068040234931346,-0.00020298309863967488,-0.027061017248137045,0.08326050703570455,0.13824290819333318,-0.5527826710577578
4441,0.018863824034874035,0.06818929848211058,0.017985389457389835,0.0021728133564451334,-0.7722068976809974,-0.06362928828983622,0.11262202563323315,0.01767754797629397,0.1452400006226233,-0.08201000760267103,0.8657980938899372
4442,0.15414398801828785,0.07414075830099795,-0.027686195411461112,0.08492084025342247,0.5799809924103195,0.14999816952606956,-0.10923658017436204,-0.09852264177691915,-0.30352858722782916,-0.0009784547682203377,0.04691197034687427
4443,-0.14592271425349215,-0.0939909502546743,-0.01852177214639758,-0.03368902069681105,-0.0017797526646395445,-0.00833099633386661,0.03074150847494369,0.17522699530382718,0.4604404085374095,0.12815458113083003,-0.04330878839197147
4444,-0.003884981361173181,-0.010944234558971382,0.6027378158497373,0.0417171640606899,0.013343782600126093,-0.01093538676337862,0.0172162680359558,0.06319709926264135,-0.02834890304000693,-0.04833158649312347,0.17443771344585385
4445,-0.01424141061155993,0.0867793570004952,0.04281786084529702,0.0482393866357526,-0.07264456214041702,-0.6270724722394535,0.0013888119269616461,-0.07910015069377843,-0.04893409458932394,-0.019754072929159115,-0.014125215874212645
4446,-0.026330629934181633,0.1335148168690503,0.39241775339692414,-0.10688279785332103,-0.2785669056078768,-0.08479095234878568,-0.11013357097126761,0.17328051871456795,-0.050092246468434194,0.008454250630129612,-0.08308106063516553
4447,0.18116380861955106,0.708828106580668,0.007156879924375758,0.04051374058828208,0.01672102860582729,0.16925415983004533,-0.10217036803898609,-0.012512319413478315,-0.054494028773054905,0.018505488315054358,-0.017233976135494447
4448,-1.8590959702527836,0.03585712156526966,0.09758030285003332,0.11457108543790527,0.12151467468529092,1.8283145431548777,0.20530590984802569,0.08543550609663264,0.09635516872428476,0.1899282372694352,-0.0019325635613529702
4449,1.5277672849308523,0.10729728347250304,-0.046854174118459435,-0.022045038431799818,0.13859408255973915,0.037720784945845603,-0.9376359126414816,-0.0842308196891363,0.04729383246738704,0.07973020467520298,0.053257922841899244
4450,1.0414585399887402,-0.016937790826863294,-0.016375480200198876,0.025547704660755666,-0.005350809219086593,0.03402631700601839,-0.04127863283703493,-0.05195492809489721,-0.026453599914188042,-0.024431896920351717,-0.1321361134650113
4451,0.6362183884595728,0.006635349094014522,-0.03451261543233081,0.0061729205722246055,0.01796440957218178,0.061479227045810526,0.05316938791028722,-0.04359190122432078,-0.05416160675566145,0.022178120625838182,0.01906146615906167
4452,0.012556931040991818,0.0058012333783640235,0.07014727216601958,-0.10620561588034093,-0.1243529203301986,-0.19475813623593707,1.3167791850341435,-0.0064189982741164366,-0.09034352582396224,-0.8354455804930716,0.018952814535755997
4453,0.02846207896555434,-0.7182543215652137,-0.06538851281794195,0.017532926777033653,0.0014987718735114757,0.15565659516029898,-0.07421192467331635,-0.008152599359577238,-0.01642084105914152,0.9402645375513994,0.12703085287417504
4454,-0.014334482417840992,0.9801432807684056,-0.045268770850380835,-0.017810699948551077,0.09411193680440072,-0.09973523736453721,0.06654656970046731,-0.5415370516379325,-0.08582844397069812,-0.02123363908422862,0.024124052461273124
4455,-0.003751272046974409,-0.025721382651338276,-0.05404382907250236,-0.5026494654839915,-0.21718416662757606,-0.16819509935320134,0.12079217231683347,0.8167871453513531,-0.029778110921286006,-0.06770166977557432,-0.0639123964219207
4456,0.036217331809344576,-0.09523905020443532,-0.06883172342783736,0.810257510953732,0.03066308406337056,-0.0754301980027426,0.12765101375303584,0.06672098009453285,0.11687833151765811,-0.22080674838905337,-0.6278215365298879
4457,-0.1240432133013693,0.046294731360826645,-0.04205667364085187,-0.03960570444066072,-0.7048489705289749,0.03322399504250965,0.06554050579873683,-0.12737932036593907,0.15237561273684924,-0.009715387852344421,0.9179696392325102
4458,-0.18496658796786702,0.25755708550653106,-0.11329350246314865,0.0787309861518599,0.5746527857877342,-0.28864747322127965,0.07748179733132447,-0.03925736065591836,-0.1776967912180498,-0.015651472928036324,0.0720967337044489
4459,0.028354374620224936,-0.1442617637069258,-0.17673943965887454,0.05362477777062866,0.02012120815570181,-0.02677020208160847,0.017820761572078563,0.0901763198337966,0.5065831092167988,-0.035058020424480446,0.00721196294206174
4460,-0.044755891086104824,0.05490183259712665,0.5533095086562014,-0.052482521595115364,0.1888919847841575,0.09658219794815029,-0.04784906198471356,0.03458930406414619,0.055462968345762975,0.17596782154926027,-0.0630017663639226
4461,0.002454383260929169,-0.013129706130281728,-0.12982098369496733,-0.129384792876489,-0.04702741012168774,-0.6536603848247791,0.005170987397234756,0.06063688597771324,-0.05501851592597447,-0.0019286220997287338,0.0664469239532592
4462,-0.09549008789215477,0.19350926319804868,0.39126019882303326,0.042676328103569625,0.05899842132091077,-0.015546462766659679,-0.022035417277933136,0.10047321379351677,0.16009587324120855,-0.22135331354031587,-0.06377514152696336
4463,0.1165479481296355,0.6241802456858361,0.049142740533073825,0.015459840428698204,0.009781144145730943,0.1428216111090673,-0.030875007699389632,-0.03482943144008033,-0.005488663357525209,-0.0035751895513297556,-0.02267485489134128
4464,-2.1291120523433,0.02314851443853136,-0.05649498460373352,0.03824879559425573,0.1520745651567399,1.5550332165304799,0.22898028283024457,0.0540600024249839,0.039378655819094575,0.09621606888259128,-0.02224173401041796
4465,1.5676797389092965,-0.022309043154633938,-0.15089835646356278,-0.08795038115138175,-0.007219919298614574,0.04477478921493319,-0.9410318776221593,0.012704325159015917,-0.037670658024532525,0.10485070606061514,-0.13362824052100594
4466,0.855651194544172,0.029685038676684955,-0.031470719966511476,-0.1460756998465138,-0.04668236725932103,-0.02386713792928105,0.005631034878500664,-0.16166934162541313,0.05249496947440388,-0.04603222624585861,-0.12041531211403605
4467,0.5800123958188044,-0.05718691889131051,-0.03949820087003468,-0.006220295636559188,-0.010575578240341253,-0.022166508170079972,0.06950299684483018,-0.0652370381918675,-0.04492627390356161,-0.0113794925547256,-0.0067058700300985825
4468,-0.11649022254435883,0.14403063211436584,-0.02288227163809615,-0.12031512312646142,-0.08601961255451648,-0.07937467325231448,1.2549980311606177,-0.07957419284860771,0.20066551943915176,-0.8404704450174111,-0.19556786376191118
4469,0.004255720507984995,-0.7058210147779485,-0.10259636470966119,-0.12025723917007006,0.20572754296711607,0.1283805537594393,-0.08055041843327279,-0.05914171961630637,-0.011963287799520207,0.8875973965315268,-0.06875986722235698
4470,-0.10628158819195925,0.8594638656984481,0.0094306067616927,0.011578559487947926,-0.03298340367626135,0.10517846728370407,-0.1458898204532956,-0.5995617535899112,-0.06459621271483951,-0.10962088869006342,0.015186727636578884
4471,-0.1332974785352688,-0.037194105248231635,0.08667741491672774,-0.47491834638153224,-0.021595378080156984,0.17318251354627648,0.06718396303866302,0.8922288280283295,-0.08659672158232366,-0.18905936653821231,0.03203319225369979
4472,-0.0037617134658510876,-0.09237996487688731,0.07283996094524313,0.8106101918372725,-0.16729164060558444,-0.04166651504486015,0.01941085962695533,0.05230629544361194,-0.0017817325350302903,-0.0832307231232748,-0.6735079499675664
4473,0.1733236842126978,-0.08023584881174543,0.0123323603211235,-0.12163594746972325,-0.6625379008186586,-0.03692416304279066,-0.01197605459538954,-0.06698423787101124,0.05814216912086861,0.015896532185564298,0.8745922408479965
4474,0.08347298525474998,0.06997067782458369,-0.06907337601410923,-0.033766700082407085,0.6252817304726409,-0.1506399657291727,-0.05548197241137726,-0.061814176847075,-0.34282841616478177,0.0465119180909115,0.02143583654652024
4475,0.09840186887374688,0.049247354662970796,-0.19633086797330537,-0.03900200859767722,-0.019845452628613643,-0.16504461261146441,-0.029579343815346326,0.06773554483574451,0.449279340246559,-0.04964280295706012,-0.09959171311895139
4476,0.3371572197600644,-0.00010442940411799738,0.6178613752234028,-0.0644938688663768,0.013231683818992746,-0.060429967372653444,-0.25704746427865893,-0.01758967301500506,-0.05441555990697843,0.04872821356096568,-0.034993004108386336
4477,0.015992926212381704,0.12338906074769047,0.07571239080439926,-0.11633549274232247,0.05363095434910754,-0.6436044179367741,0.03965406075160459,0.08036888771034861,0.03280715370499824,0.05382481666526024,-0.045206061609318914
4478,-0.027329207809346594,0.01820169063446346,0.3893143480283428,-0.04092625522191044,0.06539072701637325,-0.16683427812848017,0.12897438379938286,0.04358303277604067,0.0692249977806117,0.02398627972613883,-0.0900752428185453
4479,0.02054820652898296,0.6088073317907955,-0.0005156682284602442,-0.027000365583707112,0.00010118321756715301,0.2292501732309301,0.277243648233859,-0.015559520745531817,-0.06145194007078456,-0.014879554799371702,0.0022397436930097813
4480,-1.725768819382628,0.009136713914552586,0.05795947712042923,0.01483390180001362,0.0479760473626242,1.4844436639670244,0.08666147556456677,-0.07848885146043487,0.002041378661112727,0.0518442101004781,-0.019369392022132247
4481,1.399556831437676,-0.08250964575050825,0.08777221956902123,0.0027882835083441284,-0.09525445563259696,0.10136628719463438,-0.9175968947184312,-0.036364094539574794,-0.06563928217747607,0.018726155573109683,-0.015219182437292828
4482,1.0717129181494376,0.0966683208972452,0.08672216654957922,0.13518854056080254,0.11524836511280885,0.10927886487968062,0.1356627145959896,-0.23087982667441193,0.0005153183275996547,0.02791791114113764,0.08840991967063194
4483,0.5933474297507166,-0.012383825583248765,-0.07285039779793726,-0.022362550803596653,-0.0473106323777939,-0.008900811140716502,0.028112192626384747,-0.008432161328657366,0.013635096749412122,0.024411020109902377,-0.026138559890004603
4484,-0.002540529626939824,-0.020747846802658225,0.025868529171577555,0.00794339439742631,-0.16270377619364132,-0.03836930345864638,1.3178391200486728,-0.0430234583582154,-0.06832169597156787,-0.9136303938752848,0.11899074676579947
4485,0.03874527263785402,-0.7255394492831542,-0.02456694114979115,0.03264472120865148,-0.041558168379364456,0.04318908191750194,0.04237749844188742,-0.047212323104260295,0.02994914177366467,1.061467181647706,0.10469334396450813
4486,-0.028872194010140975,0.896730702151636,0.026932312468342788,0.06272546409833026,-0.046630754781812736,0.13308999095747792,-0.13604625339340506,-0.6590886925071247,0.018989533679299436,-0.07111198701607392,-0.011212339206527169
4487,-0.051767082804811126,-0.028168916499701813,-0.019645256525446412,-0.4536885010547837,0.08380725194240722,-0.19497923316996815,0.15943927136773467,0.9336035350150838,0.0895473078264005,0.08560454727711161,-0.1776617735993016
4488,-0.035996476797665024,0.053681350747049376,-0.027913244714844347,0.7864982503867828,-0.08268034681230313,0.014442232029631146,-0.08655662312311746,0.025351708886591003,0.018360492973113388,-0.02811175022756083,-0.42007538040456727
4489,-0.03167681173708009,0.045611305363971344,-0.14684871133884875,-0.0036107899073108338,-0.7781917257022597,0.04279988006143324,-0.17662944625591728,0.04468681458427832,-0.003890677183576327,-0.028225905397418576,0.9034588019312151
4490,0.0743662700389799,-0.2702349582686182,0.09648904890501067,-0.08220571874156918,0.6253284643802808,0.08860393161306804,0.0679822965314981,-0.07835604313518393,-0.37771544960795167,-0.05860028393441067,-0.007701981268533704
4491,0.10925186691412332,0.014320252680814854,-0.04503598906948637,-0.00865977132602221,0.016298388430091987,-0.04144781504198616,-0.06233723837871967,0.08187560070214009,0.48276239537168303,-0.04076901230308104,-0.1049851959523756
4492,-0.03555109749984359,0.02966265544555822,0.570985679022515,-0.036786853067706154,-0.007807930784137815,0.09267263000939012,0.007240370928515307,0.08841306100382594,-0.1680028879998925,-0.10294569876551356,0.03726314601350679
4493,-0.031195393227871362,0.04037418668715334,0.1172325126828642,-0.07485695214296284,0.08331775518391081,-0.6994579425328014,-0.1003660821817364,0.041515225824812485,-0.002033144037096404,-0.051746684266749665,0.01771347062733572
4494,0.20763610643678365,0.1149431405724707,0.444042776750161,0.12852650035322166,-0.050201483010251416,0.02003786105265893,0.004743114313294266,-0.03941658974699006,-0.0022169571880662955,-0.07034354037924333,0.19064737294505119
4495,0.17179021816948367,0.6179267867803175,-0.03949318023770837,0.01586544588178576,-0.03990041299653295,-0.03221052531384411,0.0983958666512555,0.01173238100207824,-0.07296252262672862,0.10812978930698179,-0.02606617894312831
4496,-1.9447551527445803,-0.1292934198375571,0.09185988021311649,-0.0430181772301009,0.09805688306566156,1.731168767782959,-0.05073799808191986,-0.047595352504730584,0.03233064410098108,-0.09246220312740731,-0.1824059183308489
4497,1.3691036360965765,0.030975756312002306,-0.05499643151436645,0.05409335423645645,-0.21467567676598473,-0.05805116293946979,-0.9488039747511604,-0.01721122440436787,0.015624466305637024,-0.03477331394247812,0.06012609065278276
4498,0.9732323112973594,0.18993674044511769,-0.08287054029958492,0.10210435063273204,-0.08398974799207691,-0.04972518509421445,0.008181713657892225,-0.06428040975229396,-0.08418423650973783,0.017721974733128427,-0.015505746571431693
4499,0.6648260880340641,-0.020402786398314138,-0.023701210939388945,0.051021447922611214,-0.024703814086730155,0.04018931776757099,0.030073240521516623,-0.022776461837170553,0.03299969160665951,0.0002835695149076842,-0.07624865047336193
4500,0.10261635929143073,-0.015095272546893182,0.13351229072445878,-0.0633187972976664,0.08127793540114917,0.22851478154952673,1.212551667122846,-0.052064418000313514,-0.12738336240608455,-1.0473336180111203,0.03617216706940177
4501,-0.03260699764090558,-0.6984926436950227,0.0296902024236627,0.0022805141330246425,-0.07609406196878225,0.01471910740559701,0.06085683503370019,-0.04466604625965723,-0.15046030935901453,1.0075957543796639,0.0059767604024767865
4502,0.17926049590776874,0.8642195296480051,-0.14705767198955355,-0.05165477646023911,-0.06444680636899645,0.040010341948325034,0.0990979151884385,-0.6541945788324997,-0.10928909582735259,-0.005560745663465673,-0.09333387267079403
4503,-0.07356509620596383,-0.007725065677292484,0.09787481812984296,-0.5936256709188903,0.06188783753346424,0.04282570931559602,0.0403107061578763,0.7360030234580918,-0.02657950321345783,-0.03644332386504875,0.015688598142716986
4504,0.11031407171706611,-0.03432827549385926,0.07969853843829,0.7617949172323284,0.049063331167872426,-0.008600948818952936,0.05068596007549715,0.0025680849676453883,-0.027445970797086508,-0.1393224292615423,-0.32770582442123325
4505,0.1223514250366955,-0.038399417887833694,0.05293446519053531,-0.05222595298336933,-0.6852832648917269,0.02044282395879456,0.13894966205186102,0.11059577546017865,0.03621775173302423,-0.030379533706180004,0.8451064154805418
4506,-0.08145189773527305,-0.05621441239262579,0.005822119023600688,0.002710141201509109,0.6114574961300882,0.12124844826577169,-0.0361726175742495,0.008776588877780628,-0.3531442260908143,-0.02814168339408766,-0.03654922030579729
4507,0.01415651878714885,0.14296738462610534,-0.12896620141410992,-0.02360419258898352,0.021555138362544142,-0.08403836537274939,0.0614101040045222,-0.0248888168958407,0.4494329353761358,-0.021353953178971624,0.10553999518886381
4508,0.13544875742567292,-0.016714168279873307,0.5579021937346517,0.0485021511453909,0.03816089768676162,0.019840122586685157,-0.15654285868118123,-0.004058441640357633,-0.09492484367906595,0.03795595443791638,0.04846471629970326
4509,0.02966250522255723,0.10322711883138339,0.17247206980046526,0.01846265621512864,-0.02627041253198461,-0.734427250496337,-0.0029801173255219644,0.0189033236948938,-0.0031636731705132724,-0.14229026944330309,-0.04951015056244677
4510,0.005357202738046321,-0.19332135019055566,0.44405056034921075,0.037323131234648595,-0.0682510786467848,0.04511233295630543,0.10151514106058891,-0.0036560370507386355,0.10797244497650002,0.04146181246422554,0.07918803237562161
4511,0.1575229634688285,0.769569382951553,-0.06889823218689381,0.07421961667069546,-0.05413927249528895,0.09185277941434095,0.1516022923760254,0.027911016662200666,-0.030145632103532022,0.008785364626637454,-0.00665299458792642
4512,-1.6227578926464985,0.039644297893185534,0.06254748106354932,-0.07981145965499266,0.03999934527726784,1.4147198950442978,-0.05588979456886307,-0.05167049853089463,-0.13368879049961593,-0.1139237167601217,0.04541625618751758
4513,1.5355120260596826,0.022457898321585082,-0.09920550310688828,0.13507909256313372,-0.027908823809162455,0.14041477151770998,-0.9984616633731673,0.006586977012881194,0.04710107169090964,-0.008579188515446232,-0.017711479491816794
4514,0.7401468990794923,-0.25701366490412825,0.04375942401498588,0.057908719654839735,0.04958122990510793,0.0758668798773855,0.024819028129175344,-0.11845256619536275,-0.1419381160660095,-0.043664733115324,-0.07780593842593439
4515,0.6464998132050244,-0.02146069031872741,-0.06320716108408272,-0.035345704536794406,-0.006018832031372021,-0.003367580378212276,-0.02746961917101013,-0.06186464462683331,0.014842297637944521,0.00701174817148882,-0.009170712268360378
4516,-0.08747633967669324,-0.0943300356683866,-0.06515669240287789,0.08355966465626836,-0.03408565019564079,-0.12529678678506678,1.208097902206432,-0.02519227413971367,-0.09535298582790498,-0.9994551885233199,0.07334893889392283
4517,-0.04260998650581109,-0.7122733850687076,0.041473319768487685,-0.14248642665724223,0.04148444034113762,0.17271360183483173,0.13787573633547723,0.08668473273947085,-0.02381853143857316,1.0135925806503618,-0.029115982810200596
4518,-0.2050069184640459,0.910894505090133,0.11727968610174862,0.027809056686887174,-0.011424012738011767,-0.07021712306495886,0.042322164163347595,-0.4904962442435035,0.07840719131856064,-0.014782302226030768,-0.03951234877535048
4519,0.07473526609869746,0.0410890004876703,0.009200831659152768,-0.5577365390595515,-0.08761810973275788,0.014404947746158418,-0.0195376488277256,0.7691176347585098,0.10012349390652946,-0.027449701911924494,0.1817661977783336
4520,0.029108030671481964,-0.0903744297671784,0.13285436592393288,0.8075374458856532,0.03603850390825967,-0.06951901066200922,-0.11939896894663554,0.01805651719605927,-0.02741896881540793,0.04647721922191915,-0.4546284665962013
4521,-0.022730635498878916,0.1115675496413964,0.1285602233208442,0.05965615491278102,-0.5123933748456969,0.06652834838312283,0.2687722297639043,-0.10607210895112412,0.05610004722311982,0.025284877121290312,0.850606247785483
4522,-0.008407984400129423,0.02700615960558768,0.1638784904564057,-0.007954106368202738,0.5811840166923594,-0.1014649230126378,-0.09427559761016346,0.038462188852807604,-0.15280573495982525,0.02092999521616247,0.025183808227673465
4523,0.033685754062122264,-0.15733294036532475,-0.09949242702583655,0.04337711731309103,-0.08887350453195836,0.04493940670354693,0.08806087827510015,-0.006196955646818434,0.49914243489126686,0.009380698510405861,0.1259126501558819
4524,-0.06036350070688466,-0.07108017926227908,0.5740028797661875,0.06562423180371345,-0.021805204319792257,0.058877195905645247,0.02160174743679278,-0.12154869511897064,0.010162235467444894,-0.017461196773566362,-0.18447400819212353
4525,-0.035199668183222815,0.017102138955895352,0.0406453621006009,0.08743789213131653,-0.07447081449692423,-0.6404402122964132,-0.11327662267747723,-0.02417188136871308,-0.04031789944211333,0.07911317208600516,0.041355998945512965
4526,0.028773114943847135,0.01359036471963725,0.4217136422040855,0.026459155542712512,-0.015146090780783592,0.06391183956263462,0.02502300076856771,0.002461572982464922,0.061852171865091184,0.08162155820443531,0.007319076517755211
4527,0.05790278330608297,0.7103877776679299,0.01096108118513765,-0.00025028127972100784,-0.011905778981433107,-0.013139902264200774,0.03297446886344213,0.026148577200080216,0.07880084663651643,0.16909816659389593,-0.03251582084231497
4528,-1.8370806833651638,-0.07210284691289949,0.11555392818029336,0.06659027777544137,0.07609389051262863,1.7723744415213232,0.06499275815504835,-0.051569509865226355,-0.23021915564402295,0.08904287226390267,0.04292196780310888
4529,1.5608673513263036,-8.313639287219933e-05,-0.11044688901647341,0.03181905221495595,0.049230133702303065,0.21820312520939847,-0.9275058067299677,0.004600953475888283,-0.10324437099114114,0.0215178620893119,-0.05880136515578139
4530,0.7281894763917167,-0.019671608447493362,-0.08805921272045322,-0.06141885331959569,0.024316064525621794,0.0391769422068273,0.026261836400566806,0.10968845610469823,-0.037265995788020104,-0.12182902381540948,-0.08741915764199523
4531,0.593478469823279,-0.02509483814464296,0.11356297138147584,-0.08936256336518461,-0.01055002967301813,0.003667264635101329,0.03909200580084046,-0.036895209290154656,-0.0278148356924769,-0.040030196185717994,-0.019977347459810467
4532,0.010498003536994533,-0.021539653146797344,-0.11122771926499672,0.05149466589966862,0.02530926223966828,-0.035558342803763236,1.2307703007873205,0.16162726128719251,0.05671141478067484,-0.861618443158375,-0.04844487780689016
4533,-0.08454274650022112,-0.7265858177275406,-0.010142241014122942,0.18686664486814186,-0.042196329610488796,0.015614294530227835,0.011441426536429421,0.02222719960177541,-0.06101780565699419,0.9773744791265896,-0.03027817892425765
4534,0.19873863201021094,0.8108079109546981,0.016287479219910802,0.0038594939325889395,-0.027178282284159104,-0.0799642983510563,-0.11086237476236997,-0.5451133386667579,0.06082946675244939,-0.025004754741844153,0.05717337525539919
4535,0.06399050715034867,-0.08317445719395723,0.0018169128575126845,-0.6509310611191175,-0.09624764525519981,-0.07563065808867145,0.10101977445042447,0.8486781577646555,0.006340005485759342,0.1104959233468473,0.028539344014777278
4536,-0.07705294832757086,0.006029497773919819,0.11326557400858359,0.8033249804914562,0.016444298770925802,0.02418192217457371,0.04682016487541725,0.035957150152169444,-0.113678497330623,0.003378608117150806,-0.38913123410645356
4537,0.05375732907975654,0.05791789841863772,0.051226636442917035,0.006234338197673953,-0.5096826957215908,-0.0556764828633127,-0.03279877114612972,-0.08883224246388609,-0.04895780477626217,0.006317796226352952,0.8675534882611287
4538,-0.05661063668267334,0.17044247577641827,-0.15499075738159332,0.014204721216241202,0.6432628358895867,0.11501089472216805,0.04024450714267253,-0.05265273676497664,-0.09211294773332612,-0.2780049595744606,0.03378554631891427
4539,0.0891737135265953,0.06319953992530919,-0.22839605626404746,-0.20516854446758026,0.04185830781016183,0.010251730768772657,0.054236655401657376,-0.08030608998119511,0.5146113204307644,0.02183778237042096,-0.02442548524639621
4540,-0.057101719860890535,-0.0773257798513762,0.5680501094707341,-0.06408956279794122,-0.004456313726353077,-0.06880241782330623,-0.0339508685171332,-0.09857426781214548,-0.0791013015682479,0.0917761779067146,-0.23814498930228484
4541,-0.0004214008304110541,0.023341197424003878,0.09022469493732413,-0.0570094186245564,-0.04689578285643151,-0.6694124533621331,-0.005588887563162942,-0.0165271135940808,0.08257307701239669,-0.018913677964835705,-0.06464130109458667
4542,0.10224680454585502,-0.13443319613100105,0.40299222672273577,-0.04487519302707033,0.061035419619535125,0.25604437851597933,-0.007740247493153587,-0.01983049985753717,0.1026245454955715,-0.13348257110743375,0.1013067262512013
4543,-0.18741340423678257,0.627794125627332,0.016482344562752882,0.010218906518494627,0.021098962080717886,0.01783814424396987,0.04941879601905502,-0.01253044050675126,-0.06657407739327728,-0.029284354909652456,0.020856944042539217
4544,-1.981855696155406,0.03399589562233361,-0.037936715546913,0.05696507314794874,0.026768156939562433,1.718702548810519,0.11236398860759414,-0.10012747621690825,-0.02933541022394162,-0.023229634063257492,-0.006564983888572155
4545,1.301185821618093,0.010979701794284402,0.0903449190440626,-0.028733638772952815,0.005610489584936346,0.0023762207113511872,-0.9415058894019874,0.005423975610037994,-0.0043270229690675985,0.018687421328333034,0.12241073654105916
4546,0.8895061272826525,-0.16488643607976228,0.027513663571016016,0.005411505256623948,-0.060785867856333275,-0.14884736035523966,0.06828465491093685,0.08671552576818951,0.02538893937678698,-0.05314606714818127,0.061654088819758895
4547,0.5958609165532995,-0.008671546738389824,0.05120368274260395,0.055580221660146284,-0.049329750093120815,0.019073230554855512,0.014081326261079627,0.02950391203298392,-0.030097300989796957,-0.0060370476630727515,0.009781297155056073
4548,0.023699394089260268,0.023086297339947548,0.06903126645369344,-0.11153891012423219,0.006278430951694742,-0.13597849719341068,1.232290889277549,-0.1324477510041589,-0.03943675837916011,-0.8801589217710392,-0.10464385785659466
4549,-0.014336345983353439,-0.5738359072051955,0.04574712555710501,0.059915321572131267,-0.008208069164929083,-0.021531914274668967,0.04847819375590118,0.08940502114215311,-0.0011078443527832637,0.9553801491501612,-0.07845847091200979
4550,0.0166343666678264,0.8811914453003747,0.13852452407325297,-0.04123287564236096,-0.03320194342948314,0.013874643359195254,-0.04279431779628027,-0.5099185615593413,-0.02512612067202512,-0.018994580440532028,-0.02015446147091104
4551,0.006593290912763923,0.08575427917272,-0.07218854748992289,-0.5072433096452262,-0.002215631604848809,-0.13141395400910538,-0.05394276947289312,0.771670228311536,-0.05963666346425582,-0.026610628049312947,-0.07035750086035528
4552,-0.06575776087724858,-0.16751824131468013,0.08804186648295531,0.7762858892924563,-0.1345547457975058,-0.06284604824354745,0.17344463926890524,0.07476762041466731,0.16516328097961536,0.07759610593096748,-0.5189050380509418
4553,-0.10287451691193351,0.028978160871269157,-0.027252972623831615,0.024213730580094323,-0.6404685849872093,0.11557782365307112,-0.027723367283413007,-0.035550572508898384,-0.03666447378767846,-0.14361405638868308,0.8983433057453577
4554,0.001873968115460028,0.11213367545407803,0.0679199306774657,0.05336388959336858,0.6334964208515488,0.16541235433371196,-0.014561411676515163,0.009080431284853013,-0.4659852644926322,0.034559102102659854,-0.008074928837382306
4555,-0.061563501056235655,0.002182784109443921,-0.1268226880007226,0.09152877528763209,0.027739746488279336,-0.009622306406018834,0.11184825267106627,0.15197902487684675,0.5208995426048154,-0.007897185982798774,0.009609468501843002
4556,0.059705406433385844,0.09319311220881518,0.5782193799643066,0.005768207010552494,0.03020626049225076,0.07070728272413772,0.024688633003031583,0.012022317860651742,0.039149274644654064,0.20639716669902422,0.04732536314177136
4557,-0.0026748518137271983,-0.09951952234385363,-0.034411105136164924,0.02852840202918856,0.1254170914910368,-0.6700450301950442,0.05994079834649077,0.03708300902408219,-0.1739554586628254,-0.0517480787416697,0.02768995815739228
4558,0.0636890323979194,-0.10525697375449802,0.43145414629623857,0.16528201811427234,0.058115921715220974,-0.004604594561524903,-0.052614745919818004,-0.05461454462634316,-0.12884430873969652,-0.043055747407879846,-0.09899730706749076
4559,-0.07894586165119365,0.6825603536907618,0.10450923544881521,-0.012178974414185788,0.09899385691450836,0.15382669728482468,-0.09382392607179661,0.08680083162779115,-0.0023118117237198197,-0.024270542495717085,0.03549393464523183
4560,-1.7963773656761464,0.08219953365755478,0.14670193882413676,-0.10687080502181993,-0.07134086303212303,1.8390136059198117,0.06119842045048569,0.00025735943773754454,-0.005360425551248494,0.07104370355392371,0.11616932498900198
4561,1.561891359845321,-0.015720980399840472,-0.09175664332797803,0.13870797381939431,0.16966510998270928,-0.07376273667766982,-1.0158614814879143,0.02733877295978248,0.056120325810883526,-0.035702392635693185,-0.05072797865339291
4562,1.0059432382246867,-0.06835144017031047,0.04662036410821495,-0.19175170969862573,0.07859034703646114,-0.01691103030718201,0.0937079096617395,0.0020921117327728955,-0.08657321114682877,0.02705365858081401,-0.12418871156079954
4563,0.600208809805486,-0.057245496565957385,0.03575712020318675,-0.03346600731934419,0.01860652580829243,0.045101813731427215,-0.013144576126928736,-0.04677118764020144,-0.04899330498016929,-0.018915312318078737,-0.0637672225129333
4564,-0.06456460987454177,-0.07466088313549758,0.0042255844011868885,0.020543660783462498,-0.00534277800526985,0.009183828855756315,1.2680070445829832,-0.07654223435543249,0.008614251686682568,-0.9146666955518805,0.13724354330209343
4565,0.19229037498600277,-0.6060611486996702,0.027928736857831007,0.18342237620546817,-0.04148098394987343,0.1606005291656484,-0.05665247728235709,0.027296108124196843,0.05495131116578001,1.0540258836669931,-0.004848883262994218
4566,0.09011090360183521,0.8982240596975121,0.01857661152239322,0.08591037733147487,0.01372473700434814,0.062013317877409734,-0.023800831207650835,-0.6606833814682173,0.09303036089635396,-0.018112061364494447,0.007450387706442261
4567,-0.05823115721879211,0.024828368634724287,-0.1773126477282891,-0.6511205868022751,-0.07866548021049082,0.10712205508718611,-0.03001717597881507,0.8209851886280345,0.03613847881139798,0.06262349655404939,0.012273385530453203
4568,-0.20542370930019713,0.08715951076118085,0.10268235603917127,0.76967493976707,0.05034165521927754,-0.17943807644961413,0.09797929648626721,-0.03598177744017473,0.17114608112016852,-0.03565627565743693,-0.6037267846022402
4569,-0.10312022645823547,0.08877997087356432,-0.05699224696429291,0.05215567107114907,-0.5076566440537531,-0.047304705874488234,0.07995787233981574,-0.010190236183064815,-0.1580390832730375,0.0556376395283586,0.8946219198008171
4570,-0.14688723830815217,0.12264722737758997,-0.0011693966143155148,0.0017240117002200314,0.5694671307799395,0.18763753406570455,-0.0971116940151653,-0.02223805120079366,-0.0472641137738844,-0.07064278534194231,0.015405877647973326
4571,-0.05097456589435849,0.06247537002058003,-0.19712802875672591,0.061031411858297774,-0.057288426719231116,0.11432902697804723,-0.16965977402767032,-0.05359418800384396,0.48025678809743066,0.16481406555690858,0.01176248266021674
4572,0.13981970397856694,0.12798367948980657,0.607214087784844,0.018507356655153732,-0.014762710934803549,-0.1116653769136873,0.11246143952894379,0.10578811086842045,0.0024377595128644326,-0.034664420856350735,0.03415286882402413
4573,-0.016852572796919194,0.06333585654318345,-0.051075332154465296,-0.04645279010763298,0.05929970842421747,-0.6500270141721393,0.027155242891577388,0.05989083335246596,0.08432783931571529,0.015138547058270755,0.05578399282179189
4574,0.0006937441289623317,-0.012987583370302728,0.4115768858435674,0.0431971781864319,-0.1942079566605454,-0.14787407387846685,0.09485401003581408,-0.28022239752400857,0.01743423803113225,0.22018625286547142,0.05872655300359708
4575,0.0672469578792223,0.6318187162781095,-0.07994332644563526,0.011984958601348595,-0.005733549280107646,0.030356377098450234,-0.08270252475285775,-0.01321277781842745,0.07835311648457449,0.12075932350177453,0.04327085751234747
4576,-1.8090967623868923,-0.011786651044387626,-0.09298532798962898,-0.082151919571441,0.09991892824022368,1.8718477859452007,0.16688852278277172,0.10873065638865756,0.0633605831184398,-0.022869483638579317,0.03408636105517136
4577,1.4272944837012769,-0.019024386743187422,0.0074698595673894025,0.07124698559874965,-0.11041013600302493,0.1075427873541758,-0.9378605747646077,-0.04531224191030648,0.09328706263807032,-0.041440276287210025,0.01372780427026701
4578,0.8088518978829261,0.05636238392397865,0.06683667397381135,-0.021972267090167332,-0.03570847762130459,-0.04900974226731668,-0.03753596463363146,0.03444756196352161,0.1282635014751246,0.012892684432728032,-0.1745651034091869
4579,0.6080993844186229,-0.014658325711094454,-0.011928221649338506,-0.032058303709068404,0.004970607393085237,-0.0436750245529748,0.01697610999350674,0.025000353093618977,0.0029408121559658783,-0.009455583571212456,0.00886681255967681
4580,-0.2879795742151924,-0.03696053561728516,-0.07852318237089438,-0.06939063809250182,0.004900960650686114,-0.0053721750326920946,1.300169333009914,0.0194686403539018,-0.03496351069938186,-0.9081126766384265,-0.07563791624571858
4581,-0.11944000129231387,-0.6346356488324159,0.0880201338828859,-0.08688963569533105,-0.05050904676844919,-0.020469687948705115,0.0430348359938933,-0.09997556592297757,0.010167840012344222,0.8722903979867487,0.0661357240108606
4582,0.11406095834608555,0.9572424121498205,-0.053056313631013576,-0.02846763191222719,-0.07223515171428292,-0.08934967521618845,-0.020500180618351016,-0.636121313902287,0.08560035576337208,-0.03768350096749853,-0.07105752439355405
4583,-0.05018877923439942,0.0732460659084937,-0.026730521838846822,-0.5821847833082693,0.08102101889072182,-0.07257084929346105,0.01587607522237152,0.8702018316692289,0.013417913084879909,-0.1493633759406893,0.024746221506530074
4584,0.05570559171607517,-0.1602458169490272,-0.06026072317208899,0.7555421526203309,0.106142587320697,-0.0010607440091928502,0.1249305198278167,-0.013655577135854701,0.13470505404009137,-0.2266530228420289,-0.46405951953040764
4585,0.025558261120252147,-0.10949673168138394,0.12721070291045036,-0.07631125348744516,-0.5578613779606213,-0.013357971263800495,-0.17216980226229198,-0.18637127241090296,-0.006929212448484108,0.1308644354067697,0.8240091597033569
4586,0.08626963498932086,0.08357987945107619,-0.04361628187257903,-0.10958780417715776,0.5824964445126918,0.04875822769574354,0.07135218060953977,-0.024260861399429682,-0.14508241878217248,0.201677256925741,-0.027985169084244324
4587,0.032436870696603,-0.13727801866267159,0.044378208351154344,0.14306947252805985,-0.01242561969660138,-0.010861053671330057,0.23586529146704885,0.051380137939325055,0.4873872811313728,0.05605321876526197,-0.017653358981180353
4588,-0.21276438886990154,0.011793264026722955,0.609434343485546,-0.026636409848332276,0.2485749021837977,-0.05665483834339525,-0.2335697627040488,-0.23151087322666664,0.014148943394653571,-0.1545146128826553,0.18949009071499193
4589,-0.058896906660880086,0.019154889980258764,-0.010774944339837667,-0.1441153761270941,-0.1287511648125647,-0.7203035116224348,0.01387811883471845,-0.02566353444429729,-0.05612960860087541,-0.011902707926417035,-0.06868235964844292
4590,-0.09641476117916874,-0.03501949786599003,0.4160275573726467,0.1287832102845506,-0.14793706304755946,0.06153507060248844,-0.04478372815485787,0.07349176111388551,-0.03297301970145448,0.21327219680598342,0.054411139682290915
4591,-0.04441571636598296,0.6764072389785016,-0.04732072628451244,0.005896606602193544,-0.014829912601118492,0.11537076983858859,0.13353668039486283,0.03604369039306003,0.047749420336794274,0.09774379892476816,-0.011754438630911242
4592,-1.682909758566908,0.15566300674366332,-0.15404595718682149,0.0682651694665821,-0.036120789610628735,1.7625183541016334,-0.09495449155780766,-0.0809275543533034,-0.0982434446391284,-0.047030690415033334,0.07524589578661711
4593,1.5805478483492736,-0.041680978472092026,0.02949099671842983,0.1783123848879525,-0.09414851535589586,0.059267968448071154,-0.9011545491942545,-0.05565629290662338,0.01579385790187804,-0.10519991891005143,-0.03165024343789929
4594,0.8128668631457552,0.03847818845655183,0.021854513924456895,-0.03142991682501519,-0.0015822326887002794,-0.07618174312198442,-0.006300013517003031,0.008956950093327355,0.0040966181566118275,-0.05682819890402585,-0.024140056464792066
4595,0.6545363031456515,-0.034804015913202875,-0.0472663014107421,0.0016106212800809537,-0.10132213182630107,0.07115496932743573,-0.03475666468260986,0.026268420482715875,0.05700975160999844,-0.029201933620004505,0.05159147322361309
4596,-0.1213499807548952,0.06857526225856111,-0.049494760037961875,-0.12290223030271533,0.04611070052824004,-0.0113404939577337,1.38717866186476,-0.017934385013272214,-0.05607892783582896,-0.7807636368143084,0.051396858061951434
4597,0.011089709265104128,-0.6610763360956545,-0.1538757159028865,0.02740677051197009,-0.025435598764032112,0.25029643747826874,-0.11342386889573214,-0.09509108274607483,-0.01382115240773645,0.9888606208235379,0.058395831316488164
4598,0.005625701067909121,0.9065119694105755,0.0783532400145102,-0.04022886527307648,-0.08140987844521103,0.07092673286941317,-0.046841752741619024,-0.5834955827122937,-0.03805239593147586,-0.008638521434968474,0.06220544739249925
4599,-0.040563970744057244,0.07659124141348905,-0.17906027803251517,-0.6334358593405502,-0.13395072330006508,0.0038395773333874555,0.06300124989840254,0.9103335032815951,0.04941475157169205,0.0721727571401341,0.04346747396912591
4600,0.015819692787935657,0.013573731857912042,0.13079828773963753,0.773897525574963,-0.11752296800185402,0.05753393305366723,-0.06892158893239245,-0.018426529882007776,0.029657459618315233,0.10437866847135965,-0.44578762846089925
4601,0.25046777965735356,0.11687516765532825,0.03946628851238473,-0.12405277594798488,-0.33529923238678083,-0.0016639842500181141,0.15767458403265472,-0.06662530674457567,-0.0011788386591835894,0.06580539403081202,0.9137908055734723
4602,0.1308287987122444,0.012336433286060296,0.07703101361060559,-0.12054255716453278,0.583521121013814,0.0537201808729997,-0.118623406932749,0.14397212011686136,-0.26805736185847473,-0.00237161634605404,-0.0017664026551684102
4603,-0.011277341022321998,-0.12273117618306253,-0.11852882664441743,0.01120660063503948,-0.04479346014064613,0.18262023846765776,0.172782687962449,-0.2734054941201742,0.4348840123732367,0.11024324370279673,-0.10900902438996597
4604,0.22292482724071355,0.0476589975629095,0.6054368926569711,0.043064254865991955,-0.008401131983205523,-0.08445127012617704,0.20235318633602822,0.07411201325702137,0.032245196880122964,0.047562568781175325,-0.015130176522114366
4605,0.06366487479087281,-0.0912471268465521,0.11467225575401419,0.041233229540372,0.026264980466063355,-0.7007578892767148,-0.0615654378757856,-0.06793336435723622,-0.018061146098653138,0.0896536330125813,-0.09264796312338436
4606,0.11160916905193662,-0.14399086338812453,0.43350626832957984,0.13334581562765943,-0.03039728512301888,0.05319746866554555,-0.11454714835414154,0.09612214788350845,0.0778220866943133,-0.2031375716432688,-0.015458382606439669
4607,0.11559079527311658,0.8004590860754842,0.02500424120371849,-0.08133713921779409,0.006913685375068986,0.08132054883641529,0.14240359695487423,0.05811740003522156,-0.022038244129437473,0.001184854069071992,-0.012846349318697542
4608,-1.6142998919768394,0.0021835118610993628,-0.058906689744506496,-0.03669293387056865,-0.004793788578406936,1.873457063964668,-0.04068335801707588,-0.0022954873163937555,-0.12609073910346608,-0.060321585157714665,-0.06986534788631868
4609,1.5023236222169225,-0.00421953374741871,-0.010730153093322242,0.12507965509779276,0.008404614868077547,0.1866717980175095,-0.8835057879431825,-0.10819814607581026,0.0010622385283388758,-0.007807987082804155,-0.021835488637990633
4610,0.7779469176154249,-0.06512638297677217,-0.06607312079074985,0.10575106898256612,0.02097115070980385,0.12233469841222185,0.002811746747043908,0.046559792836333366,0.12252197226077086,0.006066043257284958,-0.03621213214337687
4611,0.5829884658140785,-0.03362048432146961,0.10472211531138981,-0.06537559362641718,0.009887255849679574,-0.007431182022489144,-0.03880399380409946,-0.03643087293576794,-0.009493957885455621,0.032778337216197745,0.006664532006854897
4612,-0.2000847415843338,0.05536102096960927,-0.16639493802224795,0.028372112854421185,-0.08291562539797157,-0.3377700221248201,1.1881742190529112,0.014739533623056385,0.07068004758129152,-1.0106190847846015,0.05770646087502902
4613,-0.05841314601139838,-0.7044838635498344,0.09870356591397483,-0.03973795867704418,-0.09603285618311357,0.05768674050129212,-0.0074700055192879825,-0.020544695350669603,-0.013374322848440794,0.9654337491841185,0.024758336586359616
4614,0.06663863291579089,0.8728640993132073,0.05314238966012619,-0.004032832743286842,-0.006442139606232109,-0.26937263837438086,0.026026868418940342,-0.539499327738666,0.060103464265940224,-0.2410975134006432,-0.0114828561584235
4615,0.05836138732783976,0.032848684838476805,0.051995508130942274,-0.39100891153428674,-0.1728009925062409,-0.01022660588584639,0.04031122452220813,0.8322472353032541,0.00302639182130323,-0.058118369404435856,-0.060338769487680195
4616,0.16760322858405577,0.0520165978169458,0.1737194663952456,0.7545856690213639,-0.0032561917835100865,0.0070494448057309795,-0.0006126226324683973,-0.026657397219432135,-0.002094123250628654,-0.11167744152122432,-0.7085431966312192
4617,-0.15797877306660624,-0.08934920640528274,-0.10223629713710497,0.04349201196073321,-0.583215864327772,-0.1224294783175494,0.027436032955271552,0.031286031344005344,0.005761077604617777,0.02419915958714216,0.8918596675365611
4618,-0.12251825842520872,-0.041933586497401275,-0.013177959309207982,-0.06858435149752715,0.6602186868170385,-0.027341601972226577,-0.03080525004632714,0.0322277371611571,-0.07421273256740199,-0.14647220655635698,-0.04388268700149769
4619,0.09605020032645015,-0.046833170032532546,-0.22684618117131672,-0.018635386006557925,-0.04926920667664538,0.03145955803208427,0.07574863153709588,-0.022781156904195292,0.48823291857432777,-0.04715628490272168,-0.04422922294662336
4620,0.008326720656220381,-0.027614850028730688,0.6249976005506137,0.054395716641653144,0.08567614736982804,-0.11293241060664641,0.07916320294385512,-0.07393941599544497,-0.00770711089930708,-0.029972256200894547,-0.04685193365382816
4621,-0.018347432293980642,-0.0258148062242647,-0.017240643137228534,0.017372123547015828,-0.10727899890986677,-0.6551906016893497,-0.0041989456818878265,-0.06389596235905286,-0.030608411817066142,0.010338257704772015,0.050986194103232345
4622,0.11862988280413772,-0.02236871585975398,0.4024070406107968,0.0064492972203995,-0.04790271848910694,0.02689167671751251,-0.09460648054258965,-0.05419830373469563,0.002665513520335834,-0.047432828039370815,0.07467557414419779
4623,0.0330275031132909,0.6500859607911048,0.07144405156870512,-0.05508609436290502,0.020616000562650012,0.09468932826122348,0.039833210465836155,-0.01615191887428997,0.005118306802998306,-0.06273500338520013,-0.038622218285183994
4624,-1.9235440736810898,0.13219907850315504,0.005529549611821468,-0.02113489699094238,0.07845636499951025,1.799296965604055,0.1819092239373491,-0.008043132248833707,-0.08545944288899067,0.03854699493434799,-0.0518760932444907
4625,1.6565037640387805,-0.03178210691992382,0.021929833692299856,0.06958516795610126,-0.1239314432168878,0.10067939253171022,-0.9810904883686116,0.0062206608081731615,0.037344650988276246,-0.05171637674112317,-0.07817104289978986
4626,1.0624884379874815,0.04632793401330226,-0.12217264353793003,0.012884368150665706,0.11437900734582813,0.11057762336898423,-0.01919186004467182,0.014214383967602218,-0.018166362182987124,-0.04219467033550961,-0.0034599864020221365
4627,0.5513888169218573,0.018858941289720654,0.09953538024149702,-0.009127520448404019,0.03576588737839291,-0.03113562279477261,0.011032463285569076,0.0071401509329177965,0.023870372014882284,-0.0045131032073034896,0.04866245902054751
4628,-0.12220298511961249,-0.10436176695650658,-0.05438711847527524,0.07433929231654093,0.06111105796830566,-0.01373771178705023,1.1883052952519495,0.00867729000093109,-0.011126170566549503,-0.9215446362777062,0.0111575307455304
4629,0.15426542016799805,-0.799159209203013,-0.0317753770384719,-0.04426358177077437,-0.057021242505117,0.16670553367860716,0.029200204985020108,0.0078089472387912985,0.06682204315255731,0.9853547718136104,0.12953829781566203
4630,-0.18316962111293628,0.7744400410675923,-0.15427101021672548,0.016187236094322086,-0.08048969828964302,0.17072704052423826,0.08709439466062432,-0.6737109003782005,0.1277814680436749,0.055010121115582886,-0.013460821868773277
4631,-0.13850773843972752,0.024584247775340944,0.07675354586752706,-0.5398045230059376,-0.08161320259159814,0.008165135438895688,0.15492751158390602,0.8948640122319237,-0.04878031547996978,-0.008409739915355242,-0.0733273461134996
4632,0.1772812924360054,0.06266287164267255,0.05771181770326476,0.7739017138831014,-0.09950920932985348,0.022190537140045652,0.055884503568897174,-0.06383569575784162,0.06455061733051137,0.11501552383754023,-0.5530248851260471
4633,-0.10313756668877774,0.05258063657370296,0.0770303388866383,0.06966828631217116,-0.7605864725763858,-0.11840075423220105,0.1526817364970081,-0.04000699436802172,0.04564739269217403,-0.039336706827610236,0.9452292151973886
4634,0.18382530630112687,0.016191898645575,-0.02326441701787153,-0.04052129747681904,0.6123738026805658,-0.045756599567534764,0.16073595337760974,-0.021581268950032085,-0.46149154738854237,0.19286236055184222,-0.00625792499689109
4635,-0.03338097494175206,-0.09428086298988358,0.06187940625111639,0.13298455203974585,0.016068535097685542,0.22759673133854216,0.11985788391108017,0.029353036217566998,0.4888177421099769,-0.10619196263188686,0.09064430706241298
4636,0.07189714266283041,-0.005118485052197058,0.6105726947252118,-0.051666688774886615,-0.1691630669401271,0.06890434277251489,0.18393572632601274,-0.17069504222632023,0.07288118166915537,-0.09201534329601457,0.08177470428634868
4637,-0.10436639615495306,-0.024478765466577644,-0.06890020368684652,-0.10055398735901264,-0.002030936245849347,-0.6890297683958151,-0.005762850894839207,0.017253888949842523,0.05387611540325917,-0.007001850518636268,-0.06582615756630958
4638,0.03435540242158127,-0.0010728751229007287,0.4010869853178847,0.03267104161214223,0.12276664317202053,0.04034289093551806,-0.007898752105387392,-0.03252177773257779,-0.01159883012173686,0.05694909890906729,-0.21116172231901126
4639,-0.22368033800133744,0.7029550414996911,0.10070057217920095,0.04361915999954573,0.020337982622887434,0.008588794919608837,0.15086437611090675,-0.03752287461709558,0.006991943542177997,-0.11578510335685989,-0.02557163322822714
4640,-1.7359319141517966,0.011892737544614892,0.04068606719046819,-0.019902879808064496,-0.13816564786175076,1.6785717661803068,-0.016404301509348133,-0.0740611399842559,-0.07021176558387415,0.03574973191939159,-0.005013469129009081
4641,1.431200792234468,0.044540111723518905,-0.05444662561579237,0.031182729366910966,0.03611084442218206,-0.1476358159808417,-1.034117767803492,0.017060976102076034,-0.008560260182853318,-0.011853446817959351,0.041146634680811776
4642,0.8231055388489966,0.022695680152481842,0.08700974949911965,0.05521978370836947,-0.003359650849144108,0.13573058095959495,0.04425379950986301,0.026893281930775722,-0.10748275564831439,0.1110325364484877,-0.16287519890634714
4643,0.6565909946826619,0.022311554127527077,0.009865382526148138,-0.058441007274229045,-0.028103220455511817,-0.015887392379180347,-0.0022204852077262116,-0.023702151539585624,0.02715248290307179,-0.04085169825490151,0.05459196031539125
4644,-0.003576478359780544,-0.12033955273078364,0.08854800208084967,-0.037658370047599504,0.079812154049157,-0.14632687190836066,1.34802263422233,-0.10107672683408529,0.12533571840717217,-0.9219863727788288,-0.11539382650533847
4645,0.044560349566144276,-0.7061448544433568,0.09788496363156776,-0.0014285478098512699,0.059932630235345646,0.04516290650605438,0.09686049770852045,0.07513519894876194,0.04540676699564588,0.9851918524195477,0.051625289762257554
4646,-0.022381735041931895,0.955588639978267,-0.054381550984328356,-0.04532000761364971,0.0326504868141866,0.06871868684452687,0.19067906534964488,-0.6906610053413001,-0.006272907340979279,-0.2536370634849044,0.01010054668642852
4647,0.003815246928928488,0.04324032169495586,0.1328360320442797,-0.573030854120436,-0.09054523926523102,0.03370779988998448,-0.04602599928202992,0.9368698384231863,-0.05485604781153387,0.029917236288512377,-0.06650231720098437
4648,0.04574001019614411,-0.1285327431943797,0.0721715001004654,0.7261694888139605,0.055646988956194944,0.11606847055483602,-0.09702497123369808,0.0017243319263675542,-0.0007615840347380571,0.11523806107033764,-0.44707367091706784
4649,0.036858688148344074,-0.09198783798050908,-0.09943813676715291,0.06525926592103672,-0.7145486508017402,0.17749085458810293,0.06822344053886771,0.10002486491791661,0.0603275775073751,0.11126332421644562,0.8209173130388155
4650,0.13369188755248693,-0.03947784898113825,0.15359917954329744,-0.1019282407943618,0.5950688412948658,-0.06879380035883034,0.12874215213104023,0.026661426522295598,-0.13014904816687003,0.054201449860644756,-0.0846135086604722
4651,0.10509851091430371,-0.06265853578494326,-0.08543400871786073,0.10567552425881852,0.08662671105096134,0.10927958099400792,0.19983073085938624,0.055923936346579335,0.48642419605807596,-0.04506904637236871,-0.029722477652467497
4652,-0.10747062410370146,-0.23626098223449135,0.5496892184783918,0.0038283513831003854,-0.1719242793158443,0.003182663429563021,0.02880123340079143,0.07667113468773323,0.028670601637350236,0.04444110384608408,0.10650715871978846
4653,0.04264086457718843,-0.0473386903753679,0.08194547027140438,0.034109282347145206,0.030840922819465807,-0.6303251346112443,-0.03487520568063183,0.0009065807782427876,-0.16375378798095885,0.10301729551949092,0.08023833424073595
4654,0.1045882928415651,-0.15824207147169966,0.404175240509199,0.06477234938611207,-0.23362760922494952,-0.08466646984094073,-0.10891733501060519,0.02222733158212823,-0.1141064454078404,0.06679787685495385,-0.050992811645707375
4655,0.10504962421093932,0.6914034333423887,0.050857796696361576,0.07668010718328251,-0.04351127401880245,0.17822128858109215,0.07993318054186554,0.0406130423387768,-0.0657706481394428,-0.02906882019132319,0.018710658316820384
4656,-2.112526062504931,0.0607981610807338,-0.038202716368383835,-0.08150320745346218,-0.040846931226481045,1.6191901403156526,0.11793182453546246,0.09412770849179834,0.0689774807091261,0.13794755477265683,0.07501663665969321
4657,1.4007800309166953,-0.031076326128310686,0.1339903657392146,-0.04878253323207484,0.06278250415352869,0.06519270857430304,-0.9422041653936731,0.0014515116479553074,0.06343596530068565,0.04538645697911138,-0.0550784610921233
4658,0.8236164075165445,0.15688707344345673,0.0646328131585235,-0.08959136157470347,-0.06461015364346524,-0.21395269498387942,-0.14308347956231146,-0.026293685964810378,0.12637994681789977,-0.010428534547409328,-0.1465649614409358
4659,0.559996280479746,-0.033154442461697284,-0.0689427437909604,-0.023993063842672527,-0.0008650914123742633,-0.00492367375427348,0.009075969063542664,-0.05732445655081819,0.001667771355205204,0.009276756092912192,-0.03404419444844091
4660,-0.17210307670247704,-0.07546062822588384,0.08617075426319337,0.017418118903705905,-0.0672307587530411,-0.05186054482176404,1.181605198221246,0.0168550763262457,-0.0623939453323722,-0.9433915853010941,0.029665633959485228
4661,0.13424145724840364,-0.5842411110233486,0.01949923330481512,0.10294475913887446,0.10500292950095556,-0.24019242431570711,-0.03830085342319046,0.08139538269221713,-0.07922515817390335,0.9743655076480959,0.03999615156706003
4662,0.01977966625346596,0.9738545725908332,-0.08803188215429417,-0.014027070608475464,0.06582878390702965,0.016288251819274735,-0.13466241496853248,-0.7537849386883433,-0.040343778738026415,0.10437237778742908,0.009206116566521892
4663,0.0024802053156640315,0.002368380357893651,0.046878766683411316,-0.48314273368484845,0.030838797219684702,-0.06178606974122964,0.035941283794415205,0.8783853429215599,0.021162561932849964,0.024766604406992646,0.078815465094664
4664,-0.023808589075977164,-0.06147735936962658,0.09616857998422432,0.7886725570041493,-0.059119730183455836,0.06905143829427342,-0.0925313989669739,0.05519576215094162,-0.10191747716454233,-0.10369830225109582,-0.6444097789341733
4665,-0.07500988846696742,0.011664088805808676,-0.12295808382151432,-0.028209591423556585,-0.6739725840579015,0.12824284377905804,0.14320976536728844,0.03383261446023288,0.09341084831447952,0.11853057696242397,0.8561312825892783
4666,-0.01936567931037354,-0.08320922495130145,-0.003009768798455067,-0.10856615406512375,0.5633454352955447,-0.009455817874509633,-0.22003485500577724,-0.07565491897400158,-0.09359065633367974,0.08497813168111613,0.018316502398987192
4667,-0.3903812138129735,-0.08457844989578109,-0.1635078178013208,0.12185452722232673,0.06066657357385585,-0.09897176809648035,-0.03829774765665532,0.14157357905845605,0.47994073212963084,0.07584932397782906,-0.06905565731272208
4668,-0.06577769461224378,-0.09507730512221829,0.6041761226624416,0.14049177643396352,-0.10843422704296968,-0.03603052829198977,-0.03171597479016682,-0.11606765921497796,0.03537431726955677,0.05308359325053501,0.06822372516304069
4669,0.035488670100467044,0.05374529998652202,-0.05244461663674269,0.13296899623996353,-0.060040538587925435,-0.6803638787562708,-0.041946958602117716,0.019503727297724077,-0.01752002515579936,0.06337635220862772,0.0032408203056048684
4670,-0.1925795071468397,0.2581054293926317,0.394894482895842,-0.08691400275042195,-0.0364282954458339,0.011371150745781582,-0.05342290978752108,0.04206082864501362,0.028298785017662625,0.14497133572359183,-0.2274200219039989
4671,-0.1042756327355916,0.7188693946641043,-0.06925866026199348,0.007440973980848408,0.056471179359171064,-0.1606523329001993,-0.01029407601695767,-0.004098526270825046,-0.056738602651738516,0.12782039321363364,-0.1255575586137603
4672,-1.9033372779126856,0.12136833926007005,0.052173094381268964,-0.031673152678622786,0.03328296319616779,1.7808637521210997,-0.020050095312788712,0.04591403969710065,-0.10858120711539226,0.05164299955185867,0.030656076549510563
4673,1.5115411925303226,0.03448222117561167,0.021218830296153953,0.06813648644732422,0.0550492865547912,-0.2650596105997048,-1.0491860960203592,-0.05877366863608249,-0.061145600609271517,-0.009559154749803454,0.020492790743846273
4674,0.811901441512491,0.012619758089708699,-0.027994008793681323,-0.05164460905475124,-0.23112543995770143,0.07060844745649666,-0.08546408473211335,-0.16349413581935313,0.03988092052899554,0.11105991113401903,-0.16149918137481373
4675,0.629925285026468,-0.058925330258312376,-0.04814360805707065,0.034299438707217966,-0.03020091230669689,0.09184057247913356,0.0042098854829617114,-0.06374708397638548,-0.013301896016770828,-0.04229982547525497,-0.008734879386758695
4676,-0.22787502449672595,0.1429459085152304,0.13259548798506504,0.045841693032998884,-0.05241082836037254,-0.06676964641659147,1.3326776518250583,0.004725323386390531,0.097167987565571,-0.8852349925187938,-0.030268068072916193
4677,-0.16474400670892256,-0.6692650195127083,-0.06313938312237222,0.19141476803842863,0.10308302520902231,0.05048558687903015,-0.004634735386107503,-0.1299587531034705,-0.04771401209428818,0.8894332788543934,0.03549185871084331
4678,-0.11372819897657001,0.8067489682813622,-0.044193107472087455,-0.03827702321504964,-0.032210423574459995,-0.055033888955722664,0.009525176701304981,-0.5009965864574997,0.01582914300934729,0.055706906084127476,0.0005975731195642731
4679,0.09204930063278009,-0.07164263925834662,-0.05225150370415886,-0.7149456674727266,0.03304454411089718,0.07906545404243354,0.047983053625904125,0.9096021178920747,0.04274419496617078,0.09190193821480261,-0.009544206182219205
4680,0.13107291356651868,0.178227439514581,-0.09648204442470137,0.8030461793315841,0.19567346442047806,0.08612762112559204,0.16200546202680272,0.004014450028787583,0.10493411861116989,0.2327100795720568,-0.45128541883981094
4681,-0.026238368497503425,0.015521815843222278,-0.06507529308894755,0.12266283454949972,-0.5843943927556536,-0.13382754940864663,0.07614291751746079,0.07540976743983763,0.002992906376626337,0.10416255857056035,0.8682193953852355
4682,-0.18725529356529894,0.06120674808536429,0.30193462075742417,-0.021112565644851547,0.6324483557238294,0.028200919178864053,0.006597788221905256,0.09305835724184414,-0.23769497565896114,0.08805604400810495,-0.039784541403456504
4683,0.0749265347774278,-0.16269387732685467,0.0009623555394941696,-0.10272552845270166,0.05027026589695327,0.012450104718971842,-0.05999923521830319,0.03899366853557063,0.4966391140652303,0.014723923809229508,-0.07121264140708358
4684,-0.06892616014255445,0.19985689168261625,0.5810572729419683,-0.04329419143725262,-0.0830432823882636,-0.060698547476140126,-0.1610764081370757,0.1821961291236224,0.016185980963530078,0.038482931013567465,0.06379433277032122
4685,0.14495735429158932,-0.03184852016305866,-0.014222646608947464,-0.07200954590976702,0.06217924309119409,-0.6603221647822486,0.017075224722129606,-0.0793158901919425,0.015416768452238086,0.030801965964943428,0.019731945603414985
4686,-0.027913801708631596,0.09515043161869313,0.38025743375701493,-0.0026816356031388005,-0.010117664435703028,0.01911181636731244,-0.018227125171290767,-0.053134182587258945,-0.011515066857080794,0.035718685102667444,0.08351020014209737
4687,-0.06626573894076254,0.7095028618887143,-0.04716764179414154,-0.00780224641679346,-0.008790606108959492,0.018760207915810914,0.05861942835379579,0.029967178811854796,0.05758507879396242,-0.06056745449148959,0.02146517915596114
4688,-1.9427330985573672,0.001436220707051899,-0.08766384434141714,-0.176608944106817,0.04985184847529553,1.9443509295569656,0.11999353879488396,0.04777924514122633,-0.01866454064336943,0.04111489846899886,0.03350547602967091
4689,1.4238504395018412,-0.014541709542904898,0.06753399582154086,0.04932551498812589,0.014243089089682921,-0.10272586322783382,-0.9903212652401493,-0.010219304324667979,-0.22554437692931756,0.03454010756870123,-0.046948007621348875
4690,1.041784427783003,-0.0958367490270091,0.05340251509336861,0.0523673811082947,-0.1418113826462371,0.18076794108922517,0.022020452034113604,-0.04724848736983466,-0.19296338936407187,-0.13752545669022398,-0.16487385150451064
4691,0.6543030951607539,-0.023494637424801124,0.10662571389079101,0.019578552018519987,-0.07660273321980873,-0.05637686054083395,0.01389723366183925,0.014533112076284044,0.017149388734957808,0.009781937802773701,-0.019131697212754057
4692,-0.06312837520923814,0.09073227991677633,0.15113889607676587,-0.004856968132385389,-0.03789240527318563,0.004290512876477174,1.4126266855678464,-0.045205136159482545,0.11791216781258043,-0.8937453103519685,-0.04642789138766626
4693,0.05313990809641113,-0.5189265697429468,0.023217294170360225,0.07716850544155289,0.05861473924644814,-0.16804382288728015,0.14045304353191437,0.09086354493902789,-0.04357546175257005,0.8901268485753722,0.0023133016687624194
4694,0.15723299281909892,0.8471282988510749,0.12656521501907742,0.009564778977421718,-0.037569894628495276,-0.00017135463871969072,-0.04946146813800816,-0.6853628440734494,-0.036575862609197,-0.005483814276575068,-0.014768334961052215
4695,0.21935541493549926,-0.03567447836705613,-0.007537553613788825,-0.4389208986839639,-0.003737391212012612,0.0756025413821475,0.00928442056318492,0.7853651850846232,-0.07478994745090453,-0.07238415854607042,-0.04580221040026187
4696,0.12352085482721853,-0.0194808415905566,-0.05968563833654144,0.7954893233987447,0.00964523344700493,-0.15475179132284123,0.18465653749627306,0.05115234966185847,0.03514586087617079,-0.033428321690972894,-0.5270202309290974
4697,0.22780424010901082,0.047301593995256505,-0.09491908373165114,-0.050108234645215764,-0.3558283386813227,0.016809780281840943,0.06899160927292357,0.0822808879303234,-0.0007480634779530289,0.15996541631739153,0.9143772655187458
4698,0.15656499571263702,0.127265041939473,0.021245360575137418,0.011955142633388208,0.6146140085542614,0.009372082294067581,0.10865213120299126,-0.09002828653130555,-0.3624301141196614,0.004270324448337611,0.03717311856769006
4699,-0.1578375927242397,0.08696250146645645,-0.18968709257195038,-0.07545394506943066,-0.03688534498231611,0.04773661966705726,-0.15199546638395842,-0.017838723028352224,0.4828055613230956,-0.06434070318519047,0.00945938844307758
4700,0.0076341768172211956,0.08518275909973974,0.571647216338798,0.005430826391406126,0.07504421360796086,-0.015688319621567116,0.0627247503434254,0.021222763766300636,-0.044994760794752994,0.034873318165094966,0.10813635697993189
4701,0.07941893577244953,-0.030269999448619713,0.20391552482944966,-0.05127874513186019,-0.04325926806977158,-0.6170007063631571,-0.07584501637467378,0.0539491932478051,0.015351110805240853,0.07451535150577605,-0.03893873975678981
4702,0.02150045930388996,-0.011237973398796992,0.4181414773132305,-0.08893415872690566,-0.030075449778232618,0.28419864012812857,0.27515826828914886,-0.025388465310652045,-0.04147166470695855,-0.010022693678717472,0.12293905466461728
4703,-0.10430598701981136,0.675592932914687,0.033990483317622514,-0.04057304741498501,0.02143464172448943,0.17579077011139416,0.12823565330723508,-0.019645124848439693,0.013399984502995099,0.01449313385166174,0.020214532847990383
4704,-1.6259059180529913,-0.07492407019817383,0.189291339137955,-0.12162391635644558,0.040460489849787375,1.9922636193091956,0.04487261030039731,0.04951195254575919,0.05916806830091481,0.23484822082948825,-0.048040373484622194
4705,1.6414308747977746,0.08352002903096381,0.09335153567678676,0.016646213891341743,0.03371182082963525,-0.0164520620871942,-0.9685218737393826,0.04670421263547631,-0.10417694461777557,0.06366490733393138,-0.023249033695148105
4706,0.8714809715856875,0.032846253758156814,0.09592694965265504,0.027805668481577856,0.02737629452062798,0.18550653842525877,0.15471232638494048,-0.24504982278003792,-0.014441048211093297,-0.02639619257853516,-0.09669815738395884
4707,0.6406050643788181,0.023008403612358425,-0.02472131301477552,0.04304412142911091,0.05846229216675571,0.03458212186282537,-0.02013543768326359,0.030267142096066457,-0.09875035391086286,-0.03656229032605214,0.054307056116895985
4708,0.11727698571967199,0.07766004283356934,0.10773657722796061,-0.03639238557798551,-0.09107670311309939,-0.031747087275680305,1.256221657085201,-0.09308675623323598,0.07049615395346717,-0.8317224270895104,-0.3069487555043584
4709,0.09692987854856981,-0.6318460605623485,0.18876231642791538,0.014839171127727164,0.03535405423086618,-0.21851071094825683,-0.008997070482691006,0.1402916349482789,0.04347775467705731,0.9788670142594493,0.03656789339785059
4710,0.09440675316704866,0.8693806723693647,0.07361054899590838,-0.04268258567789761,0.009312910104844013,0.1257640969440554,-0.037587891131031385,-0.6357897899751286,0.037461292916469366,-0.040852631131023304,-0.13954996389416768
4711,0.021119348488313462,-0.0022356439962516743,0.016535265170543555,-0.5405594472494795,0.013651496152363265,-0.05501267346615922,-0.03328018813425914,0.8618448525364336,0.0026782157359139837,2.5043332653428008e-06,0.03913242198553734
4712,-0.1062440568086827,-0.011247903754997512,0.003240122431718219,0.7886101708047273,0.06247661452130517,0.26292239231748255,-0.015716884796928815,0.10719824588216566,0.005464529514167829,0.0904453527395647,-0.6448611609571736
4713,-0.020372199824241044,0.0694659007141035,-0.040610237899570016,-0.02454812628221702,-0.5422149997691255,0.13969752127960733,0.0709759311267726,-0.039942582359145475,0.16069886002637424,-0.08798808889672168,0.943130899743681
4714,0.07339808451005675,0.13037180583474872,0.0636903793948117,-0.04913946559628686,0.5892977769577386,-0.1781584123997303,-0.1843587836609045,-0.010330700900072626,-0.27325229350801916,0.11424009376970291,0.015110163810816367
4715,-0.21465265141860293,0.18342576847962666,-0.1812194604016632,0.01014809103206303,-0.09956363744022921,0.20113213909763147,0.15232944899077155,0.10837592671664137,0.48818737381028565,0.15056085053715845,-0.03253022339929252
4716,0.21667206155459467,-0.12795639268781536,0.6526275294824198,0.035316563926158506,0.09067344638025474,0.16240588083687377,0.15024206148830574,0.021370487751136404,0.0509206280596269,-0.16387340860253186,0.03498755671282763
4717,0.015972517906602472,-0.15677753202528943,-0.03592218808288285,-0.01511722480231745,-0.0004892225414724672,-0.6237444185911258,0.03140741832294931,0.0033702590028060375,0.04927446961325156,-0.004835663825222745,0.07889118077262307
4718,-0.16683681305948075,-0.14860649651289742,0.45661067909736724,-0.07423182531385351,-0.0552423004565113,0.04626542448036056,0.04695019065327635,-0.006993562663711338,-0.008102476979398495,-0.01979085859618228,-0.034557414718847254
4719,0.035701224846747225,0.611173920483076,-0.07760272996001256,0.057629360116043325,0.006973785317604557,-0.1989541466107937,0.039967798153596176,-0.006855809831915326,-0.01729676691466194,-0.004251137646032745,0.0989890643417203
4720,-1.8323237041706095,-0.029436232025763988,0.0464483342619216,-0.0694424770541024,-0.05619543511360862,1.8837040435405488,0.15591651259344885,0.014498382413951903,-0.043402634824547745,-0.08883643649333633,-0.018607908136753764
4721,1.4080201842137885,0.0631362487040866,-0.11888787109937725,-0.04644637332552239,-0.04395802221184349,0.036160130183183106,-0.97356873003152,-0.0988221509093958,-0.05263419421082873,-0.024416635143149817,0.03789015018002267
4722,0.5448926596478926,0.05724270978095001,0.06307158028301374,-0.03082941047790505,-0.05091818028826408,-0.016484955200997457,-0.10753246464121992,-0.1135314853918776,0.0569334177339678,-0.11498864590254132,-0.22900179315415942
4723,0.5700661606347734,0.04060889554925407,0.1145425054525436,0.025896266549493077,0.017777841305766953,0.13976310383390536,0.013412037226094667,0.018082235394873844,0.053150327467488476,-0.030945139428200458,-0.015905802237752054
4724,-0.15380052133260427,-0.15142908682934222,0.06473534359688558,-0.09852919505582212,0.02859407048483205,-0.24989151196012196,1.2486887632888746,-0.04624426839063514,-0.029654018297724575,-0.9002672613852444,0.042322285506005766
4725,-0.03162181587097175,-0.49938381921741226,0.021493295663456854,-0.011168675613261079,-0.03347922465647474,0.0813991666157051,-0.010183586252580548,-0.07195447616970539,0.12629043238773965,0.9930563096348931,0.03465641519391503
4726,-0.10620172769125844,0.8942819626882308,-0.12292200969707529,0.054595798415774346,0.0005811740176721097,0.08578523483938973,0.21501780435356688,-0.5505744707572824,0.030888719742415315,-0.022817274529240688,0.0947371457155058
4727,-0.21234662868980786,-0.029193080928091548,0.10896589562115176,-0.32851933152941015,0.034272384176012145,0.037440768351257404,-0.024187757706389694,0.7011412903707703,0.045223672100655574,-0.06830155012499836,-0.01904830422726487
4728,-0.09157414971370118,-0.05723640010245447,-0.13332381143915298,0.8458139653701165,0.04752405646629417,-0.07669026149599445,0.1339988963732342,0.051928301763567865,-0.012619672181360845,0.03951883026676343,-0.42592833865155905
4729,-0.20645861292546272,0.28904236958991647,-0.062020958659299304,-0.045177704719037655,-0.4945938586342928,-0.06289894912183747,-0.0531581909180736,-0.2014359118695764,-0.13939475563429962,0.006629928208902376,0.9097178205465981
4730,0.175011056920652,-0.018789287803353073,-0.08285172913286373,-0.021600949339795106,0.6291528302687389,-0.11303259912020669,0.016544603211442497,-0.023838444840070756,-0.4606549285160159,-0.04047577419790424,-0.06535888971949584
4731,0.27211510797509647,-0.003629066123667565,-0.2139809930347305,0.0037947929658309646,-0.010909078715595304,0.0725014888928205,0.05336454634714438,0.06049212696725844,0.4860169350172573,0.11577352341706777,0.138538424380949
4732,0.07035878253873147,-0.00028186431647159,0.6363716609805232,0.09433807975371783,0.06903643452063453,-0.08670539077116161,-0.27696663968113555,-0.21976729302661668,0.15610984525477936,-0.1380433152543292,-0.04171615355231187
4733,-0.023206816421983398,-0.061188338967033046,-0.15125470964102464,-0.053332546647534285,0.0008496861205759803,-0.6803247628041524,0.04245085153369882,0.02723306553000284,0.09125695350313094,0.12254054075352032,-0.013454374522938224
4734,0.11999081300256531,0.05564213562345504,0.39687952768603335,-0.0007917454551739506,0.019572155680037933,0.15079452230534848,-0.06646175409900539,-0.03589127474577411,0.11885458937246272,-0.09495780240967525,0.15478120569133563
4735,-0.004691488052218432,0.7473638545235363,0.005964663975435283,-0.0588897318871806,-0.005409388122007395,0.12503102744624323,-0.0002869762317770537,0.05603785751864393,-0.08035681277422649,-0.039488884218229964,0.008179330160082625
4736,-2.0968261734727096,0.06265552716643381,-0.13653996500450966,0.05102058844720702,0.003728230832785346,1.900263435786088,0.09284562613879933,0.07198012435675863,0.020171948322455273,-0.2838518653083057,0.022901493457070113
4737,1.7549654851919292,-0.007296762128821663,0.011485759000013114,0.021194583940297124,0.013052403507142154,0.05619437494114071,-0.9258877767265931,-0.07750629909795086,0.07172009205444874,-0.029008640264469712,-0.01984006122873928
4738,1.0931562075982046,-0.05810377186948778,-0.12114062852477642,-0.06503195988722116,0.018281144282532094,-0.04458807574736939,0.11738972475672116,-0.022324865687514645,-0.035428100800331944,0.11675004861043879,0.14870815424846737
4739,0.5378683401223635,0.0033689740427075687,-0.06882701419556037,-0.023557423507127803,0.0060573786450925345,0.01590221657504566,0.007880311160174703,0.058209589003822226,-0.0600972774157786,-0.02658096531399657,0.007872333092982148
4740,-0.03674998636962339,0.014110200054611647,-0.04777148053626422,-0.05199286235907117,0.06424353183824409,0.033901263784774274,1.3422876873434324,0.0007394221000147185,0.03914987675023193,-1.0836711066552633,0.15134278095950268
4741,-0.014321338461141968,-0.615610421824258,-0.09525965119416005,-0.15856246578988495,-0.2088119603972565,0.156866741958096,0.02089502440307734,0.02944466598667461,-0.029594121193195023,0.9698086850651703,-0.00402872072258853
4742,-0.2879198048367654,0.829314585566019,0.11767709385457759,-0.052446763676897865,-0.01580373046697586,-0.016091329213302114,-0.07173272658809557,-0.6238033018401257,-0.024687408330415803,-0.041256646382757695,-0.12603918240405934
4743,-0.0007402297867351881,0.13824426991014116,-0.021960962119574535,-0.598174150734473,0.009861914590944659,0.006177922029682016,0.032110244109240946,0.8079483092409301,0.011839666181815929,0.0164968647566884,-0.0556589539366113
4744,0.08954455311563916,-0.023581301040723462,-0.15233300245857342,0.8238148055959998,0.13833666435504163,0.060906801070190954,0.10143299980341317,-0.06099173309988176,-0.0824931787347141,-0.015640772711732847,-0.3308355443341622
4745,0.034280134739624074,-0.0957775229932084,-0.19788919755877943,0.05610532141857305,-0.6027964573973625,0.013879742925743732,0.00974564115123395,0.05489110189142413,0.05812415243985088,-0.06121347944414877,0.8350104210254815
4746,-0.09294947643448179,0.007457039156600067,0.18585044935118805,-0.0333054145528784,0.6402731789219668,0.0015948422543268213,0.03402128539281016,-0.04984467006167918,-0.4245408453119292,-0.043075961163199956,0.02758107686583848
4747,-0.1291696078396149,-0.011958875891625607,-0.038663657209812956,0.1026219444305915,-0.011953279514079972,0.023955457608751875,0.14815964442992646,0.08809421517312535,0.47642870993182923,-0.06303736145645865,0.07540319119075857
4748,-0.15638392017216673,-0.012616289326973536,0.607920361167227,0.0001977614690790025,-0.013979701033859687,0.03901843404747464,0.017822830195265257,-0.0033843030053072407,0.06865825127595268,-0.006771191360437381,-0.043265113265060565
4749,-0.0038786526857302406,0.017624779460553824,0.1292827174817784,0.010898459438352003,0.09135063898085617,-0.6444844100178514,0.07010068699431173,0.09218533837980336,0.08577856184132454,-0.037930715264335835,0.036829468957108424
4750,-0.1251946039399931,0.1531714166977195,0.4471343546430283,0.11648807525852499,-0.053804745524550675,-0.06554377803532313,0.17228710653109192,0.08492078779449927,0.05170109036938652,0.19108274616525112,-0.034691413088852124
4751,-0.04052252819590941,0.6249835153619225,-0.052730993111071,-0.02454057072028713,-0.003351684187176452,-0.01575085846081469,-0.08062126588536718,0.020286510594272618,-0.03603774981740774,-0.023528095732843035,0.06613126788828104
4752,-1.787633668462416,-0.018074000994592186,-0.010248993901864185,0.008020374494264383,0.09014667428559843,1.8028383633188623,0.08018300656701936,-0.05029151823546272,-0.08201472531006951,0.07962532897190625,0.03232627906931492
4753,1.482261523926464,-0.03854310674956822,-0.027620731366597543,-0.01712257617871974,0.09523032354198825,-0.019150768158693307,-0.9359890764657381,0.10475524369039968,-0.17199396103304157,-0.042044982697150346,-0.022636426561200577
4754,0.9437553172964979,0.04443729556362479,-0.04032278877300027,-0.0032209639043576394,0.06680135689416293,-0.10511436106854623,-0.058699932914757294,-0.02497245151733938,0.01081061622790749,0.047983005055582645,-0.039587717473161976
4755,0.6396333207787219,0.028495668452792382,-0.112403713496242,0.008951199293753855,-0.0489128275577326,0.14195460519675918,-0.027956969120921403,0.023710849070752417,0.02584297310212176,0.00033795727887513203,-0.03499768686554529
4756,0.20087938369114047,0.025076828423926688,-0.044522948401092444,-0.06190744129966905,0.04566456232731429,-0.018955626643589508,1.3405811246677535,0.09037216300087607,-0.01729581534255517,-0.8614610771283661,-0.011471858562590035
4757,-0.2991178814383209,-0.7030090889843765,0.011888954140125776,-0.06075186081024897,-0.028516809068418025,0.14451899830007628,-0.04160429753894211,-0.031063630809140468,0.04076537164621457,1.007807790354419,-0.13847411071124208
4758,-0.047705244451305306,0.8389121760917804,0.08104500799860911,-0.06420347097473687,0.002177384019552726,-0.07809181547672318,0.10898845544229686,-0.6383721079945811,-0.002168483536890897,-0.012040536166547055,0.041147971908677486
4759,-0.03141241365827296,-0.03998573069329148,0.01977230928522346,-0.5259332611132209,-0.12235826391200913,-8.121167069845194e-05,0.13188032507133945,0.8261367796575798,0.011461830304911724,-0.07179133761368503,0.0657666497385399
4760,0.1819365807327005,-0.07417624704889171,-0.06912838531003868,0.8655277440121175,0.06076781838829611,0.10052029178869645,0.04180022683858056,0.024071671453979652,0.06962627595943,-0.040857354339073254,-0.5235677469104327
4761,0.08426432797127084,-0.018992145783995114,-0.09727004661347116,0.03256430556204663,-0.49976808988243904,0.05323031727378398,0.011749868360115507,-0.18528612055482258,-0.014362897562286727,-0.2131939699117039,0.9226476843270668
4762,-0.1348876541809342,0.0457083391267586,0.10877358482323349,0.10992171422375357,0.5854571394181005,-0.1412555804039152,0.0949053561415535,0.06182814277370709,-0.08405512611159988,0.005707448805439175,0.011193485293809967
4763,0.07538254223824162,-0.12265534004667447,0.005072474340712077,-0.0032608408569979545,0.0006929766830038891,0.06876944699013379,0.06311101804828846,-0.08859297921148422,0.43063976013253363,0.02207022329034155,0.01774239528337851
4764,-0.10472125791952781,0.07253955823191478,0.5916617684669422,-0.0011371821494423721,0.10235122703600406,-0.007276659278525445,0.0019519953579943778,-0.11139702354395918,-0.050681064197685026,-0.036255912430956445,0.06034270219303707
4765,0.10666955461034856,0.08419267300755634,-0.02919078489444401,0.016425807744416605,0.0038304612281150723,-0.7036557869867223,-0.003680649524430239,-0.02990033926126304,0.028110851952888427,0.008185678287956515,0.012858285328995791
4766,-0.035274720094867346,0.04933436869463252,0.42839112354009606,-0.031121679075371368,-0.016554868707669076,-0.012012882484536325,0.03390071736885538,-0.06498328816997839,-0.03524331200543234,0.022103022057218584,-0.06887482695180454
4767,-0.08264208392144058,0.7001666814946645,-0.02161915691388889,-0.04664599812227456,-0.06220224737448593,-0.06150023347813052,0.13767612018373054,0.007807458961350035,0.03172999949076711,-0.07129915586189019,-0.0065709399497802645
4768,-1.983267689945074,-0.10488981236893485,-0.1401236396991601,0.16974487127263424,-0.011231361473857813,1.601451830939248,-0.13923748882998815,-0.06450758621176218,-0.12607493977264714,-0.06400031677619737,-0.06210488956417214
4769,1.483678984637731,0.01805018046623371,-0.04463440319082623,-0.013278186985425301,-0.06824843510436762,0.011440384931362593,-0.8918336193806808,0.013135915257039235,0.007738594132449272,-0.06295603131357472,-0.025161084034084822
4770,0.7417673300061676,-0.06210221783474655,-0.0007407468773170698,0.15823143299543263,-0.06735214794055158,-0.08138154467166848,0.029586547199993853,-0.0858900597751558,-0.03549629476264911,0.1178662277076217,0.030366956525384285
4771,0.6295708992167,-0.024979376566889977,-0.09675971197974031,-0.0390081833642766,-0.014695503138233748,0.1106536390487425,0.03660411533975984,0.004845375249236478,-0.009320493357635077,-0.016898667724831045,0.017485161214317632
4772,-0.12430086096954455,0.025353276539675465,0.029340752872814607,0.05708828555104576,-0.10369536653716106,0.24443640022947943,1.3065096265214307,0.06833306593008111,0.13996310124924727,-1.0829978725130485,-0.012116216614824612
4773,-0.09110798473664103,-0.7254697875286843,0.07500006281639804,-0.008506525546826729,0.013253708933189116,-0.07045466865130168,-0.03817911049822681,0.03334698186587291,0.016159935297129596,1.0042318515819475,-0.056446931720568874
4774,0.034762850546212094,0.8649507501622923,-0.021954214005603583,0.06834218873545433,-0.005877668248749104,-0.06312675179506959,-0.005012212848680659,-0.5625893696962692,-0.03400301139393757,-0.06482068681384959,-0.0932816231463732
4775,0.1119383687785824,0.02696609268822989,-0.05797761172838921,-0.44030904658374836,0.06234231595936943,-0.1237279570431575,0.09601088326093965,0.8004743187665294,-0.07476402393653522,0.13167064831150063,0.01554189196362497
4776,-0.12047902783668779,-0.08098839574170609,-0.05575792496336161,0.8049312777101663,-0.004940423417609257,-0.1525748765567608,-0.14927454793670797,0.04348247906372864,0.02124794892377862,-0.26174594101760335,-0.6707778732412364
4777,-0.11040102983980189,-0.02614133986692977,0.06743016365983343,-0.003946268097021224,-0.4470764099226503,-0.053623162217432366,0.15999400053577736,-0.02104882693859453,-0.047401398280608756,-0.023586248286950256,0.912284464759432
4778,-0.00536239250757777,-0.0061494081754041585,0.07995087873893177,0.05947067974264193,0.6375080249022025,0.13152008765333417,-0.06408736486037797,0.07462625361075759,-0.20441248965691516,-0.054167272774750676,0.05933497246002686
4779,0.1581381150033046,0.01615758109564302,-0.05585100423490681,0.020923354445086247,-0.03043140744974658,0.008405850276524476,-0.13414364497110567,-0.03271603184562843,0.45094950769807024,0.09925933752997902,0.08471488353805377
4780,-0.2456675230038472,0.02783847866266756,0.6060932586398701,0.16358511339393372,-0.08887942420089474,0.26912121145194956,0.2240629168289817,-0.08433336234748669,0.06062488459608,-0.05840687343101755,0.03520808005189847
4781,0.035205425036126135,-0.02646036058249249,0.1321266673178385,0.011642574360034512,-0.06226482527815922,-0.6354180597819177,0.03433255970242707,-0.006122655731202331,0.13741802994545627,0.07979220272302401,0.015890615422568616
4782,-0.13914074135576035,0.15858593933559145,0.4284087671387273,0.050769443176736095,-0.09332986064512602,0.05535323983406339,0.1443932938949117,0.12263252443793293,0.04560143716554362,0.2204544623890072,0.0025029688544791293
4783,-0.1301753681260349,0.6847267042980192,0.028312412758510812,-0.013432032200917576,0.01432024846405635,0.041991156472289175,0.08698182284337318,-0.012001378522694586,-0.03775606903725468,0.11991251872604962,0.0030239156914765265
4784,-1.9825068726959336,0.16518439423907957,0.07750646091951728,0.08688272509944558,-0.0788888153285619,1.7526129123035392,0.20383502691859767,-0.063144011392111,-0.13314303141007477,0.014018363035503092,0.12994208558904358
4785,1.426172816213662,-0.06591196515916371,0.06951202299878052,-0.0640187667969977,0.03570528945757975,-0.1708169069968421,-0.983118105139178,0.11189189761608749,0.051552844171843505,-0.04143399519762096,-0.016156628509274195
4786,0.721378211850787,-0.05276553633855712,-0.003392083977541662,-0.04522527219495914,-0.04746725882920572,0.011837995052556467,-0.07148937086841826,0.1697966380044783,0.005043767082738527,-0.14517067261116673,0.04687819546436939
4787,0.636259984356277,0.0577260558127864,-0.014021799455338407,-0.022101967859268802,0.07032955647022962,-0.03245970768305345,-0.018765135530863935,0.024739937323140886,-0.059658397931511495,-0.020955183241747798,0.02630149595116262
4788,-0.20528378381061385,-0.05413781024619635,0.06697940340024541,0.11148042890076118,-0.06345458530966032,-0.07438561851652678,1.3552236722530782,-0.0680300862440555,0.07452085740004145,-0.8755667208395111,-0.11014091726305182
4789,-0.056486647688598846,-0.6668651773017551,0.09186976659309196,-0.11245420931145118,0.13940790201681783,-0.13578364385124936,-0.046468354652984926,-0.05803591714722066,0.06634187417347574,0.8900255604574279,0.04803007112489724
4790,0.04281776168766132,0.9755319036118116,0.061850949993979734,0.014088808579349153,0.07436394581630751,0.15019930962664804,-0.03707149576435952,-0.6315683257149619,-0.02646274213703402,-0.1165265753190845,0.03713441997674403
4791,0.06309573214037824,0.06084516520573432,0.06405796354636496,-0.5204521630786056,-0.1348212203696921,-0.1831285154726077,-0.1367015446099728,0.892045843610981,-0.058367535469495926,0.004433430898954724,0.1672379621689313
4792,0.04024108573031994,0.047750814136345715,0.06704146735219621,0.8233803978702807,0.1427387238440297,-0.11325384407720358,0.0304897183458103,-0.09317849631930454,-0.019602863548993408,-0.007643979092331521,-0.48747352418396206
4793,-0.004596947985360321,-0.03581085914112803,-0.025437386367351114,-0.05131137753036157,-0.5659406273164402,-0.060526635557768375,0.008211678985722178,-0.09348915297631653,0.20562049554300962,0.1726800362984061,0.9083861078117419
4794,-0.1716503298479671,0.21003166357132305,0.16466700802357304,0.05926547561196024,0.5640191694999224,0.06294434042054949,-0.037011739431061674,-0.12389585904360968,-0.24732831842444186,0.06218019432130268,0.008910674647775204
4795,-0.2943612354819322,0.15064874348301874,0.033581610785017174,-0.07318417601496843,0.03538266800446469,0.13627087805346572,0.1082041893017314,0.03788014735181129,0.4846179573242647,-0.10515033518892986,0.09310225730597178
4796,0.006834727999328036,-0.07026722918742699,0.599628428075442,-0.009758873402406228,-0.005639242094597664,0.1347617600484983,-0.03760494929472156,-0.09048128235710742,0.05970826432971723,-0.05485460801782284,0.019985712145618097
4797,0.08530506602758106,0.016035861231494135,0.15547747410387625,0.015384581558421533,-0.09693992122747766,-0.7444455775692427,0.02009852945153641,0.004159158853183302,0.00661924168177561,-0.055977180002069186,0.058064726816165146
4798,-0.15481986090005284,0.24208671634546156,0.38385213630549914,-0.10028765365932987,0.06039570638821789,0.01591690850120036,-0.13438113850761205,-0.04313528775707626,0.15122180132763907,-0.08061282789625285,-0.06010556022119007
4799,0.19441392593323492,0.6976729775878197,-0.13692282467496453,-0.02556696789341794,0.010338374071633651,0.17775484165768274,-0.033254638282469606,-0.003246449977888137,-0.007902624327605875,0.08518068731714333,0.045279521584307855
4800,-1.9245866594284544,0.16091744197292365,-0.010675893461067374,0.07821887184973914,-0.0067004009023283176,1.899024085007242,0.10494439985479216,0.18698925242918873,-0.03714040748971138,0.01551827050701907,0.023961517869304078
4801,1.445089859515963,-0.03123705699833847,-0.1025875400535517,0.028184002232956577,0.0698226558107475,-0.17476492756426215,-1.0008621672351654,-0.017321083263457725,0.10784996609386133,-0.038136862305947455,-0.029887896003500905
4802,1.1913936227542345,-0.049257718302553585,-0.0046607437811572155,0.14940613029975341,0.08307180463917714,0.14653471185708072,-0.008301758343702796,0.1218077762383808,0.07978211582689942,-0.0007984622710968522,-0.04454938122586026
4803,0.5821948714842654,-0.0028189661002401252,-0.09143893008878361,-0.0450063582287739,-0.0714502405122603,-0.021492810791841732,-0.0023254587330865367,-0.04764125370523769,-0.04942329847674518,-0.00854774837709582,0.016489936972610465
4804,-0.06258811188315684,-0.02463443775770171,-0.033414653559256983,-0.014671114902682348,-0.0557442105994928,0.18292846860492162,1.1916392514814562,0.0004921269900290913,-0.1450881395855852,-0.9691815781812829,-0.0029291963760230697
4805,0.04740630819627636,-0.7798236908084991,0.0728836852151942,0.0509774930780808,0.09326749568489341,-0.1097123256017134,0.13426814551122937,-0.02491371322350837,-0.000364473989467721,1.0678086480290168,-0.01034377866835414
4806,0.07833743405438667,0.9508675276494519,0.028223993516576472,-0.00801107566774453,-0.0773240055907045,0.09217119336399225,-0.15763308238750678,-0.6485299407694018,-0.09637628077986825,0.13673025473313966,0.13386705091387538
4807,-0.09541179769146406,-0.08264426473601004,0.02008861615080348,-0.5275271941917175,0.004570796669585436,0.12121658556484693,-0.03418090590576154,0.8030647154729498,-0.07132564131878949,-0.043070552003287445,-0.06959537850092021
4808,0.10240547025166244,-0.06915843382546179,-0.0846227643657161,0.8074706220586184,0.12966532206299164,-0.15942238639729248,0.12184485099772377,0.06909312972393292,-0.17543666764968652,-0.18459837434880264,-0.47873792599138815
4809,0.3334592869240363,-0.07503784512680783,0.10143507276803554,0.05234185819039193,-0.5073622387761879,-0.01658111948381515,0.10651066804599368,0.1498447108138202,0.06617192056913329,-0.08058390298457224,0.8589348899170662
4810,-0.19216515716724897,-0.07730936893615246,-0.03980044593736955,-0.014443582306399132,0.5886926459843953,0.06011495471227597,-0.06544338700755972,0.03767141836147432,-0.2252529851117397,0.0668066543659652,0.04884071820013034
4811,0.01466345377743826,0.04813258404397592,-0.19671904801980275,0.05526834397711207,-0.006648467194325272,-0.16826632177093437,0.02079441248434419,-0.04938756430886738,0.5153878384007422,-0.07468478729528936,0.016089650208508683
4812,-0.058296614054017946,-0.08940391538275666,0.5876251876743374,-0.13253083965960344,-0.02200820527492028,0.052780748561439196,-0.008217952927180694,-0.22524689753802754,-0.02263096434021304,-0.033455469662821216,-0.10796307256687634
4813,-0.027672342440873444,-0.007435846566226227,-0.018731088706311877,-0.024784423447735363,-0.026423303358543926,-0.7093363564240794,-0.03611222525204808,0.01131253894071373,-0.08698720980005452,-0.11898977595389075,-0.05139104359899727
4814,-0.11132018754835198,0.12386944002568713,0.4169449191568566,0.057534702362905345,-0.04668550663974563,0.0821960727645823,-0.02015790516599578,0.034822174981382195,0.08834154127314726,0.2573802755683125,-0.037792170052401125
4815,-0.07001714536498642,0.674792179433847,-0.0764296621099645,0.017744824781261367,0.07457027185335852,0.4027773608289387,-0.08688698047994631,0.022457641660898312,0.011366393513803134,0.03230087844363898,-0.0139269360262952
4816,-1.8464238905714025,-0.05731859907266967,0.039204006362688115,0.08507852580793289,0.08471238158453998,1.883714501832703,0.08143793378707864,-0.08940452384773226,0.1425384607541306,0.00017455695807693222,0.018316040179004435
4817,1.517369610701292,0.07925435440051107,0.01714253213756883,0.052379846721497154,0.03697011828616311,-0.048251826108612096,-0.9877507883404119,-0.007581961786756638,-0.1335662000664642,0.011193376326911737,-0.01662104813384098
4818,0.9261369699766137,-0.03443907294936239,0.007635259200955651,0.03519910001915655,-0.08311866512513875,0.024836623663423346,-0.2984350245517836,-0.02611791386369874,0.07874875508785255,0.0011018921369610303,-0.056952740608611975
4819,0.6337624118002557,0.009987887312988839,-0.0367343186243529,0.013590627940671497,-0.053161083268152054,-0.008104159862862115,-0.03258730735461426,0.008523608527791516,-0.07116461539806015,-0.00940885110180581,-0.0013306407682594293
4820,-0.044625528571838324,0.05487590930627393,0.005372065051164089,-0.03297100698910125,-0.09345869183035818,-0.08067440583317526,1.3074771441557629,-0.07940148847724168,-0.01589808656253346,-0.8709604292904572,0.06921372226399898
4821,-0.22683681014266854,-0.8282361247861998,-0.06075249170179219,0.024524944008369298,0.060196532869824966,0.1221685590344322,-0.047523238038993734,-0.008799697767709478,-0.003567783382546607,0.9436502711090138,0.00932850065407193
4822,-0.04227782293671782,1.0223760520557532,0.0859244560343636,0.018204075604190326,-0.08265879223597061,-0.11911241614687532,0.04869628855013756,-0.6440583181342721,-0.06434892207429574,-0.04358917200210287,-0.043341556077070895
4823,-0.2280474566305171,0.06178009743665843,0.0981680512412233,-0.7184477383848001,0.04768417300365351,-0.03707218957822339,-0.1505955903900204,0.8941962099303419,-0.1695387523388635,-0.020020467903849298,-0.040185542824493006
4824,-0.05395334980440865,-0.05641959410367195,0.10561357732464674,0.791774592138481,0.06358033172612465,-0.06513765292956433,-0.09651456109591125,-0.014876406446256504,0.13061534307892583,0.11720079493686736,-0.4391901300522446
4825,0.06400736244454264,-0.03865112939692834,0.287243177661155,-0.11608438860190688,-0.5926114044481893,-0.08026275278158619,0.00854837048637387,0.09572338543776285,0.036632892012029385,-0.05821896237969403,0.8766427700692259
4826,-0.12244431446077286,0.018279960041144253,0.02237810656381772,0.06379565956377815,0.561673447450967,-0.0454206681563653,0.03823238927372822,-0.15247856259950396,-0.4526280338860377,-0.1802287274494258,-0.06605676035114395
4827,0.04004325389569379,0.032416116228961865,0.05232483484535523,0.06672483726671488,0.009750168178484309,-0.0335445859019906,-0.1109975551085565,0.019877878996226804,0.5295036568233302,0.018770492704382597,0.1005490652377256
4828,-0.06348533280636282,0.14727540680055445,0.5850957463237434,0.030860366562835598,0.061983140056086836,0.15078585429681668,0.006530927518197348,0.14555558758448306,-0.012548598114869618,-0.19893453717125675,0.046166515211980154
4829,0.055408548069676024,-0.0377166414348038,-0.007694966700839427,-0.027856813414439928,-0.02008281149218096,-0.657553001956869,-0.07598918078584364,-0.08991322701790679,-0.07486507217279918,0.011201194936018084,0.142544133833719
4830,0.06592976680628086,0.011493724874709297,0.45072465305178244,-0.007722197584595381,0.09426662390395948,-0.09563619055625765,0.10168080835452872,0.2718511021816716,-0.006012685584999381,-0.07728748707604971,-0.02338624542016417
4831,-0.06266702780837688,0.639425404687041,0.0484493477050226,0.03652704849543925,-0.0007849085433747289,0.09202811196676387,-0.014905890466896887,0.04416108227859271,0.07248527254849543,0.04651109404677484,0.031353714788899006
4832,-2.0852849471899733,-0.022914302422537877,-0.1302907930836741,-0.06040536747139798,0.08168010620709126,1.9231337027463506,-0.13153682787233928,-0.0018005249508987568,0.10654847002688744,0.013687974068064754,-0.039664608217742175
4833,1.2681020832890184,0.0007089172261273754,-0.15547989329184653,0.050234472838784516,-0.12954743732880245,-0.06301708575470659,-1.011745472285466,0.0424636937351552,0.11071933276134528,0.0027125708334770765,-0.017407092361945934
4834,0.8711753351363912,0.05167765722256432,0.18689195497536615,-0.04973810399189653,-0.011217452961521837,0.12012762906780275,0.017830517361761618,0.09188724230506473,-0.007615714601965142,0.017520810416341785,0.06840954937496768
4835,0.5774879250071685,-0.014948412057717506,0.02410214709542184,0.0400147700841605,0.026185997798548657,0.017406962001557495,-0.024588964454046933,-0.010601905126501138,-0.02033673968349913,-0.02177482596515279,0.03193474336333671
4836,0.01803149475201973,0.053843501509345956,0.029088423126735343,-0.04953330478225304,-0.01914142888025422,0.10533447598623738,1.1131865804990606,0.059739244313198894,0.009704810250190155,-1.0078272776021644,0.04822041342420348
4837,-0.37603563423635034,-0.6098562452923955,-0.03553595702379792,-0.023045770676690593,-0.007571444025057939,0.12405886435831161,0.03323591636917483,0.037701926259651,0.14324396150825516,1.0161438439772912,-0.0536719259327485
4838,-0.10994542688087626,0.8992707849865456,-0.07521828948213678,0.0674440154987523,-0.039535525925907825,0.18200045684571092,0.18137490358554018,-0.6655108851055505,0.042161523513724264,0.00851098798893362,-0.07792026919439586
4839,0.04316666369163204,-0.07929391479133698,0.10115304552549008,-0.5137323621970175,0.015763280508295355,-0.04160865121202662,0.1471056152077782,0.7886213781958418,0.08856227210484068,0.05542707934568284,-0.006302699061282408
4840,-0.06293532248506677,0.002731934272327568,-0.010055883775046431,0.769817332987941,-0.08872796754999057,-0.06295460220318094,-0.10880956735466174,0.11355040709569042,0.06940451564368001,0.15767607728988262,-0.6580667377633469
4841,0.0099936590294279,0.11167818933962505,-0.0903192117038171,0.008833470218814407,-0.3975234462187426,-0.14107515520701946,-0.016665623170398047,-0.09881377942737674,0.1223713483249166,0.02034879719930203,0.8804972506179485
4842,-0.03913958686588363,0.21734666689603252,0.20491182511210246,0.013313439480232392,0.6111159282335666,0.051526780801992196,0.08549380627327155,-0.013329949212570564,-0.23108251209533906,-0.07633672137099091,-0.001209359682805185
4843,-0.0642243728079048,-0.03022830302437563,-0.06211082955991312,-0.010369891833508903,-0.009380373513088154,-0.11225076203543566,0.019846271151413863,-0.2505965838501218,0.4807002519365733,-0.054668986487747796,-0.14893278256422762
4844,0.006844945124207862,0.047497506899803324,0.6042457093914865,0.002330976364028769,0.014597781829833009,0.021170357117637068,0.15919255629372542,-0.04770392376243427,0.058730029645321716,0.03197724667657135,-0.04365772463762739
4845,-0.012756206869780263,0.06411454428792074,0.016445370953877655,0.029225738653809518,-0.06007261415149557,-0.6592540435237437,-0.03601840612455954,-0.0355744248494799,-0.08879998416632597,0.07051166968185328,0.10321780132406853
4846,0.18170132933865424,0.18779582247269375,0.3965964330115624,0.08745153652935087,0.05432845387960035,0.030907530877038958,-0.14096014590336542,-0.033158676022827106,-0.1466559637940824,0.1224207176435999,0.06700415572713476
4847,-0.04913592894514101,0.7087585485885582,-0.02371341104998602,-0.0009479412363155174,0.015778663706152524,0.009847537585412403,-0.00032864531626562027,-0.041867259148152175,-0.01662314412052717,-0.0048229752983633654,-0.021988549515256178
4848,-1.854249657847794,0.015039900603825769,-0.1545706741597467,-0.03627243375243726,0.10137331337585094,1.6962384747492882,0.07060094819023419,-0.049628077321982655,-0.03999571627919093,-0.010287729291792239,-0.09394532583412638
4849,1.7466009178636814,-0.052590372134359256,-0.04223488427235933,-0.0009926778474832797,0.0035977122764516284,-0.06769674399127724,-0.9068640625110733,-0.00321725456746656,0.03510001874232152,-0.02867231555917126,0.03253050009594785
4850,0.7513306620358424,-0.10736429019573566,0.1354722587929703,-0.1264991120589412,-0.020441901080469373,-0.034913690129117464,-0.016540953339314633,0.031167619855923364,0.11025758803136974,-0.017357112469985097,-0.07585602043878922
4851,0.5834183049977656,0.01801242381121252,0.08978688541033777,-0.021037531348012842,-0.002259241719094747,-0.019081815407316134,-0.00037363472545480964,0.029924835662334517,-0.06812307005864389,0.03633880854174353,-0.025861263635890606
4852,-0.16173276117408408,-0.00029140006890217545,-0.0413447167797391,-0.02002302882149466,0.006983205031654831,0.06134342109781019,1.3702403696114824,0.06468490218457462,-0.05956967309068236,-0.9689060480575561,-0.11058599442734605
4853,0.1786576228226354,-0.7169287995913305,-0.13417458076450958,-0.01983983945529598,-0.03321646387836689,0.06286709660057806,0.14139067553300225,0.030053584384242774,0.08708857371733798,0.9472397632361047,-0.04765440256800561
4854,0.027361934615817915,0.8620938700545148,0.017157410376269774,-0.014655551246701244,-0.02499103684580734,-0.008708631439489115,0.04412877174312415,-0.6958339774236515,-0.02092988117262095,-0.04438885141326795,-0.016640358952098804
4855,0.007204769326415681,0.0008584600411460237,0.004642128486398111,-0.5692789392705025,-0.023887160780385053,0.10374408218820255,-0.08673413329966784,0.7601256006860404,-0.07621995065280723,0.03626108081648852,0.00922461119489584
4856,0.3277699987802924,0.02606817471080877,0.08048143292981595,0.8074774469252252,0.01980489083201155,0.13351445963890118,-0.015325999979543311,0.0476933542085937,0.11149441034824442,-0.014571972492928274,-0.5710985900651574
4857,-0.04516188073098404,0.027812996581693658,-0.004815547174925987,-0.007362700141623131,-0.5719103547747402,-0.1431539417152753,-0.023641580370238648,-0.0968712316916786,-0.040120463575843715,0.06109025242758854,0.9297287011367803
4858,-0.13255194504795445,-0.09350776800928509,-0.017038882699159003,-0.07879377133029862,0.6182693600184599,0.19101697037648813,-0.005290284327528868,0.0716662516108275,-0.14654418733139601,0.11881374634319498,-0.024726776828783603
4859,0.09930883579133191,-0.0562293561856746,-0.06641288643015433,0.10816373020811275,0.025955159561271455,0.10644400121926192,-0.0685904698656295,0.0236019595641173,0.47770689874130107,-0.16776452061808,0.01900748013392683
4860,0.09697966624943935,0.13211603915617445,0.6370780273314312,-0.24547732638099026,0.01198721467612283,-0.1742053270373824,-0.09832830788008805,0.006252708314677336,-0.028659799617940768,-0.11086648071229668,0.04167560474722898
4861,0.04477323053248699,0.061480281477394684,0.056900467578303186,-0.11717612827160163,0.020998930006598242,-0.6378243100681665,-0.049154152837380456,0.030157443640362273,0.011238990901342075,0.033771072309231744,0.06261580808187349
4862,0.233933670193326,-0.19750234213572687,0.42873140377040836,0.11548699731436622,-0.03533506429035784,-0.193466693142894,0.11286187115051509,0.09217724611666964,-0.032545301229628974,0.05158949502623339,-0.1147051796495069
4863,-0.1208194573485008,0.6925065743924604,-0.08364931743833634,-0.03324669701200699,-0.0009108465948953915,0.001976450949709732,0.08852306836448537,-0.029509906624313877,-0.04507022488402992,-0.0442022556589831,0.03246592097414519
4864,-1.814886338119347,-0.030258333629637077,0.07399373543586509,0.1563210404101126,-0.09358181247444125,1.5871730627073015,0.1602162682796031,-0.029279159495705004,-0.08727805314286782,-0.00048615216244270176,-0.15259769229365772
4865,1.6411162598046312,0.03279775544657298,-0.21390054450014095,0.03411140278407004,0.045858148544615465,-0.01784554522555202,-0.9327471782251964,-0.07653752869928938,0.0527645479131257,0.01179931836669127,-0.08718973050413223
4866,0.8112127570236913,-0.0515864027937796,-0.10760506404289973,0.12409004267288959,0.0882840340357439,0.08646678228826926,0.023678643554418122,-0.05582415572043664,-0.009533983672881116,-0.011058991271890629,-0.06044168095559999
4867,0.6492200058218855,0.03474794723291704,-0.05124638830863472,0.015862593174818813,-0.08308574254240145,-0.0024151793797059923,-0.018700570994556902,0.021452273189420515,-0.04855538678437594,0.040114746989297366,-0.03170033500239525
4868,0.03853438312529465,0.12044526596591094,0.03547549618982401,-0.03930597976141048,0.006394477386052661,0.05266671317267393,1.2232070910875286,0.10491954487882664,0.06786622539598088,-1.0028340677019412,0.03556928390132373
4869,0.021109110824006287,-0.6870523049965801,0.01655187229720097,-0.10884522132240002,-0.21667987839141287,0.1012696570691194,0.00511238560747272,0.16897871079313811,0.06696907216560866,1.0430223825748908,0.16117372000709176
4870,-0.05243588544283452,0.8773548078899908,0.020455264651087813,-0.012972531651311132,-0.042636118034308966,0.044237319870331346,-0.04484024215557958,-0.5941210314806411,-0.08370297940907698,-0.04033624246562316,0.0246955835366399
4871,-0.18603186364230057,-0.018375758168082953,0.001521152598532583,-0.5035875000325499,-0.029867384778288146,0.1977221945113468,0.19797462506660254,0.7465298863032718,0.015403507208176206,0.07985021545478382,-0.04726950616866683
4872,0.04891970913897925,-0.0366140262613986,-0.022995404865808214,0.8216656079101807,-0.09059764123583355,0.01581100661444715,-0.09837991682020489,-0.09274808558849996,0.030489241174455655,0.036764365347234186,-0.41833999527267096
4873,0.07878758136869635,-0.08443759938261035,0.05666745506891228,-0.007510905780937015,-0.5486321231995792,-0.045534234225487635,0.034454894321164414,0.07627994760345551,0.028009637840378857,-0.048324162115941614,0.8238724844180907
4874,0.0688462606325237,0.26363690050627636,-0.052918505089674564,-0.12519254554115822,0.5603149170011296,-0.032831449150960805,-0.05411803027503066,0.01533429649908659,-0.39100740814394375,0.02535830263258174,0.002118029159322413
4875,-0.12388364701461119,-0.22029552595973007,-0.13858268561224849,0.002681008569794927,-0.06415634619419912,0.09191194053256847,-0.08834618748185968,0.03742761633796768,0.47996992737859007,-0.12407610719561336,0.057013451065526924
4876,-0.055999628261001626,0.12627086893174083,0.5943157991244002,0.004344098291838787,0.05016944899193912,-0.06697965105834465,-0.0019055994514659445,0.07468261189718353,0.15315202438572945,-0.035893549879822614,0.040061110188009896
4877,0.06043705174679948,-0.10907803746022803,-0.1964841105932291,0.06105704941983319,-0.001974834895316887,-0.707644710813853,0.09087996360509845,0.08043871904552559,0.0015783946632607101,0.08641829023753847,0.019122237688977556
4878,0.03467449822288397,-0.01877558609986487,0.4127292851287562,0.05211750288838382,0.08674316849332443,-0.11542543398669118,0.027049818300693862,0.07063470924481763,-0.017174578096071758,-0.0013855109920798397,-0.050102629283965555
4879,0.07621169967037741,0.667927938030532,-0.007451659886647728,0.0639937804317466,-0.03958647168926856,-0.08432170274729835,0.15478278210365737,0.08647280695018078,-0.152869843373564,-0.05859678545864627,0.046375291570893214
4880,-1.7484434656982377,-0.028842203644666442,-0.023740623449962594,-0.08390880219546037,-0.09166417754555996,1.6120182572878465,-0.008660015598881144,-0.19819221930030653,-0.11569559600751551,0.13463244715950545,0.1080194416181699
4881,1.5663563490851948,-0.04852954276509996,0.02483864501882056,-0.03175934834812876,0.08722224856164405,-0.06524791674561706,-0.9971451176097131,-0.03161450624456289,-0.0005153476607974879,0.04807038232993375,-0.013177450506836937
4882,0.7851014533050186,0.17224050142572145,-0.16779625044929367,0.002911256650442791,-0.015435192640511703,0.1797409564356805,-0.18226860187478983,-0.09621341695736733,0.05919809708729784,-0.04262953378064082,0.027511081562260606
4883,0.6264329559025223,-0.028051903745584743,-0.08172176909859363,0.015514060061014513,0.026069711802650195,0.10116530201075741,-0.030448633501136073,-0.04497625761944249,0.04159299070498741,0.010397620547149882,-0.05798415819649173
4884,0.18689201388077484,-0.03158583357940038,-0.04814433367031458,-0.03959358021807455,-0.05943708761919113,0.0651585113043818,1.2775059746068944,0.013249979913688642,0.1198390439540365,-0.9943674517154045,-0.011049162034509376
4885,-0.06062144309476259,-0.650161605974295,0.006036120051302952,0.008925082545918327,-0.060339455956780204,-0.12410720579070632,-0.2443756829684969,0.045518260834369315,-0.11812709385013044,0.8873116538577198,0.046529491632002054
4886,-0.06020286204445764,0.7926924022885304,0.0014168142005510746,0.049761205942835646,-0.06239892225780393,0.0029114070113889913,0.1956246200382324,-0.60679200539814,0.04626278198821532,-0.05439662001256729,0.05264490146140273
4887,-0.03558377805900711,0.05271180399972529,-0.0077461906959814105,-0.5470997873018533,0.07271015630291089,-0.01137472171994022,-0.012968265559501266,0.7972418623235386,-0.055543094764596845,-0.07510973287691505,-0.00017361433992582782
4888,0.07487350772772684,-0.026139723591239755,0.048778064898897563,0.8021505519779897,-0.12557421719486161,0.10000105210645266,-0.014079831173140777,0.03582261366112873,0.04801300232362039,0.02000690043327239,-0.4900942824825696
4889,-0.019463822568124192,0.019533134468893945,-0.06445984433428409,0.06352845623315238,-0.6751769559739128,-0.11895904020605347,-0.1010337598517654,0.04812028241294221,-0.07436466478129644,-0.03429267555545864,0.8643851876469076
4890,-0.10099030241418096,0.11354740023259217,0.06108990332541149,0.05338212641652611,0.6509266939200286,-0.14779427361299644,0.1686490090158776,-0.0649187166037058,-0.041578575305741994,0.05525683261678166,0.02568269078918438
4891,0.0226299712280938,0.05367276502302895,0.11877863153132175,-0.022802463506814596,-0.06341800957401897,0.048594513272149635,0.07990108226428648,-0.0014966225433541095,0.4417264749126651,-0.06327164216617627,-0.074046375959559
4892,-0.20970336124980685,0.09711276901106314,0.6409151804712236,-0.0010811742119029438,0.04358283437079985,-0.017377940941352768,-0.14619638682408917,-0.006069269591559142,-0.0007760159046429731,-0.05069696060344146,0.052189976748261015
4893,0.008265193309053322,-0.12088883899397099,-0.009632585280768666,0.0719714942036882,-0.07125710836575813,-0.6005145088331038,0.012340250989645465,0.04044680387528374,-0.03931047051884571,0.02990377817159549,-0.07951775426802506
4894,0.12004394213368033,-0.05591546210241162,0.4027194998837282,-0.0497552935440978,-0.2168852554733354,-0.09212752548643859,0.04947564180160653,-0.09772174524215395,-0.0731115646924371,0.030569479372883103,-0.12488857704809835
4895,0.00810361810903399,0.6964327492021553,0.00421825578274581,-0.006983568032152341,0.06624404800275636,-0.1343933187967304,-0.0032653865650957847,0.034725898915842546,0.06573422489381686,-0.024910837956973977,-0.028646312882056414
4896,-1.5871992222503708,-0.002673720625498881,-0.09403965058012193,-0.10460377119900215,0.03309516939800923,1.730926881555379,-0.04136774689940577,0.08095673882174183,0.1766427802576356,-0.11635296474996247,0.032734417680723174
4897,1.7103486584089334,0.07812396646622975,-0.04085450285760674,0.016851060013734858,-0.06522150474695002,-0.08538692245189082,-0.9287725636121074,0.08432258632907416,0.057385184639632145,0.04559976193581393,-0.020773850205819108
4898,0.9425418225448994,0.08882279923381033,-0.011456618385581527,-0.14770196207202385,-0.008052513484485858,0.08949178940498952,0.0480971179477723,0.006622063117968603,-0.00918759110450694,0.07391985662451023,-0.00113938229696051
4899,0.5931620224223321,-0.06218932512870752,-0.01389058179175378,-0.0009294307882129517,0.004504019089658063,0.12704805698243682,-0.04443461923799645,0.020522819232091816,0.01526433553112241,0.06937192035146833,0.020779911274170206
4900,-0.26213307381941603,0.016774629785282588,-0.006783549316020501,0.054548111525715336,0.06995893617601971,-0.1112526728602718,1.0853767567007702,-0.0926226114931081,-0.07630393915810782,-1.0896690383546672,-0.0923399628922274
4901,0.0717672189496411,-0.5973243091296202,0.07432635844155677,-0.044547772432616574,-0.03775221012965613,-0.034649486825823264,0.0365079579414968,0.11053074819969178,0.1707208263336718,0.9156414475786874,-0.032051507724850534
4902,-0.08075663419513178,1.001843482147546,-0.0436057640796619,-0.04063281502599653,-0.01670229503688549,0.009586963314836635,0.04304419306217029,-0.5836957426082312,0.05892398020519159,0.1417611305293742,0.01875265280175788
4903,0.0897274131493346,-0.08574072133217465,0.09253280614403765,-0.5328240700332867,-0.05343274320245497,-0.0818804928848629,0.0957493818591313,0.8151278538639471,0.11072769820187875,-0.09080758164642558,-0.06567211988241387
4904,-0.20121091406196107,0.12000244061903943,-0.09370858223991231,0.8430548470220632,0.05809661561837882,-0.013817181206943278,0.011602171355934844,0.05571552445250373,-0.0025090447714562272,-0.10812877897860827,-0.54882298779649
4905,0.21405814324425657,0.08600383762530413,-0.005720160963362348,-0.013071864985852433,-0.5078122012254764,0.10995094918620327,-0.09744388574009087,0.02062670716567314,-0.1466292498002417,0.0992476392356186,0.885674811813484
4906,-0.1674362261532374,-0.030028890813269885,0.02070052246882805,0.0744650797154636,0.6404915374628279,-0.10667321743649982,0.12872148261737373,-0.21787799053814647,-0.1827977241698357,0.19134017720963087,-0.002795112872240487
4907,0.10503343753714449,0.131140626126094,0.11525699869403232,-0.007779442622221543,0.03802227476414617,-0.10519099170434557,-0.10898386724964852,0.02915720084325158,0.4646466557573645,0.018574886392718235,0.06923960572317725
4908,0.15266355519058458,0.04019508558091134,0.6086156863982223,0.059015097799550414,0.12715717946902505,-0.09439922017770352,-0.12631262378683286,0.03647971428615747,0.09774995802065564,-0.02194863678729658,0.05542391117083165
4909,0.057590561256881605,-0.03855347598434923,0.01315145300352905,-0.04182008262949499,0.026488897453041844,-0.7172363761138366,0.0197720219324367,0.008969598742447057,0.11538820856567951,-0.05861261997892201,0.09908660835658786
4910,-0.2308026965854433,-0.12344004822331446,0.40508718229725066,0.09781835009093999,0.00308644148950524,0.05831546882088783,0.10056245198991028,-0.1078120096748649,0.041408858884547185,-0.02856330822148924,-0.09702885058349815
4911,-0.01522929308089723,0.7146620011951638,-0.0480251667562035,-0.003996251304739419,0.01055090190828998,0.03485541443253945,0.07755018023957114,0.02348291672193935,-0.02176282832647224,0.04157085763495779,0.04817086999275
4912,-1.7511545420528307,-0.04090942931451788,0.007122006485190185,-0.03589086763227379,0.0008530889632240471,1.7024543614426608,0.03561153925033686,0.13321013228223036,-0.006714354499871034,0.07735610457045022,-0.0024905711241163583
4913,1.2338721459297333,-0.0665043755984717,0.026102997127674783,0.006867805996325776,-0.04382270446842107,-0.04058138967014368,-0.9612935485277125,0.01311720398055715,0.009633337695654186,-0.022815947936611965,0.011738535691223951
4914,0.9429369589842356,0.04454992694800645,-0.11875725543246414,0.023337640413531337,0.05228737108291338,-0.206207144684936,0.14509744696036259,-0.05271598573886891,0.0944716435925678,0.18083631163252625,0.04841927235932895
4915,0.6432196991613192,0.0037421104888960225,-0.12019373937198802,0.04527576006697911,0.026002311259029885,0.06038573766023691,-0.062080518857665766,-0.06664599931351985,-0.03423783696107125,-0.005474501046975562,-0.0014388251884568208
4916,-0.013867252410684889,-0.020327971184819812,0.04472022566375911,0.09868337333126921,0.1034450367351241,-0.0036226760095655714,1.229949628357576,0.05858759505297759,-0.15045262659045786,-0.9391918066978974,-0.0757268842973014
4917,-0.13024419027721612,-0.6807409779551044,-0.017804643091979013,-0.0369816157760142,0.03800932041565383,-0.07148062100863078,-0.18777548544182063,-0.015477906367166562,-0.07904964232414695,1.045072764827319,0.03225193011579083
4918,-0.013611383063893945,0.9786596115108289,0.037581900310011254,0.022301242473662414,0.04205389871292584,0.03777448893901381,-0.14824074734760664,-0.5384616391557709,-0.06258288741886536,0.11992190793533432,-0.021820160606649937
4919,-0.11043188153661139,0.1317341804724152,-0.06971330537041381,-0.4407231878693209,-0.03425411193038028,0.04024095133258761,0.05372240614834822,0.8427484461760273,-0.2044668518184722,-0.14525347972663538,-0.04551328030883306
4920,0.03894949696937333,0.016753052349621576,-0.0064434425764854746,0.8245081206226215,-0.07776552863647943,0.04495588833388001,-0.04586042138024499,0.011556684475623148,-0.14939979868376013,0.1821137360290667,-0.5860626986625931
4921,0.02179880176737212,-0.06709977157769323,0.11353464764176838,0.10606410384751917,-0.5227104144895723,0.2182869077012673,-0.07426564041345193,0.030097996898303156,-0.02253550597604128,-0.07756308738004845,0.926752741455644
4922,-0.14780480205401625,0.19321415813308415,-0.09527154802542327,0.06638889612249978,0.5917073303270742,-0.030748104723413244,-0.13175058991964783,-0.08303162508979485,-0.2280705446557356,-0.1414938442280892,-0.05349311858647565
4923,-0.10775326491179503,-0.18949377942626275,-0.16721373401479334,-0.07941706189123068,0.06764085822839251,0.08945043400463569,-0.11755316411818831,-0.034129071352573405,0.4667597761483609,0.07409176559628103,-0.0671998850929649
4924,-0.10736756203351715,-0.11293454617542169,0.5619712065793167,0.12260593105882786,-0.0677522349167738,-0.13229809786598365,0.017478368469065052,0.06471436998602742,-0.026477005719476615,-0.03272039420776205,0.02153984653779151
4925,-0.06173921514754563,-0.015886709502867986,-0.08568131099367704,-0.021716986679659777,-0.018062020635725616,-0.6734220556321859,0.09049732039317328,0.09625063503272148,-0.004674329242011049,-0.015590467294380458,-0.06802793635695324
4926,-0.18117014547257004,0.01894462787152238,0.4737243240006408,-0.05759555314330441,0.03256103577906885,-0.0139717965209231,0.03651860048327811,0.04149345271702872,0.01863064358200456,0.023311105560179415,0.07335925252304933
4927,0.10393331542667368,0.6549355333121716,0.09733129908511463,-0.03673987613085588,-5.749005384048447e-06,-0.1639611637461652,0.14301301257900323,0.046078449323255916,-0.030248278951675332,0.11011578998128681,0.06367110726255558
4928,-1.7854278761879583,0.2050825778820184,0.01142061369329114,-0.0025723260434794113,0.050284357974693245,1.7233951207790996,0.032596172149037754,0.062203466830775045,-0.21892965812229367,-0.03873078049597002,0.10689379306767002
4929,1.4351527266584778,0.03373095681005945,0.15402823587364184,0.037235927907104595,-0.05170921863827045,0.10792936982604581,-0.9447030788988248,-0.019329019604148907,-0.04648338007561901,0.004366209058836673,0.005778260482392242
4930,1.0199999109627549,0.001494752565333237,0.004313239732829485,-0.07166664753686008,0.04383894550419685,-0.15566485844848382,0.08274335695492122,0.017871334636017533,-0.1021301752817089,0.12792108725517612,-0.06639521869912848
4931,0.6724791716021727,-0.0092786402633864,-0.035195625707445485,-0.002405949663302714,-0.014665471658415277,0.01905892192100825,-0.018377970564753095,-0.06890526114043793,0.0036861054166743446,0.020399922738842814,-0.017277425568281976
4932,-0.16200747215665734,0.022178093608204573,0.007055850781086257,0.05023740619206346,0.008048547220440731,-0.07361208881463466,1.096978703200392,-0.015952919085941198,-0.06093338758705372,-0.8737137703291424,-0.0349962707927728
4933,0.020883589468498186,-0.6709134684443306,-0.05729092982319051,0.043772333205003684,-0.07468073431125404,0.12649387993696118,0.08995289371915333,-0.04894366215500749,-0.014448306092262926,0.9581175181463777,0.09121116550253879
4934,-0.08244054619870939,0.8725000874704257,-0.025692055465009835,-0.0617052430239082,-0.025972779430464634,0.015658238308204786,-0.04154239692211563,-0.5761399438515745,-0.1577771022976375,0.07442703489377193,0.08672626170591644
4935,0.047578621471827544,0.025018450188941572,-0.007074766487001731,-0.4745986731029219,-0.07250869093128498,0.079034402600594,0.23531437862477816,0.7095078402824436,-0.09845754430569273,-0.015197879582228197,-0.17900819412546648
4936,-0.036236430908076635,0.0728886016552169,-0.09948840591683102,0.7873844027930493,0.09747726622371662,0.11512359789970177,-0.08108613524655447,0.0829201162144872,-0.03836073196889565,-0.07723736415382097,-0.48936418235433693
4937,0.01953140539141544,0.1896248525020714,0.012983959355520793,-0.09246292941065674,-0.45874952557513576,-0.08384121984490488,-0.18524149421436073,0.05437982347329236,-0.0026358469499849248,0.136620470033852,0.9386806698833939
4938,-0.04271577533606558,-0.1556696405560958,-0.011243892535388308,-0.012356728913698649,0.6266239362513855,-0.18394954445712317,-0.06595960622209418,0.046752830431392896,-0.3152395566745227,-0.023348357937827725,-0.0645968832878261
4939,0.09710276655752087,0.04465979792372805,-0.17317119410704312,0.11920978589154321,-0.042983090090386304,-0.17324498595076354,0.26668779874372045,0.013059067459521796,0.47235514879542295,0.017963449285157897,-0.041911308771340326
4940,0.07690622335106843,-0.10242273557735355,0.538472121061502,-0.0038646674709933992,-0.07417446641604465,-0.0010784572492055344,-0.11588793307321611,-0.005427099376973171,-0.0054226382271966335,-0.18283557165852887,-0.06433823236291561
4941,-0.04515618589682836,0.02386742552952435,-0.024761580924897424,-0.09496671917660617,-0.12396699937705764,-0.6646193014651796,0.01739160351095401,0.01871956130808719,-0.0022000523898664955,-0.007371147681663854,-0.14777014322477303
4942,0.03321375879135244,-0.04278992979986558,0.38529019160660527,-0.027875126622174073,0.16221429447563201,-0.09433950239830871,-0.033068688857790386,-0.005323760678971234,0.09078085296816837,-0.03393624321529485,0.06330428961685965
4943,-0.043925664820327864,0.7265619864474947,0.005143807253464975,0.04258308629532948,-0.0328451349058672,0.27700648329712335,0.01382912266255221,0.056852685642769046,-0.05413335699754047,0.07836607400490372,0.03964736875148648
4944,-1.6671252701411807,0.04123996441186642,-0.12326174920820672,0.1560532539024923,-0.03947758727095247,1.8056134353076774,-0.03786855408922308,-0.10495445231625451,-0.08815811452677683,-0.09717882876233981,-0.015042585592251467
4945,1.6444916101915532,-0.017756770962495012,0.013890030927892715,-0.10783477947643083,-0.08836375105126479,0.03944615007547907,-0.9277349831786403,0.08839601919160447,-0.024902175586062954,-0.021270258893508722,-0.03200155987664323
4946,0.9147019199723839,0.021231961672660636,-0.12166855818945667,0.00299755174063035,-0.08374436627006239,-0.010295895295611819,-0.05219051257192494,-0.07415442239436332,0.09685844855248042,-0.18651981638577556,-0.0422329120265268
4947,0.6266204153138688,-0.027416267291114932,-0.07603729914448396,-0.013662959167445664,0.025167383830629452,-0.046685660538829596,-0.021212124733851603,0.05736068922425432,-0.0005642804935191842,0.002714730032086086,0.010880622454356292
4948,-0.04352763436476275,0.041633029285703366,-0.10476348371598726,0.0738690154304737,0.03422182450564798,-0.060960894612497714,1.4579346633717172,-0.0403598809925171,0.05477916892918133,-0.9250227272819364,-0.0729163806541223
4949,-0.13795028471773857,-0.595164503657313,-0.06557909014190205,0.08050583556536267,0.05150840084151149,-0.12972641731078477,0.01101187660130335,0.015765807535403197,-0.08377807346601683,0.9690414504368197,-0.0618982740321357
4950,-0.0324899629932553,1.033583623646646,-0.013128566904723395,-0.029645650761151682,-0.1419187309329667,0.06902475547800695,0.20536805846071476,-0.5557269764717129,0.08211642777287967,0.009655528897391397,-0.007355096433295986
4951,0.13178058923581626,-0.09274788901240397,-0.11703878664751399,-0.5417298859192701,0.08891302550518404,0.004963968146726875,-0.15387566503848785,0.7636802598555847,-0.005603361116560379,0.15980037242730827,-0.04694619892762723
4952,0.15351356147220704,-0.1276250580598589,-0.03483082275540001,0.7807897095667669,-0.09602765968348928,-0.12539520464311082,0.16123310877137992,-0.010800955710181174,0.06684623903377994,-0.18983815329774245,-0.3260900679996858
4953,0.08514644033738776,0.12010171377425058,0.02855708950296468,-0.05820407817225038,-0.5420982980755569,-0.04482842612395891,-0.11811505248676828,0.028073817956965806,-0.05855895120584149,-0.0030308814775324446,0.9127065019317647
4954,0.1584104247393991,0.036187118661776006,0.024416433882515656,0.03041557129087418,0.5888636737721351,0.04365838148472708,-0.10103497567161694,0.024426256211353515,-0.31798254221604944,0.014098910122160701,0.056436935812954864
4955,-0.11561334449238657,-0.19863693253268946,-0.03962158185102705,0.08817160916272264,0.014687759575272467,-0.20142183309689787,0.18222692067706436,-0.08748296331793282,0.48934169829387386,0.05518471271455013,-0.0229595063845727
4956,0.059022870192037315,0.027251625547580427,0.5998284189704302,0.24676914278207399,-0.028128685811059127,-0.21606066617233655,0.08318374353534229,-0.014492040127766887,0.022639592323165463,-0.027546193038467223,-0.15348936542688452
4957,0.04844689974816926,-0.016378924162193314,0.15294033386802874,-0.08531266213349108,0.03240352805820717,-0.6245451385981566,0.05990576070872762,0.06359309689420556,0.10465932285123848,-0.06047400866537399,-0.015196267729290948
4958,-0.17953463701286348,0.03357700018718087,0.4331008631335688,0.049652628281180146,0.23125587846722284,-0.07900944101012443,0.15694474346801462,-0.016528998753083477,0.017293441103857266,0.0764965532001796,-0.08992006258988595
4959,0.0985861012637432,0.6650079507699825,-0.09743089094128311,0.02057258802716273,0.01968880497171662,0.07375708338571785,-0.026074078676786273,0.03669085611816489,-0.000861342907217131,-0.05051834539328537,0.03502052934579557
4960,-2.058267691094076,0.024053988395547315,0.02048392471644703,0.2218714029854683,-0.14807690800019377,1.816756686569554,-0.001185510305081721,-0.0418936603673318,0.09042787149123695,-0.12868247648648407,0.08293273538704446
4961,1.794545727881045,0.05112165350664112,-0.0792369192828202,0.11963333687856996,-0.051777892274721224,-0.3402449796596338,-0.9644779848234293,0.04177416553043447,-0.09243767015443224,0.004040373062716094,0.02406333110828091
4962,0.8437360190341435,-0.02745318595463179,0.0368011535929384,-0.22368677438414947,0.12189033997422492,0.017862804299343546,-0.04645125261130898,0.050972201519703386,-0.13032252024630755,0.0005681938924372576,0.1031724978331769
4963,0.6408464489382998,0.0023597722720152658,-0.005862591067172539,-0.010487826885964958,0.016855580823323047,0.10396865120260146,-0.09889660637618139,-0.031194732060888998,0.031357060201882496,0.008809787510227892,-0.03166328894844311
4964,0.00047971878199493286,0.00791987888634899,-0.027793646336186445,0.04164707045156567,-0.17686472899624853,0.03819221706204925,1.093779222314144,-0.032406751460049364,-0.12471673343843297,-0.8416671339942976,-0.10255414571409881
4965,0.06002971735850328,-0.8007523975163898,-0.1536957355282183,0.06296062897848698,-0.048359242976301814,-0.06514956360352647,-0.019410042256082317,0.01881110838293755,-0.12162621822844177,0.8774431558899107,-0.01289784011428742
4966,0.1243412479762127,0.9103143106275463,0.03361336177624875,0.0014644007412950373,-0.06515368247156737,0.03322955903696241,0.017984886618666252,-0.6668514534290235,0.04671293847500864,-0.1094512654474704,-0.10752757819474316
4967,-0.035984637871974055,-0.12903210938915824,0.06284439408478566,-0.6493682067682245,0.0004113303358229837,0.08503539614680894,-0.04290420803899564,0.7097659783232395,-0.10529299132342877,-0.027138498329934903,0.07820849796918425
4968,-0.05593881018198645,-0.06630567851318758,-0.1818909232701737,0.7678423539494098,0.04008216128229302,-0.021551758091277247,0.10682820895821035,0.11290186821232795,-0.23390340492495904,-0.023029350075605973,-0.441198749162285
4969,-0.011158009859219841,-0.22953219716021755,0.025820517037718895,-0.03509814334534747,-0.7154185652679039,0.2061004005934836,-0.0016200166138475146,0.12796365497230866,0.07293686224992434,0.09750039541123558,0.9050534339173315
4970,-0.06952057476691344,0.03690759072491584,-0.00525834992799383,-0.02421735919340357,0.6462616260503776,-0.14594714388955107,0.10806039373986293,-0.1104965055100659,-0.23487413595739723,0.11347428078743826,0.008468783989665999
4971,0.03361458622032471,0.05449642183822884,0.10748168102639356,-0.039650516764328306,0.024102783269430793,0.06266852522257003,0.09640034735299179,-0.06604361883091889,0.48580368892527764,-0.2312592978351712,-0.13481634965099454
4972,-0.07301356722335677,0.04694753506423495,0.5860616096985188,-0.06624078477960244,-0.02153144736291687,0.1663505630253064,-0.3675871674543569,-0.015657335622772953,0.0016943327982590108,0.01294202941998351,0.09116919552347327
4973,0.03747386025404712,-0.0006954201991667044,0.09894752412788296,0.0035891691160023333,-0.038798655986843,-0.6727458057311939,0.04559836699566386,-0.06549465524445533,-0.06077408497265455,-0.08099146165961152,-0.10972845717639404
4974,0.2207220911266139,-0.07840320366804136,0.3997629471306868,0.010088048544483105,0.04884569992600732,-0.010748122048461815,0.19359005598773446,0.18314347311635035,-0.09357003244645647,-0.23761993685272834,0.025879522672865213
4975,0.1045983606399671,0.6631444126723989,0.04031769098437903,0.0856178313406743,-0.027770373598061903,0.048206193024728096,0.19706583277643996,0.030964097372571688,0.005431759032322485,0.01985026662168641,-0.017723045684309664
4976,-1.6634392540903655,0.14252404367295035,-0.04471904654837851,-0.1757032619163676,-0.08566764873057052,1.778968195178131,0.21842702879017503,0.027209391895106128,-0.07556830420876559,0.06301530321165523,0.04529473579672784
4977,1.4972527777889029,0.04745259502089228,0.16882251029629788,-0.09260516089175946,-0.07070258942223359,-0.06417943065085265,-0.9266272443246304,0.05820125897729903,-0.110514833201143,0.047171430868858916,0.08913629944698806
4978,0.9233072657559375,0.03578449456814632,-0.1843429179845948,-0.006435025492196855,0.03588200706752936,-0.019051665360366836,-0.07101089382216547,0.19300272750851846,-0.06695930913746961,-0.04506048053339905,0.06001372207354729
4979,0.6361826369758561,-0.005702440147305667,0.08609991602048432,0.0035660965756070763,-0.04210063937877553,0.04357565004410499,0.040926143748301565,-0.01260333907328888,-0.03292636954681592,-0.04547826725510762,0.037782793366908075
4980,-0.09205844879973925,0.05877990148005669,-0.023799364907847176,-0.087857415214274,0.0752064275592909,-0.267332674539976,1.1345455082325873,-0.013289334008614038,0.11383411938276211,-0.8195818811769973,-0.1269234281984487
4981,0.031238210197651207,-0.790806612552629,0.091998359127829,0.05657868957532808,0.1253052542146258,-0.031917880110663904,0.015516499816177516,0.07450858173894452,-0.006820285510069718,0.9694593883261069,-0.14137265586975623
4982,-0.07948244496571948,0.8171232693550095,0.03573768957699573,-0.0033986870782084936,-0.03319403196464083,0.15481858656392622,0.2404264383488038,-0.6788991479585997,-0.045644181102510784,0.1159000108112239,-0.01372782947736445
4983,0.12994011791599366,0.16642522662351922,-0.05494462461717173,-0.537221402175757,-0.07883340101261345,0.01741215853605936,0.04224942336998439,0.7046821894163399,0.06656856529426279,0.11537242908099896,-0.04886800146636932
4984,0.06639291801224946,0.11208790484091082,0.04141710218260203,0.7729991535483702,0.05413166343004089,-0.022771425579270886,0.08305511441386187,0.00932568301387488,0.2215022531382647,-0.01666612333169481,-0.32656911166177444
4985,-0.023881750914424838,0.007959187955962971,-0.03879907814827263,-0.0314016437471328,-0.7257714010190107,-0.15551953183130798,-0.09988684846581639,0.03807795407424094,0.20770539299075277,0.0698555525710026,0.9214552275697718
4986,0.01702308152521189,0.0749651398078534,-0.048017133147297344,0.013213836564752723,0.6381118817747299,-0.035989040164190494,-0.048586687344984836,-0.13557688745738586,-0.14701223056776025,0.10650457756999974,0.008605124403025681
4987,0.09766017074558525,-0.09946493013411364,-0.11891821384965909,-0.10898266366069884,-0.03131641000439135,0.20651830639083663,0.04307727802514934,0.07670237002017818,0.48617775156400034,0.06381599118296523,0.061324571235097096
4988,0.20204588921818892,-0.08109686223455406,0.593098876599104,-0.06496606686099747,-0.05826639286173013,-0.12981616464920345,0.0845124872499572,-0.011536684240149723,0.035197750664060695,-0.11067677184047706,0.041342700168031696
4989,-0.045212555356096557,0.06218477019302943,-0.1251818994741426,-0.15616923271536826,-0.03340917963897067,-0.611927673276327,-0.03542979581197123,0.07489907305196505,0.05308148334874516,-0.06142756114015324,-0.029277301680243575
4990,-0.2042192119181672,-0.1292216465281392,0.3982478967041757,0.04695900839673911,-0.004790118717918232,0.045086868701349,0.15117003338822133,-0.05376179092555614,0.018231593777179707,-0.1334387312116175,-0.11902312206220804
4991,-0.2556514178805884,0.6638889246347784,0.05891080498981774,-0.022105974927811807,0.008003556058946815,0.19260238453146095,-0.13509107803536652,-0.023492419225333537,-0.023245509273207076,-0.20984034466204152,0.046393782240876216
4992,-1.9306296671668295,0.054980760873442745,-0.016959159710826403,0.002888134327426977,0.0029776969316615727,1.6926297423018668,-0.10531969573852938,0.0829246212262126,0.04403481870474489,-0.027704309463693975,-0.05896093778348486
4993,1.5650794253784435,-0.016994331092781926,0.08052493508034773,0.053929384609778884,0.03441834578053862,0.10816363683290155,-0.9702532863854557,0.031629758981877525,-0.07914181429251914,-0.04982502315436178,-0.045866913890349074
4994,0.5662925033194447,-0.24735782805163636,0.15999294606445502,-0.08268038198019244,-0.0147925983009979,0.23885963364468088,0.09968716071688594,-0.08414776896578934,-0.16463868686770491,-0.0005016426832623634,0.045588469872360225
4995,0.6483084688213354,-0.080154661178753,-0.028171746145608086,-0.050180055430224996,0.026591967922694814,0.04439594212124717,0.007346619400309601,-0.011824384028011052,0.026804933552022778,-0.005026604468329221,-0.08614047091764204
4996,-0.2594349665190633,0.10215081319716288,0.10469137498680994,0.0925597979634215,-0.08362731338855743,-0.34859317873611384,1.373255752490819,0.04682325798793009,-0.06819939182631495,-0.9442526328340799,-0.06061278850447725
4997,0.22509658212395364,-0.5897159123152326,-0.12367264613152873,-0.14334741848806987,0.04639503742147065,0.004026156540488102,-0.12193925766849661,0.10343313695696649,-0.003379555461096644,1.0436367139514555,-0.06961465216044736
4998,0.18637522775094445,0.9493464957717006,-0.1799055816233488,-0.013490455323194346,-0.046287156787358064,-0.017140711021281,-0.04228295180448151,-0.5665777150264315,0.11292800260818547,0.1773886545025284,0.02546103288286448
4999,-0.019826065211208103,-0.014586707701824785,-0.05784521561711476,-0.5935708745558989,0.0201262692671959,-0.17056086543252555,-0.07627953960113247,0.8584367043584779,-0.01633866133242083,0.010625438163419335,0.15886787818261291
5000,-0.07996791293658036,-0.04386825791541797,-0.028188370882589183,0.8255565982525331,-0.17145909185339372,0.11905067353224036,-0.026764993852477523,0.05817632074953929,-0.06341865246441314,0.22358363636798034,-0.5632338182735822
5001,0.04825030032981191,0.03510648923390391,0.12456545494035823,0.119404758355508,-0.5757016279555037,0.12630771788523518,0.14039721672723962,0.004882695324306488,-0.013220896034585844,-0.17960581552333027,0.8876613147691061
5002,0.11839055945324276,-0.011094695925000389,0.06696494946550177,0.014999975181147006,0.5955601081054854,-0.04175117320829682,-0.08466297448924519,-0.10506795765210565,-0.22012878457627352,0.26110020737038586,-0.004718473255130381
5003,-0.14697051040065565,0.08908468878456371,-0.11987685970380839,0.0032250746676662154,0.053542417353824284,-0.059339035811928544,0.0022029821770824225,-0.050331994598950165,0.49271281093844327,0.129626360572285,-0.05130565896543866
5004,-0.08945851949287129,-0.14937230406155103,0.5812276887124055,-0.05308399387865159,0.07139787835965752,0.2119562205408305,-0.005722895688504565,-0.08494695503627427,0.00638860790789,-0.05076390924644527,-0.017712956007045172
5005,-0.040125972312087796,0.07230485852463642,0.08362468971823453,-0.06106307591577283,0.03714694087375323,-0.6639427730690356,-0.019503657010805274,0.014679509893443186,-0.04724619897768129,-0.024985383896484064,0.056680646983702745
5006,0.2072336798789218,-0.031979490654210914,0.43545679197308407,-0.13648070026294215,-0.08661930773739518,0.14512998369712538,0.03970464064823176,0.020842913575265715,0.019725120120323455,-0.01925288887358896,-0.093717767670736
5007,-0.2562293201534172,0.7004051187892947,-0.042242373847735784,-0.029171849567423865,0.008058793310737994,0.0009204598439138539,-0.03881464204848645,0.034840729084171296,-0.010161165797710528,0.030484727398911803,0.0020279064530923565
5008,-1.607136168534507,-0.00511278998714257,-0.06263822499020767,-0.11337869103468358,-0.1360260790293721,1.8360737949691575,-0.08225856597105932,0.03488880085289263,0.0403005278872571,-0.013340506949057813,-0.04989918231166676
5009,1.2860878705359946,-0.023676432250081935,0.04276895413799398,0.10234096626314686,-0.09974654769797892,0.03740018130526603,-1.0249231047266965,0.002072005368013344,-0.05123596917027302,-0.022505358593685888,-0.025137092836460737
5010,0.7120091039322818,-0.05744137497345492,-0.10526777420263467,0.04394575663413956,0.23028266171442474,-0.02086977787317317,0.032588914706,0.001789197480391087,0.17728163712898048,0.006353326332802895,-0.017909754899110654
5011,0.6009323261830769,-0.01892243666628938,0.05633754087626406,-0.033740430870556545,0.06292975058909721,0.07349252664586309,-0.02163392860911619,-0.034752181261140956,-0.06611233407521694,-0.04090567788265226,0.024140415608148513
5012,0.2859030939514816,-0.08067250606709968,0.18636134123214532,0.04321230402506104,-0.12813158668123614,0.1329253409578083,1.2381592261022343,0.020191869520898187,0.09044591531387494,-0.9440414601412201,-0.07416407976935953
5013,0.01841781090088258,-0.6769572931858078,-0.06748660496445363,0.06702834907399915,-0.09438598239891641,0.12940307036547902,-0.14173787456471545,-0.03369110661435271,-0.01852411984901123,0.9387301150711302,-0.08364581870281362
5014,0.24399266199828368,0.9741339476378915,-0.16151739973738,-0.024446095377038422,-0.08055197475345498,-0.059243180028956816,-0.0020004579983635227,-0.6792340717598819,0.09909618690922672,0.08091967808489792,-0.04859822378503324
5015,0.07101263196133137,-0.04153682477714855,0.112887296140606,-0.6363974521936748,0.1301813201939877,-0.11750711930764571,-0.06849745826095724,0.7995292772270771,-0.07556107119327522,-0.17421856530884416,0.013616567910935878
5016,-0.01848326463754908,0.15623289160176468,0.16783687638461386,0.6930713590353339,0.04766847735671137,0.16682042018703522,0.042862651007406834,0.060691701436487,0.010477760335775205,-0.22856911733465954,-0.33040326015706506
5017,-0.08684614823260874,-0.03268871583761371,0.0455598261341887,0.008108516597933331,-0.30630191345396074,0.0405883632935649,0.03844667642007284,-0.030464003023121418,0.05357062770516485,0.029223415510612742,0.9018933189140268
5018,0.08818764794971459,0.05194855632720229,-0.09122351223388821,0.049640222495555754,0.6359063722326286,0.0622925413998759,0.048190769895728944,0.08227719331748087,-0.4227262223918755,0.1016177968148176,0.014295190232374216
5019,-0.19874509934235735,-0.023661659037997697,-0.0780144206086109,0.07966551012382284,-0.06119882528439871,0.03253434922842744,0.08582505756425148,-0.0184595525497964,0.49430770514279077,-0.013004397122865552,-0.03807818527943314
5020,0.03922116552123168,-0.12866285099067737,0.64115033898587,0.061272330218429844,0.04685104774077915,0.12242069389010898,0.04665204278106623,-0.11574318741540386,0.0347524449571464,0.010774069451682767,0.20853590113526926
5021,0.054146631313809125,0.016164357573251735,0.045934108259146296,-0.07231508929138122,0.053889231458786185,-0.6935571719778906,-0.02118146285472759,0.0205146303696613,0.04094009909976437,-0.01633401894365569,-0.0822166858288542
5022,0.08836585822880909,-0.09505177331398337,0.4094849636064076,-0.2204533075775297,-0.09671565553928231,0.04109618140257693,-0.07220825615727997,0.04554098711117061,-0.004587175678426859,-0.10597706598883866,0.07993557459664813
5023,-0.06018874057713462,0.7340667582404573,0.0677993676701213,-0.00936907010454957,0.034835832080294823,-0.06554341994865698,0.1360090180767209,-0.026694035838079607,-0.022107425223515165,0.07235552346619133,0.02494591616420506
5024,-2.073085682817566,-0.08177889576898095,0.04223806902895447,-0.12793506112705175,-0.04339721088634167,1.696965581051953,0.12570000216767008,-0.07175882870231622,-0.067705708020399,0.1177751988742361,0.005965986764597074
5025,1.5338557489940035,0.008001523327717417,-0.0010536416430082388,0.012896713799779465,-0.010806738050917622,0.05166025673645429,-0.9304932859363788,0.08503511934225542,-0.09109313180270559,-0.05365873985929278,0.03201845433008609
5026,0.6290061220197181,-0.01414113767249404,0.050712571594515816,0.06701300821463756,-0.06882014896385094,0.03276621018176651,-0.16959307431441742,-0.07706472068220224,0.0008370617819652391,-0.07576305500529683,-0.0011168050617101576
5027,0.6511844542009284,0.03723904477303846,-0.08758524275507464,0.01732347844682598,0.024801183130542127,0.04995008033520154,0.03330038278993185,0.00952386459165649,-0.07933629791340958,0.01301441323437714,-0.00542508663186355
5028,-0.1522580605373096,-0.018411065113078197,0.026191041998525053,0.01225715049352728,0.07351180148164824,-0.0842149610823025,1.301755253717647,0.02022375596158487,-0.04914696466910142,-0.8830757442529262,-0.12936502630055796
5029,0.002572455677430649,-0.6915820638883188,-0.06219288075801525,0.02111158947576616,0.15552468627808322,0.04348217998164812,0.12693216644809435,0.012220598307764988,-0.06282204000763593,1.0410644062218637,-0.13370467563906396
5030,0.11388231144366162,1.0105464295980202,0.03632361176367171,0.07450293371737096,-0.15479883328195912,-0.07270293540689549,0.09707665245606392,-0.4922121082926072,-0.09490443303556474,-0.060011612697466014,-0.07493067197486582
5031,0.19636001907237793,-0.04183956393280379,0.13862710571067774,-0.5219376875428605,-0.07817567113459804,0.13840469249564746,-0.02332872657391563,0.7526625456881715,-0.009276579050916868,0.02690010242561813,-0.04850935274518814
5032,-0.11798424542631766,-0.007978153845470874,0.10539565196832777,0.8048077605328469,0.03287941154163148,-0.12487049105559228,-0.02615872447277057,-0.040622761141767584,-0.023275573805382345,-0.0636485980496115,-0.5773884064299716
5033,0.02222558859402588,0.05207753344767215,-0.05396339020220111,-0.04235373921237466,-0.5742269864118015,-0.1501334563462671,0.03775904165704343,-0.12298946690556901,0.09008675461289938,-0.017730943318012216,0.8233684903853242
5034,0.14294006013897873,0.06510383926814177,-0.0784551154069761,-0.036726197716078816,0.5988856790444768,-0.10206443478778099,0.04476858744324398,-0.08871381277285659,-0.25268131206672906,-0.0701666175573097,-0.06837018972128628
5035,-0.05272738571672904,0.19289075456726348,-0.15770095744253282,0.054764214531492814,0.053618741091173094,-0.005689593037406583,0.09293810891047408,-0.16442571407946724,0.47336191932989813,0.0783288476955302,0.08096755151652409
5036,0.03822389182769966,0.05109390870945169,0.6061732641730964,-0.04773274734422138,-0.15362478557173148,-0.018408549187360262,0.06057223199267648,0.10593200028168945,-0.10691042040188103,-0.11845052036978027,-0.07184567625267474
5037,-0.05761903458663934,0.029403740004904994,-0.03701195563490087,-0.03620850197169357,-0.002394037764308815,-0.6866584529354304,0.023026991929730407,-0.002662702919206505,0.007224052159843284,-0.091408697629952,0.01638078655136828
5038,-0.10053687002132879,-0.03374566897137631,0.4375101271140357,0.003431693213441411,-0.009263642368075076,0.07476657468668882,0.08636777753773835,-0.15444271062272685,0.04389511297786984,-0.04740319403683166,0.050952507811079906
5039,0.10235251713870744,0.7093143673865085,0.010112034414812995,0.060886411169890596,0.05803419957754484,-0.024450794713092902,0.004249404528498105,-0.04031611636046972,0.06945525000198194,-0.18760138562073092,-0.026266539005117214
5040,-1.4895514943308084,0.08907481298813973,0.04064021689548375,0.09785743618174306,0.16783316754854927,1.7797239935528815,-0.04054856220203674,0.041315994273817644,0.06016774029805885,0.09863042577899335,-0.034112247653695645
5041,1.272296630505899,-0.051646689040087505,0.02061274113324741,0.05589797161329186,0.02174672522055174,-0.00499883885592531,-1.1463292017252298,0.04812526811378807,-0.05867068441328266,-0.022715518707976286,-0.025773743121151448
5042,1.0280351939132755,0.0213751508159484,0.13519696094100947,-0.08954959130165423,0.004721258549699141,-0.11087966717514854,0.13016578895401718,-0.1814442082427541,-0.019211151666391472,-0.025438951095486502,-0.0839467529965701
5043,0.6197283967031657,0.015906663883996905,-0.01700119152395819,0.04650150970659727,0.0033971722521928824,0.05802149406111838,-0.010973808082449538,-0.04212541099121588,-0.04982637510269372,0.012724811589729256,-0.04375644902298107
5044,-0.052505007119002904,-0.1329254099515479,-0.2043497492793395,-0.010633513523528697,0.006843365850523541,0.0418746585960262,1.2882238254401854,-0.06668244686994844,0.11756629798568567,-0.9102700124083499,-0.02763622239832429
5045,0.060386583148584305,-0.7137912553080995,0.041844712345380265,0.1440030630927123,-0.070524985378344,0.1757382633312043,-0.09938811845813167,0.03507882267009631,0.047817904670297,0.9848266864245555,-0.19980083810469518
5046,0.32673484735839364,0.9018363319282999,-0.06385849834977354,0.010354659124538666,-0.042856130893634076,-0.04005780689573834,-0.10103131636895755,-0.5903121644371985,-0.1171804944039483,0.11981272733454255,0.0483252755890959
5047,0.05207262077457967,-0.020240288275351067,0.07278478440974796,-0.5458954084626895,-0.06096696710899558,0.1572631485855317,0.29451565944353114,0.7959203809205418,-0.11981942174630333,0.06594700877934767,-0.12873043411336738
5048,0.006758644978385432,-0.20176529140064692,0.12508094525942678,0.7925588286829284,0.04776235861363406,-0.06868399096779755,-0.0523918380430724,-0.094653603609068,-0.0730542200796298,0.16180881948978512,-0.3971356591594517
5049,0.029836995862839538,-0.10510061539997446,0.0797987897392379,0.09191427044745216,-0.4260719366895893,0.06456294789873894,0.0680686716225832,0.03896718831716512,-0.00867780048082029,-0.0577092884330611,0.9042426768461754
5050,0.10606921072147715,-0.05224074927628244,-0.035225679493068596,0.01459416846027382,0.6015569259917133,0.29502914580808226,-0.08542834702640839,0.00207628771763338,-0.14623727020528585,0.22076834236820742,-0.009166352290977417
5051,-0.08935927197744313,0.07422167389010659,-0.2620347131943034,-0.007867027114380323,-0.057446119462321345,0.08308236412343006,-0.06031475084518714,0.011726813700188889,0.5203074315032579,-0.11003585277319285,0.024385694337293352
5052,0.03534142887272573,-0.012434176452934409,0.589879174801167,0.11956218495192796,-0.11407321709750663,0.018336839957072082,0.23914125877731293,-0.006527472442738694,-0.02626625722684068,-0.10098695928526698,0.0692560956249641
5053,-0.052257507947958554,0.02838048621207075,-0.019826374631220535,-0.05228173533500627,0.017092259466840315,-0.6662679451469168,0.03314324565650319,0.03635107206750268,-0.11962620855234948,-0.01449405371211555,-0.046143303849896164
5054,0.09175113976812048,0.15439416994523047,0.4070439800566001,0.024629701379704282,0.08540645525863352,0.011047167326420589,0.021355336668689637,0.06221220185673231,0.03398128107201929,-0.016849100347724515,0.0784281061354232
5055,0.007540488814931381,0.639104417756269,-0.002807580937217169,-0.02188614914230245,0.0021815716886991877,0.22467920910474298,0.10671188006019088,0.07391341112570653,-0.03233200516958037,-0.029870134524258074,-0.006697142488297149
5056,-2.0786831838306563,-0.21485770531413131,-0.08836921217170439,0.07941602384115024,-0.021164217097205118,1.6461622667737608,0.08343903965667114,0.06728254597655206,0.05039629792583214,0.11332162243518916,-0.1251848338368147
5057,1.3246070232234695,0.04855879321442768,0.061778696258629716,0.07310012220154077,-0.07147185530561179,0.034029736649061455,-0.9091743951570777,-0.09365050791916975,-0.1045177777697262,-0.025101145295574157,-0.029362258479904275
5058,1.0098117439221868,0.05914075083913529,0.06383522094717863,0.062080218003899096,-0.17512822567752862,0.10205633587859489,-0.04267388820996099,-0.08818242117909826,-0.07580485118933399,0.023122399336084013,-0.09363851879793268
5059,0.5773369701273229,-0.025655317506185125,0.067131823033729,0.042112334330225785,0.00922898065254333,-0.006025526490598454,-0.008033298084334046,0.005062145332667285,0.06761198047137194,-0.006966597366201663,0.015460574136201395
5060,0.019368092565532093,0.060051780181278026,-0.031224345442974595,-0.09385279749607893,-0.007524847671670602,0.09299937941353553,1.1865602356119869,-0.008880449916401328,0.07029354672337831,-0.918927725196617,0.0030563251296362743
5061,0.10558530516632697,-0.8324135509380419,0.018784886647655378,-0.015898963401218456,0.0015676614894842996,-0.0067916992774531134,0.10722271802152011,-0.08355882888223959,0.01889580223194831,0.958203637686095,0.19351774656619378
5062,-0.042959414263879156,0.9264368884088674,-0.13093853237121358,0.03663193183931568,-0.08821542808016926,-0.08722014953156107,0.04489891557310402,-0.6469459157077316,-0.06523400132254277,-0.03082366917853746,0.0024796228415218803
5063,-0.03320730535446915,-0.08095907092108813,0.11651688244782084,-0.4592065723364901,0.012345011526397791,-0.15580679085134272,0.022511217604244065,0.903974589419126,-0.0031595165216846584,-0.16491855675115258,-0.039425847382620144
5064,-0.24752458391397214,0.12442160913866501,0.11496003590266335,0.7380950227045073,0.041533476672672494,-0.028862355573410124,0.14126534628509235,-0.09202841102167755,0.10926439890730796,0.0033140374892753036,-0.6044907056038055
5065,-0.215892536929009,0.1842425804926602,0.034375764074165475,0.022977412039417843,-0.5913613268716423,-0.018182112634526515,0.041272675219038046,-0.023759456222594396,0.057881035103013796,0.011133267846075389,0.8344991516933196
5066,-0.25226060042460313,-0.016353765847721153,0.023895431760200907,-0.02156320597020581,0.5833314906386157,-0.022873275218872627,-0.05701966196527969,0.11029250981915353,-0.04684405337195105,-0.07773539516133704,0.005315483223224124
5067,-0.021895216045881,0.01563059816942938,-0.03465578973236921,-0.004324890417505613,0.04022807535710711,0.1577822561558827,-0.10051974548561707,-0.05194787756494855,0.47698618472905485,-0.13281936197361277,-0.09181674502370883
5068,-0.19440102434053536,0.08501473189604293,0.5951000360154601,-0.1385374568357368,0.15879207412572668,0.24525021196756425,0.10671028362745501,0.11967046194908092,0.015074691608954664,-0.12623184650328484,-0.08833801467285655
5069,0.025498329274118513,-0.02973154939456903,0.025322318047461687,0.12299813233296383,0.08289860760097538,-0.668596369474195,0.13250617925969518,0.030932892645021696,0.14097862441969683,-0.007089447434140016,0.08159447767970593
5070,0.016922324714192402,0.13013833868587843,0.44946555675762667,-0.12065439765755248,-0.08590751123480725,0.10183926453063302,-0.06850392777767417,-0.06530897958863571,-0.07277807223037795,-0.03456512250612736,-0.006483885611198198
5071,0.3303112026660607,0.6765875296889927,-0.05902756619134655,-0.04100815078449042,0.05212202278903094,0.16904678688918648,0.03045593938213472,0.0020902411233534503,-0.010596868852572145,0.06520507613404589,0.05296897927964878
5072,-1.8936669666257182,-0.0786621141087515,-0.04523200874048959,0.11725316492622309,0.07609391515856238,1.7449787984328151,0.03438722410952647,0.08955682710818239,0.0812453909951795,-0.1968451489816089,0.13119744464321823
5073,1.2523583543567742,0.09888822877767581,0.06629661823188901,0.09915018335164202,-0.0030121019404149812,-0.05154400671014747,-0.9490293023287567,0.056558948439106554,-0.011019167189663412,0.034494791183699185,0.020635673486653003
5074,0.981759976366131,-0.08226206672037795,0.010345849842292937,-0.0008600530583259252,0.010133400735296073,-0.05912027517935739,-0.024744483682504627,0.04034746983580948,0.08675422976591184,-0.15641043956730977,0.05997055657509957
5075,0.5548719407592986,0.001324818334502459,0.020609097544507043,-0.013859321592176756,0.04056961133811527,-0.01778633242720372,-0.013268975993315266,-0.004655795303179232,-0.0218705570591653,0.028273000860832932,-0.00565547255275324
5076,-0.008276232891463089,-0.08453921320849427,0.06742215328047575,-0.07089017759554536,0.013612708270525761,0.10691276785600726,1.2635009640526054,-0.07296722930868196,-0.09520169188580813,-1.013501173117031,0.02247582057275643
5077,-0.046171381580416816,-0.6559646221016112,0.15575785725336677,-0.07951231788684134,-0.011774502907830192,0.017826284986896118,-0.07421752177301343,-0.023713926759687226,-0.1802322128203807,0.9797327990047537,-0.008886705748600844
5078,-0.011119449266589162,0.9597250905527148,-0.03550955217826284,-0.02372441186483943,0.015188476381118206,0.0772730581832528,-0.13559989621159968,-0.6366063684091444,0.015544166023274776,0.07479463921591582,0.02993866590816097
5079,-0.06158673114281747,0.01745077938197789,-0.0839209110110308,-0.5532431752785747,-0.03885763675908859,-0.23322252661042006,0.03772280787432874,0.8680054131389278,-0.03210962733019426,0.14534839559398446,-0.09222490863833316
5080,-0.08473043877433194,-0.14975429474100682,-0.0796513839154145,0.8057505134087894,0.014588372981683643,-0.06229041271752268,-0.06290158143096669,-0.07586647660010604,0.05237419394595695,-0.02898016173443108,-0.5639432624650765
5081,-0.16435827381024182,0.08374308738760677,-0.006306427413785281,0.14476739223521026,-0.5513834712098451,-0.014168896576797204,-0.009928360660973017,0.07745811628453597,-0.19463080776380262,0.07439596107476443,0.9089542760521861
5082,-0.1542091227929496,0.08649439493127838,-0.03645034635028183,-0.019054390991113744,0.6308690497299013,-0.0634607253646295,-0.047512853262479456,0.07063990726432728,-0.223462207337142,-0.007849827300588069,-0.07825897369942895
5083,-0.0013320649180145177,-0.06364349372819147,-0.04770802573446201,0.10646345016593979,-0.07062535806524046,0.16084065022037855,0.2026050131763333,0.011395660400101065,0.5182831607044919,-0.0133784572550914,0.028961646042054808
5084,0.009369146254032387,-0.13144421323630204,0.5595838572659613,0.12024041913318302,0.01825146267879387,0.12167343586102713,0.03103387322358473,-0.007274836410129168,0.055127749420070954,0.009117649555047526,-0.0710273419991097
5085,0.032458091708939873,0.007599272189727258,0.017279638772571625,0.06383073708773958,0.0013877783154882034,-0.6354147596865444,0.027973326964582587,-0.01894113797558456,0.009687022194109579,0.008841737120604654,0.058182048305062066
5086,0.08974494112563064,0.06913833412404996,0.35540202523848485,-0.12658919634594049,0.12894394025299227,-0.2228807533034478,-0.29453078754961115,0.018130558913827255,-0.050259501096475465,-0.3046600147917551,-0.03633469565628221
5087,-0.11694766936516171,0.6701334539994128,0.08317223131111029,-0.01165712180301113,0.05060006014798589,-0.10706972338797256,0.05681777087204959,-0.037427698112713126,-0.07579051263435244,-0.06383906142345097,-0.05452351536958617
5088,-1.6925902288657844,0.0365406286679549,-0.028630474547964444,0.023020236867706226,-0.07574053318642976,2.033692191135936,-0.03638813932461737,-0.04937673200001995,0.09241816821816838,0.04183512247067389,0.10254037107547859
5089,1.367363098059885,-0.0632697078773631,0.14173027386317874,0.01286153895531476,-0.14341136803211926,-0.03865662515889085,-1.0751684526740986,0.04433389538592613,-0.027301063680892208,0.06384332072271717,-0.07190762314185264
5090,0.8847557861064047,-0.06272065565244021,0.07559038819322259,0.032484060251901495,-0.11813375159115275,-0.06286596403853689,0.159605581521599,-0.0276783543960741,0.023937621685811584,0.004091247346402707,0.0175387611173878
5091,0.5800051655715321,-0.0686502003105813,0.033259691433914794,0.04136245452203496,-0.07636593371782044,-0.005239867987050804,-0.012352602314872415,-0.0017692710734791076,0.032059208872756394,-0.03519597042245151,0.06686296847755104
5092,-0.20300364994039585,-0.00594042604193707,0.013872494783419582,0.002851402311454511,0.07547414064981803,-0.15378152464265646,1.191905114104805,0.010874938256930047,-0.04097312242597754,-0.9064381855553629,0.05132472693561896
5093,-0.13815160106436483,-0.7700206875912354,-0.033270428365851853,0.07221745526085284,0.09021166590213912,0.07081674674745872,-0.10401512172867484,0.004444250714826255,0.055662134104042096,0.9935352995459101,-0.021808321626965763
5094,0.09012275470863843,0.8605582165257951,-0.04543564553377674,0.050250671326105556,-0.12627734986785707,-0.04227817472620715,-0.0860718578288578,-0.5955214069866855,0.060957897400311614,0.08241506947797601,-0.0294433973490631
5095,0.22730811057981007,-0.07452129622232141,-0.04246732216452364,-0.516040054187491,0.033333920218518505,0.15838694568880726,-0.004643625706305312,0.7770471806670284,-0.01750718116439808,-0.1782629624381241,-0.053205724627273465
5096,-0.14051269672003666,0.012470677795138742,0.1081131786807819,0.7942338908561392,0.07621785981636371,0.01950457990668073,-0.04812418316142101,0.040585889363470316,-0.06941052139194998,-0.03277900851577754,-0.4999567788399848
5097,-0.15804137813065172,0.013666379729929047,-0.14993900857095466,0.02920011908192356,-0.6824594745571518,0.14989689821097954,0.0064146460311041795,-0.022696910836328216,0.032459761750307126,0.001143547034990017,0.9847738082384035
5098,0.11331256569210772,0.13951942942383405,-0.2571282908623746,-0.09134355159603941,0.5850208036464667,0.024200037535529944,0.09205774816962761,0.001391053826603852,-0.08030293871926214,-0.24164977727595396,0.021579797615854067
5099,0.021752475126234273,-0.07386593698524149,0.0022616307572336514,-0.011290516374539383,-0.02097648748577113,0.17437365269707739,0.18102905105389755,0.05888524851858138,0.46646179331573995,0.03318160148169552,0.014039342626570857
5100,0.02338064640851495,0.0383495547521079,0.5855181847928845,0.12202025873635496,0.1367823147743818,0.08342174792472981,-0.04105706114801091,0.07678654448779687,0.07013489738082183,0.07151779468296444,0.0994214257637497
5101,-0.03698270336845395,-0.0584552936653461,-0.02610536896972855,0.0036054799071830535,0.030794727975878913,-0.5935463803422617,-0.09743962883972139,-0.03450464458997665,-0.09696369404757255,0.02087478558653595,0.051462370388666356
5102,0.08148916768647353,0.010696700803819757,0.45253603300708284,0.007391594882261526,0.029988757736168565,-0.19611652985469413,-0.022853171402148553,-0.15714308713785335,0.012370844616365445,0.02601603530895822,-0.11842263281322664
5103,0.05526224204422458,0.6211546841538719,0.02409637558752247,0.019675279274242414,0.07998969800246748,-0.10382768703264604,0.13778716805090407,0.06849034154067848,0.10821082893115475,0.07123278046190508,-0.07437325962160708
5104,-2.0225242715288405,-0.10628553928950331,0.018010576847958232,-0.030053901855042735,-0.057618057793665134,1.9563737999880664,0.016678049749377054,-0.11201329119924074,-0.031187685536216883,-0.048376532441184374,-0.09653103541922298
5105,1.430239526416477,-0.06841043215688304,0.02005571223436471,0.024803971470017314,-0.05516371982061715,-0.040656701078566275,-0.9289792166476036,0.10088836659339989,-0.02259759610188635,0.08315852832831275,0.06823739774147229
5106,0.975448618973744,0.17991273601850769,-0.00399419030275493,-0.019349539238513014,-0.1903155641410336,-0.1880227397556441,-0.13071073228392707,0.019867360328141178,0.024951891170805072,-0.08490276072919672,-0.1329068804695788
5107,0.5870298431630183,0.06797272416856566,-0.06975036965438933,-0.01647034880043896,0.003453140692887117,0.018226013966523,-0.0006235981648988877,0.003728962101406408,0.006490847751998645,-0.007647111949965732,0.050990429991263866
5108,-0.11557051670536292,0.09601071439093307,0.036551656451498375,-0.03442283644402066,0.03566319569768083,0.08635435446672182,1.2891520956690639,0.06051033717902899,0.16399316924644747,-0.8278815832799288,-0.13627257301857526
5109,-0.17898223630997612,-0.5707802181434072,0.04526215918555966,0.02850374125685836,-0.14360491387102456,0.0916339054452303,-0.08210045056691187,-0.06992923732657373,-0.04568286441929929,0.9408611215561106,0.005796651664104892
5110,-0.010424802956824736,0.9307831501212623,-0.06408035187921282,0.05305657720879732,0.016224887567282,-0.110647776209195,-0.038711107499525096,-0.6040281015274691,-0.006916083058265061,0.012651044991272025,0.0074176592430759145
5111,0.1535200907962293,-0.15729009202680985,0.25063390421446796,-0.5202607832222806,-0.03813348228351411,0.04872759959553202,-0.018484292406092256,0.8283628248707812,0.0007181758113378595,-0.14697458953007755,0.025416732665789206
5112,0.036798251768438234,-0.008965827576109907,-0.03182838074231976,0.818737464244945,-0.13621351401247758,0.15363355723928948,0.04765655461189712,0.0460032477280492,-0.12070202325500524,-0.2034398750006869,-0.6263115833715804
5113,-0.11551330620107934,0.01973568074744615,-0.1312034715125449,-0.027980060385400008,-0.5443181870761936,0.08110498990341196,0.010318750224051564,0.0411279392393257,-0.08141346670610128,0.03789625711447408,0.9172906064998805
5114,0.12398784291377683,-0.1178466170818811,0.0482983070424039,-0.028695778321508048,0.6351595247297083,-0.06529852627460091,-0.09773668071101876,0.03385829665462403,-0.1411166462227008,-0.04192195553330323,0.026555333691102738
5115,-0.049195316366777264,0.10331628510277144,0.012606191572808581,0.12868562061970631,-0.05682419829951756,0.09185942441171457,-0.049209817063712476,-0.13883163510633043,0.49616600465950356,0.18716034399310635,-0.03962671133298194
5116,0.11143466434179058,0.01597104663632828,0.651543618649199,0.03333348831465861,0.0019112901712824539,0.18042994582095628,0.0733758799370791,0.02762746710208001,0.00912823901847789,-0.10990893725874691,-0.018765319062097233
5117,-0.028426655657904483,-0.07929477119778458,-0.04584052750978159,-0.06309153105725476,0.01185541761798546,-0.6935106682285411,-0.017805288008538676,-0.0804609029459971,-0.15655793632404535,0.03505230247250054,0.02679666725140819
5118,0.06890639411525094,-0.12909673175868325,0.43359640621974316,-0.0326693474295914,-0.22396327006255243,-0.10176035374088431,-0.038151935062057704,0.17747355354106978,0.03361139277672385,-0.0797974791191337,0.001243317152581672
5119,0.012321501580103904,0.6651665037514386,-0.06678516026352094,0.03628532007581339,0.004437593055065521,0.07215525246203734,-0.013911783619610284,-0.006289232765928309,0.04454342556400075,-0.0980697986966538,0.041379241795870506
5120,-2.0436377937021564,-0.022443687892790276,0.04344324346950057,-0.021945021666052524,0.03310047620231528,1.7806258534321235,-0.10828145138266959,-0.007633936007538216,0.037442052408481065,0.025242602667944456,0.006577856752784934
5121,1.3750502072279496,-0.09632699229204056,-0.06892502241203072,0.04543339676846838,-0.010832622531313545,0.031051572498199315,-0.9586993840331639,0.09495484023445248,0.008488921560838306,0.05044835641601532,0.011913463550255327
5122,0.8917174909241966,0.06960941243578306,0.07143508121876797,-0.021370643319077946,-0.04671764135089129,-0.06083306737261408,-0.05624869756329265,0.004763904567074189,-0.058442301891370715,0.06979834253121578,-0.15062825686853315
5123,0.6427562578423426,-0.02287997110613055,0.06510943988343997,-0.10770387559443945,0.01184329019024306,-0.0008672993170740773,-0.009179200060061411,0.0658734263911579,-0.0592457494970198,-0.015799436574786708,-0.01670194160558856
5124,-0.08636924261087212,-0.00219092449105391,0.0984023746853711,-0.09055634933545507,0.04933943182959783,0.07559925963680397,1.4903995988137804,-0.026266825821079174,-0.07952315701517604,-0.9848938141179191,0.0176018733195727
5125,0.232641491654461,-0.7299080683920915,0.028928374252923626,0.05402402685774849,0.04877287645646062,0.12331809000380022,0.07374530113924828,-0.016758902246597554,-0.08619627636501845,0.8956029264827308,-0.03976139696182776
5126,-0.021773863673866432,0.9093543942992868,-0.044577280855777335,0.018326918959557032,-0.09907301934460161,-0.029647295373106355,-0.10244398856284673,-0.5620274331934755,-0.019130387415128396,-0.12079215792308566,-0.047203301290891925
5127,0.137871435995914,-0.06774568138784556,0.06816704198346944,-0.6189645053685799,-0.07145537989728025,0.11876468167743609,-0.06978755358671317,0.8582287872404665,0.060362316932130275,-0.09734810252348658,-0.09401191669035144
5128,0.01595760606699279,-0.12218963714726686,-0.02144911342960156,0.7740403487106299,-0.07917584638428074,0.16008755380448952,0.08518668860972375,0.024002151917158803,-0.12757851743668527,-0.1288272193482927,-0.44210971057623477
5129,-0.09793858213191264,0.03319720632154448,-0.07533819393163019,-0.020920592203995322,-0.6276205593388549,-0.24624253578230884,0.0711581116469022,-0.002794827631066358,0.12246960304425154,0.12308242378077197,0.8474472156081366
5130,0.11546364746598618,0.03921186910900355,-0.029513449152434743,-0.013286475755944504,0.6290505053917872,-0.11947338900364213,0.012187365241102654,-0.008330357012189423,-0.27129916000853943,-0.020345455943179828,-0.0047772493953652
5131,0.14006678150093663,0.0389341397435627,-0.04252402278076059,0.05912882179683385,0.015720404324736113,0.16703557661430157,-0.17918716105804772,0.11628925300754266,0.46074683876338235,-0.0165885757177349,0.06838287892678502
5132,0.12249129285160455,0.16521046550523763,0.6226657604665605,0.2975920107048688,-0.01549230732879803,0.04755550885617014,0.08374685814060118,0.1733210966799015,-0.016260378873190998,0.06860916981364651,-0.06495813929697643
5133,-0.020272208915570744,-0.03891003945364072,0.03360628769277585,0.04576758956779597,-0.06999186147416626,-0.6806845095268679,-0.0033259944419327253,-0.015770511613915704,0.2181620522702973,-0.02306194263361173,0.0822205470549707
5134,0.11938669660967426,0.2633967774202639,0.42223447261372316,-0.1410106546929965,-0.03266044809643133,0.03887983349334341,0.09016046840623809,-0.09016715557797657,-0.06389380150432637,-0.1087931080142913,-0.09075027479687264
5135,0.046930243078254066,0.6305355722943282,-0.08080204651206425,-0.00039684531438373546,-0.022572478308204327,0.04852065766206772,0.0691892844669891,-0.0362550777341166,0.027933322040584744,0.09106765536459428,-0.010606648032452964
5136,-1.837169721704176,-0.14572887328824033,-0.1909441271677324,-0.02879992596253442,0.09579902896730134,1.8930227732530787,-0.13226045879775994,-0.05094351718983882,0.0019184430642023391,0.056126130851952206,-0.17670276568372364
5137,1.7642744409463353,-0.04692310913589302,0.07984736399309743,0.09132419194943066,-0.005005435107866083,-0.014779709373085042,-1.0835684507796919,-0.05244675657989209,0.02238393757558527,-0.0006751273191855909,-0.03707349168726079
5138,0.7388035528540973,-0.02479512778965158,-0.18949686656645387,0.20798641382722807,0.14342004249141488,-0.08844313267787578,0.11579607688356816,0.04558187869427121,0.012536573423223629,-0.03235421164923828,0.08844389909079532
5139,0.6480885972350713,0.03414825582219892,-0.0214425500281707,-0.03884951272511158,-0.01469688397550849,0.0695209057760558,-0.0035552559735146727,0.02759066652237313,-0.017884796021551304,-0.007056007973551524,-0.07185605469114517
5140,0.02184756594851867,0.024847668111139108,-0.04409158191285837,0.0059632574920926015,-0.02811343403770699,-0.037241588835687414,1.2740583508467571,-0.03632330725593626,-0.13131119067383207,-0.830805326799604,-0.03783661538568808
5141,-0.013944830884200472,-0.5788489074333518,0.057254813610250324,-0.09301594133835603,0.0441720103181521,-0.17658602790566819,0.044215453861978365,0.08590383663525518,-0.08119368142436276,0.9582388732541003,-0.11841764526345606
5142,0.033462125145648995,0.9651773935060003,0.06790905220595841,0.013811654023439989,0.029959583021048945,-0.15556279668376247,-0.20604621294913222,-0.569019117229836,-0.04681246740875955,-0.015863453027163958,-0.06324651371445177
5143,0.11077365873714977,-0.11615489195276416,0.09543155990015444,-0.521288291912596,-0.11205170388743989,-0.06287273430320814,0.20393830936975707,0.8337971094513185,0.0072912380302028144,-0.24981667127005117,-0.06571796732325993
5144,0.10183833344768208,-0.15472102913312985,0.04519965352524272,0.7466374462378146,-0.06822324126555603,0.0017929778872709636,-0.19120745054008634,0.02079822266090209,0.010728118722608728,0.10478562737476531,-0.6688571528695932
5145,-0.1469073134126305,-0.087070835121115,-0.12376658648173214,0.0630847821079157,-0.4789002821753723,0.07998532000372897,-0.16437534985875726,-0.02210879134461681,0.031058494072713837,0.10031273441184317,0.9606454141387255
5146,0.029226043166630383,-0.09370520698859404,0.05907846059556117,-0.00575596600254041,0.6346557948724262,0.05506405199339057,-0.028010372826428397,0.02286676000464289,-0.25103686423583677,-0.06882687362149838,0.07561140528454002
5147,0.01816755880731974,0.17471094225711556,0.066020618498758,-0.01698478464672325,0.08671931824321108,-0.05857348616809769,0.027979796917178543,0.11768794987157281,0.4747557441510827,0.011373281273259095,-0.039382680098420844
5148,-0.09022653190442384,0.11783703127212618,0.674831628552554,0.05916215804719864,0.1456411171765353,0.03349065841592634,-0.15771574379169134,-0.03662493267313247,-0.009763648995207534,0.12605564380394726,0.04663648020127402
5149,-0.0037659952507640287,-0.017594838647285685,-0.17671036598893913,0.031698132737516975,-0.005570087597202659,-0.745803688208386,0.09176451055825029,-0.02966395425925863,0.01983229136567863,-0.11825062601946186,0.07627882405634717
5150,-0.1502316571146312,0.01256666398710739,0.428833930782708,-0.08863127778278343,0.05350138006617105,-0.1706230238255142,0.13116316049736115,0.04281266454340222,-0.03806304183978314,0.22876999869802905,-0.053506109953441905
5151,0.05779343899101202,0.6314825662740222,0.054850071774247375,0.020670551882151562,0.0019053126216363602,0.0007586286524281852,0.04344516359193247,-0.03144842696285831,-0.004593873455336725,-0.0022032357486144374,-0.06061470143620056
5152,-1.7134893808892468,0.05619689581591623,0.05472536423162959,-0.1787727813380202,0.04777545548793008,1.8879614376150642,0.10777660985043994,0.003621218236767588,-0.027116817641914436,0.054995468916104316,-0.06010322924084665
5153,1.4292096895702715,-0.033829923170519735,0.026120143081336093,-0.06662673437092922,0.1664699809455332,0.13745080552408265,-0.9195972727786934,-0.11228581704039002,-0.030106215010027484,0.006605763272863931,-0.03688987152716583
5154,0.8302191198740152,-0.03884899467361713,0.02185694635366924,0.17291140605943017,-0.15648347452393435,0.016487167820141663,0.03358761628993919,-0.02589792562360853,-0.08238408991862749,-0.027815635818057034,0.07349222974439851
5155,0.6233060726694151,-0.01178248696574291,0.04378060013216283,-0.06239390105691662,-0.03561800874115114,-0.018026601191082132,0.02101210512414771,-0.0545217642196298,0.0007774525006639093,0.005415069450845531,-0.05197622327131504
5156,-0.11913804347876315,0.028774725074888673,0.06034474129392502,0.0076140740478954855,-0.00998641049558784,-0.055949741096368744,1.3768842455441699,0.12358922055291024,-0.016460471898292025,-0.8428053104042229,0.03400648638588695
5157,-0.03824846441963823,-0.7824117215553748,-0.12539099759129785,-0.14209879141272275,0.05538317309137735,0.10181375553713892,-0.06686565012764512,0.11964743272172748,-0.06997912660547219,0.9461490040346698,0.06532635501842275
5158,-0.01589192739290593,1.0186796418773563,-0.09179783158522208,0.033196687963179775,-0.011134604656743449,0.04421108194961493,0.11317355666461835,-0.5444304943665148,0.11730230464266708,0.023458056810447183,0.02246282047485435
5159,0.0677114420389511,0.008514927756341849,-0.03443790132450639,-0.36751315614146607,0.06905104985712236,0.23143575818006928,0.028818547269751436,0.8240812237033271,-0.013994350588219094,-0.10145100828715878,-0.028481853635014563
5160,0.09081143989749979,0.06778943684294737,-0.0677947613230618,0.7563472602062616,0.19668009854268007,0.09060863549875,-0.2032251645727799,-0.02780859804860447,-0.024348679160108685,-0.08584870388397516,-0.3847874723902528
5161,0.15431721055375663,0.06688066492331342,0.10370807750990274,-0.11260523581149043,-0.44889123706497464,0.15573979741485475,0.01588711078463336,-0.0619619285143556,-0.1347304375205761,0.15832966662103493,0.9564730939035045
5162,0.15019621174888906,0.0066086204576021775,-0.023635067436542492,-0.04340209291779546,0.5831691493628669,-0.10547192105059454,0.20083086817931933,-0.09406357398533136,-0.09101148345727497,-0.06283837583870445,-0.0009219370905951436
5163,-0.15808067122162803,-0.10398307824823716,-0.1933056873776535,-0.010133909889356543,-0.14056803342857507,0.056121528715298595,0.0518545529257774,0.11394820091694892,0.5079647973175393,0.09687567626435523,-0.0011344284846293317
5164,0.027158235571411827,0.1117131586603631,0.5682201265657373,0.1273786872059314,-0.015937950242825724,-0.03997741984934701,0.06310957322434546,-0.1971677668255261,-0.06054762988655837,0.0972688481000663,0.07820108954847693
5165,-0.017385453079974376,-0.005869432978508181,0.07511984229339465,0.13387112612974775,-0.08998069632347461,-0.5476570694026973,-0.0013533194850447483,0.06539589624855344,-0.09157145842655953,0.009366433898952281,-0.035503566464588784
5166,-0.16276766689025324,0.003021772971442423,0.41992701204230176,-0.00518710687521038,0.0508013837459088,-0.1448502615139811,0.020882519931295643,-0.06173947178637411,-0.10439336169968795,0.1657401815531108,-0.013751714583442431
5167,0.05796291333601326,0.6458101273935517,-0.08653486249544787,-0.05174863951026246,0.01420994048932234,0.03934619030655454,0.12883407794478918,0.05501877068281544,-0.0191295398927299,-0.06872050146546446,-0.01052762997153995
5168,-1.8754630416493958,0.0830903528863033,0.10950558495432881,-0.09260309157493621,0.029291394963246713,1.689224270462881,-0.09692670714526805,-0.013747609407366428,0.05879545377597623,0.13370278438867747,-0.043758678979380204
5169,1.4676736423194516,0.01898512202626793,-0.1960746251349563,0.0033153254222967354,0.14749401517060862,-0.1818236492216392,-0.8901920176693163,0.06208106265097519,0.09987956916089541,0.06710989419239444,-0.08225861640791657
5170,0.45702185563063114,0.0022625961280224663,0.00945817627815489,-0.003066176678773295,-0.09911670962898911,0.08964418299681487,0.020185607188316662,0.03397780805367019,0.12288286230621184,-0.10043867811994643,0.078430368852741
5171,0.5833839526899844,-0.023222405311780873,-0.03837562744425822,-0.05255811930982422,-0.00591388444347338,-0.004939742606302283,0.011147017994188163,-0.06120454399276036,0.014235855646683896,-0.045257756778457454,-0.04055239377645324
5172,0.14466047897315887,0.07402064116950824,0.10100403004768388,-0.05938690319323203,0.153818710755858,-0.06089762930161895,1.211883349191756,-0.14947785790985393,-0.04168926063806088,-1.0012027195580413,0.09595211610566752
5173,-0.03004730907453482,-0.7150896188033349,0.10029960814391804,0.046454352336729496,-0.03177952291343331,-0.05923187450686253,-0.03074249221411978,-0.0206334116665924,0.1313981576421428,0.9015658386893084,0.019747988268629682
5174,-0.10789879022221331,0.9680640324642372,0.16056347397637963,-0.005956967630077204,-0.016763564453474766,-0.06471837866675481,-0.004485501751458289,-0.6218770230189851,0.00966810900320192,0.0038930262869923595,-0.007454579842488275
5175,-0.08756839062749533,-0.07872895277733848,-0.06557572777317379,-0.6028499080011562,0.03493780924657092,-0.007615312514353507,0.22616315170557577,0.8061717641353096,-0.12083406807387971,-0.056585587140337616,-0.03221782711068415
5176,-0.16599743419953042,-0.11028389758073609,-0.03540701898090601,0.7998502132319535,0.12052155147357273,0.01740158033319949,0.12709435254539506,-0.05934444053666793,-0.06423753284960512,0.04318224219637792,-0.5325839850014724
5177,0.049759172263142304,-0.012723834460154421,0.16907982391898704,0.046521400227112396,-0.2945626551435174,0.3182649554364274,-0.1596840983143577,-0.04439555111522316,0.038457159817165056,0.06682471937438966,0.8232039870044398
5178,0.17550002354253832,-0.04289421548924358,-0.11278616488625745,-0.02599940923751795,0.6217006620103073,-0.118318902582415,0.15368947097706218,0.079107232814427,-0.10913522650937185,-0.09480523809145427,0.028562328917081645
5179,0.008858456674735234,-0.18916397793025191,0.19028048593381786,0.07867667357717512,0.05620085093414772,0.045593278033321194,0.13108529122672313,0.15393297522052843,0.5134015402520136,0.11289706544210892,-0.0104950081682084
5180,0.0743443544242759,0.1552239356353326,0.528353064469717,0.10322679419115417,-0.052376055352188505,0.07972327506510095,-0.05671640319086446,0.008337603823547847,0.027313288719842427,0.08602389623134415,-0.051279387168538575
5181,-0.014851923514143646,-0.10980270426656993,0.00497374873530935,0.0008899536191171791,-0.12499505490744466,-0.6473909068412864,-0.010248947293608639,0.025293443715948733,-0.024441951781557714,0.03669220318263643,0.02541704077099516
5182,0.0053042205558757865,-0.14296631861258766,0.39272205375717295,0.049005033567021884,-0.20657121050339125,-0.10804322514394143,0.017213676971942697,-0.09972445515546136,0.09361702715839001,0.23575140011655327,0.20550670477864738
5183,0.2675722530985281,0.663661967034905,0.020646008751046538,-0.015563692142848378,-0.009994004154329451,0.09429888304286922,-0.14275521280950515,0.01844655370094686,0.0009869404707220804,-0.008657741115336034,-0.05562224481736974
5184,-1.7997016250478848,-0.06390429466429676,0.08229700221571545,0.11790380446463246,0.09307676401496975,1.5142273390589172,0.039971431650691114,0.0016288979839724962,0.04551766146404383,0.1044971808219395,-0.025803949357424073
5185,1.4632820395120356,0.018388889342067467,-0.01621011781271195,-0.03203447180993342,0.026023103721980547,-0.194211925010596,-0.8823439303891862,-0.06006839252701776,0.13552275111360196,-0.019788928122512955,0.042267586524989534
5186,1.0766969906401698,0.0011163383529757074,0.01258061265538668,-0.042892153895307414,0.0662965728984074,0.05957902062331869,-0.022287694835786402,0.13374291407745245,-0.14824219522975118,-0.20307555258967097,0.056044988954657086
5187,0.5475487815958647,0.008078048257105208,0.05154010909754988,-0.006887994518270151,0.0014963656476269264,0.05588058031659504,0.03469620841576468,0.02543444000915073,-0.006590307426846716,-0.0075177219369934566,0.008462134811506383
5188,0.10605905247902334,0.01417311554300985,0.09637093731388052,-0.11751163983111253,0.08863157140747262,-0.14661964785392298,1.3182849539700907,-0.11031759594452778,-0.017585131435383795,-0.942446017294815,0.12196523163731428
5189,0.1418351927453433,-0.6076428898120614,-0.012673232082092988,0.027591553221083878,-0.0526514902412467,-0.12329005365235805,0.011050669076145717,-0.03573492931940829,0.04677128176723821,0.9797118059821343,-0.0459963731175375
5190,0.1547083451289835,0.8803052292156571,0.10079551666557363,-0.017820400897489052,0.12252481243443597,-0.027507125670325636,-0.21380954803562016,-0.6059620792017846,-0.07812682440856085,-0.1117142927506126,0.050287557219862326
5191,0.17116064160491012,0.0564336435379343,-0.03040359747598976,-0.5040926792335371,0.06913309381081861,0.022071852858160903,-0.1427124360277342,0.8485018317889899,0.07692612573361274,0.12203637032732748,-0.059044783327498206
5192,-0.11566594865718276,-0.08262563727175022,-0.11285008260549702,0.7208006696428954,-0.10561077346881316,-0.09784392452229618,-0.26203706983570313,-0.08158335987505164,-0.024598007135481225,-0.12365081126297188,-0.3841349211335484
5193,0.08436181762525867,0.007852454150902532,-0.12295683687791698,0.09894303375568164,-0.6269518250842259,-0.17430879308511812,-0.017852196694243906,0.06101150594119543,-0.08199438433543313,0.09133403671800473,0.8323007878892701
5194,-0.023605999829058564,0.12358000403188397,-0.18097509609586349,0.01800396529107278,0.6203839916735278,-0.15778221206661386,0.19071553435701075,-0.053868019260712344,-0.622998392373581,0.0358423835490306,-0.07025713098704418
5195,-0.0668803447601268,-0.09611324345784386,0.0027182264033781545,0.10857293836900168,-0.030448606258619663,-0.020202996801903732,-0.06964132950670035,0.06232629784626093,0.5168096923537677,-0.02952516333448565,-0.0295537646110907
5196,0.07946193151518198,-0.014850015323994154,0.5824803930518433,0.0738037725252935,0.055693100678119806,-0.060229044644919495,0.0840204142568698,0.08218219012602086,-0.12324720386058585,0.10590254832423728,-0.08661350826366698
5197,0.05378749565538908,-0.05838203481511537,0.10562179193598047,0.0034427474818151367,-0.02649968942635829,-0.6895619838361531,0.012757983039515045,0.08616313138819966,0.0454957872805186,0.01640438684109934,0.05437298095678987
5198,0.01303895811915668,0.042297602157546306,0.43126314122531406,0.07446205339574624,-0.11389705180699053,0.14675378565005864,-0.16693333192936002,-0.07314489550936608,-0.019358055223524122,0.08079737606065747,-0.007299381886195319
5199,-0.2010728787179461,0.6392742785998123,-0.08306321680252597,0.009970098047518312,0.014342936123748318,0.23105179362292527,0.016560019081894924,0.06419801813071756,-0.06790483058038649,-0.10387364326615466,0.03249814901894509
5200,-1.7525774082305696,-0.0532084214270018,0.015100538817061988,-0.06771797847383638,0.10008027483232168,1.7726029906192875,-0.1380983796835247,-0.0994435061164243,-0.027013091016622203,-0.0716916753641449,-0.0382978064286143
5201,1.1760024507952695,-0.021258588993529604,-0.048401181751473926,0.05324352074769709,0.029026612433449422,0.0013523959383338739,-0.9373023381836285,0.012051676785183103,-0.08752096878369793,-0.03563681575839204,0.044699689641467096
5202,0.8551953262158088,-0.03524396090870942,-0.07501605111366162,-0.00023407792157792255,-0.0590105358381136,0.06690559343843941,0.0548059772754,-0.03025214053809386,0.06456887611791372,-0.033250659947952836,0.09166356957673163
5203,0.6154975883508927,0.003429858818088655,0.06742414220547352,-0.05765401563974614,-0.017415655592123543,-0.05316341750716,-0.05986745792783874,0.04721201389935827,0.012885556096303014,-0.04571104088862126,-0.03925511971881911
5204,0.10817677143021023,0.08902472805943794,-0.06605661014011983,0.12733533774087857,0.06971849549033568,0.0430475727602741,1.1591222870001672,0.008023277125281508,-0.04953653876255476,-0.9246873355423484,-0.1128147712491588
5205,0.1597664465880118,-0.6566327149375933,0.05258904738363026,-0.09579252896358431,0.09192857340894824,-0.2219907613105037,-0.011864796294916677,-0.007039706571701868,-0.032355954813270395,0.8830709649510498,-0.03114543630582946
5206,0.15341488808000003,0.8774540047457166,0.03253091410436448,0.04585935584469911,0.0661926775515971,0.2926902465198548,-0.04361666383061883,-0.663029544445477,-0.10697890042381429,-0.031623647201965734,-0.010924097632295397
5207,0.03593379678760951,-0.039947600206243376,-0.14371464062779665,-0.6119444589208458,-0.10408936169498935,-0.04807213641173559,0.07323040449676087,0.9057620683202714,-0.06990871811017155,0.01447387371616202,0.06911249747789203
5208,0.0530030134807566,-0.13711737996170173,-0.0894891099848445,0.7786647692944992,-0.05726491094332879,0.084680490598404,-0.1103070848246217,-0.028827233247798904,-0.03499701391176543,0.13807492705831828,-0.4636102007555636
5209,0.0034683582035642847,-0.0006938728649021116,-0.06036428536992264,0.06334587116272235,-0.27171035744899846,0.04328670076838932,-0.051425578796086405,0.01832643783157993,-0.0802492670459227,0.013095079267398287,0.9419239226247994
5210,-0.07028187953118932,0.02475146135204695,-0.06135950680035171,0.05544990909184975,0.5859016653460064,0.09070043108932731,-0.030587848559087423,0.06778075234447518,-0.5639220252937568,0.11289225339462346,0.018484919860134758
5211,-0.017095352674281528,-0.051745038514409945,-0.11013256167424404,0.09033204808652198,-0.018731052025052493,0.1830659303246834,-0.015045181786065587,-0.04827084018590979,0.4308874715873813,-0.11159590541568593,-0.09898069742308405
5212,-0.16973376959585199,-0.02479242661385314,0.5949604812512966,-0.04237878769669093,-0.028906316702665306,-0.029151674054384166,0.12124077065161165,0.03897931947246542,-0.020262705155846744,-0.016204630830366554,-0.003249152922324203
5213,-0.013155584350891076,0.022137993562803073,0.03382896291296596,-0.06966579282343545,0.05478502872959025,-0.669480894358494,-0.06680195672694478,0.04643710832103267,0.06722280092097256,-0.03423254631068743,0.06715958633445845
5214,0.045218508117727554,-0.013718461217953485,0.41664516482461106,0.1158878489748073,0.0466493148493804,-0.013486657668918411,0.06674321978771958,0.018909986756500293,0.14636616833690796,-0.018566732261870403,-0.061781137559217145
5215,-0.17933830303229584,0.7627215888887202,0.010137900125908195,-0.013311451337974239,0.14402140794731608,-0.041890787533611806,-0.011197235915846877,-0.01727394782171351,-0.07432906933049493,0.013674157275006569,-0.0007656983603594627
5216,-1.7803748050155697,-0.09345777754431626,-0.0331719526291904,-0.03304929221758318,0.08573174143918118,1.6336242739563758,-0.0451206149863023,-0.028765004721187946,-0.12586532085743307,-0.10881228755351152,-0.13442368999858573
5217,1.8540308260966316,-0.008476438525443511,0.06333159390141409,-0.048361582435853874,0.17621784996700338,-0.24555577204065385,-0.9889395103247668,0.008321621206656693,-0.025962184454730048,-0.019332620533628785,-0.004652613382016172
5218,1.1179192236901085,-0.06790616220794644,0.06530929039947327,0.005420395868939807,0.1018519629956145,-0.056422520802794446,0.2095393472510838,-0.032857331476079936,0.018954158051859342,-0.04600797009710739,-0.09765435056540805
5219,0.6115555895548095,-0.016474222180136857,0.03536514093366329,-0.04400108486439408,0.0387134990604461,0.05856427221444664,-0.0005369523766882724,0.051835688742372876,0.06543034775969464,-0.024265074256846653,-0.04711766811416924
5220,0.04570626447192556,-0.01966513152822024,0.0565078027376022,-0.030246184235449,0.19969765728178565,0.062321711320408014,1.2676507701724355,0.04552581788539318,0.14204882518668752,-0.8559161160209454,0.09297911137034255
5221,0.035621120691664364,-0.78764477838519,0.005094267265468229,-0.001958317017555871,0.04205739219928153,0.18402074208076233,0.026949224643071104,0.06451226606810469,-0.13415100212227277,0.942604364803877,-0.016700712263619615
5222,0.11894235540587884,0.9930967186051188,0.07839610150462119,0.055994483263525976,-0.07086775387665639,0.07928552732923434,0.12095210699868458,-0.6011009290931223,-0.15929918793892064,-0.03714915954052567,-0.029139042010428228
5223,-0.004844916894091077,-0.016289401343815596,-0.0634573598780862,-0.5902155157968711,-0.034509720751579646,-0.14110314382846192,-0.16723100029442617,0.7820973900615127,-0.09587758745223159,0.13784353260724064,0.02684030933319516
5224,-0.2729525564017813,-0.013731437043365975,-0.04444389983888194,0.7432941253371128,0.18811741186790615,0.06343115353555401,-0.0845565340938163,-0.004545054930390601,0.03768572808244715,0.040810049686302155,-0.5611473502151065
5225,-0.1805400905197724,0.12744016191239826,-0.013634963905032708,-0.10053683985180425,-0.5930142467090531,-0.18626221477896762,0.04595783320894159,0.055024676102706574,-0.06242133489043985,-0.1505961018132829,0.879839512952231
5226,-0.2364353795020742,-0.03768457837684475,-0.02936541906293108,-0.002396508651833209,0.552940127784145,0.20155550018819537,-0.04900150840570711,0.09569475726102966,-0.173732870381468,0.04070732792505765,-0.03971846944708312
5227,-0.07869919012749899,-0.03105370180670511,-0.22751263062978982,0.0810536119659117,0.05171774364722813,-0.02832876892212502,-0.09453178848437066,0.0030139718578047654,0.5049073105902578,-0.05477864628110274,-0.002719238665839871
5228,0.0469231521038442,0.05660932464990881,0.6200799572646402,-0.10226422874376691,-0.09257477304980068,-0.1505334708502805,0.11360695606579463,-0.004944774667072252,0.03348860656163773,-0.0870175140064562,-0.07539618882750006
5229,-0.05473417715312255,-0.09769728793130406,0.007909819752602371,-0.05484151961955448,0.028465702160432718,-0.7200557098514585,0.0026492178185309394,-0.09726392439918735,-0.0034440464011868425,-0.03928046330975078,-0.11571854038095576
5230,-0.18025618059351614,-0.030401973133819378,0.4109778515906863,-0.06632492670988185,0.033388950877560726,0.10508865385469326,0.011485538767754032,-0.011100417801972177,0.04762894912098634,-0.1160782335002279,0.09771920555847897
5231,0.09709614242226117,0.7206152277225318,0.058201139215726186,0.044473333735598544,0.010624024357208842,0.13036777782157988,-0.02333099478266469,0.009348500550278032,-0.045079047949718884,0.023745311496618623,0.010628237199706436
5232,-1.5670334677380264,0.15263924918479727,-0.1101744833657389,0.0687396451473391,0.02032756288908964,1.7855835452580073,-0.22333835797438134,0.00032749516464358405,-0.012307333365277345,-0.018087918401097202,0.09331929280502024
5233,1.7597949769320465,0.07659484528916442,0.015382352471352716,-0.009419868004879851,0.027468881087569588,0.1865870001823731,-0.9075859856313476,0.022332909046758463,0.08675138035197541,0.11457214075517366,-0.001218856520248209
5234,1.0241095973409167,0.14450687999368317,0.11657298410716799,-0.05488574512467298,-0.08848462291421434,0.017069869449928193,0.02023704868549476,-0.05685055612641567,0.06986388114807901,-0.06809231205922019,0.029295385693260068
5235,0.5785395003210254,-0.005092980558021686,0.016773462164853554,0.017623326904622018,-0.011397721767326525,0.07449127983577562,-0.049722815028247075,-0.021094431581427098,-0.04629032855225149,-0.07157575216859409,0.007042939584834629
5236,0.12154618987819865,-0.0248466670431745,-0.031165102088989514,0.0224633283775633,0.14913197748284812,0.04418737100148762,1.3580371535251055,-0.07522123626875302,-0.000642254656570319,-0.7773305375209624,-0.1302412121362251
5237,0.1847635916584414,-0.5988250358113257,0.05737096868656896,0.10172261043749842,0.18329347477801983,0.12360611815189025,0.026153137724958062,-0.06193984897850378,-0.025466466468444176,0.8416720561519282,-0.021360261281274457
5238,0.04391513305188286,0.9132752797605884,0.015369872260038693,-0.06715608229729253,0.019663105840653915,0.1837429697911187,0.07335332628026008,-0.5968425371914649,0.06965390654766852,0.020936145294490238,-0.11428029891460394
5239,0.055707426345914156,0.11549564959112449,-0.07262903707699245,-0.3799266457875995,0.05522391693689404,0.04138896276312063,0.03744937431826704,0.7662392192062455,0.05768142091071754,0.1654458242692489,-0.12257002221286872
5240,-0.05467112512785092,-0.14342559200906246,-0.04342623436913644,0.8389482161843876,0.1895454036234783,-0.06036996809041612,0.056295737874578415,-0.024400178670034023,-0.023275903712665667,0.1328701971267169,-0.46879350827618005
5241,0.08674156710386555,-0.0698472000002659,0.10942370760701908,-0.12427288447699673,-0.6219693961361824,0.051784709733562216,0.06332196944212984,-0.10173521990616764,-0.02947051509206588,0.029590322681877015,0.8911155754117506
5242,0.06395795194271067,-0.009315677664403475,-0.08722872387179967,-0.06152513130972905,0.5756231896136763,-0.02886649561715675,0.14594432571380694,-0.052525525245347725,-0.12305476953451625,0.0895191730020536,0.052923930889581514
5243,-0.1988985551668953,0.08591680637094937,0.1190839828576249,-0.05661455597048799,-0.05093870762033913,0.06297534874743216,-0.16672241238748728,0.034787118156912704,0.459639996318465,0.1064268630587202,-0.04973672042860285
5244,0.3386919075646905,0.12631991292330882,0.6120161908604801,-0.11438963407779507,0.08957684339416443,0.039760710030569725,-0.04536577815015751,0.14076431890771962,-0.1179034930407857,-0.1496224518957638,0.032574109603867966
5245,-0.001699439611779735,-0.0543838930467965,0.03581888918242313,-0.006271427004267784,-0.027066428074875193,-0.6063401345182564,0.02661856548283678,-0.11223434519123332,0.03384022948264083,-0.0012953719065641467,0.046984418603553055
5246,0.21106699967452922,-0.07545153284477174,0.431169453646909,-0.03871406360504699,-0.10690343672207953,0.140194500325195,0.032345065773825454,0.007948537442217362,0.009165400870068128,0.14729614037720615,0.024216648724494985
5247,0.1205966200867824,0.6017363109614939,-0.012745140317037636,0.03689461241386144,0.006263791203849272,-0.06734935897965788,0.11892096164448071,0.015727888187503952,0.08998923299606565,0.016813148646957782,0.02958812717567391
5248,-1.9296006929830096,-0.07466141090533933,-0.06522200944346804,-0.10449445826317606,-0.11666717831378556,1.6565519308197523,-0.0694702655038704,-0.020725553337287837,-0.06561663276155609,0.09304791867166876,0.08379543051172583
5249,1.2993873845762463,0.07700823950103351,0.02596949266888103,0.029584964417271965,0.03416241561246671,-0.052487462812838004,-0.9122084314328621,0.04727084980084473,0.040686720813851086,0.06944009804810547,-0.06060246064296276
5250,0.6249419508423336,-0.0708184656392789,0.024278049533650706,-0.061412579584858004,-0.08198850135900136,-0.0002469719634275794,-0.02673956182571059,0.052319199311541435,0.046458243428714976,-0.11305968645947025,-0.026287506921749415
5251,0.5420223966836182,-0.02413104168470874,0.013433626352652217,0.013798407160455647,0.04647604555921894,0.09575760398522162,-0.024814550677343006,-0.021197114533588635,-0.008640430720752657,-0.010665091466912408,-0.03871886301565506
5252,0.0711382083797102,-0.11983693114538611,0.10298035833169912,0.07701295336620895,-0.006571900250518459,-0.0867333683317883,1.4219943357775313,0.060079541355265824,0.02874365405112895,-0.9403331156699464,0.005158652754714018
5253,-0.16650280881985055,-0.7387652755441161,-0.0412361259358465,-0.09835859105481723,0.08364982069629248,-0.029217629213972272,0.02930963658728558,0.10064724460391643,0.07562154417817271,0.9766400519410726,0.16843443059538796
5254,0.11659762450342905,0.9106622957270933,-0.06464428675695356,0.060161641820137016,-0.06747558757732183,0.0794253028957525,-0.054588009236389234,-0.6486499541931152,0.02099535352899979,0.01823310550415187,0.10354703592012222
5255,0.14578967105515117,-0.1442356071111027,0.00706785799629407,-0.5758407463722925,0.022424808601199907,0.013717061074608076,0.08615714498734961,0.8090828522261175,0.013970767544844474,0.24345128552589812,-0.0096138218398878
5256,0.06057161846091644,0.032501044252954796,-0.09652065473001745,0.7162256546228244,-0.010116095285422433,0.11522584141318047,-0.027716439397765698,-0.014028286443304692,-0.004709272886333408,-0.09748553275092035,-0.4487427939641918
5257,-0.014327070963954833,-0.06273967878224682,0.08257290523251998,-0.018964657061787123,-0.7796648072754941,-0.11174228157966724,0.05606098410452939,-0.16274811638922315,-0.033215609100211645,0.022183847866355178,0.9267755613804335
5258,-0.24144345462398667,0.34467579065351883,0.019828259844472982,0.012312770186543455,0.6152796759467063,-0.034168334516394894,0.10056269300858268,0.12277964014570529,-0.13185986196176375,0.12509624422393267,-0.03702788431689352
5259,0.022784691930024654,0.06454662200733537,-0.025948271071524927,-0.036573222803756245,0.04202280800333283,0.02375668862724769,0.15534728239430196,-0.007401148828080736,0.4433617199013304,-0.08874942645478023,0.04502264496664209
5260,0.0452702552129066,0.05885401875003528,0.6106547489138385,0.1470486868881416,-0.1588568715400984,0.12612744851565666,-0.030177237810890975,0.08626419918442313,0.02965577114547041,-0.004521864099604993,0.08487009100083931
5261,0.08643607771226235,0.060822805588609245,-0.04623722513770576,0.01762640220070057,-0.03177396156917642,-0.660135482460371,-0.06891625821570159,-0.11175869810052222,0.0005569205528075829,0.08141329154817054,-0.03316700162902639
5262,-0.08322021776436825,-0.2126284683446631,0.44955109688894834,-0.14400960173264452,0.005554262604855694,0.1804791584437803,0.01996667297375551,-0.03535466670539944,-0.150302183684827,0.01705306511984528,-0.033748933011518156
5263,0.18266617833818793,0.6457047696622568,-0.02164212117203201,-0.022959162279956206,-0.042422446496736044,-0.017294668808154723,-0.1488144859529908,0.04369682499653485,-0.006010859520688036,0.07195660642167304,0.01058267527982673
5264,-1.9023503371499169,-0.026650237573738696,-0.05674055785851172,-0.08583779070792179,-0.08880600402915527,1.6178470950038846,0.05341719996151333,0.1762261660683596,0.12397816127938939,0.03247807421230532,-0.12557720475552456
5265,1.5810334074341168,-0.04108805375609657,-0.09236218409163872,0.0942741306145341,0.13595391020392442,-0.03894100404783552,-0.87930422324463,-0.08360620963452509,0.02163571924918576,-0.03712008442413484,-0.06120213987022685
5266,0.8165187601754909,0.05904706777143679,0.0642091305891118,0.09790331586041658,-0.031266371399954654,0.14959052617405566,-0.0013977879799215033,-0.1015760135213121,0.046804777142201354,0.10453713231731898,0.028664873697442056
5267,0.5781132291995453,0.0017161271885941867,0.026310210155594396,-0.037621815427211346,-0.058375962032686975,0.09848661653767633,0.023377248918512245,-0.05215698230082974,0.057411735119986776,-0.049631277937234056,-0.022971206039429908
5268,0.08509799053467287,-0.09570507568335183,-0.0650740982411129,-0.07102653280179147,-0.055082386870767094,-0.15443178339712318,1.0919320540440693,0.004987427226161729,0.14481840772004764,-0.9619484673466309,-0.09410493512733825
5269,-0.1011481338907652,-0.7363432645855001,0.06749553663525483,0.17347130687844478,0.013961237913506203,0.054996622839664944,0.11188034910601355,0.024495399684983394,0.0279828178369963,0.943031645810635,0.10492316904052001
5270,0.1696309545398227,0.8070191094567274,0.02034086384083944,0.01641304139527398,0.041970773995705125,0.11236595128675612,0.20740285674416364,-0.6458482204999325,0.15225087320797123,0.18016665562974835,-0.028035495679516156
5271,-0.020402126315744538,-0.054671441359770506,0.007674993879816297,-0.5777485177978678,0.02853764431376763,-0.03228366919120512,-0.11211524298396937,0.7632162215557312,0.017331476726508626,-0.08557505559365663,0.017229198271197586
5272,-0.06694832772697806,-0.11831733143298655,-0.10666231694881623,0.8086056571770325,-0.06873023411318702,0.14137877933283066,0.03189449540588114,0.04909900140161313,0.11788209443491772,-0.12582943695013224,-0.3672493506427703
5273,-0.04364473324188356,0.02062733633338221,-0.01997495167349123,0.011980638161844403,-0.6636014112335212,0.13222948048330863,0.09469883591835115,0.052076534677964664,0.021893539626133513,-0.027963062362972003,0.885444630820822
5274,0.2074226402419488,-0.2101510523506848,-0.26654554151770965,-0.050835697249983686,0.6062332481524807,0.18226379644540994,-0.16032592079710037,-0.05566873457732773,-0.43511745542784314,-0.07131245018920376,0.04303440330181113
5275,0.07845892960218355,0.1033511887451504,-0.031774223623804214,0.08903015695145694,-0.05065967000154055,-0.08684584231995168,0.20868201824345028,0.05421678215632936,0.46820961354516283,0.06417590648933784,-0.1383903072546748
5276,0.2702802981404956,-0.08842929498310392,0.5979084858939371,-0.050369212490593174,-0.0745136181835677,-0.01032625134510662,-0.0070923336331849334,-0.015172670936326843,0.03305343385668587,0.01596827229994669,-0.021871625030762336
5277,0.0476009761016327,-0.0035063095193103595,-0.0767784346315314,0.06520345259925621,0.0951034175744121,-0.69813317248673,-0.013337815890512009,-0.0077429908389543625,0.08717973380725143,0.04319066178226987,0.06579650385923845
5278,-0.05244666836193922,-0.004665658924800425,0.3965774197032244,0.1147897620655583,-0.08423529856656406,-0.1816964449450002,0.07713411280837093,-0.04622741267071748,0.047449904106845,0.10726570441126122,0.1441884766255503
5279,0.14728372056863986,0.7135292117762774,0.05324552126383757,-0.0005323581682730285,-0.02056005922744819,0.014129903504076627,-0.05416117653041094,-0.0033059823943206584,0.044717268447823755,0.08430800708039904,0.04642012544606193
5280,-1.7033546382948228,-0.12221027637624632,0.21838026799188898,0.04028179453466774,0.006659256660290106,1.8044749210402666,0.08240368218190987,0.06526376699780093,-0.11298259406732263,0.07762955002834113,0.07682429558079384
5281,1.6423713285325945,0.06391380894191154,-0.029266876872886566,0.08651014644249376,0.013928487505354756,-0.08141454073846646,-0.9709433001296884,-0.027072241645979406,0.09597351776432292,0.03118293551848053,0.03732291215527148
5282,0.7548181172829111,0.05039934400682657,0.07950515880150928,-0.16772325886453457,-0.0389511818658223,0.18477765433767274,-0.013888676408813869,0.1365025469196472,0.11599343031030379,0.03805001408336841,-0.06560628116179366
5283,0.638474154244652,0.003540253668405954,0.039936399837689665,0.028776395765227253,-0.05349731564439819,0.1026552825993194,-0.007086513857004964,-0.0014763639342379375,-0.061360497546698915,-0.014752476919851987,-0.12033081196459612
5284,-0.07799348506668984,0.052627582867560425,0.06830379954501452,-0.026637866530812862,-0.027675545407210567,0.06234143172217282,1.275491580597261,0.008241977292979263,0.027947340659520117,-0.9296852192857522,-0.07523248070707671
5285,-0.033589559880305334,-0.68799025967585,-0.12573556414384432,0.07894307963958389,0.0913735891921366,0.05676341354181205,0.0009744767495561166,-0.13197616932044376,0.056662792900396795,0.975911387490034,0.00304830910966011
5286,0.06483406748916586,0.8712436375538254,0.04381097645547444,0.027616915722135777,0.08552351619640464,0.13856138069972992,0.04810454636322089,-0.5287814348389769,-0.010045935181704248,0.0660188846200975,-0.15520970849987242
5287,0.09084932537630029,-0.03593191799763911,0.19619277430320858,-0.5197497765303926,-0.015574686458528865,-0.02034927378543944,-0.05826670847176256,0.8568152235814577,0.11886050946930489,0.05662080673381028,-0.06537330738065297
5288,0.07967739609207353,0.09770988199555992,-0.2594778633969816,0.7757583268760387,-0.010140408097671708,0.11711751852643658,-0.018785425650624365,-0.09444282513899324,-0.08153667673131719,-0.09698032794737235,-0.518750988542815
5289,0.2694553320329514,-0.03220597926516026,-0.0591642123919369,0.05513079973243904,-0.6454616918961036,-0.021170864535801418,0.09531319083382578,-0.14018385532177782,0.07459751987810632,-0.16501988731567654,0.9484740290533177
5290,-0.009307117432247103,-0.10980436848703361,0.01946382715541817,0.05613606564268823,0.6672770611767821,0.00798797974539233,-0.18191046513914377,0.05169084034853733,-0.07064029822600648,-0.07277473126348696,-0.0012714709005567232
5291,0.12043260942035741,0.03907828871752107,-0.046115420528274775,0.01927978300872921,0.0003869460443109323,-0.06566317705028485,0.1975359311499167,0.15168987461609607,0.5191679425809914,0.00408260607934508,-0.0599495095817824
5292,0.18412107540942801,-0.013581701968354511,0.588255485835674,-0.09052986341548792,0.07723609410484109,0.042837594407967944,0.19374543579482556,0.202224192313018,-0.10133943428297904,-0.06864606270502036,-0.06558989010645293
5293,-0.07118637172529488,-0.04700974817218385,0.0009939200775616831,-0.011912277557869949,0.03494094790248811,-0.6794134153641629,-0.03988144874182754,0.05497833706594391,0.04784191473921562,0.022615658518396982,0.07153791124404212
5294,-0.2148760374123587,0.08680525340723984,0.4228084469619399,0.19369052100654566,0.26282985405335996,-0.1649096754844001,-0.08714083996553008,0.000995365559431393,-0.0031155640247060093,0.18150805860379643,-0.040177849665847934
5295,0.047746893803134766,0.7130070055796527,0.036362120146180364,-0.05852622727312624,0.06945405787094244,-0.017180311221317066,0.1537976480042631,-0.010913826801020134,0.07871074014495155,0.010514608718804662,-0.07132129301352629
5296,-2.0294167579550044,-0.004963737432342401,0.03036553845012194,-0.15873058921189687,0.002012354137647948,1.8036389382086566,0.17594320148780185,-0.020657990914203048,0.1189504547663164,-0.009367768690163432,0.03918353885601366
5297,1.5978076463996302,0.08313639671750132,-0.02533116998706494,-0.0902798358980652,-0.048513810666620374,-0.03871838672224635,-0.9556722584365297,-0.009931390182237387,0.03950470845797589,0.051911171312620165,-0.000553596634296433
5298,0.9751805780117406,0.11712142142744511,-0.14453170110706628,0.008426867300634952,-0.12493371798581757,0.22679553517224071,0.006625816841372625,0.052025639155829966,0.06761685720765247,-0.16557998224302575,0.059310181026015735
5299,0.574543731255258,-0.014205238475997726,0.0381508102344252,-0.017469282223838263,-0.025586846852188663,0.02863645944574956,-0.10089809878550543,-0.024914757855612403,0.1084914272439775,-0.027380919053554283,-0.052269593107604685
5300,-0.19608925661825122,-0.05501418270469837,-0.005046155512653779,0.0677347311304646,0.04367590352800712,-0.07560893199362406,1.3385926234752654,-0.017862955039443695,0.1305968228266351,-0.9315747438820137,-0.09486664430768026
5301,-0.023334253189142236,-0.6154738737263027,-0.045030403416103516,0.06032542549741496,-0.00529848877373574,-0.13546309858810263,-0.019956846675240277,-0.03607811994335197,-0.03381395594833029,0.981717578617544,0.11134248603599416
5302,-0.1561202843404893,0.8490728516951205,-0.032798254042497185,0.10124686813771236,-0.1141846036223875,-0.2914542784469495,0.08392458836981052,-0.5777435100096237,-0.05303811617080616,-0.09810479837207085,0.027866051111619283
5303,-0.004967455579430255,0.039007283590265625,-0.14870122392158866,-0.4198924789443676,-0.0075012585704386,-0.04205257162245438,0.01049948463882189,0.7784335147057642,0.08472981860875918,0.05307221190822391,-0.008022721400903187
5304,0.08775978622296134,0.12541671128474152,0.006143526836315665,0.8436949037674426,-0.049039156757713635,0.11457173796139974,-0.010754643602756337,0.08008436492814508,-0.08838694860678623,0.0346953611663158,-0.5089254230575857
5305,0.07814369590743434,0.06802786821801107,-0.034893695948264074,-0.062044227460598025,-0.8065075242619453,-0.11145589068323909,-0.05837315263118632,-0.17416403619620352,-0.06881634318330941,0.011764537809306443,0.8433672656744774
5306,-0.09599579924316261,-0.037231610150749196,-0.014461986370534974,-0.025782504418457825,0.6056105074305189,0.12620690642896526,-0.05440664687794573,-0.03316042345926666,-0.2040313451596672,0.06356528774675636,-0.019153891889600497
5307,0.010211070784241202,0.05409535056199969,-0.25159825108564965,0.11729171011242535,-0.008695141174546067,0.14564649026125362,-0.19085018518984173,0.11419891943657606,0.4949882296288074,-0.06287561946777771,-0.05412216933800205
5308,0.09142133518712468,0.07771840692988456,0.5925009070682192,0.06491916877776353,0.020910379356478343,0.04641516950885804,0.0855918241037786,-0.06463586834269062,0.04275025651400472,0.1392402707498305,0.12095621077629601
5309,0.06562568738395076,0.08809439103155448,0.0048131330823249965,0.007080831181061551,0.026331176804144353,-0.6656472834005593,-0.0233462914513362,-0.04655223663519179,-0.0330446060031076,-0.01911164024434914,-0.07082153890587045
5310,-0.1579683020822015,-0.01810276709986665,0.4050832705123179,-0.050331044938555856,-0.031142590054819824,0.13307596064121624,-0.004013620336990678,-0.08568427873672477,-0.056807057341468375,0.15803013711900835,-0.010146235822284758
5311,0.16622591283587548,0.6453312714624048,0.1216771395024719,-0.027978304343639786,0.040163054656027736,-0.15251162425309744,0.154589963926682,-0.03098918740964268,-0.06224313507435955,0.10125480641349807,-0.06279756870485904
5312,-1.9517864657469612,-0.07977475299514027,-0.02908538539015008,-0.07867896305930426,-0.0673411392232977,1.7992786055722627,0.14949682732420103,-0.054778265980763026,-0.24929081431515188,-0.013481353844270155,0.01833207168632566
5313,1.4199385254435126,0.10205067962171703,-0.004265386618824499,0.02167431269589606,0.04306009843763165,-0.03245255295414641,-0.9164188097395666,0.0008493733964462123,0.07587084536711708,-0.01175986120747657,0.0015638112043991452
5314,0.8976854310781143,0.17229162613420765,-0.1558739442318812,-0.03586611273492367,0.04864848960712871,-0.07646178432592388,0.01717283225447544,-0.007362095468407782,-0.03660119942197324,-0.025522823057180396,-0.11990289992622251
5315,0.5707272997495252,-0.043542777949354135,0.024099547668467423,-0.050299462582487846,-0.030738129073373813,-0.06417033849266036,-0.0032572902505227487,0.0266465138553984,-0.03190968546506463,0.04376021154813336,0.0672657778481241
5316,0.026261997273698365,0.014111107545259774,0.08668174226058653,0.04708823727094027,0.07923559771609921,-0.11876496980895099,1.2249151622940824,-0.090299352845893,0.047547593952300043,-0.8508670135775613,-0.005779862896545272
5317,0.01119737493324048,-0.4124804721244698,0.014781180374933124,-0.07800552282520729,0.0941373703728258,-0.18283258798426655,0.046504014047776564,-0.056695455731918275,-0.1263425856004513,1.0740010927991241,-0.010030645570754563
5318,-0.17546630290808726,0.8857203756233838,0.021722455781715,0.0485006886459554,-0.07739466691802732,-0.0834251493535644,0.05031565557820642,-0.6010894346565169,-0.014264269429544122,0.13449097538879787,0.08081027565659568
5319,-0.08677367865403979,0.026460301784784233,0.003600330382647194,-0.5170926225156912,0.0053275583219922155,0.11749791297447681,-0.15132522367440562,0.8157466404599297,-0.0613825238425504,-0.015892149837887698,-0.11820013149219882
5320,-0.28240574335441704,0.10446324664306393,-0.21298809019689133,0.834523307433608,0.15344972467144852,0.13762346933624056,-0.1017105709899313,0.019789089862480878,0.0614369703088648,-0.03943188815942283,-0.5498012919441387
5321,-0.06763099771312629,0.0399350439826379,0.06373998017958318,0.05784110604299849,-0.7541462297760033,-0.12314598024158462,-0.01685531267209699,-0.10065342698957347,0.06689965998417773,-0.16720790826915502,0.9723708837617618
5322,0.12161834177241734,0.15049940588249056,0.08730077869737075,-0.08504287234879696,0.6332195295766682,0.036969147241787376,-0.002226204834738406,0.05420985940102694,-0.06289004761394631,0.1215611138839615,0.08131718835295515
5323,-0.14091897242937537,-0.010313662574091522,0.0943489044821937,0.13042860416547047,-0.004438485951769626,0.025374642301489513,-0.04927523584811708,0.03488221930193995,0.44048230242505426,-0.03767007227424353,-0.03440404047118794
5324,-0.09812489454734669,0.0342975732030242,0.5217918388034373,-0.09749365807708293,-0.27449812132379786,-0.024646655693970114,0.1443140838949581,0.23715190170982275,-0.030639668323565204,0.09843834996932473,0.05475057777416873
5325,-0.10898422824349777,0.10012249329649121,0.012727115309427993,0.05940265936408785,-0.12375607968193549,-0.6254413832685706,-0.0015781791107545415,-0.01442764591937405,0.04707442964469987,0.0381249344108261,0.08534420843400045
5326,-0.09954246507452902,-0.055613958655161735,0.44524023934951107,0.126031700018467,-0.054237405557188145,0.05223912173786779,-0.0971510057791251,0.11040507487333295,0.1173466463968101,-0.047054904631969006,0.2003797546149344
5327,-0.0028882265852200554,0.6595569151491826,-0.040219008757086484,-0.018411988472899366,-0.06438411912893297,0.06969051016347573,0.00231466836365158,0.08230189963034276,0.006364310920506522,-0.04324609938261055,-0.05606991314572394
5328,-1.976764243802344,0.047547193858740115,0.06173791905457368,-0.10098215018325937,-0.15061727789408003,1.7602735823611007,-0.01929504930909782,0.055911768247563984,0.018020657235290827,-0.044338556725491175,-0.023756062422804397
5329,1.2600993731401364,-0.056658386091429126,-0.10675598544192985,-0.01977860882826879,0.03601515987071564,-0.050256430538921565,-1.0190439159723927,-0.02725954624280788,0.01759421913925562,0.09232520870425598,0.06212977540923476
5330,0.8304276707760854,0.10523319370341655,-0.038911602850415644,-0.10861309513685406,0.06906552256795631,0.21513681939594703,0.12639635180231015,-0.2615034020292313,0.03060881782236224,-0.0062508345609485925,0.05449383856530806
5331,0.6017967785992121,-0.03982474367748233,-0.018887940471732236,0.0036639776118072903,-0.01101662655589367,0.03585396019996336,-0.008441633788223707,0.0323036338622232,0.026642102707324283,-0.010709754087004192,0.0028822857174766337
5332,0.022891433662030797,0.03684986647681186,0.14279176217525547,-0.08961869767629539,0.036142581386417016,-0.030094871350627227,1.2156702674318456,-0.043237024505776066,0.032408611747134414,-0.9446412561851795,0.09532968011824793
5333,-0.13410560594992293,-0.7850004124183954,0.07850780859708074,0.06173468458959784,0.08817581129392392,0.009095280815035904,-0.15887549920843083,0.04723438874393338,0.0668972368932284,0.945496881282164,-0.015682492728052926
5334,0.11760636100868155,0.7830381238569655,-0.09007113460606464,-0.05119833402393484,-0.02018825222710495,0.04334509575732526,-0.06569821078002207,-0.7055598038378134,0.11294325035283889,0.05124961112448391,-0.10202661834579878
5335,0.09329570843661814,0.00042222824464892945,-0.1458634268594903,-0.41310669883690443,0.08153201829622579,-0.16054614098708675,-0.08552311716083284,0.8178680916901524,-0.1535827012582607,0.03073463008206358,0.03580297899159154
5336,-0.03204236477068335,0.08582495617570036,0.00026304101508812204,0.8249349745132728,-0.03888385127449336,-0.07484889361901627,0.057272864604155815,-0.021421609219149325,0.08275652416405187,-0.025072862425119514,-0.5145325893020142
5337,0.06851639838879835,0.0113117077076887,0.02420321821358109,-0.05011424547494113,-0.561731589777746,0.14139633411813898,0.0392499097984219,-0.1102966315514589,0.0202371631916667,0.15576201482552057,0.8485591124413054
5338,0.042272223574589096,0.08758411128186347,-0.0425010039627457,-0.04116876094542429,0.6072741147015399,0.046372941784050055,0.17004701073023976,0.06558539350880492,-0.2757843476886535,0.27447336425104213,0.01913180183628295
5339,0.01922281170855653,-0.05184898589749949,-0.12541651880772078,0.05015745340906083,-0.05578957187575599,0.05467861931152503,0.039441980548911224,-0.06087117734510023,0.49362263244589144,0.22299712951793,-0.015042475936942672
5340,0.05395142647488386,0.05299471783228457,0.5838685076571568,0.09571495435054456,-0.00848791425578763,-0.02138708823369926,-0.06018811450505611,0.07276677493820768,0.003952319074737613,0.18046275819559346,0.02252375784709409
5341,0.04203354243531726,0.10025367230998455,-0.002016811643574537,-0.034759894469934355,-0.10231417696207706,-0.7127966904065123,0.10418183241153424,0.037294633873560294,-0.16734819610849816,0.028320512257760184,0.08967663781666532
5342,0.16681879003917535,-0.04779010814017332,0.3858809641862108,0.11394437350550063,-0.021341956445346557,0.06985100351305122,-0.11025041957247508,0.11414222651934348,0.08770823306073394,0.08050227572587679,-0.15271195801023585
5343,-0.017777149893926515,0.6758513223713454,-0.019784051199452077,0.029706557428742692,0.07703762271704932,0.04508509836014588,-0.03952500937304597,0.06346880066021968,-0.04565139419704726,0.08820919936822837,-0.024890797344813396
5344,-1.8390597187111424,-0.10823394557842654,0.03231217526787224,0.17874231158977125,-0.10276719011926302,1.5676774158486815,-0.08611756771220554,0.062160609346697204,0.0005263290748255384,-0.02072939536360479,0.12371796761202838
5345,1.2164347471979482,0.05738826607587074,0.21223178154646358,0.01504657211515472,0.13739973912828699,-0.10516021785925735,-1.0373153654132663,-0.08972923461243848,0.047110053672802694,0.06604214627938407,-0.03575797427207774
5346,0.6938857794161901,-0.13634749568678892,0.03805332501776976,-0.0889393351837062,-0.06560615431627317,-0.10935958286709142,0.06644714242346679,-0.04723350554826813,-0.016065070624027435,-0.12745867418379048,-0.010023377864519595
5347,0.6451907200363951,0.03926982993361212,-0.002441149964576142,0.012858032735903236,-0.023864844363980012,0.02859821384426243,0.008612796608507844,-0.025448487904194107,0.02507455818188651,0.0062192865367176,-0.038952154690359335
5348,-0.14072928987626127,0.014354192929142166,-0.02803402065787234,-0.029332095098877943,0.012084591502148183,-0.04876817317225373,1.3909656983310763,-0.06401260222595123,-0.08036307458714248,-1.0375533940349513,-0.0005852450900187792
5349,-0.21216357134785935,-0.7336373278896371,0.11220379183703492,0.04243625487686586,-0.09629536342549595,0.009738748982105905,-0.00022960535156883797,-0.07757526896359523,0.05850532365317889,0.9787148924406995,0.024955400141669904
5350,0.07574388221850321,1.0041755337672533,0.18522049743759195,0.012314102814234626,0.06822238285617933,0.06515379307586193,-0.01674384649449994,-0.671824902532649,-0.04439441847215059,0.05445414467776824,0.05108173714140065
5351,-0.03722064220230183,0.11467037530032144,0.0021453272585252614,-0.5219308514660967,-0.03489338070365377,-0.10862202621302933,-0.09170759900852093,0.8101381167620743,-0.011236441164984252,0.05679304321199385,0.055504936617075055
5352,-0.10226846799855922,0.03689695524839007,-0.014157220638717792,0.7572233705775088,0.11073195609499438,0.008221086818206295,-0.05355064046011145,0.0053625302528053035,0.12736036780534676,0.189754608991301,-0.49513339288806524
5353,-0.0337056894237992,0.1854132021732237,0.06555339754282916,0.0410590275586689,-0.4353868506498827,0.13161505381211808,0.022150090078707926,0.00935024090129738,-0.03681554815358398,-0.20832687309534184,0.8653539748079334
5354,0.008830274126613313,-0.03846582806188604,0.019423842132132985,-0.06457232078405183,0.59882313775833,0.13450878800276925,-0.3466165552248791,-0.014578649995429942,-0.42963869559827195,0.08927949601457191,0.020629723164553575
5355,-0.021074440217244663,-0.0022193685023100453,-0.06281119081712697,0.05680234346762092,0.04110110049480915,-0.03134100495859471,-0.12315530455129908,-0.027065848085043677,0.47567929712852264,0.08587071097979952,0.04618275743324979
5356,-0.0880072764076785,0.18499148941935836,0.5844107435708266,-0.08221439409531203,0.001663251921380192,0.09246547977054997,-0.16412625407259693,0.06555618942183089,-0.06403657549618566,-0.08025356297552244,0.18402793028335712
5357,0.06974444708038317,0.011642572017355936,-0.054983732535501574,0.11704318437491651,0.08442328886101808,-0.6906959726021569,-0.05922088916941642,0.06632447012229847,-0.052359973828655884,0.019758701314919105,0.19678785860588432
5358,0.10090408741764922,-0.10955345190709186,0.4029930689855643,-0.025203234876995932,-0.058588828065389585,0.05620583214759838,-0.0568692135328053,-0.06797626935572468,0.022679433829465034,0.031139546651935968,0.02372291217857468
5359,0.2044927450313752,0.7021690797008894,0.12401614303102511,-0.022805979452451983,0.051834492286611786,0.044802043502949584,0.11754240888750747,-0.08077773608107124,0.022348593419910585,0.07494740716093441,0.016534710317139385
5360,-1.8283806214923084,0.04515256682736048,-0.11278959106320852,-0.03741207006514163,0.015536602160859798,1.6609871605973683,-0.04214093162856295,-0.05305600253559956,0.003673498704516563,0.18107594338372954,-0.060961316768409955
5361,1.6415598068719306,-0.023569256023017206,-0.07972108683467657,0.012604059429264944,0.05279173425949467,0.18566072663348213,-1.0039536255443968,0.0586227014724278,0.09026913864117952,0.013439273702853544,-0.13850335368539862
5362,0.6749047645687548,0.05127282814570517,-0.07682738892920422,-0.09368362702360547,0.007436539890036542,0.16850030724926962,0.034988357607747836,-0.08436027427651124,-0.09130686047113193,-0.09055042281923793,-0.014337574651225331
5363,0.641510577212059,-0.02008074543211103,-0.03235990616823394,0.0018140402817366013,-0.005276767224609749,0.009198693798383412,0.018359911927732557,0.030812701379867663,0.07346695989591949,-0.043187806686765674,-0.05920550759462109
5364,0.11748625096308653,-0.051517102801973,0.05093685205394751,-0.029844248525745208,-0.05366035722435945,0.021283045196757923,1.1656402720999304,-0.0015966623289139872,-0.012400986234122785,-0.8435042095112655,0.027325512804923457
5365,0.21128946937132614,-0.583611649876387,-0.08042828624653091,-0.010447951456933035,0.008471319046328214,-0.05055978491918249,-0.15645224516111866,0.030345428242096305,0.12314938180283612,0.9776437477862128,-0.08641963471870243
5366,0.11678185004346005,0.833382703462616,0.03825639130699747,0.02617940137093485,-0.15227253576875813,-0.17033543339328144,0.054383109927930405,-0.6908912562090999,-0.002897611406052737,0.0828343387553246,-0.045337114010268104
5367,0.05585903663714042,0.04115240710688913,0.08803656474340796,-0.5122349409649537,0.042548079909712315,-0.053624512155242374,0.055260223922908386,0.871942785094522,-0.10887886735604059,0.014114463107700993,-0.05080137174156411
5368,0.007369348594701138,-0.018407115719585726,0.021565377766771456,0.8080306362270507,-0.05390795060261036,-0.08848779379618979,0.14987199759189615,0.062121995271682266,0.045330942120337156,-0.053278006835985915,-0.5618702497884566
5369,-0.13649006700198457,0.010883592156926768,0.015276790363304482,-0.03127655184377178,-0.8787919506242586,0.05747335408376809,0.07768182145727542,-0.05492791307787094,-0.029098673971743188,-0.003773881653322392,0.8611461180842356
5370,-0.004865607569124784,0.07478762992766928,0.003520476696436868,0.02453332878543525,0.5802197003719467,0.15130152250633946,-0.02564472828796516,-0.17145422145610983,-0.36770150179304184,0.08274201818553996,0.047347054753867884
5371,0.009537711811031854,0.3593641703906994,-0.05189262865108452,-0.038333812725301425,-0.03768486105489812,0.0023012179975020813,0.08694830527298542,-0.09150654252329533,0.5099265363583121,-0.025823098726823635,0.023289200824521517
5372,-0.013761149107805537,0.2335592428533068,0.6026763827726227,-0.042869582065802395,-0.08065638241382406,0.11664639156358254,0.19975485885400035,-0.03404422215229249,0.017419566285545376,-0.08134444904050989,0.1234040458088325
5373,0.010123543631300273,-0.06145525387735605,-0.023197349669557495,0.08756767298053564,0.025640097994464442,-0.6923738994601925,0.04803648702792605,0.041851315443319624,-0.014327774318250837,-0.06867819353558266,0.01926152181318032
5374,0.009132674835302623,0.03960179696211239,0.44325219667197435,0.08695787106336912,0.0027246130827692804,0.0658144943966824,-0.06622109321368505,0.23429269718754633,-0.007767169454103671,0.18339023518850897,-0.05500166902107925
5375,-0.08541732290881542,0.588552752588625,-0.05473899998366864,-0.0035282619312478713,0.008325516496876146,0.28409310618212363,0.052931019309520044,0.02520452503671635,0.06234535458676695,-0.10900945683722162,-0.10885252625406543
5376,-1.9905067590346468,0.021810044609468258,0.07905874826930334,-0.039160483628901406,-0.004092604139488614,1.6820335325366587,0.03656038279851898,0.10010610465600092,-0.04697466527463465,-0.11302961320142081,0.1443319683899347
5377,1.6260727608804761,0.003707279339479892,0.13736341317061748,0.018891332708092977,-0.1016680305649665,0.006090327469683236,-1.0811584376634131,0.01691779616355495,-0.013352974500066662,-0.00882697950808201,-0.03582330306698556
5378,0.9734818123034926,0.1306590539153777,0.11635807896602855,-0.03482479533589075,-0.13615818399583515,-0.014769739070298743,0.07779571021459063,0.22147014427802333,0.030369536958780582,0.00266902991954641,0.002753476885018072
5379,0.6095940060864928,-0.0833007732750616,-0.08187515267717947,-0.003404822359516591,0.023046609769421276,0.0656005118174823,-0.03747913328201368,-0.00661956297599014,-0.013086699318831066,0.021887225856314703,-0.022236350143345983
5380,-0.005974517514441243,-0.07964556554873378,0.09629518795446396,0.150011715961816,0.09022379987438223,0.06413364688143108,1.154926334094091,0.03554241692919134,0.022043380235472254,-0.9783793527048003,-0.08546403517129667
5381,0.016366868382900985,-0.736315911067932,-0.07938533489080773,0.024810431875004015,0.028088569093343816,0.04035353301268492,-0.12198277055725458,0.19411292512527298,-0.08725427686665072,0.9422522490973908,-0.20521301318864493
5382,0.15328253558098093,0.897738480195152,-0.13997539599451933,-0.00344607638565315,0.012418617924897676,-0.04541976049676104,-0.009762395913264789,-0.656243636934164,-0.04357969017110201,-0.05600843739523704,-0.010023250584097677
5383,-0.06626126426599682,0.11369294515496238,-0.14840952509429853,-0.494465040969636,0.048793312748504236,0.09831798349686793,0.03262563451110974,0.8085000506176125,-0.13817543141781963,0.17322183182056614,-0.04229586374750878
5384,0.13265860001884403,-0.08138678528084094,0.14907324698309882,0.7496065959892709,-0.0610413699385269,0.08141432230793211,0.12660459654186018,-0.03980111575794771,0.012678053341489744,0.11451326490956469,-0.5149857569750466
5385,0.09354232088377383,-0.07119064655040926,-0.08321192489817777,0.025652551691414567,-0.6107483653771514,0.21337411552579053,0.0941927608275775,0.0402120818819533,0.001883096685457014,0.04035963818946921,0.8774606616575261
5386,-0.06914672455039701,-0.08816448093330878,-0.1173642091782936,-0.017886610038294434,0.5318292527325685,-0.09978657089721508,0.025286231891174408,0.1426515079809555,-0.27618640176682296,0.23448825621144237,0.01670979472236676
5387,0.09407858090442468,0.09292253876264345,0.03096393408923173,-0.05791762218950583,-0.025672131131225774,0.13232816293812555,0.10168108225407915,0.0011676843291428289,0.46150218253333863,0.23169985873567012,-0.05752234612999198
5388,0.0004974249964471309,0.09237579577203348,0.6175778571296836,0.031514004156649095,0.08134797630219474,-0.06848398707634282,-0.10514760622496658,-0.031021777093580095,0.0236401568169666,0.1615260880568492,-0.12541597341440566
5389,-0.0497179991792344,-0.09750597155470368,0.19105517524233478,-0.11918828827263227,-0.15797853058737235,-0.6826641443437795,-0.032143400938476126,0.014613293941057799,-0.15216733185123132,0.022884350995786815,0.011596841547338846
5390,0.12967009590001094,0.0822730699561722,0.4130783589740179,-0.26267650267421844,-0.04090630621250985,-0.018727757887077937,-0.07902196926239895,0.06145581075846844,-0.08011733646586386,0.197159984293068,-0.04237949283454308
5391,0.07381175243963017,0.6374643379529907,0.06364997152245101,-0.00761348929338348,-0.011982341833052843,0.1905799746252822,0.04962535617683403,0.10401288165111311,0.0491396069240146,0.018841547107299968,0.021451235300632976
5392,-2.088406218314365,-0.0501626492282924,-0.02346292428057407,0.03406107316423228,0.17365550205267435,1.6171014075970147,0.04285722127791986,0.1674172899891629,0.09247936829007157,-0.06655975251674741,0.0761212538578242
5393,1.1558458736717556,0.048941471361257344,-0.06309334045086393,0.046041262091137014,-0.14866062514888942,0.01302616357870672,-1.0291329826540132,0.09969596673395696,0.08939443225310818,0.011803581223388133,0.07699281343059063
5394,0.7395419904145172,-0.040458177726236194,-0.0480938400440043,-0.1362626587403319,-0.12454998649412787,0.09304470638652829,0.1542592636651491,0.012819676594277109,-0.017100551401560693,-0.08674825367156086,0.1021459091193944
5395,0.5083577846079959,0.033165133792573964,-0.04473765135750879,0.01594783281900333,0.01886593385157887,0.0997118042692573,3.6301300599941427e-05,-0.037959201067185755,0.039511025918353225,-0.001180822851806232,0.008610928771193072
5396,-0.06341812892952274,-0.002015479267674928,0.06931425900588543,-0.0704139043485893,-0.08429770685473847,0.20716607108014784,1.3658279461942138,-0.022089721361773337,-0.1349658368949193,-0.8119062331572237,-0.04944215549620054
5397,0.20459539942022542,-0.5953033721369698,-0.0030668548266707058,0.06993248551268906,0.05387335999052938,-0.26138010320116306,0.048309579411485545,0.19771258213502335,0.028059765168222603,0.9943919489136624,-0.04505590220652961
5398,-0.08503624332295398,0.9392174306548724,-0.06949437157579738,-0.04461964929592961,0.06821056855907527,-0.03538111087994812,0.04552476951606164,-0.6979756902768975,-0.10519070207192731,0.1256492936580871,0.051640021369619184
5399,-0.06081490912121479,0.05602752852858675,-0.036801948465853204,-0.6015154538055821,-0.04723842299375962,-0.11080946973713254,-0.02510266134476876,0.7620018975961096,0.016474399910045096,0.044887282060192275,0.0028804887091413763
5400,0.022592454558668002,0.037155090972003174,-0.029587693485418416,0.789262602596124,0.11347624873251552,0.06286929524681588,-0.14153555695916467,-0.11896547195919838,-0.0899022053827239,-0.03131555667604339,-0.4022973864308135
5401,0.05910449578529396,0.12758252608848503,0.01752058554432394,0.05524268274843458,-0.46486043346998895,0.12579350541566828,-0.13783477409241132,0.05860798369581025,-0.09008583536193164,-0.03282928376597463,0.8607105812567301
5402,-0.03208947424372308,-0.08874247338338401,-0.02454603440149728,-0.13616144424672538,0.5907682174976175,0.11005897505546297,-0.12635135738639344,-0.028489769394142335,-0.1993566665729122,-0.10201275588741356,0.015270961949547378
5403,-0.14742681007585626,-0.06520019747059225,-0.11221404357059887,0.08185551352431354,-0.036044941338740984,0.12149021089847477,-0.04073776675269349,0.02798545582779706,0.4775575532830991,-0.046989262174147214,-0.013931918875206326
5404,-0.11778143701869288,0.20276571782753713,0.6219556665002345,-0.11452201876130375,0.07004373862784233,0.07626634649397446,-0.07084593864167937,-0.2308390500114521,0.0212537706060121,0.1783062447418947,-0.03718136762024571
5405,-0.018648856670728707,0.009118833224953118,-0.0544419994253787,-0.0842099112522668,0.04106358459071466,-0.6732548706026432,0.03192047508988947,0.02478610265481333,0.07607126479748856,-0.036663859849970316,0.06189061992348337
5406,0.17544791421876982,0.09217233288213825,0.4104098849382014,0.05678626701597793,-0.013888907976660442,0.13712703994705586,0.15247669354590357,-0.05482418134423497,-0.009241077293912865,0.02351131799427205,0.1084505902229526
5407,0.06049934664375409,0.6504389830760309,-0.03518219848189891,0.056006598527578076,-0.005529652997294333,0.032196819922950884,0.13576018888740407,-0.027320960802719004,-0.002933357293206883,0.036340464951362804,-0.04652087981876298
5408,-1.8780478259153848,0.07859778900201558,-0.051074028086291454,0.1707922026453461,0.04655486468587271,1.7237862107571287,0.00951687202813961,-0.11868084899509396,0.1599417707514732,0.13049599973038678,-0.044859584028209186
5409,1.4158518837803,0.016189719863351756,0.06599976701747802,-0.06887312049651276,-1.1734606294863063e-05,-0.10979479605908568,-0.9136574246978927,0.0381560173692487,0.02788910697003816,-0.06066714872027204,0.0941824664465018
5410,0.8703432111347507,-0.08019153952190113,0.08004614668796849,-0.13041271998619722,0.12025711407859234,0.0916666579172965,-0.02399699894209659,-0.001673831224410735,-0.05038552597545304,0.0357134511591896,-0.12332529665793023
5411,0.598847208617294,-0.030860504697331537,0.08830978591453123,0.014112863999222885,0.01835513644984166,0.0716794361180203,-0.01827135990859469,-0.028730241677203706,0.05396853017907652,0.036975067639447454,0.014141077390628067
5412,-0.08447758988780162,0.13344822236867004,-0.00466547823481502,0.13339267341435113,-0.029584872961612458,0.030369840334041137,1.267938937397192,-0.2087888401305625,-0.02011260750795003,-0.9858926803863246,0.021797066374814156
5413,0.17541771220176708,-0.5756240737099676,0.1676160929863065,-0.03819420427575249,0.07127101770357727,0.07603531857501633,-0.035929015560181604,0.10450932362597118,-0.0714977354140719,1.0690186935474666,-0.020363914885628404
5414,-0.0550311816824802,0.9307788763854618,-0.0303043345786592,0.04168502108737937,-0.07089189348062636,0.057627539951982665,-0.17883157793597637,-0.6476487132132464,0.06069754981039849,-0.21027333105100193,-0.0665286649707448
5415,-0.2345424770157489,-0.019305059153187625,0.19273389429766868,-0.41225888932757504,-0.0763540180169032,-0.06433352151765853,0.022961509963251872,0.780076566866497,0.14807357557160442,0.06469511597205763,-0.03711322266113023
5416,-0.006682356848400481,0.003962144556614665,-0.1877640034093255,0.8025311130831049,-0.04921787238719649,0.05280901792068873,-0.21507496857250302,0.11128384748487839,-0.03723189209577517,0.004773454081493495,-0.5052574889893905
5417,-0.15475494541308255,-0.033186965282630876,-0.11930951645412821,0.06243203951284866,-0.5320129354659319,0.19856640167270118,0.07230280423812832,0.08179180698589736,0.1629187898092411,0.05003540045533452,0.918455175438836
5418,-0.12705049476691366,-0.14291807030058615,-0.08834206160218264,-0.031887287304514206,0.660700247749885,-0.04752115892663404,0.0063196288693531015,0.025249276119186665,-0.38715649391186696,0.04808869598759824,0.06505023807719049
5419,0.006619306603407721,-0.021101520166945092,-0.1735880100793743,0.020799986734399804,-0.0387020110107746,-0.08355632950349641,-0.024380363011810402,-0.15591315337451364,0.5371170963846958,0.0345880147688802,0.0006781050014739065
5420,-0.2376807568323247,0.1100933774525676,0.6243140165441633,0.10057330041742911,-0.03896218293254289,-0.1146294298060847,-0.005684632240138891,-0.048175536889770484,-0.0981617349149835,0.1007633868768447,0.09757161299355706
5421,0.0904556119264284,-0.1029993984997796,0.06602642887501597,0.08607984941127264,-0.07048994916978535,-0.6193885534444399,-0.04779097624335058,0.013096990989783694,0.05864409545670818,0.013316724941885988,-0.047139716542008256
5422,-0.07639803901332462,-0.08372667366268358,0.41732250297176526,-0.07924869702667904,0.17751900251784564,-0.07511161052113782,0.12120920906467234,-0.10216281543017215,0.1518307793038398,-0.0716685098759628,0.14235882230374072
5423,-0.023244078191890116,0.6656775731325149,-0.08829959369067143,-0.030502011208313577,-0.0784669978255363,0.1375712917582026,0.09713642002476268,0.08594859049426447,0.0315400087877208,-0.06960293205492854,-0.003337182215160854
5424,-1.8217844213282908,0.08819487108905585,-0.04576267662923525,0.03595925504648611,-0.014890276423145339,1.7575840544039711,0.02254092405232044,-0.08217786616536304,0.15137160314615505,0.11875302076864026,-0.1926364044327726
5425,1.472109485833461,0.006409999216726815,-0.015843653234412735,0.06193927729732077,-0.001600413775155855,-0.03830621909603897,-0.9532913640372379,-0.016844839698909583,-0.12884491282056912,-0.04605853141518371,0.05687509344070535
5426,0.9734037949257388,0.1328720099344987,0.09714382543457856,-0.01167788600397132,0.05316474275722092,0.04613622456923325,0.07855845391197527,-0.05347213134268793,0.06172218914325338,-0.07321700137917003,-0.11748048673780459
5427,0.633617776441033,0.020726245423473955,0.04708438818808414,-0.036163774329014034,-0.020918211331640166,0.02949973304887402,0.027211022469853925,0.006615268444827262,-0.06669038395567883,0.0376053182168642,-0.022547574674832697
5428,0.006170432444874228,-0.0891959247104071,-0.11069349433689522,0.019616145340673807,-0.03261429521288095,0.005097095076320286,1.25770306967074,-0.04499162147852333,-0.010456152303124756,-0.7815891814661842,0.17125759124938333
5429,0.10607402572799769,-0.7094006226931059,-0.029214002925611635,0.04018089234269249,0.029853624488521503,-0.003967932450476747,-0.0496144832272841,-0.09306317399927473,0.0036897728852634524,0.9384218204045488,0.0029054476241079518
5430,-0.08097645574884035,0.8261001902595705,-0.128503527839392,0.026457940775582577,0.038727816478497185,0.050484579654400404,0.08665172225728594,-0.7466973913168234,-0.00010470518624160208,0.1531966554222715,-0.07028690392526334
5431,0.0687031270638721,0.05687335648445328,-0.007302347089079608,-0.5099810477531024,0.0719405676187735,0.08852884968740324,0.08367037961964911,0.7868534439806564,0.005781019598097684,-0.05862151649775751,-0.0735386546165163
5432,-0.1314747130641116,-0.0016594146667511889,0.006866841667040544,0.7870975021339078,0.050279783281781565,0.04261485995141336,0.08109230138009146,0.044633339837373616,-0.15950511283193988,0.13940498843982407,-0.2811562687655185
5433,0.03443454291342944,-0.05878012885949624,0.06306408014446138,-0.008817025310278602,-0.46817943648724075,-0.08853664042566438,0.032084094371925206,0.07308536318428108,0.08733228343445479,0.1340114066193687,0.8957390948313665
5434,-0.019678796124960988,-0.07059049313958138,0.010328518054271228,-0.07623957577710117,0.6264500731925838,-0.022512543578096553,0.0895531923841807,0.04519503028134816,-0.49418133665612696,-0.029112383031835366,-0.059554414719670754
5435,-0.14351667874517599,0.009529788298765648,0.020355061967967103,-0.031623525296080854,0.044104384978858095,0.05391276057568775,0.10703424195830542,0.10082887713495883,0.5463741373435805,0.1154069218583678,-0.0031065884931465114
5436,-0.06785910631996692,-0.028778267308334687,0.608434148805149,-0.09325579175755304,0.010408797075007668,0.16494532802470235,0.05120547908852229,0.05194847371747918,-0.01236660217122083,-0.0015429770017371786,0.027582030113251
5437,-0.03051398087639843,0.02297285397041823,0.10056023819163572,0.07281755189454418,0.006599574604549177,-0.6234920450498231,-0.013308301084975969,-0.001486781560682627,0.0863881386967014,-0.03740028187561854,-0.037475357227382634
5438,0.020543968938930977,-0.025692350078888558,0.4408291277412346,-0.018306277429924016,-0.06566512025802247,0.15845702865210495,-0.2543708554065321,-0.011519761762839633,0.050376988554252704,-0.023837578603286128,-0.04651569083650771
5439,-0.07224812616289185,0.6341461967809656,-0.01699548249714542,0.024186406955706393,-0.0430507504844482,0.10734813307511797,0.11803885748292203,-0.016415040404094514,-0.11119418618564383,0.041913619807484224,0.06303524039294486
5440,-1.7608410360224496,0.11261553345942364,-0.01562859858715774,-0.13232072447751664,0.05320076429836624,1.648511118759072,0.13205393746394678,0.04450948477642145,-0.07373384935632908,0.074932952465353,0.07464457355514162
5441,1.5005715101651662,0.03841659710337303,-0.054286909712932874,0.048136558982264606,-0.08025411681735851,0.033111452094173884,-0.9480529582072311,-0.016642646844974327,-0.07930745888681082,0.1020311148351252,0.0031476847370032176
5442,0.8857227839645773,-0.09692219757111929,-0.09256707952930411,-0.16225206769328399,-0.06466653202679135,-0.0605799878625779,0.11593139113905723,-0.05968314446653464,-0.10675419032896931,-0.15409072114447075,0.06960224768714027
5443,0.6032452289046334,0.030814445382283458,-0.018423386132078234,-0.012263154735239735,-1.2447466486893884e-05,-0.01384012776045316,0.08256389750336876,0.010354228092926151,-0.026155211709664887,0.006332922175166693,0.010349964847935201
5444,0.08102086948882445,-0.023982555970742392,-0.07099806486396812,-0.05140993617015864,0.16703199340877717,0.010826351347785434,1.2235041051225983,-0.016694206044460543,0.011901411490003526,-0.8700154917246986,0.0007275279722510596
5445,-0.07054090886190648,-0.7284299828617516,0.1372193888933854,0.06301579327617098,-0.03919635081717552,0.07012418033093312,-0.1134427495409067,-0.0029246194413653113,-0.0033410050349997663,0.9236804076014806,0.013430674698942541
5446,0.057074606745119105,1.0122826587272404,0.05575819874062188,0.02720377192774261,-0.03321469832870273,-0.03682913911456717,-0.08753848363620387,-0.650189403377361,0.001762864416914976,0.019129755963849786,-0.013520984387880672
5447,0.12008452845818053,0.11172514768409512,0.04848015363819828,-0.6239838207111722,0.037790947312339486,0.09804542167971803,-0.06668093546787827,0.9228546177882676,-0.02745578819516853,-0.034018469838721074,0.07564351144295178
5448,0.18487560345222792,0.08865004423103512,0.05019153182693877,0.8431762484072143,-0.08263790468094588,0.00527975797222026,-0.11921640306529441,0.06349444537944056,-0.05366511796973536,-0.05407650934584589,-0.5336074505041629
5449,-0.05746760174349813,-0.07823635173345912,0.011454542024578662,0.016327242696685645,-0.639863112261851,-0.008788583576194504,0.10461087565452666,-0.06434675136021678,-0.10241094772677381,0.013271316684460847,0.7883875297120554
5450,0.058105697584069485,-0.04412414467184941,0.1075250534391536,-0.09039805834512274,0.6176045311372426,0.06518490924622428,-0.07765161050094584,-0.09413077015011531,-0.04362816767437952,0.003960305174178971,0.00523588277340782
5451,0.02719954338544018,-0.2145201033327223,-0.15166044295774658,-0.00918122753647668,-0.006526443942720351,0.10791224105348066,0.02159719965738781,0.2165080286932542,0.4467721806533747,-0.07626975786705131,-0.0445540881898001
5452,-0.10244286102307053,-0.05220180422008203,0.6035675558057312,-0.2747737570241119,0.05514401065105154,0.08251115092365034,-0.04391413279059473,-0.15074498396626254,0.05013524896737206,-0.019319922782924645,-0.0682263999259904
5453,-0.020813144223075286,-0.028160018307990687,-0.030797544123156845,-0.01987079764345657,0.11544207821825038,-0.6793578833684611,0.06460599218309418,0.005902080516615383,-0.003766774020381869,-0.0550012412652318,-0.09815571348222837
5454,0.030402380425151868,-0.09548447982696796,0.4115835442531216,0.058305747347701074,-0.00984033686711763,0.26750537555130793,0.133496548527106,-0.022314008525246724,0.01755750960068675,0.1443804195210826,0.07070954329901105
5455,-0.024900834343590125,0.7042494161758364,-0.034768328430380926,0.012417426448777394,-0.002170661650270603,0.2643554472401522,0.12284664186691216,0.05202837313524787,-0.05798109821797119,0.09082498632797398,0.050821053464797074
5456,-2.0099668811875553,-0.011578441437905733,-0.1123275262016321,-0.026398126358021485,-0.0890482175760295,1.7443518045740531,-0.10844693714914064,-0.07991103295336509,0.01979471767252892,0.06898179143913334,0.0031535783431659516
5457,1.4613501072304445,-0.00171993761596054,0.09967680201014407,-0.007093051283803165,-0.029563526814692875,0.007171580284822223,-0.9945030137991442,-0.024483286900376766,0.09277524103115736,0.05492837699022093,-0.1280769025284207
5458,0.7819861537633402,-0.06446444428600889,-0.014197266604999807,-0.019542884002943864,-0.01582265339996046,-0.026769320856116927,-0.10403738421802629,-0.07202824743672906,0.08753466743975054,0.1311092327505479,-0.05532746096992113
5459,0.6538172923055257,-0.048889418808115225,-0.1360150379833617,-0.00263990918760506,-0.031260417902112335,0.007484935294951565,0.034428173835816304,-0.09027852121178985,-0.0037309174792007627,-0.028644766414239492,-0.043000073546177
5460,0.034425423865168406,-0.13148329910205298,-0.07738386106422196,0.02084598574394114,0.09379076009033001,0.11611365205336732,1.4164645113223502,-0.02075559232700732,-0.08817323796526297,-0.9833622344056901,-0.0808747771372504
5461,-0.1289218511028178,-0.6642138487084045,0.12341132561859787,0.005760057882111917,-0.019203334400227517,-0.07730957391964809,0.0345739682284843,0.018560503823599136,-0.12281729458407918,1.0660036659859573,-0.12845972698617392
5462,-0.030710873857073023,0.7769843588821767,0.11340916953281426,0.0494344691197367,0.05527372973594675,-0.037852074047488485,0.1061764009341084,-0.6873123121072126,-0.0818295771495725,-0.09651325089304098,-0.08662099884796871
5463,-0.03471720351665112,0.07060974370623721,-0.047013998401038565,-0.5121728775192667,0.02988442607273699,0.019243052281137832,0.21421556105842296,0.7976549220189548,-0.09422131822153228,-0.031350614263606955,0.02816479934739064
5464,-0.024723525677096184,0.014948727853314765,-0.07933235547763838,0.7294019725411692,0.0737326909977325,0.09817596106304304,0.14549915471894062,-0.0353841392229076,0.043204448232905826,-0.026595399701505946,-0.5400812376932865
5465,0.02067224823643324,0.08915871296856749,-0.0407780614852985,-0.1389006243815562,-0.7811763090742748,0.011786476724864627,0.09387643542914914,0.08052637348723836,-0.00451509049561306,0.10838419672358011,0.9055827556975162
5466,0.23960050147515122,-0.1323823503251977,0.09414056755295429,-0.02583115437101412,0.5956348082534203,-0.03459978873764343,0.0629160749177034,-0.06601685505674562,-0.1675879238281704,-0.046029402238961264,0.07254243643785727
5467,-0.10612976096481223,0.0765117009848352,0.08882303862122169,0.029487410794219238,-0.033832939359155004,0.08618741346064542,0.14939103227387532,0.053442627918917,0.5051347100185939,0.04678766248606445,-0.12325686581503638
5468,-0.06996413556261592,-0.044628536288980204,0.6130469867884915,-0.01137531079487647,-0.07193624922736208,-0.17008143881569035,-0.24720540569397784,-0.09185268625204597,0.0015006914564147343,-0.16429589452601898,0.03225613599296811
5469,0.017898077537458965,0.07957532873178026,0.09276664369604481,-0.062293796616579945,0.07364060794396216,-0.6640063087955286,-0.0031694657731835066,0.00798298925961025,-0.03122872863130524,0.02581233853327122,0.0022077734833644896
5470,0.027705348051352857,0.1164035875825145,0.45438835206959133,-0.019284690378466345,-0.02828661620227797,-0.06558670881168724,-0.03415085588466959,0.2627348671756782,0.023513649517521485,0.023244821619167765,-0.09414319495311137
5471,0.1158480045719653,0.6731141236286208,0.07278145608668413,0.01708554951152199,-0.02851197263303654,0.23703891648915515,-0.022777130270851334,-0.025089827542008825,0.030224654203844344,0.022790915062422347,0.06159863533933015
5472,-1.8640821802268401,0.15563128464709242,0.21627452408770323,0.047619805157664404,0.07692880832751357,1.853927959108171,-0.1348272555499475,-0.11639386946355565,-0.0983784668177538,0.13473181498078637,-0.14669926380844892
5473,1.8017908568777368,0.04439406856431489,0.15100020391157246,-0.05994362417967965,-0.07330795147454487,0.08087015449793761,-0.9895723526387257,-0.07582335217633754,-0.08178789146668929,0.059601390536257015,-0.11839034155099291
5474,1.045748512477486,0.03584406427498319,-0.037809698482425574,-0.07880889789979602,-0.00031241427430689014,0.10307512583599515,-0.05390429663419669,-0.05143900005489034,-0.18909613206739892,-0.018025071187036525,0.00331080559360676
5475,0.6006655576094715,-0.015358692418848123,0.06876597938895433,-0.015960635490872548,-0.006089856967722376,0.05245369415455794,-0.02881440039437677,0.023539408826615538,0.012613151551023095,0.030971177298804664,-0.050227190730752796
5476,0.034947189553242684,-0.008300059564947048,-0.04782993804323697,0.04777921550998145,0.007228226039782163,0.04579048313941171,1.176592133765393,0.119511943763747,-0.06967949688589418,-0.8354218632251043,-0.01198729445018385
5477,0.15350462280744806,-0.6718787061217696,-0.029662832445503728,-0.07358001493853591,-0.03854093945888816,0.015071945332172158,-0.06659286430385611,0.108509003266677,-0.03286848171787435,0.9657888497359477,0.07714098335127675
5478,-0.11013209387599875,0.9773995897302392,-0.06303750061920392,-0.07359327467261108,0.07794290858726981,-0.20943645045769202,0.13523513374664442,-0.6437063946598067,0.050572607965816155,-0.0018494110593131616,-0.04264093411056343
5479,0.11246755942124627,0.0484872910194624,-0.019661315777031625,-0.4219372858783636,-0.0916290469454726,0.19304314173375353,0.16421203614419036,0.8098699740155131,0.12327173203965634,-0.06829888344349669,0.02592941981593081
5480,-0.025189140552237005,0.16081582424308705,0.06858606642586597,0.8318088511733964,-0.19362474061903068,0.03283700903950652,-0.013105112509982916,-0.012161153226315013,0.0824460299003109,-0.010614811554887589,-0.3249937070189136
5481,0.20653230234374648,0.24008629675851897,0.08563787435164863,0.013147626972495505,-0.535108817840052,0.06671027105940684,0.036840751653065204,-0.01190406437381563,0.015294926677166951,-0.12676228886589033,0.8641701497220321
5482,0.07999224461038905,0.07354394895832435,-0.0023537249264840698,-0.00044923270341186926,0.6493416118457115,-0.16632290854684578,-0.028747346676338253,-0.028002092766387963,-0.2761451783790147,0.20745563828374916,-0.029935340306022726
5483,-0.10234721739721367,-0.02326059559713395,-0.13235319142758367,0.13500609919548565,-0.022003352421763288,-0.1685811783929613,0.17429360017026616,0.02962321039175981,0.4896789997061522,0.023095144931266503,0.10799105298739564
5484,-0.0005616882854570692,-0.021441589094239044,0.6338443226898531,-0.005321181865338975,-0.015505506476740417,0.25590631200846986,0.034821197255040445,0.1496041561875757,0.17969975571939226,0.1169214490291296,-0.032655764180635226
5485,-0.0016969786769299466,-0.09130411062732918,-0.08384014871245053,-0.005555607672903354,-0.004481863810854937,-0.7149773384697449,-0.0034631057768337572,0.04040914557592074,-0.011018990583034861,-0.02812578315308976,-0.010803033069471281
5486,-0.02190925664710903,0.12647724748841424,0.4338981391519822,0.017514827912459334,-0.11362058587819936,-0.12659947439660488,0.07265958261472662,-0.00597740069486543,-0.031730002031592264,-0.052101104458493,-0.010825415713327093
5487,0.046715405742405215,0.6851404714399434,-0.05746851488036246,-0.014309728576218282,0.024547380866548424,-0.010600646098902905,-0.06798957566749343,0.07448748248575623,0.09965226688762494,-0.13109920838084727,-0.046259301699961786
5488,-1.647917730289091,0.06132146564995336,-0.11293441333921186,0.028183385246630974,-0.10907504596739019,1.8431573150569112,0.023427844054986557,-0.07308605097096245,-0.019327224564127596,0.03085926894075355,-0.006851715420179523
5489,1.5590043473453041,-0.012322127658957155,0.009657063853769722,0.02385764159426961,-0.04303620736708162,-0.02433279950551314,-0.9147725110454155,0.051018620683174885,0.031425716095802796,-0.019188454568242995,0.06291466317964442
5490,0.8282569873334752,-0.14661943192832702,-0.05705223994478125,0.055875526077607277,-0.056711825595794456,-0.007659464006823949,0.10742726653523985,0.002077515016382533,-0.0393564162265349,-0.08273364141960385,0.16306377469708322
5491,0.6564580194389806,-0.02560713596096758,-0.030057378223879362,0.010976137142085899,0.019165769916152642,0.005900594431174466,-0.05101494382707059,0.050719819861548505,0.008117544638866284,-0.010326336953858654,-0.033944749173318654
5492,0.14339722509195432,0.10116881923289883,-0.09253448087652535,0.003151370883804837,-0.008587319567985079,-0.014493869166282113,1.3335005698599631,-0.08882739598561362,-0.07528929839663673,-1.0027271749087892,-0.03823831789656683
5493,6.9022146819800205e-06,-0.5789102887889318,0.12515025152309583,-0.013710515912380301,-0.0038634587031490513,0.01107883434561591,0.016460920709017373,0.0008768512490896316,-0.05172110515380953,0.9965372126415364,0.01939869930700123
5494,0.03782862574157033,0.9754367044082871,0.052771511740878824,0.04365201430390091,-0.01699431873822356,0.043146809311074744,0.16606292416750268,-0.5479257796909901,-0.1342823545121772,0.06788245749957147,0.013288756245762888
5495,-0.023343121350448,-0.11233355547185285,0.07582782933638599,-0.5186032750434604,-0.057056761941980366,-0.013539586021168885,-0.120354009081764,0.8164603728840786,0.15146959949401756,-0.003952824832772619,0.05619439725517048
5496,0.06418200649027597,0.09714804333122391,-0.04158010292001116,0.8041900736963671,-0.012938414318290702,-0.09564418860312959,-0.29703105367617083,-0.07206367834151875,-0.1038036192658506,-0.08113254402324896,-0.3532943812918151
5497,0.008356190763382723,0.06685482990513963,-0.08818466118574331,0.05272465061986811,-0.4306508998370762,0.12389740532371053,0.09396506982011553,-0.06899025136068182,-0.09655233181521605,-0.25302849696690116,0.8243893472434665
5498,-0.0026128847830062356,-0.03628477036824241,-0.03235852602518685,-0.14889523198887905,0.6202024586224714,0.12557530047059262,-0.007726700400250302,0.001426777485618435,-0.11226560431297461,-0.05431037116605062,0.07588138012171611
5499,-0.10858157527827546,-0.05691593590025507,-0.07180756849796818,0.2043904651237608,0.07452244335363448,0.0050745889703259685,0.0024018355769675342,0.017181407140275412,0.4791456922495385,-0.05698760034979652,-0.004648510891819597
5500,-0.019203075076255457,0.0872483625470254,0.5684491365258333,0.09201067528698417,-0.1783294019949599,-0.008027010905522993,-0.27423710961798814,0.13516390406111853,-0.10576922870256641,0.12589362820986663,0.06067844497432373
5501,-0.0366533170874992,-0.013785769780595453,-0.04822645627901857,-0.04949892612561922,-0.10602468257728141,-0.6466699238188425,0.06776352318519502,-0.09545763429411357,0.019131438327610672,-0.042873607228366084,-0.1072474194174725
5502,-0.13947734127522535,-0.0021315711837584204,0.3905154418412877,0.016560154330910168,0.023800776642530094,0.02749624032019731,0.14219814493934785,-0.094643085243519,0.04425000379482725,0.035569539552765525,-0.22609090206753463
5503,-0.018526293510114006,0.6450277534783819,0.012875454398493146,0.020264147978092645,-0.0011329571032725498,0.10021626887183327,0.16733268939932305,-0.044411928238074966,0.03400269701234213,0.0738535918652972,-0.012673083528259273
5504,-1.8799887457212698,0.05999927015008171,-0.1770857529414143,-0.018139453425554338,0.08708493444250238,1.6857057846365546,0.09823330471966354,0.024940159491333963,-0.07636043190080005,-0.12538872787809266,0.006205945947958825
5505,1.1460039542472567,0.03094428416270695,-0.04964227474992638,0.07899766840946242,-0.0008113770126132055,-0.07689849390705578,-0.9443193492686739,0.0184082881629434,-0.08976992121395064,-0.005676691710858583,-0.1224630898990653
5506,0.7172155286034102,0.0039564099998648725,-0.002632560091196908,-0.007743029531271308,0.09510313597405244,0.0014091241315954128,-0.06872495883240584,0.10535004248493382,-0.034500673843055385,0.17855873650192672,-0.06751452780664254
5507,0.5745875738537399,0.0048710317581592225,0.0719982222536799,-0.0036288727070497,-0.05126146604052522,0.009510548838554688,-0.015604448580553702,-0.028567617666544504,0.00928872042251579,0.04677086212327996,0.002804644609708826
5508,-0.11075879144415311,-0.07839377950637343,-0.06681182530143723,-0.1676171183339871,-0.016637406299384195,-0.05557476055770109,1.327565693049547,0.06416048819953443,0.07244873185653719,-0.9554154918961584,-0.015443928532584373
5509,0.08728713559035128,-0.6986400380464799,0.09370127918472625,0.060009382840052757,0.038044726036648935,-0.033416939786410055,0.08996468724751704,0.02086931778146199,0.04415830144538051,1.022132639526916,-0.0452817148586826
5510,-0.021517396759267046,0.9364878369574704,-0.050173646940333175,-0.05818581627168164,0.004740932803336525,-0.0635118015145917,0.09872603619515553,-0.5970457259324272,0.002991344926861114,-0.07051208477444923,0.040948126103833936
5511,0.2114881683550641,-0.10954049407017376,-0.00016253605846861777,-0.6284142388752937,0.05474432733580973,0.0014902443859447835,0.10043324025144221,0.860756087075997,-0.1668158510585415,0.01853371857793663,-0.03765049498363923
5512,-0.07982344236004643,0.1767738941653504,-0.15601059261496597,0.7131680194334375,-0.10897059388860916,0.17403927645845452,-0.07279049669653315,-0.05746397684715574,-0.06587611284754676,0.08964652369313089,-0.5968345386034416
5513,0.005541670265450336,-0.04368233294257017,-0.07542595803326405,0.01787647208861653,-0.6973448517009625,-0.01298087877514267,-0.10897156022392142,0.15860794240513057,0.11027115521139642,0.16919593991078974,0.8984026654785342
5514,-0.07975716126167938,-0.07301901109005858,0.08067622727328524,0.14219094643601946,0.5806856010205961,-0.12024895002457703,0.058080687000482266,0.04689048121809831,0.025518258204659777,0.2766504754998662,-0.027515783405350443
5515,-0.20256335581920676,0.11319865151248407,-0.057375639611990714,-0.018160006732343095,-0.0065300484299905676,-0.08890961241319542,0.010844435991502225,-0.04162844329982899,0.4633167479195859,-0.0007128786006483593,-0.014318920520582885
5516,0.07181419583348235,-0.13100702274296158,0.5701415056931836,-0.06281313543349852,0.11794996979448212,0.16447418280107898,-0.04319389940270557,-0.03452106935153521,0.06464496251634956,0.10523653072073495,0.1827203248885928
5517,0.047676223111006694,-0.06400638584649342,0.046427965746979015,-0.017342247860360895,0.03125912402974532,-0.6086419580619192,0.022537212245277476,-0.01309477881599874,0.06515449239646326,-0.04357617000399172,-0.05067332355248935
5518,-0.09354535916018718,0.19676013894194389,0.3928754875538852,-0.11424646164609377,-0.11290398962833549,-0.11037539334329786,0.11160130322499702,0.042964818280387417,0.12082427954841447,0.052080025869655856,0.0024600400211943225
5519,0.11572726497870588,0.6259807833811177,-0.0980626396354643,0.0012874977462416896,-0.06223066107597648,0.1508682560531088,-0.09900263374396813,0.03428195490405528,-0.06489588186127429,0.12038585437162358,-0.005530478415882393
5520,-1.720846705651914,-0.06292055972133052,0.03840779015722296,0.15997561764590096,0.13135963924695787,1.7412317342392079,0.1106456011564046,0.1761727145555005,-0.003102815585909486,0.043501036706125464,0.05357628974928669
5521,1.7236210233149878,0.00087915542986412,-0.1860004256676861,0.06131397569257297,-0.008940969537387367,0.1322331065437397,-0.9500938870073882,-0.01816498606415131,0.032235748747700355,-0.09635366216356142,-0.016749260252548807
5522,0.6731491641461416,0.006946229071459061,-0.079309545173422,0.07077421399174945,-0.06004646501435216,-0.16411664370350182,0.18255120082686366,-0.15720405235681556,0.15049741392115826,0.12265219456906977,-0.11439277013784027
5523,0.6087195891142856,-0.03879640292578183,-0.029774409243827914,0.001147612241758771,-0.07684354790415969,0.1056262787976919,-0.01144787407687097,-0.026185704868233642,-0.08965693479562978,0.019561625215225538,-0.0470428821030792
5524,0.031604393639472324,-0.08607114067183923,-0.1806240752014684,0.09562698686352855,-0.06042103962164093,-0.11066544751208648,1.2459061142378445,-0.044349640768365,0.000515430153943717,-0.8321080717410773,0.08021550083431019
5525,0.10074294739001965,-0.5678380861314438,0.1169050046175405,-0.033555281415154556,0.005243451849307513,-0.06446690446287313,0.07778205207306271,0.015994610556240137,-0.009903801326821296,1.0509207790532462,0.009301670273374297
5526,-0.12042941947875242,0.865642929824294,-0.05216428569507076,0.07300750720450618,0.012908943843529624,-0.06388266601177837,-0.048037474536689495,-0.6210211729861421,0.09875087286041055,-0.0475905690904058,-0.04711516847572888
5527,0.118922757990716,-0.0035623754949597832,-0.02389328852506315,-0.543923821098727,-0.09802525399077139,0.08416204051976117,-0.04470041708994169,0.8318129691343897,-0.06310480805474057,-0.002665181907284332,-0.04972515310995436
5528,-0.20585660724442098,0.030656088009498147,-0.002308004467481411,0.7736696840289047,0.038458994114943336,0.1056876824261152,0.060546673518454365,0.0496403503581683,-0.026815532669901585,0.042480320093626234,-0.5483865046171112
5529,-0.0886925611956551,0.0905969001045981,0.06566134954878702,0.1098787951979104,-0.34867051112096803,-0.1513805356746455,-0.013620886167104612,0.040826435718870346,-0.03711164366513903,0.031768614191939167,0.8204009379349209
5530,0.12295457731095431,0.019355213347193,0.009149519358881426,-0.07641704734862438,0.6288217895589897,-0.045075848207999675,0.07517234515094956,-0.08318731003432099,0.01860789177044811,-0.09626763022873412,0.016395273300312114
5531,0.17663139465670782,-0.010662537835274,-0.2470771110537625,-0.046515054302668876,-0.023229570365329907,0.05371856000865494,-0.04105041556871097,-0.06139003265931705,0.46539119349006375,-0.2745780235526158,-0.09519203260091831
5532,0.2020324593433358,0.13106713454705235,0.5511321932812988,0.003340745913354922,0.1146164544219763,-0.056493130406570995,0.06682113384200224,0.08406959230034824,-0.009938884127815396,-0.016635892522568464,-0.1378637103590659
5533,0.030461225368816187,-0.039327608436156826,-0.0670514917504955,0.08989360238975598,0.03333316708242707,-0.6080449576456599,-0.026069613481041802,0.03458181167537415,0.15042768918971008,-0.040941193265601694,-0.015170835636081044
5534,0.07037606248527543,0.04006308884688396,0.4163042332297407,0.044021679739653444,0.08756310341889499,-0.09825446822363276,-0.1950174357575599,0.13614233856793975,0.06873494192382414,0.0006373966469738626,0.08915175363066674
5535,0.15033325668306372,0.7059649903013115,-0.051579936115696584,0.08428047729062169,0.020763623801277095,0.007717939132226133,0.0730898913295342,-0.009296170673140484,-0.003957430854200796,0.06809075251186973,-0.009264262591924508
5536,-1.683396334963458,-0.05824078506106966,0.18138233915030103,-0.056581617461528705,-0.226946780821527,1.5725019439312429,0.08652810070469548,-0.01227822374587365,0.08274756943296394,-0.013268484948994824,-0.17340182262259776
5537,1.5591205722130936,0.008795118464105158,-0.00019991303536741337,-0.0007442080391644214,-0.08760722958078371,-0.11774112981016764,-0.943868651296189,-0.0973084168028511,-0.006750050858637848,-0.00424669651318007,-0.013809524337500913
5538,0.7251261208547453,-0.055845557514173465,-0.0338165968915459,-0.10657709622838812,-0.12770629528128277,0.010573118667139374,0.1551204502883413,0.01907252727317078,-0.0446156542263889,0.05403219288848594,-0.057309486062571774
5539,0.6379411645928142,0.010127013387195764,-0.014975345535585056,0.0037607352750295983,-0.014308225699650148,0.05700172932515116,-0.019787513135165028,0.08784622621112273,0.02379736405007772,0.017141080400060217,-0.034357602218080256
5540,-0.07876946389356057,-0.028009240247165758,-0.07735735282436856,-0.08681946523192655,-0.053911963735793225,0.08955298196719816,1.1001840410394044,-0.07627655977766805,0.0672664373993449,-0.8697022545351113,0.0371019761149842
5541,-0.10169003527116223,-0.6414107842726137,0.02068029269675348,0.120253173823744,-0.09705363222013184,-0.13733273717545866,0.09580793328510992,-0.10198069822109913,0.011811189474748405,0.9603502909481995,0.0025372308875075186
5542,0.189948025621105,0.9832681163852179,0.06400885441316002,0.0807921743225998,0.012686032975350436,0.12688489045741813,-0.17892855813560826,-0.5104658283634742,-0.03702244779911881,0.14721648137935855,-0.01544060015606594
5543,0.06504637551738983,-0.06998974595329487,-0.09010656553482012,-0.6242810994163873,0.01920302407619108,-0.05792098073118254,0.018809571188778927,0.7950112062136677,0.0007203995100826636,0.06786310309232632,0.004929395227230949
5544,-0.03529162556619029,-0.06955041896473918,0.0703999785030106,0.8543924640543803,-0.018863340655736822,0.12006399418616981,0.0998725193949368,0.015406243329215944,-0.018442907273114727,-0.0801781093605896,-0.3632656601922571
5545,-0.04144004189772574,0.2559511985777262,-0.09397702515295553,0.035436412426934245,-0.6601734437184084,0.16142784526135875,-0.1398795036761466,-0.08904413013060054,0.051963391586366696,-0.07808505179305915,0.9017076892998973
5546,-0.012726003299900604,-0.10928797803902181,0.006413884521903907,-0.03148980991540525,0.6039196576861863,0.1580780059817441,-0.07027210388991761,0.03818724439998148,-0.1241149549927283,0.1078894405743081,0.013672172516862554
5547,-0.13127211254795848,0.18096037148005964,-0.14369839736242085,-0.10937939596538854,0.04908584260547056,0.3533670076221499,-0.06556830303693423,-0.029078170236084555,0.5156204148745086,-0.10360131995402727,-0.003418753890634734
5548,-0.01973553220464217,-0.21409155731199184,0.5831779342128535,-0.07594215965952907,0.019745645640783155,0.053715255485139814,0.04904194140965665,0.03714801825259869,-0.10887279162130159,0.1893231024763796,0.16207042179867032
5549,-0.005755762662345294,-0.03799491764877041,-0.09806014012695748,-0.03228400105380431,0.02714778519671275,-0.754917677755894,-0.03157986438904376,-0.09230595023823461,0.09898856866931376,-0.05271052284260001,0.023740529844857125
5550,0.005459333501379139,-0.06848778668109587,0.4563606031553194,-0.0007335197892752313,-0.003960656128255686,0.02774537267914419,-0.010565771583660902,-0.14904765103979423,0.047626776073463495,0.13997094156585593,-0.12236943721259096
5551,0.17746692360445357,0.613573144452303,-0.007642163109901433,-0.03976373036053757,0.06397347785816675,0.03997383081993783,-0.028539038644611582,0.03595596250984803,-0.025384074965001644,-0.04999895689606388,-0.011461737149473445
5552,-1.9655817140994218,-0.012645908841426483,0.06657700641655037,-0.13731023213235655,-0.1503340573815821,1.687456406996464,-0.26210235508997093,-0.01421532678873041,0.08064523968646385,0.08530565576741064,-0.04193953141641263
5553,1.473845345857021,-0.04188898735052161,-0.1270233956165994,-0.06881379428837198,-0.06582586131155903,-0.053543038569616105,-0.9491973546226831,-0.04015046268534808,0.04444543530869885,-0.020590321794318224,0.05101306371022367
5554,0.6165520417194645,0.016773725556532663,0.1912207505204655,0.05874983345050126,0.09260102417228697,0.05848172055661263,-0.05524661199348503,0.07597506587120616,-0.011506450875078457,-0.08581560616318985,0.1562131032417492
5555,0.577123965142816,-0.055076169198281386,-0.02791463196931895,0.007451840096445555,-0.04470442556297059,-0.0018342468552017405,-0.02068297821280936,-0.013145851070432375,0.03164391455225602,-0.0016989640894993453,0.012280702138484596
5556,0.017148740239388192,-0.029224378869983067,0.1354563128935833,0.13763114001808865,-0.06927347895024494,-0.04270840128617257,1.3960061944686841,0.05218485344410725,0.12200152087253327,-0.9409635591830933,-0.002986756260737355
5557,0.240587179042096,-0.6502655800215881,0.1853185515051067,-0.08702145640589869,-0.07000959204869447,0.06315860484843304,-0.02405673620492615,0.005542959174095225,0.07347696636362983,0.9965972044055083,0.03401888087483941
5558,-0.1543682453016022,0.9568419294025842,0.15596734320957645,0.029623743731084454,-0.03947109327454913,-0.05842510594852172,-0.11434528841990742,-0.6757879422120278,0.024488961524057697,0.0002149392891734568,0.08886740289398394
5559,-0.07855632114085473,0.010129947309891136,-0.0013977770322760334,-0.547011337114499,-0.15263741361100652,0.17998077024365547,-0.05233838716119814,0.8388136670774573,-0.03296498951502308,0.014419701742393175,-0.034216577648676624
5560,0.1789281468023315,0.00484538220626899,-0.05118010760281516,0.7771274522073867,-0.05911853767935222,-0.02191546167230781,0.009121908329643382,-0.10078757070671089,0.005717135795253488,0.002506705569764892,-0.8584251151338471
5561,-0.23598105195649174,0.07475524498107798,0.03245277053598323,-0.018775904812184618,-0.37046267297740965,0.0736326499026598,-0.030490343323957184,-0.13595561112124055,-0.08403083205995768,0.08575164735849083,0.9147954287162459
5562,-0.03043138162119715,0.08955960082117444,-0.1293017788994549,-0.04553239368806169,0.6008733572785443,0.017370645530591082,0.035931055266930696,0.1568874779251679,-0.2646723287732334,-0.01013924509355862,-0.056754017993340504
5563,0.13129689919018586,0.08065955287796117,-0.0058630166174105935,-0.06689858240630957,-0.10624923404197077,0.007317875643868887,-0.12043715300752958,-0.04149348590723401,0.4416033667116738,-0.01587019614919011,0.015188528833025775
5564,0.09915993240445622,0.026391847312753923,0.6515021461843117,-0.04240753929877013,-0.024099261098325903,0.1199735789166242,0.029881620744245177,-0.05559126118549555,-0.03546470979355798,0.13830094221455083,0.04067985206507447
5565,0.00017258814024851088,-0.0007347877461760001,0.04517513107680681,-0.10409964438040062,-0.10158701435649434,-0.6301430534446792,-0.15245555055527027,-0.023211758071287485,0.06691834166740658,-0.08658766363624767,0.09354263650208336
5566,-0.12631759023284903,0.11993898346291744,0.39168185220922624,-0.1523991905092154,-0.07646060001628294,-0.04108454587162569,-0.13844433496189493,-0.09314840756507362,0.05567007562909956,-0.20965004362566653,-0.00311620213611055
5567,-0.15916030483526167,0.6793863831843889,0.08820161819944446,0.027400734892752868,-0.0014700824032642494,0.09524483671750189,0.0649258306884896,-0.015107369809606242,-0.013017318914539378,0.11510809781117554,-0.02755898980064438
5568,-1.9355045831783795,-0.004720580768543689,-0.0325470868832744,0.18012739355401056,-0.05247775391719603,1.935252750196121,0.07543903924131169,-0.004786604462875281,0.006793104715117524,-0.06371366759616955,-0.13888970525510552
5569,1.8648378919178403,0.04653573336062494,-0.03639178367364044,0.07898325937446547,-0.009951273194166626,0.08720013060557033,-0.9834821679155641,0.02580151134108313,-0.04769447303407512,0.10449744331501337,-0.017631477800012802
5570,0.8358068574104505,-0.06980454447820506,-0.02133760297284018,-0.020199562681806515,-0.020949173217366827,-0.15787573823318385,0.06945083034215278,-0.061024261158129124,0.022484461551446004,0.02899612988595638,-0.09773633737282547
5571,0.6078003410163286,-0.04961391613015168,-0.04884020539869013,-0.011515809889326977,-0.018224189300221003,0.04065409053420862,-0.021949719591885773,-0.007092294414640732,-0.005140379191121244,0.02316919385517046,0.02986801651092667
5572,0.05035351670380144,-0.022618864696596505,0.17629586400547234,-0.060273604270462876,0.012705939387227076,-0.1247914627226247,1.0986288549638912,0.11445996780156564,-0.14337352877816,-0.8891380444612023,0.057420995994513335
5573,-0.1624978346763492,-0.805245434386036,-0.017173328957276402,-0.03178734846281046,0.011112422982453556,0.017428601154737176,0.0303844678178088,0.12178102815406447,-0.03076608078977372,1.0416668156758753,0.10869502501394679
5574,0.1821481258113385,0.9055374523447858,0.1653008964275523,0.1027315028441612,-0.043270778111872535,-0.07666073253276307,-0.04732174970430277,-0.6134062585342689,0.012655550310619091,0.021020871314208836,-0.14870471261579418
5575,0.028824787217715683,0.03599201171754485,-0.02299182604516357,-0.6268655172758253,-0.0719644057898248,0.09576908948455409,-0.047574076016186885,0.7613192316756953,0.07144140786023091,0.012383043476009752,0.10515284497951166
5576,0.021150184777312498,0.010907275852103639,0.3385617805019798,0.8865194308189621,0.062201866179678135,-0.018775855082139643,-0.043515533364880156,0.0029633557326494623,-0.13076366115626936,0.06460116699488455,-0.44103729603747116
5577,-0.03482859382341963,-0.19416123809660746,-0.014308297440573043,-0.05716943517001657,-0.6206995446724985,-0.02024111298326135,-0.0520637852663032,-0.04939691602200329,0.0021572188188769366,0.16278029904721572,0.8206171608306163
5578,-0.09017849763423476,-0.12268380845456096,0.010853537358112703,0.022580087260333687,0.5770904856109375,0.12814578105459024,0.1255068913144718,-0.0027920849937887043,-0.23285440609852348,0.01657043416365621,-0.03594685876824378
5579,-0.031977757799092,0.19501969377898704,-0.3240530974044932,0.08131172753388462,-0.0662049581029716,-0.0750124003802574,-0.13401804574994844,-0.03410692942299182,0.45472075519148614,-0.09081529260290361,0.02947081906478573
5580,0.20250672289781008,0.004902211559530694,0.5704115504072406,0.08993772576350285,-0.041639011609424154,0.3246678530409693,0.2107694900765988,0.17827147136432622,0.05816208827299563,0.025204626462522018,-0.020094314006313257
5581,-0.08926878553505461,-0.026810973956516028,-0.22587048333148205,-0.12667778811777863,-0.020253559799781648,-0.6720892780584642,0.04291703453079434,0.10067825978036521,-0.0010625785394000168,-0.034004134273726845,0.027945913049119378
5582,0.09825071580093862,0.06977712592646484,0.4086572869397583,0.1641418160085755,0.035825021432719976,-0.22298332068410892,-0.1710694542313016,-0.005091423030739202,0.08187334145527723,-0.023249078773884498,0.02603298143095017
5583,-0.020338489704145903,0.6899393774703155,0.0063099009930014105,-0.026977443086315476,-0.0074833841180605085,0.2574757515226415,0.13732988669448776,0.02554838844108216,0.09775510332329873,0.04546501863579064,0.03271530251488446
5584,-1.87756482144868,0.258151335257155,-0.05724979063429657,0.0002915746596830666,0.05570915967722166,1.699902950387087,0.026457130016666337,-0.03725709090223136,0.2458574921889473,-0.14770130345529978,-0.0797230358351404
5585,1.614442237267303,0.027746964024396675,-0.04110740030452957,-0.03695357239184637,-0.016635912597704142,0.16659570072283278,-1.0461254724566778,-0.057347447206276395,-0.07387179102892427,-0.04845114414574729,-0.06398130100835643
5586,0.8748229699452846,0.05783551923264733,-0.027322172849408563,-0.10372836282573597,0.09279489421487046,0.03654379083144721,0.07668558207571043,0.04786757431293498,-0.06876454748328283,-0.024612704576154016,0.10678430407649107
5587,0.64787055044348,-0.006902746828530602,-0.04786996337643759,0.06209541018899656,0.014428981666230134,0.05268933965593464,0.03694586191516691,-0.03976779882832096,0.07259684873358611,-0.015938400165062115,-0.024197744405256006
5588,0.22434061007511066,-0.03776127512063107,-0.14333405993163606,-0.011714915326612186,-0.0020199754857402863,0.041173435454016,1.3409090160839228,0.08423970642191063,-0.12466853832155425,-0.9093892769965332,0.07104974821341235
5589,-0.1730946108992892,-0.5752173865636617,-0.0018404491041111755,0.06320811136536562,-0.10861089926708041,-0.055435039563384206,0.01502262714729217,-0.03828378997458155,-0.03770806343071384,0.9491764174663241,0.08620710882080251
5590,-0.05045250098558583,0.9401645315158476,0.09045093391922751,0.025664341503742197,-0.024462051944009022,0.06466755798879988,-0.1080183421837495,-0.5428609157159033,-0.011855365571675444,-0.029384050450620938,0.0639746792090009
5591,0.21877515535783856,-0.015987935895704013,-0.019706721753250552,-0.5411348151122444,0.07014198435205028,0.07970597629646942,-0.09383403253057283,0.835786533886954,0.0278161839534793,-5.2499708694517255e-05,0.045819499021142934
5592,-0.15366163361987803,-0.11997290207000418,-0.022470138690397157,0.7165008832697689,0.011604126351793897,-0.15977983845256816,-0.08650902925569645,0.033675386191073686,-0.046536634111955424,0.0628321579732664,-0.5448921864048146
5593,-0.012716688277188005,-0.03972902925971201,-0.04766791839222247,-0.15767433557597038,-0.6175958155142895,0.010363173940658879,0.0842814260120753,0.016507032292361643,-0.11029723603487507,-0.013853077837584275,0.8758289032006307
5594,-0.02305130985995745,0.0626935008399047,-0.05873366641223279,0.042882154991779296,0.58116195242448,0.04011626331929945,-0.03306859300571366,0.09217707115365446,-0.5335587777503481,-0.08967603106487518,-0.013645528439872401
5595,-0.19987555464736134,0.044661761531372426,-0.2963326786461384,0.06260239766879845,-0.020044053572892698,0.12618487344837626,-0.10544211131554834,0.05537046432610773,0.4911593144925232,0.04320335897544286,0.0662432712962541
5596,0.11957338673455047,-0.025405699995851565,0.6492747849999658,0.1603685575453531,0.05312428268105192,0.08662786378044272,-0.022846614572231642,-0.00759591995011469,0.06708215162880343,-0.05562893001862041,0.009401099972637737
5597,-0.0016792545512707693,0.013875752183026453,-0.19809548713580624,0.0253500960285238,-0.0009695294263364742,-0.6580721967694173,-0.11533673519969295,0.02924073864133731,0.004373941917459396,0.02101598709790025,0.06347905092266527
5598,-0.130284875379538,-0.021156096412809314,0.44379079431191815,0.006173539880672221,0.04511379592438904,-0.08609962374431623,0.13850847266656569,0.17573620930830405,-0.12027092865932888,-0.08654947520017103,0.018336624142923242
5599,0.09949991304241163,0.6857261219626601,-0.03775362388332242,0.02618632330125084,-0.040550654158076724,0.0146519245591697,0.06497127165961294,0.019315278682017458,0.028988722111175157,0.02406345197176088,0.016696163410933898
5600,-1.9752268639948636,0.09008880512376756,0.0764118451469027,0.07097193035664472,0.07463935303689403,1.5091425235646938,0.001052776756332991,0.1431206881569921,0.021431112410540767,0.1650579909515184,0.10473899364318145
5601,1.2743552677485903,0.057101388163205646,-0.10889322181299009,0.10867077342194213,-0.03959515651764098,-0.19235874645477477,-0.9133113649101436,0.08668792968415592,-0.04872805753427979,0.023829057707110864,0.025655355303423614
5602,0.6344166378396193,-0.055947593703421464,0.014787631066436109,-0.07583462141626023,0.049184931190217995,-0.02770833930072142,0.012310401297668161,-0.022915465028324682,0.10169611232055871,0.004164966139391863,0.10368027605682638
5603,0.6928594624788535,0.03169544455352185,0.009659866056153748,-0.020172778734841974,-0.01781300593801944,0.0050562139418411645,-0.021899949352033935,-0.018343844109662527,-0.024029160298208514,0.06717493174860253,-0.01625650249426689
5604,0.08499192917341473,-0.04803249504162941,0.073045227452879,0.008298419480931029,-0.007950261680514586,-0.06355871053945238,1.27976695922901,0.002857956241193332,-0.04867954243226836,-0.8678626211440441,0.041567689113263875
5605,-0.06859087829880336,-0.6617254266564015,-0.015758708564514067,0.1462879976369983,-0.16772414338690939,0.03190115879205428,0.0403293484399526,-0.0009127908567486601,0.0508355113551424,0.9911110227630278,-0.070604392212263
5606,-0.17235094575726673,0.8705865282992561,-0.026504284886109047,0.07266975198108783,-0.0028197177559553463,-0.04813686727937295,0.13409037972064752,-0.5890250904380426,0.0032774568406826986,0.03859580228043827,0.07993292517751133
5607,-0.07319140985426217,0.03842052869280113,0.05793787790142661,-0.5318101716628086,-0.22135958007241135,-0.02686571273197087,-0.03843600453306501,0.9170714101334155,-0.07306592187916296,-0.06341904795771816,-0.07443071452572261
5608,0.11103681507383273,-0.1489553438188445,-0.08953515277434938,0.8152904951107227,-0.04074702749623863,-0.00897357380634095,0.07500562522363152,-0.07261542300513105,-0.057719237987520475,-0.09733260078848711,-0.41099684999200237
5609,0.23758079154841308,0.08121089707552198,0.021128863163300947,0.0025635811279827816,-0.5754458289049743,0.01581348343246783,0.15693445311572374,-0.11005349249285398,-0.082155708656042,-0.04610602889405307,0.9005154275195923
5610,-0.10719585108523493,0.04760298356601881,-0.10825915579441037,0.0978648458826422,0.5727728593374828,-0.032807775915511435,-0.2553575832773764,0.02721994959210606,-0.4607022073108594,-0.19506445156110405,-0.02791078967330677
5611,-0.11588907653691156,-0.02730229060051512,-0.08007671534359095,0.09639027588233241,-0.014045793525252759,-0.023360970557234167,-0.14009020068038927,0.13762840578877225,0.5041832368357725,-0.15351962263021846,-0.01626021269740364
5612,0.00903328008050911,0.05484629159741945,0.5617751391553011,-0.05957986571598904,-0.016370053752797396,-0.011908355724324067,0.1745013213377333,0.22060209838639852,0.11796122599070741,-0.13286121782380828,0.1815925042154372
5613,-0.12219268834214292,0.06048569634304376,0.18140747139128965,-0.015738053093783153,0.08624941662296946,-0.5956353345122232,-0.05001713832369003,0.057495286130487995,0.03543895118213821,0.0062819099132815715,0.06568954975512749
5614,-0.14013957269206867,0.1370045879985642,0.4011472867389176,-0.088628096790893,0.08886843710886674,0.10486955000513652,0.039456912936293824,-0.09814110792522909,-0.08450931675691734,-0.14478108020137048,-0.07436866983221406
5615,-0.27203781060835813,0.692413884097364,0.11513419916737953,0.03683214088154112,0.032244542202421414,-0.04864620877339633,0.15631887047243231,-0.005153042360827833,-0.06641917198498293,-0.1086634400640933,-0.022462586074180356
5616,-1.7814031310822667,-0.13784351568559153,0.09518664190716866,0.0505956116965237,0.035897680093955955,1.7766341866454554,-0.07448142726648407,0.10548266659713192,0.017866231997430204,0.027593116303091397,0.11333472596607772
5617,1.1296070830817153,-0.005636445730758653,0.07910606860514195,-0.05280542350638342,-0.03602496959289466,0.03250904233486137,-0.8747561096105133,-0.07658705017303478,0.169150549349515,-0.025115851614806974,0.01503374102577719
5618,0.7303313477317108,0.0903966193231887,-0.11108937961480038,-0.014130673501569367,-0.022575994783415543,-0.04562325311810954,0.13550609701566155,-0.009096585110164314,-0.030019408181342765,-0.11962055744442586,-0.05270269870424994
5619,0.6529263176540394,-0.03242335711227237,0.0072623268931189386,-0.03434824761560318,-0.028645051628790975,0.04748548617655933,0.015713869953424348,0.04262520320962557,0.08009944750644457,0.010882612309022948,-0.003803819585575635
5620,0.09800404255987845,0.057621949096295776,0.009210979220443965,-0.12514974477079213,0.0777014625454895,0.11607928104153484,1.2579871793213278,0.020026368979686453,-0.08762304223540238,-0.8832770923563166,0.0004649612065758539
5621,0.13298667986001061,-0.5597402322548571,0.013855102614423354,0.0791230983417629,0.08078329534442823,0.13710271771280869,-0.006828544025531742,0.08884999907705955,0.030110041635517084,1.0276806746826261,-0.017749007473470448
5622,-0.10111961418145117,0.902928089636335,-0.11218065134042826,0.06770814418704496,0.003208054287705123,0.04365670392069752,-0.12715149766056338,-0.6894732045285461,-0.03393791649973629,0.040616239399960646,-0.07368608184031906
5623,0.05936951014279304,-0.014147990264993708,0.09847643398477421,-0.42085684832782416,-0.09589557466956329,0.11414644156471221,-0.11237559519195699,0.8173526994078792,-0.04364006291854366,-0.12313837318311688,-0.0941156041299365
5624,0.06706863704923825,0.04468710047428307,-0.06468095776753001,0.7979349731729721,-0.10288616500528368,0.02212137607617693,-0.06505771129168683,0.013722257871015026,0.042357887174469144,0.011276911387620225,-0.5461842829281782
5625,-0.07683207783109841,0.011498271435872346,0.010276621511032692,-0.0056657335848700925,-0.662696318080651,0.08404896817839873,-0.07578496092926248,0.06945683993627742,0.1074217785708274,0.03422936937053426,0.8976611000420994
5626,0.19946596929040103,0.08925919451684618,0.04383449010283884,-0.0045699272071178425,0.5609087950148697,0.19224066144311414,0.08726973913793265,-0.08639525167719882,-0.2658017528690444,0.06988538335182294,0.04416134976958374
5627,0.10909114728177025,-0.07525604019660795,0.23178252819339884,0.05857851847379135,-0.06175571827543362,-0.11635567476878653,0.01635627179029507,-0.19711389785358432,0.49537273085178535,-0.13901948863956778,0.020773375747548735
5628,-0.09873262197055084,-0.16928824977288812,0.5863170465934003,0.034058893252285005,0.08775498970178616,0.08772876345231302,-0.3117789637299206,0.0228787042302441,0.0998518813360528,0.10674463333443746,0.07873107455205938
5629,-0.005069939013959889,-0.022683944517050705,-0.04340414518535801,0.004974286491697414,0.02349196043188838,-0.6563325234556745,-0.06169479807965185,-0.01801606916139855,-0.00599731515298841,0.03827023321403932,-0.05497424803820538
5630,0.08288387741851247,0.07537803643561965,0.39618203138984076,0.15859059697042804,0.008420185961717761,0.2987557750948951,0.04947729821930723,0.14618377431691984,-0.0883732214307208,-0.0005275953118744833,0.06639404905582312
5631,-0.04278010973687412,0.6308566972654581,0.012980833609168522,0.061723296042456584,-0.013874111405627713,-0.12702716610191783,0.08678152041301032,0.018701610567897188,-0.09330659456004506,0.08421347256807546,-0.0817093892625865
5632,-1.81295890108252,-0.12219788998883863,0.027357459912251542,-0.03897640188137745,0.10091968603877616,1.6386884870434433,-0.03574293590140228,-0.18506692390609922,0.013469867038010173,0.004086195183694052,0.056587857621211574
5633,1.3639072851432021,0.10271715410621886,-0.10774182676946117,0.07738207663772638,0.04557520499793795,-0.043501866754592326,-0.9428534480141857,0.028143803006121636,0.08658837927224625,-0.015975655810144433,0.13883139627063273
5634,1.1597820070526919,0.06356397021891283,-0.09508787654306172,-0.012244070381848337,0.04418593267662256,0.0034110940426128056,0.004981163299025552,-0.06310413243890194,-0.14654633417434032,-0.010624330565195161,-0.20000518426903305
5635,0.6330604143185009,0.03781990353647093,0.07767920838610512,-0.026210570316526006,0.02902328269947071,0.032222982089470505,-1.4695722530773785e-05,0.00763951591801878,-0.013696465773947663,0.024838398429298802,0.007802975442969228
5636,-0.02015350402379463,-0.18845062211461164,-0.004754973393334913,-0.03467033373752296,-0.095700912961015,0.28024988498177955,1.2774906264965105,0.029041100919294006,-0.014707543743144256,-0.8387312425955564,0.0864761877122575
5637,0.03453804354266279,-0.7297681227139798,0.04713437629562467,0.0711057681677738,-0.07690721063906569,0.04348732800732989,0.021306964193121555,-0.006545468522074617,-0.040126705006173956,1.0878413328895045,-0.07133604779262946
5638,-0.05959450048087776,0.8973115530667454,0.02238918674192361,-0.0010849624487131093,-0.006595298790892886,-0.08633929016072825,0.1724592810067544,-0.6340917342640597,-0.032636143407196616,-0.13259643332752677,-0.0023266193732000996
5639,0.010955412851128585,0.0807148001597426,-0.02823245643776287,-0.4103834001568595,0.1144187743653074,0.014793883397304367,0.15656684606004048,0.9122880736110058,-0.015796815833941664,0.21010303147118503,0.004408829139843841
5640,-0.08428517432897463,-0.047197848687964436,-0.1170630570212458,0.7934330924482144,-0.02483105997550559,-0.2059426307895229,-0.12307071615823537,0.002269686750807463,-0.03008028190001001,-0.007555829003958677,-0.5019079013040261
5641,-0.10682475092654659,-0.009355153283629361,-0.046026394418215086,-0.047468244292305936,-0.715591330409018,-0.025825814114219768,-0.10218793925268162,-0.09461614744458777,-0.04490390208115035,0.08936303261814164,0.9283620948111437
5642,0.09415336733124562,0.027540234644582676,-0.14122494250726506,0.04780109139413763,0.7228466597308725,-0.1581133549471796,-0.06014587480977841,-0.03339038331403831,-0.017448945022022738,-0.16335707866150573,-0.019457923970398784
5643,-0.07078561529900466,-0.052968568705701415,-0.1810645209072428,-0.02882562697270907,0.014181900771431402,-0.17284953727146915,-0.1271083019249393,0.06230827042253219,0.4709384094255342,-0.00400454543184735,-0.08902232674831279
5644,0.13032524575143578,0.0270093238819359,0.6148101202887405,0.10392176598961828,-0.132528512455974,0.028134441586502607,0.008494201490365848,-0.004031419234436494,0.03385505197682,0.06655232756732485,0.09964413457192833
5645,0.0026730214552104664,-0.014482028466686551,0.0497883972747949,0.022433231423563245,0.10799831969905828,-0.6224978247004767,-0.051807022666178926,0.004237636454137269,-0.10789691273458824,-0.04669961050876879,0.0795618641969071
5646,0.15115446267306376,0.07205005145204542,0.45671616421090117,0.044254631238000296,-0.21929089575644892,-0.2962786645532999,-0.06040673884522146,-0.108918993117394,-0.019667970963518553,-0.09512976597389829,-0.10563207215490789
5647,-0.050158600238661574,0.6475608026131079,0.010858022725660797,-0.014002388810008185,0.05108949391289415,-0.15331183623106187,-0.19773463337038327,-0.06886002618441424,0.06586671287131873,-0.039195300589639416,0.021230601145782187
5648,-1.9212462302565219,0.07003538295227217,-0.030068416597730085,-0.09246391426123271,-0.029638282121953418,1.721701181730638,0.011263069286953498,0.08164274653992616,0.004274098784388438,0.02406190011425157,0.03784188634779047
5649,1.696761485530178,0.09992018619319351,-0.0025857186221230686,0.11684472942692338,-0.1278397843021115,0.11336528433761282,-0.9700802652827407,-0.028353622956859753,-0.01563042072865832,-0.0953351619647905,0.003715385008939702
5650,0.9430336903847999,0.12954780102150074,0.0017413418987144626,-0.050434423774805975,0.04677636392418922,0.16131583646636138,0.04255528341075564,-0.03667536453372523,-0.10040610729101167,0.0422967707227969,0.1327575245577809
5651,0.6427079423612118,-0.01818245948939562,0.016482920427092252,0.02625888009775265,-0.07929519189663371,0.019078551980080374,-0.023422155690666767,0.026355317957538968,-0.04317708811168817,-0.028039252907807927,-0.02560695272674239
5652,-0.0968472792355397,-0.01726157395048674,-0.000864864139056482,-0.1837851338292838,-0.02498341929986075,-0.11960060716024523,1.3569040373460004,-0.03722193505932499,0.16340512148010977,-1.1314484868736492,0.0074390814269510944
5653,0.13638281456778306,-0.7401044209372303,0.1468826321200553,0.03751541862003305,-0.028433020080661182,-0.0020877569265340887,0.07413734920819363,0.06120520491131818,-0.06284896796590869,0.9817753145569649,-0.03696531950969002
5654,0.2592373721592684,0.7654107570556672,-0.011905769113645772,0.03971968145333292,-0.0432653452814947,0.020531626756613748,0.040108431991632346,-0.5413736311326258,-0.15177584082556805,-0.014483346294152998,-0.007299105978937558
5655,-0.01754778835604453,0.02821291118537916,-0.023195017078648798,-0.6737583717653681,0.019415324884907312,-0.0860900234844375,-0.06916769506690827,0.803570126465385,0.0001419949709259606,-0.2519088694216607,0.12436902971415073
5656,0.02781948331954166,0.03845221672752788,-0.07585335701561709,0.7965668454571987,-0.036050616849611306,-0.2807598568728254,0.1367696009237308,0.030063914054111095,0.08497119158969649,-0.04464873262116741,-0.5310952330836015
5657,0.0837326227185527,0.047848845677316676,0.04290196574390466,-0.006021451884136084,-0.68320036536603,0.04523568821870513,-0.08874079879529248,0.02601749454595455,-0.11058117545807615,0.03227410382827913,0.8694280495380067
5658,-0.1925941946346423,0.24482568638590974,-0.16089241321333286,0.03014538955250229,0.5897942470026246,-0.22383483580275165,0.03447000077688655,0.036995341911034166,-0.32414560219196564,0.1190570153827697,0.07064537436601365
5659,-0.046668672018159364,0.004722500422713944,-0.08144518653636845,-0.11596333620460321,0.08200949669335546,-0.10857323624617787,0.08762808902892918,0.004904026881036167,0.4785631491040595,0.131294124846231,0.05552100423833252
5660,0.09601437892976716,0.09992015472425497,0.6129135803750145,-0.11590819548974712,0.08957853530315399,-0.020750708130660878,-0.03172878620422868,-0.10413454304028036,0.00960602805685911,-0.10729097360317817,-0.12899473956726173
5661,0.013630542546841035,0.07389108709213574,-0.16696488865424472,0.034088122103252516,0.11627592132722624,-0.6464422537910014,0.0022353542503176526,-0.03285497978787935,0.12057975405838868,-0.01639521344924433,-0.03224358345691863
5662,0.11785663773330127,-0.11839548446303073,0.43547255528306883,-0.017996639385750086,0.01398046335067386,-0.04897571844535676,0.20757659332565653,0.20898066597431098,-0.10646602569828983,0.08193345762718364,-0.07489911796229845
5663,0.14060872193371546,0.6464518763243122,-0.1047966002200982,-0.006745192464005057,-0.0792599454870426,0.1098028198233619,-0.030292824537764114,0.043313849921159595,0.0038485888867280573,-0.0031048966938956313,0.023667139344016198
5664,-1.8430056974456512,-0.039646356744449884,0.044255033313825604,-0.017503487023879154,0.05877436244164977,1.7524282326452059,0.007310831063158187,-0.00644799842675239,0.026100335638843196,0.03821166889895468,-0.0642034459692058
5665,1.2095539602935708,-0.0500275633930885,-0.17303221898893653,0.03658318789836159,0.04075542583641517,0.05343637116863093,-0.9105142237778238,-0.010403100760615982,-0.19327396097143668,-0.02489019442290294,-0.03414717328253063
5666,0.7780129183120138,-0.04807393534678659,0.08082757520657387,-0.01385815172650707,-0.07342358833103253,0.06123506089553973,0.11365753713277889,-0.046979504480777604,-0.06282388417935426,-0.05497924810514546,0.0018590606747215144
5667,0.5691335597662123,0.01455439529990577,-0.02776438332264332,0.03913184539188071,0.006757114361555127,0.06720490854278034,0.026298778492296726,-0.02911636349140205,0.04688583596043843,0.023972060526820493,-0.003658954620025872
5668,0.026898821863851674,0.11374375530077668,-0.03722623477520254,0.019266274355671433,-0.03699108078049319,-0.015622686644892105,1.2014837060405195,0.1206216113087831,-0.054636024435928486,-0.9350959298643835,0.029857669860589044
5669,0.07567319608455818,-0.6284360983713094,-0.03105206997192977,-0.013917752282235471,0.1448626611985659,0.09026908917058744,-0.11650852072368661,-0.01955702676492011,-0.15550128669803323,0.948291198739216,-0.08297397317924853
5670,-0.028431887312098274,0.9054845085133025,0.034798377793231534,0.02789899664015512,0.00985261905148787,0.04708173799366026,-0.054999744092094724,-0.5826277165118611,0.02381255376073183,-0.014593917897591773,-0.010831474991712442
5671,0.04327701671746211,0.043081992053808665,0.05316894719206948,-0.5254451113487861,-0.007569497813774639,-0.006615237269183534,0.10809505297302827,0.8700511798459117,0.04934664533342166,-0.09100830891601519,0.0493377885019653
5672,-0.08175419719103239,0.015094312807052177,0.08795926345568521,0.7620109361565838,-0.16416627945190243,0.013940629122956748,-0.0330716190018921,-0.050522351696053736,-0.05126179836895425,-0.028284115989655023,-0.4848458582815132
5673,-0.13632714657349862,-0.1609688174344197,0.1262045830963621,-0.0353386454324085,-0.5118132852514895,0.16174526399878938,-0.06522765608886322,-0.049174093800690065,-0.2006783541675369,-0.03587327582683463,0.8790151627543776
5674,0.10602437088829772,0.01205105275057271,-0.08226916259258085,0.0036770322769762694,0.6306844987543094,-0.22002394837233893,0.014475507815767539,-0.09081451093651892,-0.19634938275390507,0.12115173205071647,0.035675649199429775
5675,-0.03493404774030676,0.027777127729518156,-0.09568721266532812,0.10851203874101922,0.07377783552437575,0.2382315704102921,0.1420233470517203,0.08322999706785428,0.49546133172492984,-0.11519334419023476,-0.13742698630380337
5676,-0.1973726684970692,0.21615479485708952,0.5519216744066754,0.0698853053061485,0.010955091452983168,0.2031078891147872,0.04553582750586452,0.013897019883839809,-0.12857886846329428,-0.07027086170193275,0.03340911792798172
5677,-0.05987727940340444,0.039993238634672475,0.08994685372299059,0.0032578980621049162,0.11702820612992898,-0.7269873205992332,0.02760295418135681,0.013695088990718668,0.023268062339448843,0.022055585733467862,0.04137544156561656
5678,0.1469792566990845,0.0363883977724534,0.44786124190738663,0.04030726382738784,-0.03368442542611918,0.06570256494849205,-0.042518098163515976,-0.13055281498432242,-0.08484429119581646,0.028414392420846327,0.11304675989883195
5679,0.07867077974562366,0.652337574914074,0.05146727477333886,0.022068025701906246,-0.02990814533581494,-0.013963293201386472,0.06015427203075524,-0.017396696209558603,0.07061286015806978,-0.035624810839558395,0.03432848089141539
5680,-1.7359790422401438,0.2754471817677032,0.08536309331380887,-0.1503483153131437,0.20224334051958162,1.5760955939092516,-0.21262493209940306,0.09481545426559113,-0.101113057641326,-0.012011296209545351,-0.02370456283418297
5681,1.6141633438029743,-0.029904362607148464,0.07449651789584971,0.07005380935836546,0.08891393918286909,0.06411922759944307,-0.9222660372174016,-0.027300269326627893,0.08116094506339783,0.010495945907353503,0.1078042130012123
5682,0.9411749764169003,-0.08213943850415326,-0.03857852243864589,-0.010308667445204204,-0.15249168804119367,0.057294985610119475,-0.01962738531843062,-0.06378677146530602,-0.006220762047121367,-0.05425985335045831,0.0188200648206446
5683,0.6220490598809698,-0.014621655172226175,0.04744341591507524,-0.012710615100482235,-0.06716514669389216,0.027884514419863237,-0.060048536792639724,0.04195406198218286,0.0750963693854621,-0.009033229477512925,0.08271685252272637
5684,-0.1488439207877178,0.06824148402827473,0.05237815716477944,-0.019147548087613646,0.015941023498828203,0.18796146752554557,1.301536510699592,-0.06589119298293974,0.0007891667307790636,-0.9079370439823923,0.10486967243855205
5685,-0.22950650800514608,-0.6788540682529922,-0.08140609506572125,-0.05931360395910695,-0.01149638823705985,0.05804526879736577,0.16824159297887728,-0.08956365442097604,0.0030501649294688723,0.8836759713839661,0.04663936005411999
5686,-0.1327974050683537,0.8262966867049971,0.0833945416250383,0.1203652219492983,-0.01935335027889692,0.09119587470776042,0.17139126962695397,-0.5488877448256788,-0.024896811999167014,-0.08443517852314876,-0.09748253661397414
5687,-0.17682022833649566,-0.00453417886090977,0.004589707899483006,-0.5384077225475896,-0.013680130437704682,0.16115648824760195,0.11210221243002103,0.8192842052158531,-0.03209154844938476,-0.004145664476098734,-0.030280360932078695
5688,0.08870945929358093,0.14245831079310298,-0.1286831739874501,0.7941979071331713,0.05744720105992384,0.00568213445198768,0.08361857171363854,-0.04758174413427901,0.143246193567098,0.05446922076442603,-0.39582882319816615
5689,-0.17963045840491235,-0.0008009003418432566,0.07290645683349514,0.031278490080065585,-0.4936184697365881,-0.1480072516449071,-0.10405946190388696,-0.007849476485221853,-0.12810866760787776,-0.09069403390830394,0.8898705207806004
5690,0.07945614317038634,0.13385281211918668,-0.0655222312855316,0.05975290057495388,0.6348125900214244,-0.13245105259376594,0.04312945602355731,-0.04540089917395325,-0.140697892726392,-0.13969800348757413,0.005092087626019534
5691,-0.021349904726509928,0.026692524325727628,0.07035929003894457,0.13764695914480055,0.025783752766513995,0.06526657035046682,0.0350218616620268,0.1861469798331067,0.4601005847318596,-0.1438723710627915,-0.0570761099803874
5692,0.012924920346030306,-0.01705542264807696,0.5910481797366703,-0.16782099872866427,0.13496334769721524,-0.11998999717013263,-0.11070152914660436,0.09376999688126199,0.06416441001539146,-0.11616592373161976,0.1322403635866456
5693,-0.003753336756651771,0.06905290832778405,-0.09374091757678633,-0.012134587562655508,0.06466418398444629,-0.6999235173773615,-0.034060381250331,0.06414097509892137,-0.009392166849108177,0.015939313131961674,-0.09126926056528728
5694,-0.0822732651807553,-0.15605672350214161,0.43034895577458465,-0.051206675394675216,0.06762931174594894,0.00024833377845930905,0.00164907224785797,-0.04908491262024117,-0.05633428647845076,0.18995249208366946,-0.0001420779670538736
5695,-0.11633179974183289,0.6737425274490519,-0.07835895614559109,0.015596177677686623,-0.1367931285845757,-0.006749487525878214,-0.07845153732234081,0.05540307518655109,-0.024346669134978804,0.047612120721671994,0.017326368609259395
5696,-1.5944181755455316,-0.10236146499902984,0.10246966964350196,-0.1074791223857866,0.1263102463591866,1.6980717104801768,-0.23529695580519513,-0.10775599081653577,-0.11381558487678863,-0.12562222017920274,-0.11448698818091266
5697,1.2586986242436848,0.09027739949718597,0.020998333146937845,-0.09112457940081878,0.03043073252590961,0.010818357565032855,-0.9652358092146428,-0.04746910741026126,0.04211678476058753,0.00425213043642069,0.07427649195722186
5698,0.9328627563193341,0.024410249703285522,0.11917482960894327,-0.02175020006373076,0.12763075294418239,0.06311021324712887,-0.10464878968994938,-0.037204916888673105,-0.20323543503489683,-0.09749035893415875,-0.005741371563581538
5699,0.7033029476874124,-0.04443195335018905,0.05222347799176426,-0.04259296365706355,0.021014051966176426,0.04944645387016333,0.020451508418643686,-0.011857347834942737,-0.06062904955098394,0.057133856394679224,0.03811265642075092
5700,0.03781682432908126,-0.0034345740113926053,-0.030894979737314095,-0.07041948520960108,0.02039676812304468,0.06924509147913635,1.3293347421359716,0.051097339625913916,0.13884511888041481,-0.9136863741576209,-0.07465988594220116
5701,0.025107114586697784,-0.663559548292833,-0.030002513381957082,0.049965341080996435,0.06051065734857063,0.018154152518318256,-0.019935350366859055,-0.007119268491278695,0.0027061705187257277,1.0170224761429425,0.021441110898778405
5702,-0.0007667415261904259,0.9094575825927976,-0.032821076057604155,-0.0548131667281493,-0.005808642101728593,0.002407920679150268,0.19016100120238597,-0.6434255338373083,-0.1608746365610054,0.03771520959394404,0.06545421446899342
5703,0.046957053402505305,0.2000085363741098,-0.05944825489428543,-0.4320760281505912,-0.0633896418626487,0.020304624351753852,-0.10880308861904676,0.9677145538840065,0.07109295257152516,0.013092053448915746,-0.04191071013492418
5704,-0.0433106079965554,-0.14606187854119432,0.11595102132452145,0.741033889140607,0.08001423886051368,-0.13173839980057037,-0.1523534971650868,0.010938408717774798,0.05904352307238868,-0.09171082080778357,-0.5122758036350722
5705,0.1837795610824267,-0.020990346647482745,0.06958715481853728,0.03331677346436536,-0.5634889339352885,-0.25566019832227055,0.021136608474454196,0.12374213775235124,-0.15560069762405807,-0.11689435319208641,0.819688689344462
5706,0.03973872084853221,-0.084750510745659,0.05622243595167886,0.049049919141936,0.6136870204210254,-0.009223856454763629,0.10120937010244105,-0.08370864775917712,-0.32040877218755226,0.1366119140242083,0.06225358732257131
5707,-0.0585112711605541,-0.01993666088899444,-0.4426410104833156,-0.04447090007736332,-0.0746009998920694,0.03950578364547611,-0.028748135846060743,0.030248927922832215,0.4849730620482885,0.031405679875953135,-0.14776645589234313
5708,0.044263746126098326,0.021583276484417553,0.6106372072212927,-0.17426406871583733,0.048062508371840354,0.01778249843024026,0.020343295467585315,0.09637750924657687,0.13333139324968177,0.030953047726424713,-0.009097894841344724
5709,-0.009892819330543978,0.03826171685190864,-0.021125287358661607,-0.08107715256742158,0.07566893820684101,-0.6621180748418306,0.00975997307351966,-0.00584277535729062,-0.1265465770370986,0.046223363279546424,-0.0687976167944957
5710,-0.09530185780898077,-0.0983452718085938,0.4236431108791724,-0.022875072559231196,-0.06050061207428329,0.08743679397321807,-0.17522459832839488,-0.16337980537317764,0.06329040994189966,0.17792429324712156,0.040051839742465595
5711,-0.1229742810569309,0.6565496071796172,0.0038833736174801077,-0.04647717517848042,-0.02492181119271405,0.08081046391644164,0.023323318749673465,-0.04710641432157603,0.013663387331639923,0.10603552376463463,-0.020061193747737672
5712,-1.8937111037313183,0.10418475157656916,0.11718923916752229,0.010633874208025702,0.022123321692489963,1.7687204382902089,-0.04049908357283923,-0.09050939838040863,-0.1700528588307475,0.03290074939242664,-0.07093674585653642
5713,1.6484940287705827,-0.007489942331182504,0.10262516761125993,-0.055662165214528166,-0.005205508502417449,-0.09347137758439938,-1.0012336473578962,0.021104737567274847,0.08652476324132694,0.07085068655764498,0.08284229179734522
5714,0.915388142724217,0.09337923551437168,-0.13542830816559426,-0.01411134220911892,-0.060754854700464746,0.0649940108732309,-0.017769528193349194,0.03223586203917515,0.01263164010088464,0.03406181298143141,-0.1762045899662476
5715,0.6338441148263245,-0.00413911791355543,0.04401212852836561,-0.04068410987580078,-0.013820467008017642,0.025563890810484234,0.00528767542166977,-0.08657447765657066,-0.10179396673793266,0.002309519711034198,0.07239957840182432
5716,-0.007487920325303061,-0.02483831994804976,-0.01387621167865705,-0.09818404842454478,0.13539326627994328,0.11376014895944775,1.2917546051823827,-0.10407039108765405,-0.005698535094029282,-1.0289780380234919,-0.039228809953376256
5717,0.0331577438144672,-0.5857497321230296,0.14048966936664437,-0.025274208503973515,0.019057522702560743,0.04395459397665237,-0.01490907557911857,-0.042202899160705507,-0.09778996475383679,0.996901770400472,0.03268228476059878
5718,-0.0965907823021345,0.9207445542496543,-0.025280918073177575,-0.0039644299532492905,-0.02615310930587487,0.20108755546728535,0.18898868416592574,-0.6673649979584723,-0.06726881119529596,0.004651244752922855,0.025126300282893296
5719,0.058147545178018865,0.059121099010686705,0.001649229376764262,-0.5071806981407302,-0.004555712351801015,-0.03696820460586727,0.09184483254197023,0.8368741565247045,-0.09603741651310663,0.12862592527700561,-0.015414700628647167
5720,-0.10231442736057267,-0.06920390433201792,0.09209220044971643,0.7805590889679943,-0.14934125620117966,0.024486301353285056,0.0130899798975501,0.026196749738493983,0.17660679521776398,0.02986886082900959,-0.5041795525913599
5721,0.21782300103702915,0.02061487735379405,0.04710313552574714,-0.011595924064802997,-0.407821653475701,-0.06577923226887168,0.08991126596673818,0.027584175278615022,0.09991268786225649,0.10650163556830312,0.8531756201402543
5722,-0.2179800859274012,0.05584847090467439,-0.14144097479515902,0.004526957647858248,0.5984585747805671,0.013081372260428164,0.05808786942362238,0.043523508604143286,-0.22543689946481482,-0.031427366744496636,-0.03970830706391381
5723,0.05773710317781504,-0.060316542714151065,0.02356112523962342,-0.02466665700703675,-0.068442013450547,-0.05427097740757965,-0.002088826174243965,-0.09065122708683207,0.47191585843014716,0.2448776791587931,0.008818856810180698
5724,-0.12757490618290224,-0.10145982772623997,0.6231163008531756,0.06002742974973693,-0.0419411991489992,-0.11280381701008664,-0.08400836368306433,0.11327392442061306,0.05673042302266399,-0.23128984391555302,-0.08986875226156993
5725,0.059800316474827434,-0.020741711851856193,-0.17105401013236865,0.09955643427008316,0.041129296230095445,-0.7276088404143063,0.04704467729357998,-0.05616267971828381,0.04601455808597759,-0.0039033510938101578,-0.0746669680234827
5726,-0.2064751166548066,-0.06907065535781211,0.43639588855330025,0.09470816950320925,-0.022789597932930745,-0.10215480066646206,-0.010735338540486573,0.035520275888255744,0.08232253757437726,-0.02182937646518955,-0.08623522154697859
5727,-0.037763784473733596,0.6963815264832898,-0.07946271017090371,0.03358398398618792,0.034289033752750206,0.06243313274388669,0.0729002832030271,-0.028955369263332236,0.10610215622747152,0.08183843602556384,0.01968016689452585
5728,-1.7975941564963258,0.02322741423175664,0.07965869601921323,0.006455033142593715,0.11357761611744854,1.6234783552103869,0.10063328710654264,0.09078769169753481,0.03804577842737312,7.880123599370101e-05,0.049723504400955264
5729,1.5836129196342594,0.039601469869363366,-0.09874053945134151,-0.04781120449466316,-0.036322411197686914,0.059094619571973116,-0.8833631279696097,0.030736600493157393,-0.13858501650344493,0.0022575363867034714,-0.04525569383171264
5730,1.0170503478019093,-0.09083254287807042,-0.01746790848993183,-0.031870166210879194,-0.014360632625396521,0.04914039354997099,-0.12863890223597835,0.02204050629161151,-0.16502379646500645,-0.16735047986889823,0.028195424252050592
5731,0.51138755791062,-0.08312169261874944,-0.012069400048384884,-0.07123378506315303,-0.027762121441012123,0.10391470840119478,-0.027045404723536122,-0.03915620718189149,-0.031196780236510627,0.029072431774732607,0.010474202031896775
5732,-0.024475710668752676,0.08739667645029962,0.0867888647865997,-0.18131026719090212,0.055507838981892786,-0.023200491340966967,1.1336819986733597,0.028663607052870525,-0.056882506306853174,-0.8356026435965991,0.16829883858208347
5733,-0.03267216458387213,-0.6902977838653102,0.009432791185534015,0.030372386205786202,0.03058942982951499,-0.06988454387360082,0.0580062144198938,0.0058313889524605885,-0.09983282948102834,1.0275308475645082,-0.05504589335026805
5734,-0.1545344106759695,0.9768371389807046,-0.0039623382366392925,-0.0038138989131269833,0.041338558153023376,0.041306839118113094,0.08424686364992798,-0.7212222319200327,-0.09151680300079892,-0.11742492125771156,0.044635317287675155
5735,0.08156469142751106,-0.00440024174682244,0.06654144640957947,-0.5382738258556139,0.09731910863026612,0.09421448755327194,0.08952650734155455,0.7645895572120809,0.11177152132071798,-0.08739311631413985,-0.11857010408095614
5736,-0.07232365525518719,-0.04395489966769535,-0.042774883514886945,0.7649721794948582,0.053634246584965774,0.1423516116036861,-0.04559608146815084,-0.0026903003989100283,-0.08968907222129621,-0.155516017566154,-0.47833314439812596
5737,-0.32750822215639785,0.028156005800852583,-0.026657573932095977,0.03679166037323299,-0.5290628909834323,0.13779906833099678,-0.024932642977916617,-0.12664321202910664,-0.0020270391458197447,-0.055311908803729076,0.8188088933740636
5738,-0.044180764243807374,0.1425104865402112,0.04956064198718668,0.0773204263597886,0.5957872059731034,0.0769577869369525,0.13095416930994863,0.11979513985987178,-0.38810329852438263,-0.02281053404725206,0.00951069360142193
5739,-0.0007789845408884798,-0.2054093741256141,-0.42739163835823174,-0.06804861295105377,-0.008054485853002065,-0.002545510842942509,0.1591056261086547,-0.006789391425627015,0.4665677263488093,0.016218675176424016,0.020215836128628845
5740,0.026394368082770948,-0.08104904881493886,0.6170599586680433,-0.0236540931925065,-0.0392674052063591,0.033915387105154966,0.01182444157602941,0.07099717033119081,0.09908514599328033,-0.1428613531112331,0.055823133773170455
5741,-0.07526380200444567,0.00574325623767982,0.05607671522682834,-0.03056295516041223,-0.08382395192304809,-0.6194309930823875,-0.09374135491870848,0.009239842617918964,0.08756941777474042,-0.09360032538815936,-0.067409869419171
5742,0.2611488769902973,-0.05070720964858437,0.4171274567780105,-0.026574799852807533,-0.28117961983139395,0.101337129275911,0.0799725283468672,-0.11139842897998714,-0.09074752551675415,0.15225309274068133,0.025976591942920162
5743,-0.12283280842812436,0.6982632961757835,-0.013961085924564229,-0.05908828791962233,0.013299835561929027,0.07719476065705716,0.1749301893882435,-0.015398265840813642,0.02326720238480752,-0.0267879677257035,-0.01827943820380248
5744,-1.8702633612537687,-0.005191961874346939,0.05037362980326249,0.015871014777113012,-0.01828144783793025,1.7488855422449971,-0.01479823491856833,-0.02741832575436038,-0.014746277667985088,-0.1979460973285043,-0.003600100847494723
5745,1.256258027876411,-0.008360239731862243,-0.09283110209545405,0.07471693443344812,0.007069138172720226,0.04929091103430699,-0.9299720379652324,0.01125537294614588,-0.08923431818032497,0.059414287404990905,-0.01752593422672233
5746,0.8858092397142113,-0.05710868166287699,-0.03755760014576927,0.07016260654840228,0.09361506608475127,0.06701605874819147,-0.07297918773232849,0.08919219765067732,0.09009730736387721,0.012551469176924498,-0.059312759073300456
5747,0.5963226931158527,-0.020749499787727207,-0.045068458348514515,-0.004994089850407073,-0.01050024643787938,0.03198164033397978,-0.040538563142481374,-0.06654801179420229,-0.06688235663633295,0.0467520673907265,-0.024917034746615184
5748,0.023782836732029633,-0.03512077541912194,-0.019096364602282357,-0.025521881389097185,-0.026553723730660044,0.03931835274080283,1.4268478912623723,0.008716318770862992,0.025929411207827657,-0.9836894024271504,0.07551659879698823
5749,0.240149603447427,-0.6610067379010367,-0.04780449785323553,0.12541885609984127,-0.07361209671289488,-0.1475598138509025,-0.01325057949787256,-0.09969403101086202,-0.07628139503117223,1.048309510476936,-0.028675266477492276
5750,0.20310591848633838,0.9191007293369775,0.09291474871035657,0.05434200893997361,-0.05150059617772896,0.058611953514202765,0.1700729009455931,-0.6361088767979901,-0.010187163793218983,-0.030392893380882302,-0.04785341207755385
5751,-0.011141962568473324,0.14665607763315044,-0.019735528833593512,-0.46164032602925353,-0.005333080732235554,0.003244327916851263,0.1353243289899044,0.8151638542603558,-0.08942129556487184,-0.018794559901445563,0.002765596034223843
5752,0.10842078353655206,0.02374528024704978,0.07001310494007992,0.7317235095974395,0.00701005217755673,0.0009694123124167125,0.03760132946040504,0.05679254998121116,0.020738082780029185,-0.019359929343768227,-0.39233045758375135
5753,-0.16597288458062107,0.07750659560194623,-0.16308981445824394,0.04817888021933569,-0.6714661851744885,-0.08412392843099545,0.02517269438369477,-0.06930051642276981,-0.011500516299616433,0.049421115298023885,0.8871519963201799
5754,-0.08304998669947371,-0.06317439503132917,-0.029796042321185545,0.04015782734695836,0.5850744092056819,0.05860677277241091,-0.20513250994217794,-0.03671859961369488,-0.3309181339369448,0.24563020380224918,0.04270529672927169
5755,0.07463998218797864,-0.006413309547571232,-0.027389815590583774,-0.03721254173293184,0.006618781085729165,0.08164389004132941,0.18978585210056956,0.18078851705811796,0.49567785743740983,0.0717368190787348,0.043893022952220875
5756,0.14485575724899943,0.12876405039655037,0.5848664945439398,-0.23960078639532253,-0.04369523402153938,-0.15640314979974268,0.07563993622135491,0.04805471633936532,-0.0459634838261673,0.15553718941334674,-0.04306340273587087
5757,-0.014439935100762705,-0.03181310539203057,-0.001685087638163299,0.08264897282418784,0.002332657487643908,-0.7228580248514181,0.04685629375254771,0.04975750337601869,-0.18454902359416278,0.007070908394459855,-0.02466828293907198
5758,0.265885529838423,-0.18230211119481474,0.4059713282991252,0.06699079260929594,0.02614051544903791,-0.0034844665156814076,0.10549618841516531,0.038866946468598444,-0.10823887579023636,-0.018912458904819206,-0.0581144756727192
5759,-0.06386344623071945,0.752194947324574,-0.13045452782240405,-0.030046644360009377,-0.04360908680836437,-0.050218469379289796,-0.005715871460963334,0.05029906553959475,-0.012264972260460982,-0.027824596378165034,0.02292796227460634
5760,-1.8463473403681427,0.10290442237888817,-0.03601334064513918,0.008751682116894451,-0.08074682154890811,1.8483133314311042,0.07389314227471866,-0.19006329079448067,0.01957275997625719,-0.15331292900405388,-0.012246047912749337
5761,1.5789080428032263,0.07453575882660181,-0.051441807664276584,0.014449905957869078,0.15428328075787348,-0.075991474312361,-0.9786385425782318,0.02741289545751514,-0.08066519635684573,-0.05592316868143276,-0.013292568084173426
5762,0.8006184953058499,0.002058456998856699,0.11483875239595637,-0.023497857106655,0.03384142219093176,0.15065883698283156,-0.005071165891793345,-0.06593064497827596,-0.05797674652314541,-0.07481612017063917,-0.03202393729077963
5763,0.6216243245814838,-0.009799552979217065,0.0047992395576752335,0.004239266455731691,0.0035526530447978306,0.05095395223408896,0.041108928718267934,0.0019059033746851453,0.02949589293751531,0.03471363951921461,-0.03171907783595807
5764,-0.13553522594585632,0.005731325332870655,-0.07734888581384795,-0.03143214978161229,-0.04796962512475108,-0.1709046980692975,1.251860407387235,-0.016535219609822387,-0.06439112613335722,-1.0840358215813977,0.06377157943854392
5765,-0.14345139924281097,-0.5135388616785999,-0.1515281199664625,-0.004107487163889988,0.10738824924283383,0.06330381585348469,-0.14521389976063984,0.05631185021410306,-0.05224428073214307,1.0784899914711636,0.010301443647119714
5766,-0.06275769310027841,0.9814848058310839,0.04254754918992798,-0.06367668144629769,0.17645908674185296,0.20733023735153996,0.058578766220162365,-0.639265927505969,0.06548482971712817,0.041415690950564535,0.0036201401392015756
5767,0.19888516478277188,-0.05145811782502023,-0.07074056100136641,-0.45554464245672177,0.06024856368363279,-0.05390663441576765,0.13560422855650373,0.9071216384126303,-0.16875724574351172,-0.03992047554806593,-0.031001782171548146
5768,0.0490484668131682,-0.05831854594212489,0.016104937032473416,0.7692942130865261,-0.08352249585281693,0.11517393612222951,0.053487776531970205,0.005946191603310599,-0.08425644480125631,-0.08418724346481538,-0.3005092229987383
5769,0.1313262029129658,0.23548277034867604,0.07650109504645755,-0.0663767227574629,-0.7085887935060798,-0.07339108797112723,0.005228558628595288,-0.0199939922114885,-0.026463677907444347,-0.2744950978970753,0.8868211696593872
5770,0.16735231568903233,-0.07429106153860296,-0.03945762535311451,-0.06508695403759847,0.6349070427088775,-0.05438757083632984,0.08740114399333575,-0.11131247047947963,0.062154404710511785,-0.03226302236177356,0.00936498913816476
5771,0.13465278076004888,-0.09428230460137399,-0.005958587154676384,-0.11895825820528384,0.034966506426624765,0.0046450459517398054,-0.09310589420153173,0.18144450772934845,0.5060946021596457,0.07300220787239993,0.052890346163959365
5772,0.08280845752868293,-0.09046414562587489,0.5781408329430189,0.11641255792967783,0.08773470091665489,0.10442087783299661,-0.02072439988551574,-0.031241707093633886,0.06528617408830552,0.05561891842889436,-0.11068586545562542
5773,0.12077108579838002,0.026942475457464993,0.07102495819496565,-0.015091348925655803,0.0621302905177752,-0.6976756134954898,-0.028922357842224338,-0.07109233956867496,-0.06307770738820921,-0.05967677981168048,-0.1134196381029085
5774,-0.054455972150399476,-0.022929603477730168,0.40324371411664073,0.03409488395306677,-0.023375226639838573,-0.09902892983532394,0.08486303226943179,0.017430905583475712,-0.10236530210183342,0.11609303936621627,-0.011193088690882813
5775,-0.08303153541018947,0.71338260763231,-0.03699202419679882,0.03883705370059056,-0.01852727784389112,0.04885858508159915,-0.02405232710154289,0.07040312082852428,-0.0027530495259012605,-0.026782856749897742,0.029066334386153567
5776,-1.780406721823352,-0.0769435077448437,0.08400589075931253,-0.09113497349257368,0.06476575470320328,1.498205705375475,-0.05018834789620869,0.05596549329359802,-0.01699516726075098,0.12191896521233421,-0.04644033980440283
5777,1.1107265625264104,-0.023150914698727352,0.14403529132005055,0.010477176268153948,-0.01659941049763466,-0.11840866466978028,-0.9190088324397794,0.04756660588288924,0.04858538399302711,-0.007932673090003403,-0.03272280328633669
5778,0.7767569754976652,-0.11107367779809241,0.023823225925796297,0.017147106638626976,0.03667560472568776,-0.03221393394521303,-0.049252229568204624,0.07252879829675121,-0.09999973506200809,-0.14683910596297509,0.04754345789481081
5779,0.6816676518038174,0.02684207085344488,-0.024335285787282893,-0.02985020605218716,0.027512764616909744,0.0514753054502333,0.004978957008750343,0.027573524717983106,-0.06915528952097236,-0.018866714922463713,-0.026449946871611237
5780,0.06450116019356235,-0.022481907349108418,-0.017999091639565496,-0.06798267282447297,0.1444304804419716,0.13919171025136517,1.4141853530472952,0.019649256664289662,0.01505514654398757,-0.7909249036497799,0.054547991341694385
5781,0.12995518051084626,-0.593567944157836,0.022774064248747863,0.001975789779805754,-0.042635102947051466,0.0046267296871860455,-0.016031050084479265,0.024085528751280182,-0.06902361857906131,1.0507414786230842,0.11141067143901184
5782,-0.012935768215885273,0.9267631505922184,0.12657133954805294,-0.05318055687922761,-0.10646627205850968,0.012535383024800627,0.0031946428448728125,-0.6668311592841785,0.10149654360631002,-0.1015784552801809,-0.06437350656751271
5783,0.08031370795420348,0.04169313598025122,-0.0840410226786425,-0.6846115234661473,0.06918784953830269,0.12270933792631344,-0.007917873561704923,0.872871423545274,-0.008427935695551475,-0.10159644528100284,-0.06826155119903479
5784,0.18896932698234,-0.038883004344801166,-0.02000166493498314,0.8189821516241885,-0.020817770507907722,-0.025002417914839953,0.1115348113538785,-0.08097035942354583,-0.0185170090409936,0.08877021810828359,-0.5612631327864063
5785,0.07125887224849058,0.08328653876550988,0.005117497623403031,-0.027116854780427305,-0.5363577588655173,-0.0564955712452517,0.1738647358452015,0.09485996282567745,-0.08257595300264418,0.033899339553226576,0.8756599812698995
5786,0.04456759264715306,0.04609392032023057,-0.057110213919059155,-0.061529310261759236,0.5924235266290331,-0.11316793035640382,0.16748560602609802,0.024430593510472276,-0.20853727569755703,-0.11511444038236289,-0.02000317426726124
5787,-0.24769864044911352,0.03834097937278889,-0.0774096734833068,0.02249938862463456,-0.012515207650629417,0.23432811837864478,-0.030741584740682497,0.08299473569787803,0.5044295635103243,0.03123520930253601,0.011587111459972255
5788,-0.20429158319224028,-0.13601154575346888,0.5862593827382805,0.07139217240878043,-0.07635515174496095,0.13181484528620444,0.02219005289191154,0.0023867755967947064,0.013794331218389676,0.09275933846488536,0.10250578237424425
5789,0.03834411098307123,-0.12461020437519957,0.10232083604136813,-0.0097173299095396,0.05938333363275458,-0.6819158698026171,-0.0016794192505127836,-0.009520881638590476,-0.09297533175505705,0.08974275832589769,-0.1022126834968857
5790,0.32800126964407467,-0.08844084775198899,0.4289570572686596,0.12541844858503579,-0.10202539671988502,-0.062042731995728205,-0.1248382728358512,0.03843998036410295,-0.032032405312062875,-0.0801083856394576,-0.02578289734080474
5791,-0.04568277925604377,0.6702967584737431,-0.09821665176207632,-0.05011990374994995,-0.025233698129512892,0.10827716467554943,-0.14510309885711314,-0.00445335883682732,0.005298792346909793,-0.026906170083951783,0.034012767962930734
5792,-2.1243880879356962,-0.10671727016273155,0.1115014743437085,0.0657860168699723,-0.1268561135592526,1.8593129776771702,-0.021244851649204956,0.03816039848585589,-0.007073094775506122,0.07441518511676928,0.03432410949977517
5793,1.4847391912952876,0.016036023373150493,-0.0809243800271148,0.0017491590088140822,-0.0021871710643070973,0.0013610506795435743,-1.0074398326802032,0.008080410901743157,-0.015929504962629588,0.031031523502646187,0.011832017815564685
5794,0.8522590857782667,0.013919453850403584,0.004033144573781206,0.06285795469577427,-0.07545827169985425,0.11320900145675133,0.11304868729984197,0.032017136559094404,-0.007488036420779807,0.003546407964805394,-0.02216206338929879
5795,0.6743060604345241,-0.027062256180976067,0.006386794706199304,-0.03342734922355191,-0.05156265076262906,-0.0068447633535803215,0.06396797061033739,0.009725564579402322,-0.012239847794611647,-0.00771035624612822,0.027260539544582522
5796,-0.013461146806937267,-0.062031989511379504,-0.047549083210397705,0.007865081771145494,0.01502028935203714,0.08231943199937697,1.2859955464112183,0.048845640278078084,-0.14672042480795572,-1.0785236187822718,0.011812983008236844
5797,-0.12232894262877467,-0.6737412641552721,-0.0013954164509551049,0.10340558271811498,0.06441527073230359,0.027564376012553227,0.06355157066960468,0.07232074806370933,0.08226363482952764,0.8997671703940998,0.0613216653828013
5798,0.011953010887025581,0.8967671765198794,-0.12451478965376878,0.04888987147167308,0.013772517022107727,-0.09544025189312674,-0.020729720329117657,-0.6014507013759028,0.053407682724350564,0.037239481402785074,0.04040063719849331
5799,0.08168193845732301,-0.05727905147021525,-0.037201566712550226,-0.563048742651417,0.059951462926072945,-0.04733943044789373,-0.04794619715463547,0.8040731050027933,-0.027992255306311126,0.1381539779026191,-0.09728703637609981
5800,-0.27608340752732846,-0.059275084518292186,-0.008524070494071355,0.7568689010258081,0.06108073614711188,0.060904731787554074,-0.048681192727852075,-0.03650533151432662,0.03657643322200746,0.02871372811396862,-0.39159821920553034
5801,-0.12833972125492868,-0.006823503851494978,0.09811979283683883,0.02640257737242767,-0.5656634840824952,0.017918153501498755,-0.14731434354504003,0.08079260825339507,-0.04943945339196996,-0.05949143840050145,0.8389709646660595
5802,-0.06565466512547496,-0.010894753294202687,0.08139625199892202,-0.015440378287553402,0.586036524436919,0.003986268461813668,-0.07951039178843249,0.02481627977314914,-0.12641101758358905,0.13144583718086802,0.04162215298450361
5803,-0.060278497973413274,0.3419045852880741,-0.25889291574357015,-0.0006431323463279796,-0.06527809953882419,0.015112060723046283,-0.030367929367719426,0.1240327191155043,0.4431838535512081,0.06754198570321876,0.022499102408771263
5804,-0.08392686319361083,-0.005014083741840633,0.6036960300424604,-0.07208886311800174,0.08440431550781606,-0.12799860848128233,-0.12356311435487125,0.10650064036402349,0.23983753315236256,0.1183945737727923,0.16021583365180522
5805,0.09747507932405976,0.10554054919461293,0.05179758852926617,-0.05934779813988738,0.047007443372387464,-0.7201396783274393,-0.005379551617216151,0.009944263742627068,-0.025554415953630394,-0.03480056692924825,0.11368756864063366
5806,0.05948069802224405,-0.008359217349675362,0.39851504038403424,-0.13143424535553752,-0.01249008725504747,0.09893169820532911,-0.10224962965435387,-0.08295444535561211,-0.05142496179589421,-0.10153046942337693,0.08269694351361367
5807,0.23700478277500422,0.6736812706431112,-0.008083530244293995,-0.02324489936261257,0.02425824086828059,0.10792296547043889,0.03551865919764003,0.00872696766614171,-0.04521874750180726,0.054199492732022105,0.03823005048299321
5808,-1.7302727307768093,-0.02384069195972611,0.03661979347631478,0.10346123997465481,0.12580153106765105,1.827299119909081,0.05431604391981916,0.04914759455683935,-0.11273345351215847,-0.08774294265895317,0.09945610855416329
5809,1.3636066442578867,0.015006830110740856,0.0287544657599039,0.0626908032288932,-0.004855113164976282,-0.09788614747423359,-1.01096047129829,-0.04932161138411164,-0.09433670619659418,0.06426327213737265,-0.0777532960185552
5810,0.7540045287203642,0.00748859751667596,-0.1690122666150374,0.08051633027383134,0.00871223990598277,0.0630541319026846,-0.051279383777363866,-0.001451769377380453,0.03375867022720701,0.0027778759270715983,0.11575898562295245
5811,0.6854645177453371,-0.04938958672213054,0.021374832966665553,0.006443039919927258,0.047459864184208334,0.031184054224638776,0.042709977674471,-0.03173787515276877,-0.03515278217952098,0.0068326778290183545,0.05623647609235918
5812,0.07380109036420772,0.01631005001158417,-0.06699979129396016,-0.016709784659498877,-0.093870441834073,-0.14725832297130648,1.3685178826018645,0.007645876287238259,-0.010937326792224783,-0.8451689734033763,0.04404128816745419
5813,-0.000948464928757231,-0.7165789863902199,-0.07041886904704392,0.06125548214283917,0.0638371249559021,-0.010386131040290405,-0.017395190752921195,-0.03585577334300729,0.02066695581164562,1.0244986568188932,-0.18218263616229252
5814,-0.16438818122366028,0.9064606555675782,0.155216996692282,0.050479851855224994,0.03539494263765713,0.22113446276140075,0.11111700282590432,-0.56884506694503,-0.020852599990234536,-0.042922476564269986,-0.055838617423927164
5815,0.032572464830933574,0.020112480139831086,-0.11350365792074671,-0.6357996977716094,0.03722714693223485,0.011693620277622609,0.14997586213262787,0.7618106724818339,-0.09845205503720857,0.1050975849258883,0.08395687141096575
5816,-0.043196327317041254,0.10058607757964774,0.05829760225348136,0.7496503699531858,0.007962685603938435,0.036974035628620075,0.23823437042571807,0.02972382815818133,-0.01632727326697518,0.17572097185210017,-0.5006619633639585
5817,0.04378126324947251,-0.13552573650262528,-0.10405634194017438,0.0013411201868408548,-0.6306409811220975,0.04255918743449535,-0.06589586418855356,-0.09769311356986289,0.1357650099397805,0.007366048552342825,0.9509421541224845
5818,0.17184194753714938,0.05768839336129469,-0.11693715749135491,-0.015532961585572911,0.6037641985337548,0.12489947218534092,-0.14393802115473087,-0.060683570378720894,-0.42096841035323695,0.07898431385417642,-0.02219522994239173
5819,-0.0522975131147626,0.19162871469654152,-0.10819064903980918,0.07814193580339315,0.0008815903573138389,-0.1259136117611815,-0.027327767489628826,0.04196307403939694,0.5471175880334053,-0.015841343273511173,0.06266631776732208
5820,0.2079195557500178,0.01641360057758712,0.5931164684260575,0.11538260636358352,0.09696109818300451,0.15971057094221597,0.01806407590566553,0.08728601883211305,0.035927012857293036,0.18688581167206672,-0.024472937696686167
5821,0.04220692363050865,0.04598510387500743,-0.22862097644882295,0.029797863004931865,0.0364174862253572,-0.6978760396743152,-0.04302761601357429,-0.07053474525822878,0.04779532144223421,-0.0009748338498019868,-0.04310476117017532
5822,0.042127370698431886,0.12010415779661926,0.40271313207788023,-0.0012791828150147439,0.19351286114545171,0.007562978013276277,-0.04518642328260869,-0.05282782000356059,0.038441404929449904,-0.020759092020550964,0.03661776436772639
5823,-0.39875091950297187,0.6438615022838867,0.022313456831875987,-0.034947231985387815,0.04398210397796441,0.035872910337147866,0.039942028043064175,0.026009843620916323,0.05945126130895727,-0.016019040138406236,0.03555624058011689
5824,-1.845679080904621,-0.09703739436798425,0.12261690005120021,-0.011335859170932244,0.02292407761808463,1.7640160742589548,0.011889425946973129,-0.012068459890988722,0.03836950359695637,-0.06899932627239824,0.004319363521814839
5825,1.3682034843083994,0.03744705454689568,-0.07552584398227767,0.02837707227127869,0.03556731592262724,0.18240862272463568,-0.947674918148956,0.03406135678265195,0.0804400931711687,0.07833999538375305,0.0131949237028419
5826,1.0661662023005953,-0.17612085950071996,-0.045856592241500634,0.05557461186608374,0.16283100913146156,-0.13330402444274125,-0.07914566156920065,0.10895372528700997,-0.08921135796249438,-0.10020068725129941,-0.03221131402877916
5827,0.5656637078614033,-0.07681306964124927,-0.006495584427951567,0.03757043210223827,-0.04218165879710957,0.06901226235101834,0.058902738804233454,-0.08075122006125318,0.017714386946043974,-0.0053006378347389485,0.06704621105667971
5828,-0.07093972331333832,0.09020034767614794,-0.05653656550833973,0.0771625723166778,0.11538446644966739,0.014705598794715731,1.30609490619031,0.06879739896137872,-0.10393840764815947,-0.8640296374648199,-0.03336950220413777
5829,0.07682596137769852,-0.7465745597706033,-0.03734740405143988,-0.06362627347535767,0.04962417424486874,0.017383147125315253,-0.004901645529269296,0.10437888102922367,-0.0744406500948689,0.9647839254703398,-0.044715679343711304
5830,0.10387223640782173,0.9510984803504278,0.13228641765601004,-0.07717667487668776,-0.008271449235945095,-0.19984321596151125,0.019935221078969424,-0.611489252990476,-0.02436482246309288,-0.12254388646960034,-0.06805538032344641
5831,-0.10712995769622292,0.013208397593457303,-0.045455618031665146,-0.6063045737365318,-0.04641407636193179,0.009158126314224524,-0.05869874627287061,0.7979025392429331,0.12051391566012422,-0.003960172106890281,-0.005021668578325919
5832,0.003949436304001164,0.0011775717149901336,0.3075478483070814,0.7884075277248889,0.11355791200847322,-0.10206507018752765,0.05516087366230849,-0.058369720405764776,-0.10566854259542635,0.05276446371503256,-0.5280288948468482
5833,-0.034293450430710595,0.021532545158375008,-0.013280985336305076,-0.05900505878212078,-0.4236244008222453,-0.14732703550994597,-0.05885665941659425,0.034553968814743395,0.011419914964909343,0.14872898534482118,0.8695409751925536
5834,0.23914068159218663,0.0676211635366206,-0.04357776380161202,0.030148969559711927,0.6084486925036411,0.14752432020064038,0.03870924015794686,0.015032993305216425,-0.3404845339717454,-0.09386477307745404,-0.01849338404055332
5835,-0.20293607628103227,0.06582753479803541,0.22116004566144554,0.17534225321297114,0.0126463311431269,-0.06580846109056936,0.02243250156065784,0.20854577233418176,0.555626630718846,-0.09288053442584422,-0.08561060935795287
5836,0.007244985323176977,0.14469153162576373,0.564612937781386,-0.03333523149483496,0.06611580687476941,0.05363365668044435,0.26976562981157376,0.099517368902008,0.17686306186380601,0.032367879919112164,0.1331885140366345
5837,-0.05993754088129132,-0.030519023918203787,0.012573428755936821,0.014457378143890722,-0.0007935319560903502,-0.6666454576152393,0.04174619080687044,0.024802499345955197,-0.0059277331249590615,-0.010238778072461634,-0.0065195357407111
5838,0.03171268736131321,-0.028203373723722704,0.3877765044844852,0.07531180037574697,-0.18854607358810993,0.0675176317880821,0.13277635475815733,0.1054492858320768,0.02339875525146917,-0.04572208477863425,-0.0731334513978318
5839,-0.10479737700029966,0.7775304702216126,0.024315003376704294,0.06436627476955593,0.06334530623307119,0.2312639431755562,0.06850977978772065,-0.026219865103977346,0.04929930074499256,-0.012707298745276834,-0.016445330434438955
5840,-1.9164695000351486,0.19870316440050467,0.0010066765823294101,-0.09565940362851046,0.1581605671936755,1.8960192778618088,-0.07688963849602376,0.12430200325280802,-0.14047367538978286,-0.039579654260563035,-0.1345555163620712
5841,1.1669433172064416,0.0967504128101384,-0.0014151309646464822,-0.04668453291489273,-0.07036549318651235,-0.16646888268564333,-0.9342782581325221,-0.03425383169376394,0.004147452730440447,0.023607278399414695,-0.06957943293011398
5842,0.7289543684399022,0.07417358120515348,0.1300019418395466,0.07780781349361161,0.0013679689743684772,0.18285580047709082,-0.15174662770161645,0.14906433912843528,0.09655705260864698,0.04579440141218879,-0.11845774665975319
5843,0.6155375088404669,0.007758938522761815,-0.04052559084619648,-0.010659003175498562,-0.006093779583531736,0.0287762427055765,0.02963354772584363,0.09798898316993303,-0.054240872497349706,-0.019517174713806252,0.016849248685958114
5844,-0.059392939264365785,0.09359457630402274,0.033466888436208785,-0.11094551072377541,-0.03443298167477084,0.1503803042110764,1.2035377795072375,0.054952957760247,0.037530621848333355,-0.8307757584468595,0.08080362051873557
5845,-0.15256001246505999,-0.7624181092635702,0.1780696507246492,-0.02503857296175488,0.030107166274591157,-0.1635636877741062,-0.008767843095226015,-0.030160318646646925,-0.026334679733813423,1.0572522297378817,0.047223865936011813
5846,-0.16513733255975155,1.001671219481079,-0.039805696705149496,-0.04135170595972515,-0.01639760848294862,0.07664568394908916,0.08692676171904351,-0.6395728621341807,-0.0897735752065305,0.015716388342567927,0.014304183518861095
5847,0.1510017624573817,0.08798507921052554,-0.012931632161552159,-0.5131338425605276,0.09713431596431252,-0.0690480360359094,-0.10577858095064865,0.7968091046985794,-0.02681574163879362,0.12611161834353313,0.051769940651493644
5848,0.008415441766879743,0.08229926305256008,-0.036431735699601356,0.8198671288064459,-0.009054999814498713,0.05762772873290627,0.03890947714031025,0.043168865635234234,-0.11524759298542443,0.1662410895244663,-0.48390759816364565
5849,0.0005430322519933833,-0.13093369485770637,-0.06088872160198934,-0.000361959326972553,-0.36492217147470796,0.14716766920363894,-0.1475480335552895,0.2027453409577181,0.004816229214361049,-0.180924073356032,0.8447829026296224
5850,-0.2323406404025151,-0.0033533794268631387,-0.12969430510734523,-0.05965114915814311,0.6161238334910136,0.1445002311717561,0.07996390854609275,-0.04584771357244184,-0.08442139836296128,-0.08655840272508589,0.009440174068206167
5851,0.09197349487188429,0.008721103321714435,-0.207012242413448,-0.038680224175637296,0.0115850725756995,-0.0955917918575778,-0.014103234048208997,0.03104715240103568,0.442655867416732,0.023807574339753574,0.02757182172105569
5852,-0.02752673153787661,-0.004000336055870718,0.6349502024994941,0.015324980953789515,0.0398747072108324,0.07125017861630523,0.12382681395239849,-0.009279507991071625,0.024891617587111683,0.051997287893522995,-0.02535945483490982
5853,-0.01662210324048942,0.12010761939808731,-0.0979021461927895,0.08052237822467649,-0.057745054007154614,-0.724181920574552,0.006036682910640238,0.018371069969234377,0.025266435654505398,0.005967401009365725,-0.053450123756978475
5854,-0.14924233883208407,0.12351428332181025,0.40065674936081214,0.21178116576041617,-0.04409204334822164,-0.06758332051092535,0.08852802572516977,0.034210292130494445,0.06668469212871622,-0.03412709557193409,-0.170313015440208
5855,-0.023865704034869567,0.6266119345094233,0.01870004852655131,-0.024610724100278973,-0.015140534266798435,0.006975933929053615,0.13031121823719197,-0.0029415630901237205,0.08082512876995063,0.05970966154505568,0.007474533625739183
5856,-1.6202320906097878,0.24880789906861037,-0.03353382415248293,-0.0008392421726099281,-0.05827535225163983,1.565036593276127,-0.11736752901960577,0.08319199609214317,-0.15207266176401518,0.0574795107859052,0.13465579176606288
5857,1.3298570036311363,-0.02058081664407832,0.013317911131576397,-0.08238647379950384,-0.06757798434986642,-0.04773000112055328,-1.0785227414219256,0.0013710719942030894,-0.012104675736155729,0.10183148639185702,0.06214190759484866
5858,0.8368538314636282,0.02062100090041044,0.004162330855921298,-0.14720132179467962,0.12263205687632593,0.011894345019262429,0.051719080042050135,0.13507983025146264,0.1261491458401652,0.2000587976797945,-0.06554583847122823
5859,0.6013536873549304,0.00456744243293891,-0.02121913779881093,-0.05775633713759704,0.007227216492917383,-0.023959318569843978,0.008114704848744745,0.0033896937167973177,-0.05765750460089911,-0.0023596643476206484,0.05538225353994191
5860,-0.1084883829260136,-0.019702664690392384,-0.0340398592406093,-0.02728330803282409,-0.08789087327394693,0.2546192310846374,1.178670318335603,-0.029874561209245056,0.03546927627321827,-0.9836373218811837,-0.00379608910754556
5861,-0.05234405126917782,-0.6441526342287823,-0.07698482362377965,-0.016811858783014395,0.061939034599282246,0.0506403718783931,0.03259272735071152,0.06815052859088527,-0.0042954491688995886,0.9149630432807778,-0.004529921636199948
5862,-0.0012371507320178563,0.9759632322889681,0.15338342122198398,-0.016704235972834262,0.012116008839975212,0.0179839109839278,-0.1117709625006664,-0.5829215836075872,0.01169142440538955,-0.003945569640281184,-0.03101233161688087
5863,-0.17547964946936412,0.024173237495767712,0.11578296853735155,-0.6084743478566326,-0.033292580124844165,0.021598000814724693,-0.21332703460403885,0.835136824881795,-0.07039917172821855,0.02256231622473121,0.08169119183401982
5864,0.024319776519961877,0.11421009684857421,-0.059374380423967796,0.8355884681004295,0.10182935452994372,0.10456141083301618,0.13657274851983378,-0.08630352335542142,-0.09768813885419039,-0.08671564991384577,-0.6209918618207214
5865,0.021792471185029277,0.1986205549157531,-0.12327888636845166,0.004737275488395958,-0.46666447129439825,-0.06343284926869071,0.1972865402871302,0.14499756647128964,-0.02684341156323806,-0.013045620773549416,0.8827084490292372
5866,-0.06096009406125503,-0.087659093005305,-0.007450608260175925,-0.04486226598100532,0.6117033395175693,0.00757978401830384,0.021713711637401267,0.07431368325039275,-0.36119073656093065,-0.032521805397101596,-0.1129287199331787
5867,0.24985038449392827,-0.060358606123061286,-0.24588249032385567,0.0030975133465264487,-0.06292502678404502,0.05500190625150862,-0.16083903960704724,0.09707907155316936,0.47083725702630175,0.08436421644182633,0.015340088264313574
5868,0.03852704104651827,-0.06737859935471119,0.592409279681518,0.015538753420560948,-0.03101012460938454,-0.024924922821873655,-0.0251869990958312,-0.008306912804517818,0.03212402370927591,0.16709278668383729,-0.05622152920596191
5869,0.030148032040267732,0.08896744258886821,0.01596174789695358,-0.015599690636022963,0.08884223037500794,-0.6349492890699274,0.06342281471992352,-0.06281445751534381,-0.009239875670222716,0.011154253051176805,-0.044443055119280386
5870,-0.15100581025715568,-0.1011731799470442,0.4240237217475913,0.10484121917529998,-0.07873483544291207,-0.022637597137528526,0.06697408590098972,0.03933753525103936,-0.03102993560907503,0.09849567465432563,0.06141530098364202
5871,-0.03803381131325275,0.7294486060654429,-0.02828264180949502,0.013460382574224229,0.0931830057433038,0.01899275908092413,0.06804118231809014,0.07380579086018366,-0.0022464120644806232,-0.018250762023527295,-0.04623281670957747
5872,-1.6863133768983236,0.05165273968180584,0.08491668699172207,-0.15784453353834604,-0.11704642754301192,1.8447493048195882,0.0451804566029268,-0.10364435191402434,-0.06846429509125054,0.16110049098454757,0.11381706724039176
5873,1.0908499374064284,-0.09399433969589849,0.06138994172100225,0.03587047822484267,0.14827695753893375,0.09175928421874394,-0.9740926806900294,0.10033658771271887,0.057723773386581745,0.04975461538876415,0.09889276010395798
5874,0.8124852724589426,0.0684286284401598,0.03658860003544817,-0.01591198223771856,-0.11601237087974293,0.08909974862209517,0.2523287426872698,0.16494060127041515,-0.09187945717592141,-0.031088871067316448,0.10981623837545319
5875,0.5265360777723016,-0.00698297296480928,0.031755386415308604,0.05208558767798313,0.02141152924755361,0.00739219311264128,0.061483114479631576,0.010248785038293576,-0.03177936852455673,-0.022921008096809976,-0.033472097841636274
5876,-0.20791026821989508,-0.033199643455018496,-0.21656581168557065,-0.034484609634892215,-0.008806817590748502,-0.06541341689481045,1.2981594778468195,0.031944185514753795,-0.14923525427347495,-0.9814569281985025,-0.11370238742817326
5877,0.06107302391065925,-0.8373198260916258,-0.0829693108119863,-0.039349580608799097,-0.0860789215222049,-0.02698537155945991,0.07201089581025256,-0.007107161182376965,-0.02290899699619028,1.0955224991471968,0.009136741121624421
5878,0.15386510318032232,0.8577834979623453,-0.08867816617276886,-0.06893753593778736,0.017155932889748954,0.03655406707356562,-0.07104945773785347,-0.6169187517116839,-0.07845937977356214,-0.022695230519356763,-0.029732620572502783
5879,-0.003744816410313994,-0.006194437524106023,-0.02522072389895644,-0.590224413208102,-0.0024085271651815236,-0.07034410704810035,0.11669276130573587,0.8586820435828487,0.07511748233832892,0.035864003668752954,0.07818251379276947
5880,-0.14450817202608524,-0.15528129652045428,-0.08713075963567403,0.7780474791445127,-0.004805009683210717,-0.1344674098301316,0.06861885705337578,-0.053958045112403825,0.06525409199511362,0.06939076247615449,-0.48854141181516963
5881,0.034003609974767424,-0.23432713665854274,-0.003818116803841724,-0.018976790149932577,-0.6201703030056587,0.00022645323663268236,-0.1825353284047717,-0.08115171047445797,-0.10303190165817101,0.04238324133526391,0.8991454510603542
5882,0.028945654104221258,0.0328893972877026,-0.013896681056729913,-0.12243614712229707,0.5921591223969009,-0.15004507273639844,-0.06164934414179704,-0.08946723392172022,-0.45802735657933136,0.08063694663418111,-0.0025902647162931334
5883,-0.042366084101511624,-0.12454092843419853,-0.13448194246188866,0.012080098393110746,0.012358728932998136,0.08783441270950444,-0.05200699760650871,0.0161790409820533,0.5073049295500333,0.15509622566129497,0.05860711401603593
5884,0.1280095992081048,0.1536366081389301,0.6317168681986258,0.10646193151694627,-0.007215066625953882,-0.046569156797885446,-0.09516556429663509,-0.0411333924175307,0.00609455278382154,0.033631478317013415,-0.03437106118024513
5885,-0.06223872344647084,-0.016661455182728754,0.08950650365303929,-0.045191084834341096,-0.10749243134409886,-0.6315349103509267,-0.05251251228205452,-0.0422781832914588,0.002532278656054598,-0.03637362348419832,0.08793984373712066
5886,0.0656682672888546,-0.012033144466046015,0.44404034263200165,0.10077531312661275,0.06621540183019309,-0.12316072231220672,-0.18926126944227475,0.04047788397945622,0.0012939496895482963,0.14121229448954095,0.11989929996703114
5887,-0.0004263059100174157,0.6305883314684992,-0.1010330300238313,-0.05318246670931915,0.0006798937209819135,0.0050370668346404815,0.06492884020830177,0.04564923403075331,-0.06353465600588928,-0.07832489667165227,0.02074329528934568
5888,-1.8510442412151862,-0.042994623412841874,0.0054937095272205696,-0.14207138587581677,0.1558799090046681,1.756150875869507,-0.051223678502392,0.11143701718482263,-0.048872043620907725,0.16949908147847173,-0.026069278472975688
5889,1.4638828876372265,0.0001497484404324725,0.04202835364095068,-0.004921968472519279,-0.01415891211351131,-0.07421258982764184,-0.8782190700036241,-0.0214989341299277,-0.029201396725593215,0.029833178063518265,0.00863142826884774
5890,0.9092678902515405,0.04308668945709964,0.18343710804092828,-0.047309799329832244,-0.10606518620478265,-0.10177764729548806,-0.07309752294203815,-0.03524260336926647,-0.0842755848414487,0.0075339642037836945,-0.0165057643855619
5891,0.6291710440206234,0.006499865389751152,0.03527195259607657,-0.04399866536467095,-0.03766787730027737,0.028528083320841294,-0.05871437844928621,0.047111253021782803,0.023112770742832578,-0.027625421021797644,0.05345538596809348
5892,-0.14896762781425185,0.06497780030609764,0.17849398469473046,0.07648552538219558,0.01850933132213785,0.057203075013122905,1.019944049152686,-0.0012642404778708334,0.03473791372574191,-1.0081728026344132,0.0838347835127267
5893,0.06389475799876285,-0.8198057392207354,0.10877780818142477,0.11000246987694658,-0.06200078327969822,-0.013611926544686983,0.01701236336132709,0.06906341776617755,0.08951125892764272,0.9751750196645604,0.1331738916178603
5894,0.141855525625862,0.9609598908024503,-0.05904107971029171,-0.0044834708056189125,0.02469400309815517,0.06506647126540283,-0.051439528839247343,-0.6635675361170015,0.01347321538120427,0.033123312096983375,-0.055285813154825704
5895,0.0418577957486722,0.08685125776856907,0.07111352688709832,-0.5675004698476798,-0.0908774344917133,-0.007614225317909952,0.16951280673625463,0.7863411630139243,0.14731675064615993,0.01622860270637748,0.037235875795954144
5896,0.12169155400546719,0.028544418328999795,-0.09221119447757319,0.7927160618767886,-0.11118804017488731,0.09585845054041262,0.06223705873596994,0.06801767625712585,-0.10506080299847058,-0.059245573033912834,-0.5410793342413023
5897,0.04331850676626779,0.07990901586317459,0.04001120284525642,-0.008285380074811804,-0.3793039957592459,0.03572848792921772,-0.17755738820106395,0.00238911306566875,0.020183412367300473,-0.07026272163682797,0.9136967200999145
5898,0.11126639163549852,-0.04738501037425676,-0.0874684467207042,-0.09659151108109024,0.5601414372940965,0.16866220191320094,-0.07531485128754212,0.010851062934570731,-0.08663973513998915,0.07080375905371197,0.021817990357501593
5899,0.06023532804504897,-0.20960683659208207,-0.15274008779076337,0.11662708535276091,-0.04052673950533653,0.022024184470155896,-0.05368514183074412,0.0076997969593178865,0.4678890732760964,0.03610095180384292,0.011496006369297566
5900,0.1238861015056899,-0.010053109928551187,0.615016646000823,-0.09204237995432564,0.03767541809690675,-0.07191255305210566,-0.002094751232542336,0.15857690172105662,-0.04796250510699853,0.1625302233754297,-0.09486499882497607
5901,0.03998988898651916,0.05639684109186629,-0.04368126614327652,-0.016331689330082163,0.009059645151046625,-0.6255753295655795,-0.03931298180006672,0.02687286055493793,0.062196421266256026,-0.049265000647072475,0.004294535934662137
5902,0.10029081387003519,-0.08558004114388676,0.39815664835880316,-0.0075104453016323815,-0.05523649011312681,-0.2927901451579839,0.11212910681743969,-0.07653583297239053,-0.02465441908523496,-0.029209687064307988,-0.036867978936233406
5903,0.2864293351181967,0.6577765724321738,-0.0627450809964875,-0.06583563761053417,0.017453580005043073,-0.10617857331708881,-0.08102648086337437,0.10647585642404787,-0.05874982926982324,-0.06609059767834596,0.020112686316111364
5904,-1.9069830147067381,0.10373052276512285,0.10192033234285992,0.1130953636801757,-0.0784968641028311,1.6234025534130874,-0.10181470509039835,-0.12408815483196281,0.10103171580967452,-0.054836625995275695,-0.03306249720709131
5905,1.480851705455063,0.04778732238788474,-0.13663500583535582,-0.003329231586177231,-0.10025557985222344,-0.07450121265343859,-0.9235365413711603,0.029100398348010214,-0.03558888100483795,0.01786289791864169,0.04184061897737502
5906,1.1509225627264716,-0.058604226073227454,-0.11014236077872144,-0.13242695412481065,-0.009999618544143664,-0.04552584213083494,-0.05413987720058519,0.07697053022588443,-0.01235656697639643,0.10031317513127859,0.10791136994537275
5907,0.6130156711891948,-0.03300045074638745,-0.006060603714003808,-0.0022030135320466318,-0.03493640231063992,0.07152247413460155,-0.04551191367424999,-0.10793317710154215,-0.018826244473479244,-0.011884245975388102,-0.009781594594563878
5908,-0.08337456716946584,0.05801559105511426,-0.04065585743182556,0.1611604984941915,-0.05843221459465098,0.009624555848907694,1.4447883671326744,0.021570798864679254,-0.03249703332873805,-0.9294150431692502,0.0602885910659747
5909,0.1315307902404386,-0.4840266453374079,-0.12810835465431283,-0.013117921576556816,0.03365028227029213,0.017023729948610573,0.11913097014979299,-0.04517235284146735,0.0479557815875116,0.9453881361575728,0.016739645076371813
5910,-0.19794034940966387,0.8614090924580515,0.01079853975750389,-0.016223196436012728,0.03547981141217624,-0.12822992911660683,-0.23041725514995146,-0.6225596868950938,-0.03414936292804312,-0.02107209058659697,0.03653459822887461
5911,0.17029003812291454,0.01665350447482683,0.042679272004777724,-0.5558661313932816,0.002187998087292555,0.1412195710493947,0.01716455561081781,0.8650884348700039,-0.10893172123857682,-0.10224273713765558,0.07795565030851037
5912,0.151508999816884,-0.05406045879179295,-0.08369433473534446,0.7257662901257789,0.043924859088023384,0.03585529641008558,-0.02136003655004716,0.09354904350916816,-0.02239883284815722,-0.05812567166773048,-0.5140883553038575
5913,-0.06332862141392165,-0.00044924665435637414,0.04466768882771327,-0.009788770539563844,-0.5576124858555803,-0.006041253176936811,0.04013438602354266,0.09630639641764704,-0.05960113926343492,-0.006347598876945588,0.9428187317741795
5914,0.09279468824305015,-0.042423328594558364,0.11279938465922452,-0.10003202952572338,0.5932682468230029,0.12486796064302239,0.02212876894228291,0.05168482067220065,-0.07862588475474597,-0.024430415137632583,0.01669463677342923
5915,-0.2189120758525873,-0.13917536716356893,-0.08464417114681497,0.09531036727092901,-0.0016307776380183835,0.007255205365338569,0.014996974562337654,0.12536362370643875,0.42295180556376444,0.13671895734437928,0.0200515465411084
5916,-0.08082704415254566,0.018957088148709625,0.5983097595553697,0.03206698619330096,-0.03707908666132473,0.0662852260926213,-0.002993687623854037,0.10976430997702342,0.12551085444997814,-0.06053800765161694,-0.17126447644408652
5917,-0.12186572332314145,-0.021508680554731565,-0.028976577433637032,0.04604742406912444,0.07027324991436436,-0.6581078970500165,0.006451548729373905,0.14465748262277378,-0.12616084528513066,0.13980576335347858,0.028668664688571148
5918,0.12961815747799296,-0.10351533756621134,0.4385316554749247,-0.07329979745598617,0.051695180531297284,0.005922528133322253,-0.019218160060682613,0.12277564641935564,-0.04284994354949648,0.1054047368850326,0.0165736310478654
5919,0.057976389896760794,0.6434567918479385,-0.09234304451549165,0.023388247109453142,-0.024263395817825797,-0.0354226264236045,0.11565237954440993,0.0037701236395013297,-0.004579504555669378,0.0012429576678279156,-0.013352386648217925
5920,-1.887877089438642,0.12280377347038351,-0.12333017952447171,0.09987947062608209,-0.002720715558200493,1.8709893397952566,0.09787601309989344,-0.014609546646525152,-0.1319946229138166,0.007731853333134222,-0.10299825912979177
5921,1.441672650361016,-0.0195699418283082,-0.07555109217134308,0.014730012011055772,0.020291625717925695,-0.04043991627291842,-1.009777410413331,0.010027393047582229,0.027835425598098536,-0.03268616936240656,0.12146219973356026
5922,0.764228030335216,0.0922222392252191,-0.11023682930116355,-0.011415992355100312,0.05135080721089729,-0.017241701301843423,0.17851359771649716,-0.032393197709219106,-0.07127066898086755,0.01993807875760318,-0.037061196212466535
5923,0.6090044970104653,0.0820018759998902,-0.06070800337064447,-0.04756728126247739,0.05885797996547932,0.011241290515059333,-0.019198828527768,0.06305646315009024,0.04071849973009625,0.03436060830941594,-0.020928889627234572
5924,0.11417013270869208,0.096157310567443,-0.11376767491630298,0.01626006366434808,0.021122585834400204,-0.04954971458897956,1.2400864720814309,0.0791888062826118,-0.08236352491882741,-0.861009889377117,0.09440895326338813
5925,-0.0027047544375426343,-0.8526724009012903,0.0683554364664873,0.06261342755661363,0.048361960482515905,0.015950940600377727,-0.01958460086166638,0.13666484832530168,-0.0202096102251078,1.012424275805386,0.03404530921777152
5926,-0.04437972457354175,0.8225480637805292,0.11860149246131092,0.05191378096255346,-0.0066583819321863295,-0.14905825147816434,0.05591715584559489,-0.5965321374380441,0.10123596635088868,0.10599718390183276,-0.06010550511678388
5927,-0.001528743577128656,-0.12674686036054278,-0.05809218898147386,-0.6132776495219693,-0.046567482561433095,-0.08848234190321771,0.021279906053207738,0.7651864635837948,-0.06435401635081008,0.18737217692414732,0.005805642714774236
5928,0.028179162101964517,0.09518932745012339,-0.11789434057831619,0.7067062227748682,0.04894603096117533,-0.05219412849090743,0.04156833129324969,-0.011167400048375705,-0.027610647492134505,-0.0016365503097692659,-0.3358015230535426
5929,-0.008307964970885331,0.10773993930980638,0.030176142657389687,0.027999846359570098,-0.46596195967642384,-0.1999358415118688,-0.03716084234837495,-0.11279097234977445,-0.022094078455814174,-0.04906191038677233,0.8978556293260633
5930,-0.006505101158253342,0.011983916349366823,-0.07932898370639871,-0.025666183577660016,0.5688743762173196,-0.16496693344412766,-0.005619728893717869,0.010853415616931194,-0.0875284414813064,0.03114817893083504,-0.008110829900669343
5931,-0.10031230758812638,-0.1341245790640265,-0.27641861809281,0.08804211755034516,-0.006859598747134288,0.06198495030891359,-0.00943277489599618,0.08933078706118497,0.49675009902243294,0.020472798068835302,0.028347536454050373
5932,0.05662537735723357,0.10645807467180891,0.5876135913720362,-0.12391064439659794,0.03937562464801275,-0.06350073361205633,0.08334032813170458,-0.07340228797121903,-0.09685622793848633,-0.1537129782884992,-0.11387172285128305
5933,0.03862990903512778,0.0652516629013278,0.011795077326122559,-0.04642880151422706,0.06040159291498176,-0.7014887518900933,-0.0091478832673712,0.00742883429823684,0.09074175413725055,0.03258683889603971,0.07321931191634642
5934,-0.003082435243351927,0.214020440210562,0.38718735875689597,0.25250359675467665,-0.03539266289869572,-0.006516012295812725,0.07983197557601371,-0.012219328831460506,-0.016672917554493898,0.042702640463361696,0.07952531564889467
5935,0.28890970033810004,0.5828854347388177,0.09836544945543362,0.013076441770020918,0.009078301722940045,0.2351029323524318,0.09739479850537214,0.0020410315852542413,-0.016602102005566305,-0.014379955074647342,0.017626537024333384
5936,-1.7647781585073825,0.053323378370924754,0.006256866178738959,0.05048610770756916,-0.09927483073417967,1.5783020101053606,0.001892750279490527,0.1221586282224869,-0.03641848339153432,0.01870604644015891,-0.19695328758899133
5937,1.366687199247566,0.05202351318463878,0.025279292072859505,-0.05649070728207311,-0.016681838985001425,-0.01259900949490599,-0.9761356085750947,0.12156225591574871,-0.0589939079661346,0.039296857519508385,-0.06365817428544783
5938,0.8247720122756014,0.01065895495546638,0.11597046188633987,-0.004915152886082363,0.10293732812581617,0.08652469392882352,-0.061084437007576965,-0.041207154361021896,-0.04384955567564634,0.06668742330062143,-0.08638881486103427
5939,0.6411530445843676,0.04369427345508832,0.029124257903963214,-0.016325708068115966,-0.04432720283267165,-0.0068194911120612045,-0.009116280029520233,0.057437149636124556,0.02169054139582552,-0.003079834746993076,-0.039994903701587446
5940,-0.12650016572475897,-0.042854041469089006,-0.03154958767511876,0.010345992244878262,-0.024970925589851138,-0.04032934732873033,1.315212154944593,-0.015657549564725235,-0.01924980067780681,-0.9180370383769297,-0.001680589307554257
5941,-0.022867410043806085,-0.6747932131079569,0.03003081671920589,0.04507037388462782,0.01599548406899277,0.0442192257175289,0.09399696207048634,0.03762774281865149,0.028376217643069666,1.0333708888100173,-0.07208185704447685
5942,0.2586714765987513,0.9659214180963083,-0.10421532229991459,-0.06008884136454172,-0.11219820493742005,0.07439337599314538,-0.0049280783918947465,-0.6777558493053425,-0.04331071185766176,0.05558316838715908,0.04702365227748023
5943,0.012908203327382378,-0.08270426185524225,0.0040470047504731965,-0.42020858816585244,-0.15029357322025727,-0.08595039990528483,-0.17069653308014526,0.7918484534122174,-0.009816921233854282,-0.00845981745284129,-0.02710732283202471
5944,-0.21822868215944197,0.016080688046345177,-0.14550868201235448,0.7844327011101582,-0.008461038478839372,-0.017828708537791824,-0.15557161389108107,0.022373304510947867,-0.14867270385541637,-0.04768338945127775,-0.3341182149185587
5945,-0.029186572956314844,0.0170408468678193,-0.15130648117286943,-0.04343913022359005,-0.2084073672344573,0.14390337842580003,0.03438153394082323,0.11837991822754813,0.09114632263050372,-0.10375884777074242,0.9330854899843661
5946,0.01272200567470063,0.14080447268597518,-0.09659624359543144,0.07384492814838663,0.5674716398206479,-0.01182407592540871,-0.07424989335069916,0.00987152065384205,-0.23962664887968993,-0.09355788687635432,0.0030346010833607827
5947,-0.05982583094377021,0.1001083110099863,0.007620233349367345,-0.12107467316725902,0.06301524290283164,-0.00014581287794866097,-0.016922807186543785,0.13659298852170476,0.5058730591442115,0.05662264213341612,0.07832997688212195
5948,-0.001767312144644506,-0.14318698780707548,0.6128507001433664,-0.10343328857723055,0.06584380332658019,0.1103478470979713,0.059842171980755775,-0.06339669293582244,0.08884685316984073,-0.1138559678701362,-0.09045615308675913
5949,-0.10401255834512362,0.06334771555511418,-0.04978240588859773,-0.05147252863451809,0.028130946392242666,-0.7077583860733281,-0.09235239417083624,-0.017464131320538426,-0.10214943282130874,-0.013970245579168459,0.02104445135689466
5950,-0.19165438873190033,-0.07884048064144486,0.3915860172118885,0.05073744477278546,0.05944396069746236,0.22431244505173403,0.04071379428773418,0.0408809506019223,-0.06663766660202043,0.05592885701313485,0.0954991423708276
5951,-0.04788942180064558,0.7299569109746933,-0.1122197318174864,-0.01686860838892039,0.05416084512903892,-0.07291860088094611,-0.03639551311615048,-0.03528323378038245,0.10753189680908493,-0.04223248253272646,-0.071531168628604
5952,-1.8953876857136243,0.14383871117342456,-0.004539059970835018,0.08142290784345811,-0.053611240482125774,2.0939715432565933,0.0009977090529428765,0.043416384710612245,0.061209939942722585,-0.12095706577314372,0.019518074395872168
5953,1.5163753935886297,0.0998518615977684,0.07100557743266687,0.01231300204465308,0.010218004494116568,0.0677749292612097,-1.0849960404940213,-0.09316745122825482,0.2070193637630883,0.010141392758472078,-0.024214585547089173
5954,0.9723846894880473,0.08764124641230009,0.13019592325729443,0.18338225175700723,0.08553064171734302,0.048737728625814145,-0.09310060933825398,0.03629463382113964,0.2755357487840941,-0.10271374557643213,-0.023623629485543585
5955,0.6165222466709047,0.0768623325720747,0.013721138260871651,-0.022201468038673663,0.020328013224930455,0.04761019499098021,-0.024670596459408733,0.0024776830150936143,0.04064742733122203,-0.000766267452651034,-0.017204668050697078
5956,-0.20195206649801684,0.05024034527916118,-0.0012210771372081933,0.008599956900923817,-0.11494130957872394,0.04946970993243987,1.2666619878995427,0.06575602170959405,-0.2429067814811959,-0.890560426803614,0.07983247059299085
5957,0.2005014131426879,-0.6755996074926369,-0.0012918813631638817,-0.005158192789928198,0.03920539757653664,0.2694469451575388,-0.03785167898871832,-0.07592600022748243,0.12316184133712416,0.9280600135738143,0.09612936986008785
5958,0.0012598924331431454,0.8475489331059111,-0.0650831842501608,-0.07764988791922488,-0.0030421020614668347,0.14910641273249856,-0.14561230720217372,-0.5949929014614892,-0.05895273530341455,-0.19338885699971345,0.05781971107022759
5959,0.053837641757626474,0.08474656119534746,-0.07625952518070019,-0.621871035308251,-0.14212515216750632,0.0065832440694389115,-0.013215425446261983,0.8368177978670367,0.008162715025368958,0.1575045245066389,-0.021779607006894512
5960,0.11841392061197167,-0.08706956985601905,-0.041588919807403396,0.7448129579503422,-0.08981803336926314,0.10293541179495065,-0.1999228397791615,0.05564257472848209,-0.060977950859651395,0.04689047393359883,-0.5332841181947449
5961,-0.1623398980722136,0.038899909186588685,0.07652650260531241,-0.14697249822846983,-0.31732258867989876,-0.07487016276382301,-0.021563050764634956,0.06167531405337431,-0.02102119788688996,-0.14857458817358904,0.8923552050694262
5962,0.22190559749613326,-0.2236197222026473,-0.0680345011716974,-0.08126335680934811,0.5659478583433218,-0.20244129835532493,-0.044850443874937265,0.19141753176523357,-0.3054579475870888,0.13416855417888238,-0.04920290969467566
5963,0.09826462522744511,-0.06095983235154497,0.08964606973755106,-0.044928118763213315,-0.06266894633893628,-0.00372882445483319,0.13072020746519167,0.09478551608458038,0.5015113678586872,-0.04288842472282354,0.05921159551213597
5964,0.06098062029978382,-0.06285817809132481,0.5620520224785177,-0.08130277508277246,-0.06342460940083773,-0.06323324558516137,0.13381925445575063,0.13293347048289972,0.0708533413498623,0.10760604348277582,-0.057153241620224456
5965,0.0944596359701876,0.027995621551789158,0.01843035889014167,0.11341451714091864,-0.05456904379342854,-0.6991363267100157,-0.040921595805739536,-0.05377722481839013,0.00311630687236408,0.09125792039133031,0.11995942573329964
5966,0.1918277924023411,0.04966944156235121,0.39553005068955716,0.18243026682731406,0.01888234422740164,-0.03535647965289769,0.035896688852896604,0.07284920362513736,-0.13494924854917364,-0.013238299705307424,-0.09291262087843256
5967,-0.12373320333738183,0.6814424328386314,-0.06968428644051528,-0.017688801979487856,-0.042374999623928516,0.014902847458358744,-0.03401165696761706,-0.054676462307849324,-0.08812154667478689,0.02375449716039318,0.08497512848674754
5968,-1.824719406717071,-0.009326303270224592,0.0845760902815167,-0.04191053584353928,0.11485289007690065,1.579269182451576,0.1216160044487611,0.0944300843909449,0.1461141149165172,0.07599333496005103,-0.07455193918505526
5969,1.3649388751288598,0.034829919416870546,-0.2067698923916652,-0.019316847605409918,0.08176808948565968,-0.18883193450174,-1.044580137619038,0.11806337657350247,0.005876577648684311,0.05288209232250507,-0.05449965327451572
5970,0.8807136528647923,-0.023386009060972227,0.11398057873290157,0.060014744809445644,-0.10089993941837394,0.00820042229120655,0.0064107968079510054,-0.10092562386420818,-0.14668704554292325,0.000164267187822845,0.04746113600040936
5971,0.6115520036894185,-0.052084444721310345,-0.038428266421799355,0.008891229733077481,0.000555264087959661,0.10676635029268859,-0.040087615980266236,0.05907605837471309,-0.006253402815132285,-0.018764279817758068,-0.038194453693944384
5972,0.15700220949392824,-0.057846418944230746,0.12642402606407407,-0.028903157210567514,-0.1307826864206501,-0.05127515844641198,1.1023149257731526,-0.053132448450278376,0.15872223401278804,-0.9116955005349106,-0.0681646820690269
5973,0.04881764029248701,-0.6480964402366839,0.062652632983492,0.12239687602656643,0.013572532058871396,-0.12283552096920408,0.11619800227822913,0.019821446676876305,0.07081130523720311,0.9299871968714633,-0.02126809503943952
5974,0.09101744872268848,0.965203461971904,0.06154991827486112,-0.0022638165756193205,0.03195331042518188,0.021610797808332936,-0.01589762378976537,-0.6327926894159288,-0.02049217177713069,0.05064307751896956,0.03458771289501586
5975,-0.03260306741809037,-0.010033030011879383,0.07196799914753725,-0.6202626344080251,-0.030995965256904512,-0.08197757646624274,0.2314947606537913,0.8306747577609126,0.05883493446424373,-0.08272032173979624,-0.07461192681147705
5976,-0.08222031365970695,0.06110004262145364,-0.08031925744867151,0.7686933801614465,0.04245014241364587,-0.03047056720981694,-0.13048896452489753,-0.02479662762809384,-0.17263641317546727,-0.1952490516549667,-0.5132155458016301
5977,0.05213693320054197,0.026255035245313633,0.11380115674130559,-0.0656908686814225,-0.8225229347592296,0.09612257225283974,-0.02571763522438908,0.023771744257924537,-0.05981955715701062,-0.09490520688751246,0.8819090128856432
5978,-0.20146572033905683,-0.1573859157905754,0.05023235927247757,0.09017728505537781,0.6320366318324111,-0.039735127511590744,0.13146125765527839,0.06432132133879886,-0.22369457956892755,0.07282371654419068,0.04049754962474087
5979,-0.0814381590765841,0.014836016158083477,-0.10997826659310149,-0.13079530763788957,0.05212058227271412,0.12156447410419226,0.09565757326644594,-0.04126553339379838,0.5055899944882328,-0.09030925832442695,-0.03575357173977265
5980,0.14200219885441187,0.04170183317132379,0.5819774377497818,0.033027843176137044,0.11670373092522131,-0.04157271431345654,0.04110259578136179,0.1074232641814015,-0.08578687241362404,-0.17374316354839905,-0.010419905431647532
5981,-0.08707925084753296,-0.06628444003663182,0.08611628163149204,-0.1348301791886474,0.028837741948878205,-0.6516483682286534,-0.014141513678578948,-0.025843089731428622,-0.0531795686637606,-0.05839353050759266,-0.017051660353436804
5982,0.013825757144123027,0.009258859651326832,0.42290875831019586,0.03347403624725368,0.09632666547620261,-0.15412651081485748,-0.1226906950444587,-0.004641465033997913,0.03285986945473368,0.06863243067693198,-0.014383096401131171
5983,0.09400821655982107,0.6774766714164053,-0.035252132725118096,0.021391634510495864,0.008687672668342049,0.10952514156971292,0.025624176587508953,0.06368888022388532,0.016411656771983713,-0.07008167809374635,-0.02145326995541915
5984,-1.774417922842957,-0.030266620999787018,0.01893395765028773,-0.012904664273475199,-0.1362035955181699,2.0239110606751525,0.1432875516325645,0.002996075706271365,0.16555518380877998,-0.0533503633102238,0.1373633804598144
5985,1.4873999187013165,0.07230869823202252,0.032959168355720166,-0.027226926911351253,-0.1385616103308409,-0.01144500043915824,-0.9246004920878309,0.0250120930432354,-0.051818582504122454,-0.010125623102190862,0.009834860512187502
5986,0.8417603716910566,-0.04092158548248172,0.13953584467829752,-0.04491860232232965,-0.10665488399601165,0.1751994036916512,0.11431119858837731,-0.04317916956851546,0.15176900578495986,0.06676237973488301,0.008447038261673223
5987,0.6327074398564684,-0.03295397387823575,-0.059939173515170946,-0.0006438756982554694,0.02099252311102458,0.09775750376015241,0.036171093573547274,-0.013688791344352734,-0.03265803401104846,0.035318523714784014,0.0003133335673289805
5988,-0.03978215778472916,0.10686833101940921,0.09682769002258196,0.07225862014366374,-0.15658955225348767,-0.05555335827989697,1.3671059917495405,0.042072918667240874,0.07305823056376957,-0.8888561990026372,0.01882347352405322
5989,-0.0827157526540414,-0.6854202374338961,-0.054666662674061485,-0.09253704973488744,0.03266048343131726,-0.008484290659755743,-0.11796353062506261,0.05590482737288202,-0.06016383219372296,0.8082407167762714,0.061927604693649704
5990,0.14932017917638715,0.9583738313856358,-0.1312439962365083,-0.08390558512095538,0.03585248233195169,-0.12210413861441663,-0.0358993583398938,-0.7048331500310095,-0.04063075003634874,-0.014970922301441605,-0.07734554595065357
5991,-0.029644481837921937,0.12744857650349464,-0.18636767755772343,-0.5449687737216591,-0.0321527835751526,-0.05782879128487766,-0.07771058862430716,0.8280891227809808,-0.10081545544124101,0.04204457540922387,-0.03462985952483139
5992,-0.10164283721519936,-0.03399214137366891,-0.01637790675737391,0.7838755379504895,-0.14868673833518323,-0.04709637374776717,-0.11652745304346404,-0.017536633460820662,0.06630503023160011,0.0009605415559174021,-0.5768018217396261
5993,0.0777159166037266,0.07814016720380669,-0.10268240486545405,-4.1458579063092475e-05,-0.5317921516289199,0.04454810004614234,0.0042500140562894955,0.01648188709203629,0.03537045119419936,0.18197412384821895,0.869128267348503
5994,-0.11673419686356197,0.03837814819119052,0.010996667671615015,-0.009382265241613686,0.61698191634835,0.05315478860959258,0.10295274562602466,0.09714537538496085,-0.0831445597409575,0.16000763692575545,0.002915273747488069
5995,-0.022075774733937535,-0.06458223620027417,-0.07137456622392402,0.07624038147672639,0.09814751596062966,0.08407593651073857,-0.05618821741604921,-0.026264306986265973,0.4621510455297748,0.03793338852234838,-0.036852920644724355
5996,0.016345062262969768,0.14290228134614902,0.6467021127562961,0.22348488279991408,0.01229152755313664,-0.002746388613515189,0.11681785218167076,0.14711961349071428,0.0007307303024171284,-0.20563849728816738,-0.06135049166188022
5997,-0.03662688803827791,0.09506182751513803,-0.028125612422500564,0.018571499826882894,0.014990272176637455,-0.7196196711170719,-0.025485076382654532,0.09152981609133347,0.010334845295798457,0.0614245563856419,0.03544820334996141
5998,0.0988656873988973,-0.061769567886702556,0.45477253052421074,0.028200037954715887,0.012780353495921864,-0.051827270051114226,0.07552791896013039,0.09437715800083532,0.08830423650588028,-0.05430758848632556,-0.006558055024326586
5999,0.05739112518835555,0.6611102362846419,0.010116458225938967,-0.0813317744636051,0.029457842046678284,0.15888901092007746,-0.04568199608039587,0.010441916171290599,0.04678371828713912,0.04471198732443383,-0.08370446605962353
6000,-1.9830344737220733,-0.08138877166784136,0.01946587038288645,9.232744429116301e-05,-0.06516329420249588,1.8642328470359613,-0.029536059645076353,-0.07475518225202085,0.009033078962970289,0.1001761928705624,0.05687686654118238
6001,1.6924391706384454,0.018851615052254567,-0.12372888582580882,-0.04642481646519146,0.03500176447677751,-0.01218359976176061,-0.9063812894945313,-0.014733387313461316,0.00041950230480273273,-0.04266392501717244,0.07924655414310497
6002,1.0507594100727768,0.12902691086150697,0.03230590027439436,-0.2691311230649517,0.11947888040420533,0.11238936292897668,-0.06569732142151836,0.018893760382737844,0.025503463019496044,-0.04203292819216848,-0.10206355576752367
6003,0.6485618415321083,-0.04296952989899696,-0.018911082146062085,0.006370105580714534,-0.00690408098360981,0.026993488524538308,0.043565084789427215,0.010293668869573832,0.021243701509947675,-0.03837445415660862,-0.0498453426049972
6004,-0.10668915052917605,0.01179704972073988,0.04056637791609962,0.01075182318431327,0.19896732109043563,0.1952791737086488,1.1858664498421116,-0.08194735156555774,0.03335270889366786,-0.9818723357397433,-0.033237558385697086
6005,0.08620752622143321,-0.5278740010602547,0.21622153235854588,0.040129005707330176,-0.09081365201338497,0.20579520608249863,0.08921616777447093,-0.06604560154614869,-0.0666301080112979,0.9107112022918108,0.06292781303271479
6006,-0.05262029607219239,0.9044999088559964,0.002714515585421186,0.015302386067267977,0.033773272760659896,0.22058172317815125,0.04764274212164996,-0.5375313864714393,0.01769650946835765,-0.05194371016768727,-0.013801634629375538
6007,0.10346805975218332,-0.09213331944189461,0.04390347414640701,-0.7427502020148533,0.0984080746858964,-0.14799231429134682,-0.07651258293533096,0.8457421095866673,-0.03998192258002141,-0.012966389115825292,0.03318401383254289
6008,0.12236088854854006,0.0566693346730898,0.021677537707698247,0.659426740240232,0.01034861452606074,-0.16936304587307763,-0.20434864345709627,0.029063420023023742,-0.05802855217897153,0.31240234016638074,-0.4561404803083063
6009,-0.15764468101426138,-0.0245337392459121,-0.09672358633832068,0.0434607031794815,-0.4545467037250557,0.21473524640679545,-0.18592959305087964,-0.09009535633288518,0.03796748335281905,0.11274045486851515,0.8395562335178138
6010,-0.20897091140657498,0.16341188740723703,-0.00197049970187743,-0.06420634614221339,0.6290174924063979,0.13150001032531544,-0.038630556021383156,0.1052495948532759,-0.11593800455039552,-0.022707407919440842,0.06326562990937208
6011,-0.07630072073948709,-0.016664240514002813,0.038422404713073885,-0.06967392032211067,-0.007808180896678965,-0.15676352577981104,0.1877853178120065,0.10059699073615284,0.45838845848410054,0.06202436525285055,-0.010245034019757834
6012,0.07288702094493253,0.0728400647525293,0.5654835194682775,0.0646939373274992,-0.22001940514117233,-0.08217065428231571,-0.14415776823521223,-0.09597385405430588,-0.03484264725585739,-0.06591878823179624,0.15871011546876246
6013,0.06182772546048052,-0.11611961105816945,-0.0634725019052623,-0.006887499692139164,0.09750849762519581,-0.6982494448297603,0.01026949906486009,0.016786423490159116,-0.017940616290147277,0.014147350283787493,-0.044487167778615076
6014,0.11250739024140878,-0.011335054863191094,0.4121356178365752,0.031343937782188414,0.07978911183194465,-0.09478856726734743,-0.0183216207053976,0.014183871269454583,-0.08963557626456811,-0.09706251028795587,0.028000140474477256
6015,0.20718858609853066,0.7209611036852197,-0.017986875377514686,0.009541702311127949,0.020475142057326808,-0.15146329863525654,0.06912674840792896,-0.027800783083383417,-0.02712437332904565,0.07392977488127662,-0.04557978502216402
6016,-1.9148639096005908,-0.12750408609124017,0.04091664637108759,0.011875729222903723,-0.12958347276233037,1.9447376121605315,0.11526767168080489,0.024870390535602215,-0.020921870667502215,0.04970713237297761,-0.04162709277490546
6017,1.6774828332714011,0.04460100685254302,-0.06629548587084347,0.01176339202345009,-0.005713898242982223,0.13669710177785466,-1.097196541707674,0.07880416810239538,-0.09758273016106452,0.01347103879232781,-0.0035622303137558577
6018,0.6662307923671226,0.030712441771772445,-0.16997330155538481,0.03011127621695869,-0.11357442950828,0.012194123985359195,-0.10117392071651687,-0.0055138287248265175,-0.13500141240513638,0.016135318199484442,0.015246506710193385
6019,0.6192819725670846,-0.029339306036025047,-0.0353338769732381,0.00496691183551332,0.03685265814370195,0.08542095115699241,8.499102776710537e-06,-0.026725641093115413,0.055125005596017435,-0.0101812914059431,-0.0037907604207766074
6020,0.05652486583757146,0.026525064714862046,-0.08096257576594128,-0.03731655424290207,0.014732549425321423,0.09860017902828594,1.3659027240544512,-0.06982103614411869,-0.06882615614255157,-0.7127851963067711,0.13044669799590192
6021,-0.08306243525958622,-0.8650512049068794,-0.11977654761905906,0.005012817506838822,0.11155671063288945,0.031643404127772404,0.08282217208844336,-0.13768336486948932,-0.08649265760575794,1.0433188152748265,-0.03345096003076942
6022,0.07007709954779896,0.9287186311438956,0.03789703942048976,0.0038741271075338627,0.06209608548677161,-0.09433178475300483,-0.08822212840112664,-0.5700666349742783,-0.05613432090172622,-0.01613106273420971,-0.001354856010227477
6023,0.10267249208170394,0.1262552396921511,-0.04055491731175633,-0.5001434773614755,0.04159607903356848,0.03901363123831464,0.2129989640136834,0.8597110254631332,0.004227090429012488,-0.1005530430198123,-0.038222240478452546
6024,-0.10531641830462785,0.03887132184272354,-0.029148029249967577,0.80572969366159,0.0621649237578497,0.04758092263770203,0.1864434581093753,-0.033935260073468115,-0.11660573488559875,0.01226792377575313,-0.5573040284027162
6025,-0.13578585877695287,0.14564559634379656,-0.13105378852141175,-0.07808278488453878,-0.6243313706408786,0.060989461671333484,-0.0738039425165668,-0.13896077612358024,-0.14391965226872044,0.02989699284637822,0.8461409658394052
6026,-0.13743758533306696,0.1454019399484147,-0.07288909411964622,-0.012506221906733665,0.6332022116139896,-0.11662140841887371,0.09477364178596052,0.006719846401444542,-0.3917407476967872,0.1196219420938358,0.009564743783572999
6027,0.256141456265446,-0.08692150816138938,-0.21864088762261857,-0.0946031411560731,0.008615863727959706,-0.23578508175015944,0.1148627109720798,0.04240436931325501,0.4890156317590299,0.0718055956587186,-0.02362642312938212
6028,0.06149129345878951,0.08559867171481517,0.5301741075279338,0.0032925918609284094,-0.004997946473194178,0.12245728365249847,0.22812898071834933,0.04032693457452865,0.0842767974676871,-0.02111305530442423,0.009724839461898303
6029,-0.07005406606640525,0.02166649340949944,-0.019680809010828755,0.08194194507715677,-0.04574751100058252,-0.7037009148301868,0.034122594483151567,0.04152925617243408,0.10446614880797553,-0.020807195918916898,-0.05558592669131125
6030,0.03223625441618877,-0.14219312654747657,0.36440950643859354,0.06258936391874521,-0.07016055554775451,0.0011904803676039775,0.08892355408684985,0.3171030171740263,0.025341476419897736,0.0015101519904765649,-0.031725478353209574
6031,0.10468699771125443,0.6936471720437204,0.041721614112430146,-0.040326496678780084,-0.020311589678107388,0.08405330712797184,0.2772491247687131,0.044705326749889,-0.011195678538342009,0.010875623113831386,0.019478660282719804
6032,-1.751490139103658,-0.10092870912353251,-0.16419042022574257,-0.03232336361024172,0.03401310829512032,1.584251661964776,-0.05315747203627648,-0.07496697806080427,0.03802523507462098,0.11562513643644833,0.06180460779509293
6033,1.3104060192767337,0.030673201341008993,-0.09350295767137431,-0.07611086694941935,-0.07799485085460289,0.13700260518850865,-0.9634621673369952,0.0037102932171821337,-0.07823341609773608,0.08494338935259707,-0.011748708488888936
6034,1.0048117903980787,-0.0741249015934253,0.11305324914900029,0.07481016814272617,-0.02437716228175038,-0.07306019768181167,0.14423796610333883,-0.18304236614092628,0.014466941878941129,-0.03192685649674814,0.07204168441232602
6035,0.5659235242426655,0.02682965447191471,-0.013443631198012285,0.058881233927645105,-0.045280529005566415,0.09681172222859857,0.054102527801005815,-0.0024005050771015914,0.04394079498469515,0.04370705170470929,-0.0028969220195797563
6036,-0.12695360307036485,-0.10499959698392775,0.03902645957309446,-0.06426648178366907,0.04181654157720053,-0.1210958401979357,1.3343722240636382,-0.0319671019382264,0.05344788160652028,-0.9446082369791202,-0.023641550445641743
6037,0.10512984538756383,-0.6521225582726262,0.1955457791360972,0.058804308288571354,0.1056011759499545,-0.038770544346154345,0.1498990632744824,-0.011083504757751984,-0.08148490854741694,1.1234373310371968,-0.05919462384393985
6038,-0.3225086822140579,0.9391943356258912,0.07690938438616515,-0.00019350561777059538,0.04175169874393597,-0.0772905696868528,0.043883349590078544,-0.6130231415715585,0.04453906454321474,0.041239977676888945,-0.04467827968625977
6039,0.09113647932444008,-0.030637896518630952,-0.03859742353188552,-0.5644006829717195,-0.054878595939549184,-0.05399118248549254,0.12804437635549107,0.7543452411216561,-0.18642307226295646,0.05960842832152918,-0.0482086725693377
6040,0.058426073897815047,0.025090809285000574,-0.02709234328515369,0.7897065305861819,0.06621816976599276,0.03979890595266341,0.025931562235245616,0.03425491086748183,-0.03613023346127266,0.07700612506796235,-0.4158693725363992
6041,0.10193319416596326,-0.1700575905128704,0.037662179421745566,0.09711933728822562,-0.49342265097287785,-0.07902036638124238,-0.11918299892358811,-0.03053494398496619,0.05684478858653939,0.0007177016482807124,0.8690397206436075
6042,-0.24209427360250754,-0.2081393604347997,-0.11102076568564824,-0.024676650158709706,0.5860194294339097,-0.05172398312329854,-0.1603107639155366,0.033030307231727805,-0.31836679069593876,0.13720503967493622,-0.005758448183772941
6043,0.04825887897488484,0.13225194468872342,-0.14086194630583995,-0.013974061747720489,0.0613834681234858,0.06166967976149201,-0.10283794003022467,-0.14374506471645992,0.4886816353250634,-0.16278450331221309,-0.0020494801597807813
6044,0.18818948899299484,0.1119422740252931,0.6593788854160307,0.07753207577331687,-0.052059652215074734,0.14213205116250108,-0.0014575650370957606,0.017109754924616638,1.9442181127959576e-05,-0.007686216841964955,-0.038105280044797595
6045,-0.011204373681366342,-0.03150860003790503,-0.03381705839175952,0.14741549177006202,-0.07114833307721856,-0.7084681747351071,-0.021910943843431917,-0.011624041066124835,0.08570526431729968,0.03310837355867407,0.05409433521912746
6046,0.007616168081067959,-0.004154219058110149,0.4439027295893995,0.049704754453802125,0.14763152945704391,-0.1112655379427343,0.030777234730223216,0.021548516542960923,-0.03401985311227284,-0.08676084721551934,0.08082745641561716
6047,0.07056366371436366,0.5935205321329549,-0.0300553650480754,0.014680984696369428,0.033878981355595465,0.09674601563549826,-0.08474371820620129,0.09625340094261535,0.02457285244880648,0.05363436208314144,0.03486191805529855
6048,-1.7778830980229652,-0.0660690605046952,0.0413458945848135,0.12322371770801127,0.15342147417945737,1.6123484469173026,-0.029508437096631313,0.05838946619076091,-0.004479332241053016,-0.08970178824360797,-0.16528537905477164
6049,1.0909074105541978,0.087638108598219,-0.12315611828043735,0.04888000013427185,-0.10721661792854904,0.029948695392295846,-1.0081595640752155,-0.013720052282330975,-0.07790613673096984,0.0025724524571968405,0.011030272979406255
6050,0.7073740703798798,0.05556143088819707,0.19267995445219463,-0.1917185064604808,0.04433524510897438,0.07400623294086342,0.010827060276867733,0.019472961722879326,-0.028589571933612185,0.0177914850497532,0.07801147053988754
6051,0.5610896346141696,0.005784257187247172,-0.06357538409417636,0.03590776630716989,0.008104030922837065,0.019244061978507122,0.0017062815116906755,-0.006150646941662277,0.0067881268033087635,-0.03424719212026512,0.00840741061233859
6052,-0.12794591058494809,-0.06885349307995244,0.08293803036049197,0.08956305387770566,-0.03280191794365109,-0.12784333465155395,1.2651749641149557,0.004674780100588364,-0.0783332042471935,-0.9275399075780623,-0.0029029504882494496
6053,0.01732946314049398,-0.7515790392690339,-0.11039575386754329,-0.06700216770196345,0.031600642774207766,-0.31553594118082373,0.08362120315416745,-0.07973960353417468,0.045368017494379,1.1058989203748484,-0.03774118683230307
6054,0.01822722260638787,0.8622531068710702,0.005010919865251569,-0.041135794360887795,-0.08525143841672429,0.08324792381570939,0.1268699584485373,-0.7166058426556425,0.10763893567543996,-0.03969733871064524,0.11038895714164669
6055,-0.0677203742118602,0.07536446067970846,0.11076010462222546,-0.5650127257103976,-0.07319522303775707,0.033826142277416135,-0.13072111994280902,0.8614409540736215,-0.086343544629152,0.07865882361362034,0.16509027885496974
6056,0.04533534004237713,0.09848404221865738,0.0027583074385782195,0.8073280125746667,0.06909192436236525,0.09765225875189548,0.17075053904614926,-0.05688418155865588,0.042398728164915245,0.10659708306118801,-0.39383578310218437
6057,-0.13186048658576696,-0.18965887485416774,0.01688944394668384,0.10227370427822849,-0.8668586487238382,0.16961131969374602,0.03601286938278621,0.05586721379495866,0.1665742312077508,0.07931612622010009,0.9434184292563129
6058,-0.14137341101408374,0.07110423337912716,0.01429990995114172,-0.03100277132700158,0.6030816490703882,-0.06234075805604679,-0.023089681205357947,-0.05025426627343612,-0.28109112860863195,-0.09622783645844266,-0.06670693521929436
6059,-0.003832917442399234,-0.026641175194278856,-0.20766047603340412,-0.014436502416486374,-0.031767458424552183,0.03932510999083488,0.026646337750990498,0.067913431689955,0.4981275510872603,0.1225508107438195,0.045931328014550646
6060,-0.11207979560335266,0.11274659495551534,0.6033113033551526,-0.04342176878994225,-0.1067381402365297,-0.017109317041265622,-0.004836227419900222,0.12406138869638564,0.10769157164313903,-0.17594334174633947,0.030723322431072293
6061,-0.02992822770201182,-0.11690123943958769,-0.06760635639002538,-0.06917056559001798,0.12072512689610754,-0.7273789179255135,0.02403321470590633,0.019061573305386416,-0.07935322585372882,-0.03480905427042722,0.0772509405733654
6062,-0.2614510944791274,0.051121024696702565,0.40498412823969687,-0.0221902161295324,0.0008733371122765913,0.19328379578639596,-0.010704889299860399,0.06592347102334511,-0.06995964077710147,-0.06646203557997334,-0.006527766514110744
6063,0.0219473731977864,0.6420005746591904,-0.0014896154294574814,0.039722336561403414,0.040914079088927954,0.059851697795873696,-0.1507420358000786,0.0753000021144001,0.012152717093059963,0.021013304021384568,0.002631524485733649
6064,-1.8161551266513678,-0.07879412864116396,-0.0019827182497978556,0.04991504850150413,0.08584470058714574,1.6065088820670466,-0.10326938824177324,0.05200221191172357,0.056731207292437746,0.03530831067943312,0.16359077351272483
6065,1.6620889348585286,0.05811719975769611,0.10090141953899069,-0.05346137163203181,0.024356841465510932,0.1977187612791035,-0.9628003371112752,-0.003926180594205149,0.012278033070689863,-0.0909068138429728,-0.09378172138923307
6066,0.6751054042225487,0.017942114398933187,-0.014335363928439076,-0.12267105145396427,0.0829402596170635,-0.05192732388649139,-0.1574303523453918,-0.0848710900669635,-0.070846809965059,-0.05644744812243332,0.014720650717284038
6067,0.5928479421813475,-0.06838954156320913,0.05249369740223541,0.01847795803477153,-0.02395761691505528,0.09935253201906988,-0.016543724305957304,-0.009303294479860402,-0.013305180170519,-0.01203668341195932,-0.02443566184432667
6068,0.0539354423585118,0.02406504885390188,-0.1279024208900022,-0.004073381001203849,0.056255643141599386,-0.017451222986240206,1.189150518593368,0.006880716147075916,0.05940424906835662,-0.9837683554899082,-0.05390895865257822
6069,-0.03819608985752968,-0.5455173893259079,-0.14278833723752818,0.050269365708935254,-0.09887743831716958,-0.08775901615159426,-0.1582283584371467,0.017452608871907044,0.0005178328298936319,0.8813110171446905,-0.038054398039437276
6070,0.06882298800469971,0.8275933940679052,-0.007905838758150468,-0.0701412287649294,-0.014662517144738988,-0.03706265916691411,-0.11152818184125533,-0.6870583990405427,0.15810864986238377,-0.03400784018377684,0.04435590610459921
6071,0.05465061826832419,-0.006557002881933845,0.025670870266932128,-0.5658955835934113,-0.11099563447208395,0.0827375019021801,0.051113402851752136,0.8080611089262415,-0.00647803961474847,-0.03390210200832569,-0.00641361852544397
6072,0.03914497966800779,0.1109964758106175,-0.017334249496012012,0.8396953035235392,-0.02145157375474074,0.0565740296377083,0.018701977912153417,0.0451327283000274,0.05210065324045689,0.07138207605220626,-0.3347709066473229
6073,-0.10076137945178025,-0.0238351884634972,-0.02330931032400964,0.09882273853480524,-0.5631203312978604,-0.06742040829878955,0.10641933821192576,0.039678462628021195,0.028817024281995545,0.1924585025124547,0.9435251960943162
6074,0.057044347705504254,0.20318157348588078,0.051631416276923886,0.07373078007369825,0.5604414189012212,0.1356160244637389,0.006468092843424012,-0.0403376276148229,-0.4914602192698328,-0.08309396213823908,-0.010396848020635863
6075,-0.10695312048486752,0.0232076517585016,-0.10665993605239099,0.059969061035792526,-0.020149084708510765,0.1676566468924051,0.0192420774395576,0.1276450176069113,0.471878433354378,0.08007970482353496,-0.0309000163083436
6076,-0.13103380403235862,-0.16446355645498859,0.5795254762815989,-0.027254959056415413,-0.060231245661879096,-0.141456833633376,0.12476584015882151,-0.009606118862672897,-0.03239830083749428,0.10838779804637903,-0.17696557834648705
6077,0.027333270968655538,0.015680580159740963,0.0326775284606361,-0.0035301774498013787,-0.03985279973107253,-0.6553495608196047,-0.05354498509205429,0.016335139980913068,-0.0809537452322027,-0.0017992860598082204,0.104899840985386
6078,-0.05683890119850252,-0.10154260525990468,0.4169205621654891,0.0735689979358388,0.0735948919341146,0.13981916295262783,0.10625677193677693,-0.03839477959574579,0.0857136610572854,0.10844694533233887,0.06833088376975245
6079,0.24917847701331,0.6691936995866856,-0.043704580131310566,0.010058876127274937,-0.093625728849874,0.03422844749122768,-0.11332741180872806,-0.01265741543940574,-0.02028040337538504,-0.08104275637132043,0.012979175369455854
6080,-1.9925322709201543,0.14111976295204692,-0.01692056194803699,-0.11125222554465289,-0.05632779314192091,1.7291678174916099,0.059386799698754156,0.025474417227757597,-0.026210769033181317,0.12498505032985227,0.06133163216493304
6081,1.7520081460465182,-0.0021455504970343073,-0.034470984572104735,0.03568364653485854,-0.043290837213126175,-0.02019445037338128,-1.0192689899905953,-0.034219278911864395,0.03419199451145542,-0.10475128854627366,-0.016743097745617556
6082,0.9264260318955662,-0.14637598411063413,0.019803267680440956,0.020648583224144233,-0.005804690737959632,-0.08453280434665715,0.12919069399925945,-0.012235915744222234,0.0784598195677872,-0.0928871571362603,-0.1251259009571995
6083,0.5998743508621018,0.016437195916898545,-0.09700826968378438,-0.03432283240303019,0.0022575069644626506,0.0486347375649579,-0.04255191210383677,-0.02703070623573753,-0.03431661759747974,0.029561930753096675,0.050976429639406136
6084,0.015383716033745314,0.043161017572632576,-0.06287394399127992,0.15510135400798494,-0.015976908122313387,0.039511489074704795,1.1490933252210591,-0.02106275607751863,-0.05840232645189309,-1.0268704563137772,0.0829207674241684
6085,0.3527178786857984,-0.7414474539170385,0.0067040723983344585,0.057209472902261804,0.05168948095839267,-0.07652193951126997,-0.005263737565898846,0.008462491733009959,0.014960835169294107,0.8404642387069208,-0.17130364717526547
6086,-0.017199599607012485,0.9574114313656406,-0.04191631726963019,-0.0045559608324744465,0.01773651731504369,0.08786882629027962,-0.09436625949553493,-0.6178419117156169,-0.03278871863304533,-0.08818186122112774,-0.013242226354073607
6087,0.04473606869701039,-0.024591718688434065,0.14717837450026977,-0.516359518759755,-0.062231038965347436,0.11672670473089189,0.12112620719103852,0.793525590834286,0.08231484197319014,-0.1225989662737843,-0.06991066628336964
6088,-0.10316099097319578,0.05646739229505756,-0.04764538927067852,0.8184961079265674,0.01182069535963074,0.008043646933637452,-0.04300268419043231,0.010414371762274104,-0.030960376942102786,0.18465132449589752,-0.37610388880051493
6089,-0.06928177436077067,-0.088118714293693,0.06501735260427063,-0.09287225522001445,-0.8232902151763627,0.2360673526143064,0.10031576429707696,0.009307386901243508,-0.007886850838500305,0.1257760467289974,0.8228815412711972
6090,-0.057530928180590725,-0.11996205105480472,0.03068411225573314,-0.0045941257807774385,0.6516394318082971,0.06737143592384669,-0.05629525764157462,-0.06591861291326,0.002121987320573976,-0.26531706119615606,0.02272180620442181
6091,-0.05471952863412621,0.15189708915948769,-0.16563222838484581,0.05314826656027337,0.07236986751569015,0.09737683928648212,-0.06641721113295143,0.06869891844841967,0.44552289499706227,-0.17531776145394806,0.021039654772293078
6092,-0.010620676259102492,0.005049606386658031,0.5926874885222807,-0.10504138342511538,0.16725759445689428,-0.02232456630334126,-0.21005994923053306,0.0434143632561471,0.09089273225501313,0.06961887825564332,0.14832631254288647
6093,-0.10273719464786069,-0.032703271591976626,0.031054110029264732,-0.14649100008421156,-0.04165727280192134,-0.6160988498175908,-0.005092811380721089,-0.04254605323824988,-0.12673477530733665,0.01505328387612059,-0.027675549969522394
6094,0.14379992832480137,0.011733442988690055,0.41807594629321204,-0.05942722111157866,0.0673597509037532,-0.10430760373775289,-0.07700223632652545,0.0063921284368527575,0.03996558823728319,-0.11828742620091735,0.06445987247127159
6095,0.2547761506341647,0.7354864456652472,-0.02556061733111365,0.027774032821896416,-0.001668349280785181,-0.26710613401176625,-0.12950353269425158,0.029766809154737953,0.024829585681310776,-0.006744516929140335,-0.05075604901028326
6096,-1.908527621424492,0.045677992826466556,-0.06825849437356091,-0.05380657697043358,0.06788993801775062,1.81793688163142,0.02648981237495865,0.09137763638167085,-0.08862832503902833,0.03826267587236768,0.06299755979593011
6097,1.5788975433572612,0.03635841481611472,0.11602932214341725,0.04117535367044827,0.06259710111120438,0.004295215632182323,-0.9179749064526872,0.04444639637176434,0.0008134975326698334,0.025793547713907208,-0.006397635453406412
6098,0.8899087559518194,-0.018597150777100488,-0.20372357942218622,0.06671573211011846,0.05892595367351619,0.12490328886363584,-0.16592890498239782,-0.02968007153908883,0.033199776144568094,-0.0031910848453658475,0.06252628605390287
6099,0.6343376120895683,0.013152184528756028,0.09682407912653483,-0.005620659876504579,-0.11127966236440438,0.12026448081263404,-0.008091997177100352,0.01924854972582199,-0.009931215572799254,-0.06019861472643207,-0.043427204200141914
6100,0.02069167876806231,-0.08688160940400307,-0.24740914365203479,-0.004772894169527845,-0.06579662754432711,0.08767740840614366,1.4775673599890704,-0.02608680816540771,-0.0917252858587425,-0.9155495527326041,0.05944596966760289
6101,0.15180833793700413,-0.7282064441793844,0.1092347638159569,0.1149613537003453,0.05567613032567161,-0.11920061719417928,-0.06766178665379502,-0.06198274269977707,-0.03991548141072673,1.0180231771150057,-0.05603401274502626
6102,0.06431225747478467,0.9722395554281711,-0.0853997427003701,-0.08308336397481023,-0.007436572775297519,0.07142119034816923,-0.09340637531386335,-0.5633776586715578,0.031573330064669794,-0.014060601802465229,0.037492399147157074
6103,-0.1369740773233437,-0.15221453777265698,-0.09085735669634433,-0.6753263306366064,-0.04730535831041467,0.10075932461867618,0.0679791555467569,0.7849453500483459,-0.11847030208876629,-0.017520491956716153,0.05820484264737017
6104,-0.17218080958749613,0.0645811726520459,0.125977387431555,0.7604649998889453,0.04762280680069057,0.06180225699858632,0.11899913486327471,-0.08676460866260922,0.10814955803646055,-0.1690159336096188,-0.5529633085310881
6105,0.1025466481512381,-0.05310636781395411,-0.1112098779412421,0.05854789196382079,-0.45630498125993046,0.1832448760622339,0.03928521617497102,-0.1595322504641436,0.20520539763880954,-0.02882189747517867,0.873111397686267
6106,0.04172071266422105,-0.17500909334505105,-0.08476143339230378,-0.07674290718147969,0.5872986755140538,-0.12453406295050139,0.013303120719785826,0.05591492799748748,-0.25831992258391245,-0.1551210683952916,-0.004433350306429645
6107,0.2185546719682304,-0.0007399781735994778,-0.24218663046596578,0.15472002236808088,-0.0023734251595924627,-0.17706337310213982,-0.007408880055709452,0.05791587980003688,0.42110765250626825,-0.12846732108137388,-0.0015172592523490995
6108,-0.04446044947109196,-0.12428452244918449,0.6416151651145878,-0.019132076387683414,0.07142554258209548,-0.00540599786508247,-0.007138037615273914,-0.09198712310825011,0.09011544619976183,-0.22558381466520877,0.02531409386196957
6109,-0.06677119781727338,0.0012829953617517252,0.04013106411024799,0.016423374841795475,-0.05143294438858087,-0.7162890889147651,-0.0359660287941032,0.09002149886032457,-0.027281251749834375,0.02465209661810602,0.01444363509478391
6110,-0.19362325288585117,0.04874327013538877,0.4035972227661869,-0.04168046294958067,0.04714680066150549,0.10587642488742562,0.03349263088041612,-0.15306486024896496,-0.040053256493861406,-0.018892381107004266,-0.03187676947355471
6111,0.07315930809011272,0.6597194256181977,0.09248009397300207,0.027877015739537832,0.000880673592830567,0.004488171315243081,0.13133776782537088,-5.565258059825676e-05,-0.054546726357147204,0.10121423844661928,-0.025798122123407194
6112,-1.6063608045027673,-0.00797379160131541,0.08859880371578523,-0.03204465167303268,-0.01112544527678393,1.675997192124559,0.10879821274902005,-0.02976826890061717,-0.09338419872524127,0.0682183575785382,-0.05633701861789016
6113,1.4341351106196152,0.013384292429649083,0.008904254260243315,-0.08048078757002229,0.09390082605790981,0.20889566600901102,-1.0419190033319758,0.07607244731249087,0.12345042348446343,0.046603681003393405,-0.014757865443042417
6114,0.7837300484255478,-0.0713758708108596,0.05811071008961897,0.05472948136571812,0.12330713709586148,0.10176987565596805,0.1695102622331118,0.04964447017303802,0.09759144995682976,0.06121668815361619,-0.12819987655057008
6115,0.7121940083607972,-0.013844380744706838,0.08142098522029778,0.0033945373485217917,0.05950394061485131,0.04708176696898969,-0.011089547145949542,0.031967022696831625,-0.04347860768994625,0.030947577662738583,-0.0061213462520670085
6116,-0.037279869221751714,-0.10092425796704539,0.024918645399577614,-0.024699087081377392,-0.06512636603904656,-0.08058360499051212,1.2763883859092147,0.18285287721011279,-0.10626072332684378,-0.9680862446694594,0.048672430951742784
6117,-0.010187392941340832,-0.702824153776968,0.13060226820377036,0.059908489093547325,0.023803102710523046,-0.09617499727705803,0.11191638277917486,0.05298138756793968,0.04929729247687825,0.9084745904005462,-0.08115740920401014
6118,-0.06901718860639737,0.9981176547961582,0.06327175175675882,-0.012352819245914883,-0.006075628822466673,0.08264593534989563,-0.059641591079536385,-0.6431847003021198,-0.07465359018310741,-0.10700422387450949,0.07100848550553539
6119,0.18208055795316408,0.07461367960446794,-0.022401420368513118,-0.48620930711672733,-0.06845291345566114,-0.09353305574773835,0.08595478968196452,0.8866580065355906,-0.017204155242007788,0.05260710537484961,-0.0034135283277376104
6120,0.08565795123737821,-0.19355018743744118,-0.029044350710177788,0.8604522416840148,0.013411729444680321,0.140244389132631,0.011730906977350623,-0.005504499407155934,-0.07977284279449692,0.00991057743139285,-0.5022599521566029
6121,-0.14315573404399665,0.2693727651050195,0.10624676088796256,0.033181356965104915,-0.8198859476819595,0.03667618668792492,0.11497784446951906,0.03927946813145353,-0.07213140795287426,-0.10360148505171257,0.9196877294114798
6122,-0.22556194158074153,0.010028533668194327,-0.0367128627194611,0.10732286693727215,0.6224854918027297,-0.0872529794242867,-0.17184136878404463,-0.07114722581989605,-0.5319814054969308,0.057518735610297675,0.04522101722230713
6123,-0.23970172880809568,0.09763673250092617,-0.19763153583442017,0.06466692642462508,0.030455964052694493,0.20411176849267082,-0.11271427636884407,-0.031663309327372505,0.48858010964402354,0.016715348680888312,0.0001392826399902944
6124,0.09050435819526335,-0.08662282914775649,0.6364180498076997,-0.17893273258168135,-0.01681975161786496,-0.19899633129781102,0.10904653342157193,0.030025999337802152,-0.016743456320433343,0.030081832026963597,-0.0009210737983721805
6125,-0.01960715724746504,0.03515208424087226,0.09952441258064651,0.018742007663649522,-0.1432407073457215,-0.70014072338246,-0.03990058632736779,0.09265715911986698,-0.007918955679461754,0.07373677625949474,0.16611315648621366
6126,-0.045447254568711376,0.10485280416534794,0.45860073924315936,-0.07214751451928307,0.0013218883511912746,-0.020495486532814577,-0.07299798796153915,0.13593324192960185,0.05892514813171017,-0.1423518798165983,-0.13802970178048937
6127,-0.12277441932878488,0.6149281698924413,-0.024600793667737365,-0.00992240210475382,0.023166004352496217,0.08797625812775375,-0.08640433185518435,-0.0008363865591479239,0.029319833452644186,0.010793960620193405,-0.03906208283269516
6128,-1.685442862451588,0.12861689770503504,0.02933139986655953,0.038423188915086295,0.09202576156852882,1.9797617677587809,-0.0005990814384040121,0.12552214224457184,0.07465543417583613,-0.02097981412320644,0.012801875913594945
6129,1.6376135028850478,0.008579319306453344,-0.009489076884272628,0.08000112332748531,-0.08341227126142421,0.08702987025623617,-1.0104207059993118,0.012763253011083756,-0.06355897630869953,0.013320485557876448,-0.028372086947248132
6130,0.6691214549275496,-0.04728770713267639,-0.03281789719072466,0.0162679152935448,0.06682577524839277,-0.1065144306431376,0.09322696673614313,-0.03189802677967265,0.04218616752096474,-0.00974431960341057,-0.07882735143382663
6131,0.6023997892413215,-0.047092174416196585,0.08527591289018338,-0.02731393041192972,0.031065677642484423,0.00033281026365293565,-0.004484689461816967,0.02295571499006497,0.03340749168181559,-0.003376735011323039,-0.06754804874568923
6132,0.05049758402011876,0.1490686104076022,0.058036950486307325,0.05667152650459193,-0.00868653801143543,0.08382464926914965,1.2708695256666993,-0.060919310893435684,0.0880135670240263,-0.9057799609911902,-0.06610944387058282
6133,0.17728649732302043,-0.7745612117956342,0.07741040350590599,-0.13812257082163457,0.0009674601338226748,0.00030588315406517193,-0.19213118799113157,-0.08585764601935042,-0.03260369470224622,1.0152975682119278,0.1028181155557339
6134,-0.007081724180900497,0.8819407905123355,-0.18914948432564327,-0.04666942474298967,-0.05039266887125871,-0.0003680610462756164,-0.11395921032068017,-0.653148107149588,-0.028855590961379934,-0.004927502639357013,0.010995577140027506
6135,0.008444631218335085,-0.08477759287958178,-0.05703975052973956,-0.547688913443035,-0.03514155501099836,-0.03046191276073683,-0.040041411138136,0.7962219853159521,-0.08517518092623458,0.0948377417308934,0.007224407202871066
6136,0.06720511010009932,-0.06301432210594089,0.03080411782608145,0.831962288344843,-0.028548148583766836,0.012764617092001029,-0.08374434117699617,-0.0439117697332103,-0.19176807641183294,-0.09331089804294555,-0.42072243933436676
6137,-0.22996630590495934,-0.01929705131235117,-0.011020128677868047,-0.004025455342334073,-0.4686870734957284,0.00011548016917373735,0.004626443504417436,0.00722003637875875,-0.09167154873233174,-0.13066924076746966,0.9569916906223647
6138,0.16637619049401306,-0.07476085379781013,-0.018982011417684817,-0.16129695021233786,0.6199143420486488,-0.059766841489215475,-0.13259545823280253,0.11390393275490626,-0.5363495811874485,0.07758004064117424,-0.00030851865149808533
6139,-0.05856218009728917,-0.04462923396489935,-0.2981015765023243,-0.08910005723337767,0.020674651038709125,-0.055486879853954604,0.18716803331117227,0.05001096777114943,0.4946502466150559,0.23194175999730127,-0.04397167328268237
6140,0.1580597387696576,0.01951874878279719,0.6003506610488164,-0.02257944289171984,-0.04577631293376262,0.047514656517276724,-0.22747150220126855,0.08487491325074184,0.030651580476671138,0.07482247857966048,-0.00781799225090818
6141,-0.03764975678839066,0.045272644645275605,0.004487103974001828,-0.12309096935972431,0.014492998100767833,-0.6203848194981081,-0.0742166094035783,-0.037493087354439236,0.01658589292316914,-0.03179978950621697,0.047544965826158594
6142,0.053021914288484906,0.11343587072650069,0.4109323854652953,0.14011252238410588,-0.004972225629085726,0.09305155624034947,-0.22865357640575404,0.09067096165068045,0.048118192125512035,0.020291919148648987,0.07964325446140885
6143,0.22410700394474378,0.718068213785454,-0.05115563800513931,0.01745388647720969,-0.06851956530350811,0.1910417613254613,0.006783957978494171,0.015978347923100274,-0.014258413242597232,0.01978960803386554,0.0005433271596462729
6144,-1.6438369504083754,0.17691680640508778,0.1225647020291035,-0.13041499924731126,-0.02288198011143376,1.7662363959620568,0.036480758687892315,-0.13948053774706515,0.15576443773105023,-0.010412861960421863,0.1757391235210776
6145,1.4950124184866582,-0.008843135464730353,-0.07583707570501456,-0.060124603352759945,0.017377623405420144,0.09862453988966308,-1.01685901746629,0.06651551026913706,-0.11826543422000352,-0.014017581904393075,-0.16758587675459977
6146,0.6661966453795148,0.001182654595188055,0.10662380486213023,-0.21185115516758926,-0.015753599307284157,0.04131759899473367,-0.028960624255945477,-0.05173618206370466,-0.007695918037765204,0.09852823805085947,-0.007722306736969997
6147,0.5662298245050137,-0.037567763726820524,-0.06756753278316152,0.007836692142964272,0.025005648033178635,0.03399170140420153,-0.01215915030884728,0.05350460419709626,0.005237343525458708,0.020396785807697985,0.017717867823196582
6148,-0.04460573499898867,0.09289356166844334,-0.055855739221658436,0.0391666409125609,0.05918513735393377,0.07034785446420946,1.3652893668259245,0.010291632455396391,-0.052913496119105605,-0.8571004002559545,-0.018912851045041947
6149,0.09474569905961618,-0.7012935502512893,-0.01889888642778735,0.002010449316434291,-0.11088734912502866,-0.10798735227130815,0.012456259820864665,0.005306961472550377,-0.09593177333232875,1.0678083369952351,-0.06484033694411963
6150,-0.09436483315041616,0.9407659173607525,-0.017337673021260245,0.028165624140035435,0.15158388791328556,0.13315674826929078,-0.05579921540711619,-0.6212789153369069,0.07593683104884981,-0.06438889753003474,0.030984320885840442
6151,-0.13272108959257145,0.06758546742004677,0.10654449710913454,-0.6770165495215067,0.000675890823261428,-0.12238561460802422,0.02334776893383262,0.8814546968403014,-0.06422671346624527,0.011477619587388879,0.09483849173609235
6152,-0.3001762183683268,-0.011422054076546215,0.08450569938789385,0.7631130490226383,0.023827754372816326,0.05382517290913985,-0.1413151583579931,-0.09071775843608396,-0.03109101251506514,0.050152356882050816,-0.5256622523293035
6153,0.0928894775715033,0.1002430012492577,-0.007526437979976535,-0.0262380447647868,-0.465854895132073,0.13600286607890255,-0.23394904194178195,-0.030520648007212953,0.0383933867384144,-0.07038615803479249,0.8961970511964944
6154,-0.20858872085901153,-0.145389402591698,-0.02431309642530108,-0.06795953071635702,0.6127787234846976,0.03198121458669397,-0.04469773474950904,0.06702424004725073,-0.06091623076535835,0.021006252131309234,0.04015953528104833
6155,-0.11807734847671097,0.10601780968943272,-0.10762743385861215,0.08208752095784362,0.0035658810012244952,-0.10442092743424998,-0.027156328177869525,-0.02008903736454564,0.481449944701034,-0.01353722709249253,-0.02605181105493906
6156,-0.09527238074874723,-0.12334586090880055,0.6053097649808135,0.18517912351792756,-0.038652442604320714,0.0969772088292086,-0.1332099262603597,-9.537692489982111e-05,0.12234685238351234,-0.11089862944290073,0.030465668052022027
6157,0.06315714078182058,0.08846333183136312,-0.06076618253206544,-0.027465383139503526,-0.1116671545160792,-0.6998025503270019,0.04640682429548816,0.04812822394349036,-0.0894675975707161,-0.04026580807616363,0.022141003353632928
6158,0.06427799688203718,-0.0426275979855113,0.4406988871323737,0.044725627248678616,-0.011428719841696983,-0.09566428065998737,0.06288808020703822,-0.09078533737346968,-0.04296234144325072,0.018332197273075047,-0.06477234980641067
6159,-0.09000801641026264,0.6727465740881567,0.06483246102930756,-0.06745268812165134,0.012123224290558966,0.20089064620669095,-0.05268097197153128,0.08581616035128166,0.06805877196399954,-0.004391750622728117,-0.036362057726316226
6160,-2.112722116562285,0.013097027366682737,0.1401603164336761,-0.04699458633459231,0.13410734978804642,1.9587692809697077,-0.012985552238012827,0.071101891847045,-0.015569244091551583,-0.10432329882745511,0.03094959245051454
6161,1.7034919030463782,0.028156257292870912,0.16903369315644062,-0.08194860911263215,0.05180732587712025,-0.12951115101805763,-1.014166651532477,-0.1444026676023327,-0.02304983653920242,-0.06824178245956686,0.07093180685234164
6162,0.9469952656487627,0.07520190851641137,0.025024936426937087,-0.18630027059580256,-0.032668513819742444,0.12614756786948025,-0.1754111389749874,-0.021961851145417304,0.044158878655458686,-0.06659464756890413,0.07380119606014753
6163,0.6165185284133923,-0.0007104955668838751,0.018914801487955067,0.0013986958944811933,0.04607127532593359,0.04252917400982939,0.00942491703911269,-0.015586832205566413,0.03437685633134286,-0.007898840190952106,0.03867597148264095
6164,-0.04305997760409888,0.0028765039272513034,0.058103890110627096,-0.10493223202912429,0.12764779776573004,0.04235311621866987,1.2861828356854355,-0.016742623738865203,-0.072307332128506,-1.0055705422495043,0.02306163145688536
6165,0.13197960325761257,-0.6356820451355384,-0.12370388548424274,-0.1869071655391166,-0.10436214992324382,0.07372556131464021,-0.13441922919468874,-0.17216344058472893,-0.04856738091120881,0.9320280177615906,0.019480578062863685
6166,-0.17558296273660182,0.9865872170836125,0.028030217966958322,-0.07071753112394043,-0.06357842785173547,-0.17856176531435802,0.030500334716571584,-0.6457672384148115,-0.056083695642921136,-0.04871415638540511,0.10665974428754242
6167,0.1942968549145597,-0.10587654823669461,-0.011159154912087377,-0.4834760280781122,0.025629482764617392,0.10920112316783048,0.2696283216391994,0.7645209023841163,-0.14574315607028757,0.09733253274405396,-0.07179579319351789
6168,0.04348020950157248,0.07929641977897814,-0.09762929175741464,0.7923051238490679,0.020027054426129783,-0.10883790836854143,-0.014078974563470858,0.005221093420069299,0.04294654785480208,-0.12560764566743263,-0.5304596651818712
6169,-0.12735600847427261,-0.09729638503801641,0.09803655314911255,-0.13718780665155025,-0.36946811669280577,0.08966765853370039,-0.007665575066035403,-0.06853078409377705,-0.01983666105680679,-0.10393061906341002,0.8388679446073559
6170,-0.029062990680042013,-0.03644882743668923,-0.21165177986146588,0.02270386934630925,0.62067750034229,-0.003171585907997786,0.1002384735405316,-0.07975039022807848,-0.4867370363841136,0.18886632905902692,-0.01189659292314084
6171,0.09787136200314836,0.12573940706363188,-0.0943865276602304,0.0649929947689287,-0.0036969435146775335,0.3200618885684494,-0.035039441658376885,0.054356795372238816,0.4799813239682069,-0.020060059612034196,0.09804898743212294
6172,-0.22198284720466163,0.052251889366505384,0.6170322627932145,-0.15651566789782573,-0.0006188196304274772,0.14316896136386675,-0.16070299919271303,0.06508842188062389,-0.030180823134906942,-0.16306556476514814,0.10385176225742127
6173,-0.04784861649637176,-0.024516204970538805,0.24004761480350165,0.07812386867001854,0.07556146066043187,-0.6902029494950602,0.01408142024308731,0.0035177221064273166,0.04685429576654273,0.005877757680233857,0.07470339054098106
6174,-0.029235511773386524,0.01870929649223762,0.4225246686702629,0.01576553295979134,-0.03272432874269633,0.02073465981685124,-0.12345866769976774,0.0519483595779344,0.0131685412025532,0.05460774608463314,-0.1428201682451633
6175,-0.09618510758294255,0.7007341239018708,0.012594675024548054,0.025019158601185837,-0.005727179067925957,0.22028231240377338,-0.03503484844744989,0.01541982025277659,0.06828670342393967,-0.019786730143607177,-0.008586476297936555
6176,-1.9085104020713162,0.07465384722960744,-0.012738235800482632,0.04361054705637753,-0.05163167696168668,1.922850833411885,0.03314042333149049,-0.0018443181398699882,-0.05270558582441677,-0.10856020007570603,0.000898312604790999
6177,1.2058379212104415,-0.014554144561297545,-0.14342560738556773,-0.007634488790477981,-0.005175443021882978,-0.07926342029000216,-0.9099836543739284,-0.032657198242125325,0.13683126337249765,0.030226056778678387,-0.0061753656875469555
6178,1.0925439828523986,0.06164256539312123,0.01118009538811367,-0.16216406528717647,-0.025616958294515553,0.008130684008456013,0.016492576932103827,-0.1333062147697241,-0.0366997180024629,-0.04150840736270827,-0.08483873335439589
6179,0.5546613284802943,-0.05901442320211383,0.07960217089499724,-0.034954457738152304,-0.028054863451440315,0.11444113437519983,-0.030638384708260222,-0.012580027916880641,-0.050668349194252345,-0.02477977008071887,0.03586266507492424
6180,-0.032508458905732715,-0.019510187661692404,-0.0996498746176418,-0.032024422468371734,-0.13539409272627412,-0.013660321734202082,1.2588528019623262,-0.0024917940940987456,-0.0171773155178258,-0.9123615945344452,0.100600643510328
6181,0.068295147335348,-0.5938884922569642,-0.04283239900229283,0.03973417892878776,-0.010689246013099087,0.1251424247919376,-0.03287546027150672,-0.04938413075097642,0.09762006191481501,0.9959604672198887,-0.015114589146307617
6182,-0.013700028618132078,0.9367047735076242,0.05925993293244802,0.04654907286735871,-0.04465744377879454,0.14169145040124714,0.007532134322794941,-0.6291568927838481,0.04843492252900551,-0.1250695705307179,0.10105008187986451
6183,0.11801306721212351,-0.06639274402573116,-0.20849749237855011,-0.5870046873013723,-0.04226481541167943,-0.18266333363541282,-0.028117657503376713,0.8102790185204234,0.08158790342858455,0.139532006596765,-0.03076064802170921
6184,0.1977675216794022,0.0019769372328146263,-0.0454720569468185,0.7525714267802961,-0.0031481068828784218,-0.049624208133197116,0.06022975239357453,0.11878344980111348,0.05463488035911547,-0.15805199575641488,-0.521552420549412
6185,0.10850986689574306,-0.1295891372890318,-0.010913065815647034,-0.08783877104060521,-0.42977227488485287,-0.05316229840146108,-0.08361536186656586,-0.013677933181051444,-0.05687194014890865,-0.006773757294963977,0.9271685127679956
6186,-9.275759467633309e-07,-0.09748918414244849,-0.019165461559013854,-0.06641177401650783,0.6054835037161508,-0.06295756712960328,-0.07819457817157259,-0.05639639064991789,-0.1603707250882997,0.1286500055026046,0.03565583880287747
6187,0.011621398136420269,-0.005000718236782317,-0.027047249158042387,-0.0871163359858935,-0.044537588944278526,-0.003213644395239069,0.052110987801698115,-0.07111211121973848,0.4825482407848657,0.04103791561948091,-0.008602093395242974
6188,-0.02593068622808411,0.20724604967985896,0.5430450726171333,-0.07048387495607714,-0.06188989799777496,0.0956734348049587,-0.02065578675267933,0.17521490917328553,-0.031029791680022567,-0.01327219682949207,0.016279406636115337
6189,0.009197310709961602,0.062498803087433226,-0.08468303541484959,-0.04872822632191201,-0.018521668856833498,-0.7059263548349178,-0.0016778270750531048,-0.12673968779229178,0.142663008122102,0.09007367415113368,-0.065688228327498
6190,0.04346743682385523,-0.01707771659469083,0.4230722844593457,-0.07034788415873304,0.0828659964537618,-0.11985397824610534,-0.15811575444844334,0.024483889336096742,0.12700207795344318,0.1592391543596578,-0.029473858292946627
6191,-0.017896649521151935,0.7054817414064383,-0.00032932148426402345,-0.039835382523119266,0.06744855352826074,0.28247526727043837,0.19021624114963753,-0.04465645845427496,0.0008760262157313536,-0.07240919453494413,-0.02299144538574143
6192,-1.9025444853719549,-0.01761386699897203,-0.06151286845066993,-0.08253908938612754,-0.04079549433906334,1.7410690739056849,-0.11783399271475879,0.05406759880463381,0.07309305405658059,-0.026940885625618194,0.16153692530139224
6193,1.3445603630261254,0.05288676030249729,-0.08722440941751348,-0.03267100031234321,-0.033097227448795764,-0.025163078447888544,-0.9095165491104847,-0.015538941160720323,0.04620289931201112,0.12580632474962875,0.04475623989935846
6194,0.82893157743387,0.0899334312802909,-0.011877036169124344,0.017847032676927763,0.036086077042427014,-0.016567367962716927,0.011169716022322054,-0.07222962655876991,0.10992360085102233,0.09300952552231014,-0.03686103741138408
6195,0.6476555510224531,0.030821282990257652,-0.07427341757889444,-0.07539694722003364,-0.06866508523111597,0.030131478590177875,-0.028836073463208912,-0.04054574677826563,0.03573596125503906,-0.0020936402901506296,0.0016728597851303987
6196,-0.17285646259201326,0.02547299216111687,-0.04446786831381703,0.03524648666609992,-0.027954885550576014,-0.005735488002863144,1.2866548269797369,-0.024707478950360847,0.20272383096429314,-1.0167288846954157,0.03480155346444351
6197,-0.22639193764753965,-0.7846333709541906,-0.06610938424667749,0.04032117637153472,-0.04320242931416478,-0.05251274645783359,0.0153758165942791,0.03162355711905194,-0.050479745350247865,0.9816977486199197,-0.0006050302872280438
6198,-0.22795461623171717,0.8326308033640843,-0.09395644373031989,0.002801971129839347,-0.002955484118875417,0.01323323997747659,0.12859793885383977,-0.5947235569665269,-0.026790267487212742,-0.057538898321328254,0.02530242409762904
6199,-0.03372071272657327,-0.04442605850276928,-0.05483430040474721,-0.41079586337948637,-0.0034157347911718894,-0.12375943615648866,0.07726645834766238,0.7882630266614649,-0.08885777610093895,-0.015378130079100376,-0.07651465350472941
6200,0.11236901958862645,0.0031080063642834493,-0.01693919673481953,0.8515883445711393,0.014602144850994193,0.04917546849202425,-0.047427570748255946,-0.03997372111830175,-0.10146701546890036,-0.0020522684558922795,-0.3690600422189406
6201,-0.08861653678426618,-0.09823324858094049,-0.036667089795475866,0.0264832456587795,-0.4594786208198815,-0.20376233647012038,0.0420516824151123,-0.12789412291584018,0.1124128869656938,-0.09645555647128642,0.9096310991909102
6202,0.14974247673005323,0.1531574960216497,-0.045828504260747124,0.038491581170200885,0.6093816454741926,-0.14465720371114366,-0.12151189155814456,0.13173768332729308,-0.025729300649790676,0.07114184174265524,-0.0028100888384655458
6203,-0.07344517360517638,0.07376970850231043,0.11602851872030372,0.1567695368515007,-0.07672494725298053,-0.021649897538697966,0.009310410948029915,0.006792249687632285,0.4557205085033776,0.07935053797539618,0.05207838931864423
6204,-0.11209917549501566,0.10275486025551965,0.5934285430258097,0.11747861717744518,-0.032335750112816336,-0.04709579283239802,-0.11961949188621723,0.16721661690817538,0.09610647488702675,-0.05715337095354696,-0.09706901628418398
6205,0.0754239183168043,0.023594243634027994,0.08188622169645378,0.06150717825582835,0.15198533233063044,-0.6676566025495665,0.07238744181132696,0.11314695148072297,-0.027603285493035028,0.07285978791763009,0.025209213447161045
6206,0.02972900196247023,-0.057718611302622846,0.4336072431256895,-0.0610969328245843,0.13524026109180184,0.11836380177785215,0.03503468845719347,-0.12403931466707824,0.04096852126750117,0.09178758239377219,-0.08047337570431207
6207,-0.17004092355750697,0.657518218828636,0.035629806353544353,0.06259078158811875,0.07429754803702251,0.2173968623498163,0.24312044501833935,0.08358307751392255,-0.044853767786322246,-0.052906258404083584,-0.07522310891380574
6208,-1.752673839270615,0.03355837385178442,0.0463776902933873,0.026706757208418197,-0.1455939956643409,1.7035420158380326,-0.016219044384460948,0.11567701393610322,-0.1470477583793435,0.10994061161596749,0.1475362826616219
6209,1.6525679261857968,0.017306806885778875,0.056357909982725864,-0.004252780372353085,0.08859882310010597,0.023684475958029992,-1.0204745040624505,0.02128803511342738,0.03984331730072743,-0.06321725918186491,0.005679375612700749
6210,0.8133653690156641,0.06724151557352727,0.09250800915923581,-0.06944644663695161,-0.1317534814598758,-0.0007333133381713028,-0.12765125845895192,0.035921062720500545,-0.07885782133311879,0.06146055772335666,-0.0865955870676817
6211,0.591416895262715,0.001335853592629813,-0.046741973404372736,-0.009166406412808421,0.004690336506053753,0.06836711927778634,-0.007840800609877324,0.023383930829235122,0.00763833652780687,0.03364555659762521,0.02296854938430522
6212,-0.015020491131216106,0.08325326947316433,0.08086081328121143,-0.06509831992898434,0.14263232254136873,0.03391178040706682,1.4319600495322584,-0.06002793992606549,-0.13870285622205575,-0.8213958159809511,-0.02810279075541222
6213,0.27001105966983296,-0.7442299160373729,-0.029281640595089805,-0.018196134791635545,-0.1290158537663987,-0.03426439092134325,0.02728302651259292,0.004003375715388386,0.021513811288634218,1.137310064016594,0.06899886249647466
6214,0.10678351566369895,0.9544406073477162,-0.04258197201218808,0.07002658114920378,0.02274827464304745,-0.031105085926258193,-0.09934515664704065,-0.561314231837238,-0.009044332695122701,-0.10336331865494197,0.03262759108970126
6215,-0.05162108261372255,0.016568475765524653,-0.059372850024634376,-0.4626690760587506,-0.10828962166907123,0.018977682025196244,-0.012312169856969282,0.8686593885544251,0.1388808906240261,0.10863098211061303,0.12794016702110253
6216,0.07835113432952386,0.05028874138844055,0.0003445417639655812,0.8426573347484759,-0.025175518726191237,-0.027045456441280064,-0.05170624870058775,-0.05859447431380803,-0.04226476242720731,-0.007320841359556823,-0.6251545285242942
6217,-0.08981398735714627,-0.11948717126291532,-0.15377101442130595,-0.006857195604017586,-0.7008794342046656,0.13950269585285072,0.10637810109470823,-0.02900620549400794,0.11062253448807487,-0.08331710301911292,0.8786127953265482
6218,0.09045693639060066,-0.0485861696275599,-0.021433354828718894,-0.09348404274465072,0.5575938733017163,0.09265178578515354,-0.09319549487115004,0.08224403285332407,-0.22267246126064327,-0.04525340016946626,0.0035396688956359987
6219,-0.0032372544530194242,-0.07756317666945609,-0.06987615302401146,-0.0881158816483241,0.04171921804188862,-0.008539962543918644,-0.051303551858263734,-0.0063695678731570254,0.5023275734696327,0.032909954590430626,0.010514285763626289
6220,0.17337671572429358,0.0795947961809478,0.5086355757282602,0.00630152642110071,-0.011679952831533738,-0.012724600248549241,0.05219655511984556,-0.04279617104455083,0.002800367969858785,0.08493656821486328,-0.04477117506070256
6221,-0.03524019139943085,0.06572200322053294,-0.026285007188452787,0.06811598942366838,0.07897290367741702,-0.6365670324030529,-0.06017039903852874,0.0036614290280450818,-0.09761054327868066,0.025886729895545836,-0.020558815881323446
6222,-0.2651021327411418,0.1394505137739215,0.41005619574644214,0.14871952582767164,-0.004212067796824999,-0.047039325058537355,0.029290297551378467,0.08478496096232001,-0.03444495767805153,0.06328057485112527,-0.12087854698882093
6223,-0.10903475033291667,0.5956501537109842,-0.028853620162294594,-0.02564902211564711,0.01237648193900316,0.15164119666844933,0.1512304634837987,-0.05600643835733414,0.0716577974878791,0.02323304667864663,0.05187998253675625
6224,-1.7086568830934807,0.10699519924234488,0.2123663141087016,0.02904593585652476,0.08936903417274403,1.7725486825723025,0.02839351537358109,-0.013166895268481039,-0.11462758805410388,-0.08739746083148996,0.022026620006451537
6225,1.1845722810355679,0.006013425079636607,-0.040273597534593523,-0.12647527659333296,0.03006726272681294,-0.021400637047670944,-0.9946526717932656,0.12071734378173785,0.04229953636287859,-0.11482651304246705,-0.061104585492282815
6226,0.9836749881890694,0.016850829656793347,0.018126485075936335,0.17683765225006481,0.12205018728378582,0.1866278441668065,0.05038184617656069,0.16862960971663582,0.010615329460285549,-0.054253690361603046,0.12964520737026602
6227,0.576117942325436,0.022206010932799003,0.11764137745616694,-0.06206743797027591,-0.01687304430491099,0.042273755994224435,0.01576408918091344,-0.023193628879302833,0.04324996926584848,-0.03867393666483928,0.04359628382110051
6228,-0.10258602735758927,0.04934470150729301,0.10847406246655114,-0.08554551075746714,0.015457597652504823,-0.02253560595356606,1.2866217311694121,0.02419197113525984,0.15350416663579805,-0.9436016323475919,-0.2548598425834902
6229,-0.08626301571910899,-0.6387761614487524,0.10922501939137848,-0.0366861744018495,0.07517367828997669,0.04588898256664682,0.04446731237510673,0.08543062015500238,0.12144836577914844,1.0181600272280524,-0.020944357618937537
6230,-0.11067777832470306,1.0173885969541363,0.012955506099276187,0.09827242406401542,0.0640703439228406,-0.05504068875367523,0.007630986877706839,-0.5446803321250074,0.04601131694412981,-0.20523210216483362,-0.010819449568296065
6231,0.06365372753850579,-0.06557526282773964,-0.1484681260359237,-0.4942501639612326,-0.11436787669986193,0.08835493951384943,-0.12278095733134019,0.8544421329277924,-0.06366369059875712,0.049402119746001054,-0.027392108636680814
6232,0.02489042061960208,0.15252807175909303,-0.03561699167070383,0.7802582610067933,0.06574386046202361,-0.07409622375461067,0.10446993971541696,0.009027781224059794,-0.13039469010329424,-0.02987461455747397,-0.6199917656206548
6233,-0.3395450156019084,-0.010401858860947182,-0.07214445635883948,0.03266665024086747,-0.39909606311593904,0.05384254511783739,-0.03122247832898241,0.18187699358111517,0.09234375989614094,-0.1838353723377788,0.8837549401643559
6234,0.0743884910567303,0.1462264905369272,0.1514972119087821,-0.046358600891344394,0.6177946952403166,0.2980308618770061,0.07356722399453675,-0.1533305209707451,-0.22568501377622932,0.19821539485333084,0.03877683670287841
6235,-0.19513994674410987,0.0929260840979644,-0.26748447415235427,-0.09483829701946803,-0.020192313661297444,0.09076218859355166,-0.041534436108540455,-0.05008302034386514,0.4456985392696514,0.012002176779617273,0.08931664491705667
6236,0.19135038666383014,-0.05520873233066446,0.5747555354256979,0.010617775975575118,0.08325613635807491,0.04425220208456067,-0.08896184761815278,-0.24540547958548586,-0.12176116953902813,-0.0044569084016319715,-0.0004672376437970093
6237,0.11269048985048646,-0.00447878966921237,0.08856695958614773,0.008906798480084393,-0.13905681452649882,-0.6487904532484007,-0.017579169004888776,-0.06491178777256922,0.1554539365573873,0.044561300883028114,0.07037369470611439
6238,-0.023367254911476506,-0.11735500088377916,0.4188233663932789,0.1649384502553046,-0.0038313929019609247,0.026161846248450055,-0.023906587914413337,-0.13720036732103588,-0.05050141204823225,0.15313354595823203,-0.004392556746074791
6239,-0.13948392667187937,0.6669744981678949,-0.043909079560208925,0.02473590778348393,0.008440461446264574,0.21546450062784794,0.06476400331020662,-0.04329712690307416,0.09423631898981677,-0.06310292059360768,-0.020290594334381733
6240,-1.8532657629791203,0.025414769872925867,-0.014085254534418879,-0.12313408991536941,-0.073921996230103,1.7056958042878205,0.1819945412458086,-0.030850779798191723,-0.07157365156145906,-0.09506555592665066,-0.059652159966275646
6241,1.493083250046208,0.10276227396000208,-0.0467902504362456,-0.05498872677488815,-0.024775593242829273,-0.039589606551398114,-0.9791880582378122,0.02894427991664848,-0.03682334418829853,0.007268058891502773,0.015836940178150547
6242,1.0191516785505363,-0.05292399434741476,-0.006696262178610376,0.002455861146589817,-0.05027772368696998,0.16980127287123087,-0.04272895963828419,0.007935010159109765,0.05346291317265778,0.05686839760769078,-0.01793653726970082
6243,0.6174316885077549,0.027037880481366183,-0.052079653054495474,0.020573961031937454,0.0007344458029096062,0.008049506847984885,0.03073776295381681,-0.05064671455911479,0.056501438022202075,-0.057003362112013276,0.03136943133803796
6244,0.25092899654169276,-0.05676128900098301,0.07337673103766114,0.1262623274377362,-0.006474023421693214,-0.00462752823305189,1.3588002570242481,0.09701848911933057,0.0527445995857943,-0.959363571331421,0.10246477115976232
6245,0.012426760680162713,-0.5180176452230056,0.054214001820427765,-0.013678571752097834,0.029787561989712854,-0.08101333989809062,-0.2050099586436736,-0.030598020972773428,-0.07266393467220428,1.054462128598396,-0.016961824914297208
6246,0.10145667955292369,0.8546284879691344,0.06923717166944299,0.04680264648714516,-0.02556582497382795,-0.0892274315771099,0.04427068890394428,-0.6886000267030783,0.014927755938318073,0.008368429142260164,0.03602733307497517
6247,0.04357180798967512,0.1390681214521331,0.07176472507527087,-0.672708815197544,0.13878226932875512,0.04430529018277287,0.17344306851308802,0.8623943272415021,0.10264167394337886,0.027717664085998246,-0.05030126797783568
6248,-0.03462396114129432,-0.21357915555829038,0.027962506109809302,0.7809353200053013,0.0072622101957897115,-0.09978186014100683,0.0029977136123205727,0.012938926035963937,-0.024382991046049327,-0.02276505535356623,-0.7010647994153552
6249,-0.0061969675468926295,0.09616733037557784,-0.06335510938346266,-0.16797912697726938,-0.6795280493326428,0.07796116445007165,-0.16264293694058662,-0.0506020704977038,0.01602131982143775,0.01526782557856932,0.8874823607802498
6250,0.07246786673747994,0.015403613006131382,-0.10152942249263601,0.04493650811458074,0.575087516495865,0.17435409960304604,-0.11626988722646835,-0.08369916624453093,-0.5263327909206479,-0.06977424102343767,-0.07813980300190093
6251,0.026479553997245935,-0.0067051683264320976,0.05960375260416599,-0.03378265029195472,-0.023782456672966013,-0.1914754954622634,0.11411542781908252,-0.05519859886033943,0.5356437635402055,-0.008353072748127119,-0.02675102514881798
6252,-0.049886445275414595,0.05579900482140423,0.6089004064564462,-0.15772902718006265,0.04751989716399996,0.08570813321908148,0.04359810543714351,0.17058036517318956,-0.18003952349091218,0.07813962087306692,0.04444798420888266
6253,0.04376674655298669,-0.05798421907456461,0.0037275344079251405,0.04350567189315226,-0.02129930504347826,-0.7197871545119748,-0.03897657904604125,-0.029950738437723803,0.0927731974182032,0.04475809454073646,0.07275769340443551
6254,-0.16985035344535818,-0.06708230605508125,0.43679741672449107,0.005392758124751712,-0.16594203017858689,0.04113561917838305,-0.06876700282924754,-0.13997998049645113,0.018643581196792054,-0.044767659786889305,0.050392216082330424
6255,-0.08736384587494703,0.7078715516202483,-0.055195016505010554,0.0020538125378379217,-0.0051864765019549175,0.038721704575810804,0.011727572804113615,0.007675454522708976,-0.03306837656366579,0.016937605069010785,-0.07856123601988324
6256,-1.9561075207122482,0.09091663819319087,0.013279999824393564,0.04281206716910594,-0.09870158228272605,1.87035251500409,-0.1039757911856812,0.010992969192968084,0.009951024442718288,-0.0368508496232714,-0.07587591087469486
6257,1.288180431201956,0.05663517460968823,0.041541523723457874,-0.018242172417965823,0.09127956317652923,0.23772391558025466,-1.0339694616379287,0.047364263140776054,0.04929870619871473,0.03957050175944578,-0.0744785695212136
6258,0.7661868146642791,0.054278250173286975,-0.0016186304975503072,-0.06985043332093836,0.05062586947490484,0.012476008027282402,0.10685626602147107,0.07389598920441584,-0.17411449317498665,-0.011315044520407526,0.07762870025495328
6259,0.6587159402077399,-0.017564789491779528,-0.0844803355272177,0.009384855511084329,-0.009520503746303715,0.07626898327911907,-0.04213318977165462,-0.02376388040117452,0.07865361414681538,0.039967285785487264,-0.030984043755520167
6260,-0.06560021609294092,0.08685051620399577,-0.12545942480087696,0.03255147008925863,-0.03508309152404851,-0.023241436257697264,1.3199481796257906,-0.07555904444649278,0.04771406680069149,-0.8603266059466438,0.08185994668078893
6261,-0.028954358894273086,-0.5396177003021687,-0.09485405308456225,0.07782311863946365,0.09329242893623926,0.12008799451367651,-0.026846845885592125,-0.034217453135698406,0.21757338368730372,0.9380824957605608,0.09904284060178824
6262,0.013940723632264531,0.8551314350805957,-0.09107712694124243,-0.02857564820041458,-0.013959730634777835,-0.13026859751770528,-0.029735981014692284,-0.5745283663119345,-0.0882356381902259,-0.06741959555639097,0.04227959666251561
6263,-0.10896638242091969,0.013689693064406401,0.09414156270688648,-0.5915662731194686,0.005156985268766389,-0.15995813280609295,-0.0759482278098763,0.8314064112964059,0.04940150893461598,0.028814138536133845,-0.06878675659365455
6264,-0.07730925922767916,0.1038327896619002,0.02264605708202897,0.7687169271915787,-0.0744041327845784,-0.0741511421906726,-0.10251145424554683,0.10652482014056996,0.010523034262087207,-0.09112016623739744,-0.503648345101273
6265,-0.1514556866103802,0.025210030696416655,0.022172163945793747,0.07047397800526761,-0.5191219070730662,-0.03434763537131749,0.06485248904156217,0.013763591592084696,0.0859295220407187,0.15775018052565595,0.839275259252925
6266,-0.17430929985449947,0.02366548058380244,-0.017583394315198026,0.012353286026958628,0.6400157972272186,-0.01864478309522543,-0.17626999403163326,0.005179681239012827,-0.41491271267075497,-0.22315176775216275,-0.020005545388615154
6267,-0.2854149100579051,0.06800198039777267,-0.12776456143659717,-0.0795296312928068,0.0007443114224125432,0.01722017489131726,-0.022689472528721583,0.11910426355568152,0.5315123556246976,0.037258753642443306,0.07980447613852648
6268,-0.06749664937371723,0.014360974375926112,0.6153344779713565,-0.050857772081789474,0.21779596884609373,-0.12521251092467153,-0.15684813536873995,0.189716434589482,0.06855268444205226,0.3018477872253111,0.17369400418147604
6269,0.029064841096874044,0.029292365570537358,-0.11012731214189413,0.11842193204642396,-0.13742256762074503,-0.6952468486149319,-0.00039195323996946336,-0.0646360657338675,-0.10368336806695895,-0.007968355529306866,0.0723417023070796
6270,-0.0906156805177742,0.036642634222566105,0.4571366951741914,0.02663270542899792,-0.25643769992275406,0.14792603421944564,-0.07395153363789987,-0.040268931523978986,-0.016295585826952532,0.18055223140654694,-0.010056435889933178
6271,0.1090076070166384,0.779526215033147,-0.06526499488389575,0.02565350783742773,-0.03353255085731062,-0.02678534620487441,0.08114019287559318,0.0138401924634308,0.01781235567200856,-0.05740953558212869,0.0009617093951246555
6272,-1.986327721276301,0.16717628601331713,-0.16555029550963574,0.04023227364412885,0.19336724262550048,1.7814833036695537,-0.2481241553544072,0.09188905327253431,-0.19044775184656687,0.16160941613354976,0.006246000303301534
6273,1.6830448882445228,-0.01808138149671817,0.035800828964878004,0.06344521164111006,0.041919410587279986,-0.016442465980852014,-0.9359988108045145,-0.08275956009183077,0.012855235128226918,0.010244031088112684,-0.031467289505066075
6274,1.0267824235141298,0.02861742444802365,0.1409171802327672,0.09818998117074221,-0.00925631686266416,0.16717084755728134,-0.0297749980591528,0.05521050254479503,0.10007050521525875,-0.06244623136755214,0.07351215986253726
6275,0.5551599577003782,-0.0880450565320121,-0.03448740378115459,-0.029420029818955355,-0.05637612366698167,-0.007208985227199982,-0.034826661850936476,0.03258039942784128,-0.09010668399765655,-0.08769345893676646,0.003510053216737947
6276,0.21619013396451794,-0.09703065101773382,-0.02063140633642333,0.0021531823240535904,-0.0077083244477237425,-0.16072878018457204,1.3464305081397931,-0.05408848695791696,0.002224724592086506,-0.872232868578151,0.15007526795767745
6277,0.049170485173693705,-0.8859410692543586,0.14326585418416077,-0.0017678222273975683,-0.04537135551438224,-0.013064938150355587,-0.1444523987432223,0.14521880593258288,-0.08818294444683905,1.0624571497507393,-0.0069602391802629105
6278,-0.16494346761522183,1.080107179117499,-0.061341789073602465,0.015212834656506236,-0.01855303994867303,0.01499506588713121,0.08407167875158261,-0.6183489601001828,-0.06923707294413736,-0.0323025527890781,0.0330187537299343
6279,-0.14781914862205425,0.1274579759447342,-0.024100517746651565,-0.5642454854683582,-0.00874173921045719,-0.09420810203935956,-0.024545854101995564,0.8484811846122166,-0.07947112283141704,0.012000793258099508,0.03295318099746297
6280,-0.07193821288140859,0.13238490697687497,0.10778862339546694,0.8017430261582835,0.011554228006166619,-0.043208618172142776,0.12456661391430504,-0.09470013139563917,-0.1434017839136012,-0.03810489902931929,-0.5764721966747978
6281,0.007986271426057972,0.0038622555138932034,0.09733298143194574,-0.08389654582604229,-0.5517541617076331,0.2066553005684087,0.2765683678684522,-0.12252492867956898,-0.08511087844449265,-0.2083440270004332,0.9172933104192927
6282,-0.07437002513544366,-0.003612041778582489,0.0008694917589564637,-0.0959158062934324,0.608694732982732,-0.06504394915498757,0.11485610464015643,-0.13305738055851382,-0.27083364476992067,-0.057825230004839696,0.005304472819674131
6283,-0.07886172476036943,0.01821829687386193,-0.4225961035583997,-0.0363026762606516,0.02036195189421161,0.15328447736184297,0.04804891481500384,-0.0715196424330881,0.47923667090352534,-0.06897435179450918,-0.07327067719230469
6284,-0.04721427467323943,-0.2011668460112062,0.6170669114695905,0.017854377655695013,-0.08976537217590458,-0.09679091403983434,-0.028023008443897907,-0.0074410791755472,-0.04803526548191942,0.01289277398812163,0.12446394951281108
6285,-0.012549099892667292,-0.15051901733334666,-0.1020440768737282,0.021514343308399443,0.07653087414023682,-0.6781503162526005,-0.0050821469740367445,0.003226471291569814,-0.07907777303415083,0.06108347579443815,0.12058292398513933
6286,0.05001549638544926,-0.15779344753783106,0.4101848744911445,-0.12256862712779533,-0.10504982572610626,0.14942572590969724,-0.09689353690397864,0.06001360906596142,0.1353107381418355,0.004835537864330763,0.1648878122744405
6287,-0.05267441157882182,0.65232462726064,-0.05562794085756496,-0.025805148754096195,0.0915374568956768,-0.11524851919795882,0.18921753249460316,-0.06273538752088324,0.04382292776875374,-0.023159519807378508,-0.023408044007664306
6288,-1.967222186964043,-0.023703703216991306,0.02822268697778516,0.066999093629504,-0.11126475826435744,1.7578697824128215,-0.22756894924732077,-0.12877437334094533,0.05511605956619671,-0.102879503001325,0.1891407318276899
6289,1.343300604055197,-0.010123094584424602,0.03821231281308506,0.05967369276617931,-0.04087264742988974,0.057220137648770375,-0.9748817287560434,-0.012117467149717683,-0.060233603237444325,0.049234778811386305,-0.1035812401846587
6290,0.9654156213172402,-0.036178094267051965,0.057077032169660834,0.08223543184038053,0.12239442683810438,0.04683610195594072,0.17949269897136552,-0.0729146998786817,0.0100131406988671,0.08597854711841149,-0.03172250490541552
6291,0.6195245129642477,0.0567757244141247,-0.08633957694005581,0.008323061092080489,-0.10193427474289464,0.145098320578532,-0.01270363125630775,-0.060660353847033485,0.0029754872069155704,0.009033754422529055,0.01260566317938238
6292,-0.2593703199422766,0.023551890535335192,0.005400792538147267,0.04741643338207175,-0.05909277534823305,-0.014604929977520045,1.0792247904896188,-0.04457781205000791,-0.06103221388336794,-0.9889694948512888,-0.044055242383983395
6293,0.12512593710605313,-0.5553674301569479,0.13819925231757854,0.056485448357448356,-0.02937697490955439,-0.0635097012238469,0.08430160027582212,0.004223939350998239,0.07961783461109338,0.8971048068324411,0.004859779405410644
6294,0.03350931596757293,0.9291257836713915,-0.040303612219179746,0.011504904898776062,0.14172864834150084,-0.1073109823856415,-9.294253381273397e-05,-0.5838115231031892,0.00685191979622575,-0.004325754714420159,0.11879885272102604
6295,0.09362886349366503,-0.1495840401695755,0.08117470647721238,-0.459773129010324,0.018840428963935903,-0.0033676675840233414,0.07823860413832369,0.8983318137920887,-0.06938538856126464,0.06476387170857481,-0.048148581408907536
6296,0.008201068728276504,0.011362195084431327,0.0684436548783716,0.8114805141581237,0.02105639543397215,-0.09734249496638597,-0.0408625256292977,0.07838032264607482,-0.12783667428783252,-0.0016880823103204543,-0.526705651774703
6297,-0.014870453928249911,0.006823433769637439,0.0945315099153744,-0.003695987163740376,-0.46873436433289606,0.04263423938990972,0.1304734059010273,0.18446736987417509,-0.17659153005403186,-0.15561329012631647,0.8652730246541859
6298,-0.17803482576902865,0.22393441712250853,-0.08500567369661752,-0.027551544385349618,0.6134953536340472,0.027664423108332413,-0.0668064742716591,0.09086001048519929,-0.39931232307498404,0.054340501072424226,0.06351072580196251
6299,-0.1818232518900316,0.0752168511301595,-0.11912217614720434,0.07195101843352371,0.09189083141909683,0.1919130697873642,-0.09990177946191799,0.10592540095101168,0.5213003736535777,0.033485034303933146,0.019979329010954817
6300,-0.006395084186234995,0.12541271295642262,0.571751962634031,-0.03166747753726751,-0.013838041140628487,0.18027892060884484,0.09347787580102236,-0.13105757346531052,0.0654404960549339,-0.1696552354179105,0.09275615606308507
6301,0.03524573351213554,-0.0556734885436105,0.019659065486656125,0.08977756701522525,0.01189791229955117,-0.6576716286235932,-0.08206535103463894,0.05637886405860608,-0.07230352057464963,-0.023875662701422606,0.09536765630931186
6302,-0.07820511165953775,0.004927993043517109,0.40813358680296563,-0.2635786239116903,-0.0045085584169065425,-0.044864799132455654,-0.03566379362636937,0.05933424225567379,0.05137255072096619,-0.028862443322977716,-0.07751312305201186
6303,0.20317700247610457,0.6888369522285843,0.07558115750882348,0.03330756886867381,-0.004857959413212305,0.006901979371440353,0.004786548707346551,-0.017827490684955656,-0.01220599998219957,0.01438873188067075,-0.05469814577919701
6304,-1.7720832000691455,-0.0630712685579723,0.1081544123319513,0.0020354935597378947,0.25283968812518975,1.674428588065136,-0.1119894080076977,0.058521820277345676,0.13451825204776008,0.06425219262788695,0.09841957705706522
6305,1.3365538867435067,0.0823402708511584,0.07341547883034424,-0.116742441536333,-0.20687153943368866,-0.04355041052503594,-1.0262742883352034,0.018338347530043642,-0.14983782327524042,-0.07563850106863318,0.009488039844901021
6306,0.758334884686884,0.009540404286669501,0.09189480988428544,-0.08265128222019788,-0.2110374236937347,0.00960253289979245,-0.029055703660898206,0.03478399706094612,0.03574225360855138,-0.1327011874635276,0.09301249546171853
6307,0.6440442927773765,-0.040572670383372755,0.05674376610880163,-0.041558949763004074,0.031667377399223144,0.08965274197059009,0.009792107077207344,0.004334333391539415,-0.02263205822692494,0.02829459449778414,0.0408830374940548
6308,0.0808055406094761,0.05437322497254968,0.05418517466857147,0.00962310062039835,0.001701255992237563,0.02051537748864942,1.2511578705013466,0.0833035957856336,-0.06592823211294385,-0.9599583312465921,0.005058505323439615
6309,-0.18807839003451504,-0.6987701823248338,0.056771713265244925,-0.09760175151124394,0.008394952708957201,0.00676509608523437,-0.024391231491255022,-0.06101227065273399,-0.00234722316688617,0.9705577524883379,0.04105218647333346
6310,0.00879976710457833,0.9804248205724608,0.13525383128392882,-0.037655262606858184,-0.13054107523195307,-0.12464880303283024,-0.025012720005469766,-0.6754293432398359,0.07836007394051424,-0.03924241953274569,0.05251059121168715
6311,-0.017610753736399972,0.052116393250453696,-0.16203681960639355,-0.5549183236149294,0.10417548408883882,-0.06990683944392581,0.08254231699002347,0.7693732477235776,-0.004341684872709136,-0.10934924311517474,-0.016018169834330822
6312,-0.04607365953212822,0.08985674846890801,-0.049257868149552374,0.7882046974539574,-0.008843674133873509,0.2043549923554052,0.12636593180851818,0.028579489112761997,0.046981055743461994,-0.07833878694012157,-0.43069638404741817
6313,-0.05126014133051558,0.05612052558347391,-0.003984829267123003,-0.09298135802571529,-0.43431316326412983,-0.11006750969623255,-0.25010623870445003,0.14107666802647897,-0.0792508651525353,0.04714836408195453,0.8749852849171434
6314,-0.010741848185449066,0.14466606757860417,-0.05643662250649488,0.0659067288717912,0.6015697626783663,-0.0032541407374175337,-0.07581201206595656,0.09023563392477554,-0.030617002109563335,0.10692585206407368,0.06557600870034186
6315,-0.12131768600563841,0.20700624874208384,-0.0785097252452152,-0.08638439442948792,0.007067926194035923,-0.07083748089140549,0.1399905386674745,-0.007641726850316713,0.4679466677872096,0.09327278035158995,0.015512773013915125
6316,0.002976303582693081,0.07480780500309823,0.5230721532958925,0.04656106981275915,-0.019257724538267677,-0.1500414134355688,0.07710636898621427,0.02672091263234662,0.096549522580588,-0.020486910917999285,-0.03596940344134174
6317,-0.005288463814261193,0.06019267283160013,-0.013287124946659637,0.07163157288797606,-0.1042912096372706,-0.6346742577086827,0.02717154968612432,0.07565267571365068,-0.054905732964710505,-0.0821697189176062,0.12776330557876453
6318,0.19616629541826358,0.04179545870570024,0.4226190807017443,-0.08668869012216994,-0.14243344010303394,0.10341144821126834,-0.017419789260142024,-0.03121372028960195,-0.038037468815853306,0.2589602040680566,0.05257726998563793
6319,0.06092943125866916,0.690599462690305,-0.013281750672526153,0.10575997954218741,-0.012563659048743417,0.15873743400102558,0.0015283802335249348,0.05346389192779262,-0.008988585589924264,-0.05396079068318532,0.06568956175386251
6320,-1.888608377947934,0.034910738591934595,0.0713596627785431,0.029235856841015092,-0.006962060399003311,1.5058355639674603,-0.14297536706026,-0.0019220800670349068,-0.10758654254656926,0.11762933602930324,0.015105551159754272
6321,1.33700269710794,0.011850089378114579,-0.02933111477915147,-0.003685418736252358,0.010028765286045061,-0.041604757527504824,-0.9862946011049141,-0.03906578829026903,-0.08886553374460902,0.036294292713718423,-0.004253698188985765
6322,0.7935234840073029,-0.15689684500389692,-0.18165922735641343,0.12142202813046876,0.2213435369314946,0.17786150312826948,0.06245483903521139,0.07120705646706502,0.1076021170584208,-0.006422958906256402,0.06325892640487571
6323,0.6032703016860311,0.0009738008193175812,-0.1261155142792495,0.005415605894298845,-0.0032360391939955883,0.0022117314559715676,-0.04632798509060706,0.0341072363863435,-0.023116265990495176,-0.0037323834705362863,-0.04369069386548115
6324,-0.13714299454052126,-0.008510007037641012,0.01700999690509117,-0.01712894727268403,0.10758411525840252,0.025033865478461738,1.105977488954667,0.06460382942012445,-0.06198242609163662,-0.7698031398773333,0.054679523862688414
6325,0.040721961125927145,-0.7133407764291341,-0.008297720129662858,0.07122800747345658,-0.007265189278528387,0.201923172860316,-0.028663270458103164,-0.07772428083143137,-0.061447924478037395,1.0242790652155211,-0.04598318119291343
6326,0.008880271454281573,0.9284999792894564,-0.09387821797871365,0.005281296076195056,0.0026376814053419738,0.16183427380693197,0.05584725053114454,-0.6277425647769438,0.025867755524679202,-0.033080574722925006,0.09974597373638695
6327,0.011329384255216821,-0.02909883041064369,0.0037571981054644035,-0.3548166100102027,0.022808502205231167,-0.058176441176014095,-0.2551269428930622,0.7639084099074803,-0.10039560071861246,0.1103331091913842,0.0598457792350301
6328,-0.051461143669561525,0.0020052229080678497,-0.17277406944580553,0.7862847324220169,-0.042565760728926726,0.062158303046405836,0.01819206239959139,0.0001934166882771431,-0.05637095837306626,0.032766157841330266,-0.6082584935616144
6329,-0.11016764956543168,-0.009411020859621103,0.03452455955397802,0.0006595085057477844,-0.6930135412642436,-0.050104429452546825,0.026038195585356156,-0.09115890099166223,-0.0795670050928074,0.015199820242635245,0.877246460644201
6330,0.2385192018665207,-0.005469101398764354,-0.14885953207420696,-0.061670649117635465,0.5764272064616132,0.151616128966635,-0.017034555459415988,-0.07328352832728069,-0.23023784804112862,-0.2144120132223654,-0.03663824146464578
6331,0.2646186714194358,0.12489640951583544,-0.2990628631118705,-0.06775836069533624,-0.012051628921844568,-0.07016427709730429,0.08846513784132196,-0.003751513580046422,0.46311557232823597,0.02205999264221046,0.044997504425207294
6332,0.08095519305314972,-0.20809285470683334,0.6205237842801821,0.06920283710416884,-0.08777794126451403,-0.011211720073085693,0.19385695731128477,-0.09866762958552558,0.04292671305943491,0.1941872203553806,0.04591514361689531
6333,0.00862244371640758,-0.04292508162002497,-0.07499568233560863,-0.003033453277347903,-0.014981140911619494,-0.6751365300152955,-0.03707661907212013,0.050679005050499056,-0.15867507987681437,0.024912729947092253,0.07989060508413692
6334,-0.08324844454540722,-0.127102856131447,0.4167827785012284,0.0389586918748744,0.053895050010525726,-0.03692248316310707,-0.0932186513232531,-0.06347992095257632,0.041090037189125996,-0.03545342449033027,-0.12695079977397192
6335,0.09596025305056441,0.6632367535904695,-0.11289080763334862,0.01760347179055071,-0.03400053528650222,-0.06390931338227109,-0.1261781158874679,0.01409125452840416,0.049544191464154765,0.011480816016349498,0.0014641612360172629
6336,-2.0468160813438367,-0.12371673166034258,-0.03778661680633416,-0.033311227038129,0.03529769722718418,1.5841234334929446,0.05050145372712519,-0.08077263905903036,-0.18846310723987647,0.06198929341938316,-0.055629190525086664
6337,1.4890002406521292,0.07242100277710847,-0.013670833955417395,-0.0002751479615427676,-0.01175862179217525,0.05065101463428046,-0.9413816983903566,-0.07640164318474073,0.051285015209421345,-0.08661157090791805,0.010541129597463266
6338,1.0184397157735718,-0.008175606997903484,-0.042478238837218754,0.031308466096090184,-0.08568749029594579,0.01046005079263006,-0.12289382044842209,0.09861826123695096,-0.13768685203995523,-0.03254717580982824,0.08473528768125071
6339,0.5904187170309245,0.03688089708894465,-0.005211117991485777,4.095377097008794e-05,-0.013029839788653842,0.02998019144827286,-0.004141356350279963,0.013138240905509734,-0.04556257123195208,-0.05669568791337906,-0.0033336014618765217
6340,0.1148334682151467,-0.02597317259282432,0.011962426454640494,-0.01826993812264123,-0.025081065431590797,-0.08446080155562721,1.3938791362008864,0.06928650840123901,-0.10308145997635233,-0.9776807634629594,-0.054632675234628864
6341,0.06461020739212038,-0.7295847982625386,-0.1479119546972674,0.015024389232884815,-0.01709033163211815,0.02312075455202772,-0.003680633959982003,-0.05180382475753874,0.22118504128204527,0.985037847607885,-0.049183613879269034
6342,0.191371170427539,0.8633969422458592,0.13435662173993448,0.048431202178125896,0.0577389629600429,-0.0323394108988758,0.029489105334094358,-0.7876648653256317,-0.22864446638108407,-0.03447937165686452,-0.0029620553129064446
6343,-0.10938199280921988,0.06959586360734031,-0.02605590537003815,-0.5151839975879553,-0.030475336992490838,0.15070760733060576,-0.06328789476365805,0.7975086276154292,-0.07360431726897637,-0.09095278013556135,-0.01046858889363302
6344,0.022341772935719914,-0.04730537819021304,0.03708588547654455,0.8059025032893432,-0.0074570176340068685,0.03630748275707257,-0.0042879918881593045,0.06097585389672538,-0.044533565092130106,-0.13676186348834712,-0.5540237109770955
6345,-0.2693821441316372,-0.1698353254708445,-0.022947667795580808,-0.011918622516075861,-0.44268354230203855,-0.04482670906555268,0.05054113306284577,-0.005542658199624271,0.14413517732685777,-0.08601305442855639,0.9387662937052543
6346,-0.10523802006441166,0.024341617686829763,-0.03732287806000631,0.052140704404801154,0.6335061453283838,0.03547398902378019,0.23199927532578574,-0.04469684314776051,-0.2497369738224454,-0.05025675586865911,0.051407960293756556
6347,-0.018897554752797776,-0.11888710937584857,-0.0482148919052433,-0.010062842415960373,-0.13643896937264496,0.010674134990472215,0.023146986155264795,-0.08606725155323691,0.4855802865540019,-0.21679873186354287,0.03849252604362812
6348,-0.17203794229150635,-0.03544429140268377,0.596838976145599,-0.012384189921292994,-0.10706657669966033,0.13579265094129053,-0.005700305001922461,-0.19436609315604128,-0.004281354032582327,0.24986269940240247,-0.1459429430875137
6349,0.029401361758238473,-0.025513096447743185,0.08953043931843938,-0.014423222226527348,-0.17513452844718366,-0.6573479782865248,-0.006773332533026899,-0.08391916458137048,0.06358559244146537,-0.0411903822722486,0.010479318306361072
6350,0.041389558965426954,-0.07195530116891402,0.41108287622559136,-0.04164977270976128,-0.06251585803357916,-0.2458194275483728,-0.12682893613193727,0.1375019085999574,-0.03878884572526828,-0.005371997351843417,0.022052433339533505
6351,-0.13668592717758657,0.6578952971138404,-0.06497293423622383,0.02550264510288518,-0.012036011035339248,0.020566864571928342,0.03468932411417039,0.040909369041716964,-0.015727291972273,0.08149373275723591,-0.062164058280213555
6352,-1.7530260082023352,0.035420206140635985,-0.036854580592710115,0.09949536840066506,-0.01309341605799726,1.850634841096741,0.049416086371329285,0.20283233959970356,0.02388825760276149,-0.05912983876686096,0.05855636036444835
6353,1.2999518809920505,0.0607959276229582,0.015978263792171238,-0.09864969616079385,-0.017508202595343796,0.012079322026365054,-0.8221883289933403,-0.06613673394467283,0.12144564211830745,0.0505579891654646,-0.04004496661275065
6354,0.8296380325568705,-0.10347143967569,0.07956289046800809,0.020248274583322883,-0.00017918737111876672,0.13766595629910972,0.11423239045677934,-0.06386146691872578,0.03860427155776899,0.035298322503508825,-0.059844592205942355
6355,0.5837734041544566,-0.01183250874445774,0.046202781533382385,-0.0005562591586914774,-0.02696093420909562,0.11093534313996488,-0.012274497322733375,-0.07906388155217746,-0.07729487688489642,0.004914014462511589,0.008647216896027893
6356,0.15364295724106522,-0.11676664551472354,-0.09951928949731574,-0.10977925880975137,0.2245901219153001,0.08407008034990149,1.3752157759971575,-0.06607012742122316,-0.06394646694688164,-1.0291183996129996,0.10860445397580448
6357,0.16480224537225419,-0.712797206110921,0.00656430017110468,0.059686535170211934,-0.17517033480916636,0.028527824738136035,-0.06784694433996404,0.07050273670520824,0.02292142107255141,0.910358120164314,-0.032156633994649825
6358,0.09122828634429586,0.8454563168023235,-0.06206605988355382,0.07367512864404772,0.024285244880592978,0.001316824614677013,0.1309099235186448,-0.5757753653148848,0.10588451618135428,0.15422195727540353,0.03563984348318408
6359,-0.24492410448753946,-0.05183289888526974,0.036926199526319856,-0.49247048630503804,-0.04975907939529381,0.04616131687582937,-0.11544495172237901,0.7414913762930258,-0.03247575155610378,-0.01835980873059924,-0.018875853189174688
6360,-0.10282912241217033,0.027277621074666622,0.19385277131488088,0.8366717302042437,0.19681686635379983,0.08149528567679133,0.05559940394338764,-0.0531488472760028,0.12858807268006897,-0.08138804155278165,-0.38437283686634804
6361,0.18383370799672877,-0.08802241818995095,-0.02265245878641993,-0.0011705244312998292,-0.7081519707287207,0.01162177543088337,-0.04694896751762863,0.07600582634002678,-0.09969981470464942,-0.044122721666118185,0.8043600971090867
6362,0.05075572863412172,-0.1396773417066535,-0.1369142885878468,0.005413852192762192,0.6202678049473404,0.05362749488820152,0.02536962199868457,-0.03794949545682002,-0.4541856256144533,-0.08583150035922157,0.015150246198822381
6363,-0.09440621084708942,-0.1432135896868947,-0.05861184486662182,0.01063839571042543,-0.02878564941742059,0.03198120541210785,-0.2321427566369066,-0.15929510177338363,0.4595601513772795,0.07873381008970025,0.10549609731962076
6364,0.14151574140274537,0.009002009762540286,0.6161277276822,0.16069074373519038,-0.02232670540503465,0.04402346892747519,0.21176032097730763,-0.05422652651475049,-0.10351295847007891,0.13982164932443483,0.1798759826157496
6365,-0.06278259803234204,0.0022009294582992335,0.0528304636437725,0.061576477593538397,-0.07796007898896413,-0.6063541350810503,0.01736775780893782,0.02334383600517312,-0.005859711795836978,-0.08640723107307301,0.04551923861689468
6366,0.01770249685620568,-0.11973085541957064,0.4387483163284636,0.04988883914977935,0.11151370366656214,-0.03332690452827187,-0.11497229839345563,-0.1348405114494309,-0.07188345224237576,0.039433229586181534,-0.046513027043361146
6367,-0.05493990319389895,0.6454770545141791,-0.039602993009252664,-0.0020143203338682915,0.06366167209221714,-0.11343750027195552,0.05319275404418422,-0.05606020397519218,0.01597091283053575,0.018985207859210054,0.06951372395114117
6368,-1.778319668963017,0.12517491177385773,-0.0006912049322135728,-0.10200181783511975,0.03649198857830503,1.484411681305382,0.12955716460730726,0.062139031369801895,-0.03386672750699325,0.23511538009703092,0.02584526724908536
6369,1.4786187422405883,0.10554265719653987,-0.015172448574269711,0.06620639417345957,-0.07745161756270431,0.05451420133823243,-0.8967442802204444,0.04764266611971177,0.10049466485891985,0.06332888884421296,-0.0036341380207453693
6370,0.9880438820801265,-0.045494400262667024,0.024485993921741663,0.023689811051282702,0.06412600866658703,0.031187945837687713,0.038994101909506765,0.05962748651429335,-0.04863547918030334,0.016729537301167618,-0.10539960893763144
6371,0.5571416136691905,-0.030853806535589536,-0.0825423111702942,-0.01816234264503152,-9.944068317224806e-05,0.013120288728899122,0.014419783426143055,-0.025155891588501247,0.07642583153816518,0.0063344077142686115,0.0040438185257015225
6372,0.07735388372804862,-0.00899357447960295,-0.015548765330552662,-0.010256337116679295,-0.17446028080269693,-0.2607486914866625,1.518467815967136,0.10691599151491017,0.06678592333347885,-0.825672258534323,0.05140602704094477
6373,0.19619887892519391,-0.712089555201076,-0.122196372383231,-0.012966325635506355,0.026748206708125204,0.0922893655139207,0.1144755773805751,0.08138213862983908,-0.03049667052602689,0.9676103842014053,0.0009401940638612558
6374,-0.06321516398166864,0.9892460081113363,0.074863051468377,0.08724162327987624,-0.038553863176911514,0.054160913012206324,0.021529416854411704,-0.5488369948920119,0.09155934987768519,-0.06017907604294546,-0.10639364411659046
6375,-0.0847691112096181,-0.005063577617995356,-0.06418382323920034,-0.45747836617379456,-0.051340816372516564,-0.09700450950830536,0.008503495935773224,0.8380878648322732,0.006112421963818063,0.0054089268681964614,0.07945525341322374
6376,0.04797799156359762,0.13547839437706446,0.07482079418172832,0.7939628839447246,-0.04066599657983174,-0.13007068252209866,0.09757943811302575,-0.02869985928268514,-0.10836680379435296,-0.12288504690997476,-0.5569959794465006
6377,-0.10465543550139418,0.08794038656062023,0.021782794975646783,0.11079986743244079,-0.8069944398325548,0.06285915563938985,-0.03280820820875849,-0.20517562596973532,-0.054273525128282644,0.08297814829685399,0.8509241850835546
6378,0.2304910162220908,0.006069025187386072,-0.025842063681428298,0.052284714354877436,0.6223911166218294,-0.052565089278383444,-0.031139924085168563,0.013585288338366523,-0.16066683542564958,-0.07675843493975752,0.05334753557702368
6379,0.20425161015134802,-0.05733973585513846,0.13533894700107368,-0.10549725228692809,-0.039670815758123555,0.28794692652039794,0.09294059598675955,-0.06083482195819997,0.4801810169399178,-0.12534491047412472,-0.06480492206656473
6380,0.24875910113360078,0.08992408307488237,0.5800269239723641,0.08719785496255103,0.1960579770748768,0.058471598906821305,0.12534257046918712,0.0398336166325252,0.09187898316013157,-0.0972706540757991,0.04435446306458052
6381,-0.0015358262750959778,0.010415486361280611,0.05105011876202097,-0.014081692586907061,-0.06726826694486716,-0.6005984723544263,0.02898218858144647,-0.029017198693666656,-0.04141998071942258,-0.015928902639918287,-0.03806615806697065
6382,0.1025050857030585,0.08963962237593391,0.4118033740270745,-0.09408180841223002,0.06559201912457294,0.09846848033603463,0.2080328779551593,0.11903604211448818,-0.011292184187698777,-0.01361410160728734,-0.040573841897132756
6383,0.025240949045379102,0.6844194778031162,-0.061145147567144766,-0.04750625754853311,0.02195076579162693,0.24699706405658028,0.05005132213996144,-0.0083518714209746,0.07163003283427871,-0.04243436143249374,-0.015510094974793689
6384,-1.6948196284564738,0.1894661699607765,-0.013414078629142002,0.02215223413645436,-0.0842954970187844,1.4890013733300203,0.0501404171426459,0.013388022011555128,-0.06567742399828229,0.12395210688352779,-0.062497164120918804
6385,1.5952483526498336,-0.09833697442327664,0.07202641792466542,-0.035226941921787935,0.04067620137839427,0.0751396384491883,-0.8923847553839005,-0.0528159078392488,0.10573043470215761,0.05514826966074012,-0.02239140754727913
6386,1.0521157317210503,-0.23777901496347884,-0.12168515530656814,-0.09399517077528173,-0.009425682592723951,0.17473741464716153,-0.24217299580923102,-0.038410289847614916,-0.03586460173032999,-0.03207027337086366,-0.1616779843436863
6387,0.537973556708809,-0.08174827775180965,-0.011416960409773032,-0.02354269884597042,0.025602042284480733,-0.042587119700103676,-0.004838557094613272,0.018902164035062397,-0.07601639351673294,0.02555148132928871,0.03570850829312277
6388,-0.01118631626917644,-0.04183614353215849,-0.20819231123764315,0.0766139171859606,-0.06953048799011625,0.07557250937087853,1.3104646908392639,0.010615823719903314,0.07696896464614496,-0.884960790491034,-0.11171441420859646
6389,-0.033677557652157374,-0.6714881952138463,0.03907067210605645,0.028080437504053986,-0.046751663451610116,-0.059854379306136185,-0.10076552005762032,-0.0004623112064793694,0.08879440284483321,0.9034923877607031,-0.005616114433413897
6390,0.12513468717892967,0.8629207934068749,0.0836603416736255,-0.050243589823430995,-0.011606396769026325,0.16091361382048225,-0.026679514222952845,-0.6577553615400761,0.026130934355718564,0.03383062872833474,0.026297896835219645
6391,-0.028088714115118544,-0.09132582484600575,0.022713367155288832,-0.5939617231133143,0.056213884994447384,-0.15383351548863522,-0.03676114200928735,0.8066888285455309,-0.13783891770708318,0.1814903054233048,-0.051004268951933725
6392,-0.06317755749032834,0.1122555571628418,-0.06164478618871927,0.8261675217540926,-0.07059602658307934,0.10530153456680721,-0.09583649262302152,0.09843987075347854,0.00721255293585118,0.22011910191148382,-0.5375167835287604
6393,0.16396089323850427,0.2002891081995371,0.05155884403646422,-0.06799255921935835,-0.29436391507042575,0.0807966957412649,0.12232685787196404,0.12814394773482735,0.0003655862174833163,-0.2400211045785228,0.9715029372561486
6394,0.1609189952476137,0.16639006291601874,0.20172660691720454,0.004330583329250061,0.6079902586532606,-0.037742971167334015,-0.16769411867400094,0.08091506534037932,-0.3786234832920301,-0.11532645716524048,-0.04127686348012558
6395,-0.033193168621993625,0.03697250891170238,0.253662956166894,-0.09469342581058046,0.03651027183575538,0.0036408891297574518,-0.0438407213314952,-0.08558837811207627,0.4641136468400724,0.04701819081057273,0.004478537634593431
6396,0.12628476517482431,0.12503832230889061,0.6766269612852284,0.25445804985108317,-0.028468971335326023,-0.022788289525374823,-0.05788493279955201,0.0478582231817766,-0.02916086508648865,-0.09157049874551487,-0.05904274361013178
6397,0.012168025587743624,-0.05778320039122072,-0.05248274423163823,-0.0012245788317614007,0.02706140538271034,-0.5804426408935331,-0.013044376784209524,-0.10314311925050468,0.07805859866637374,0.011456289329082981,-0.10679299397215306
6398,-0.21057985813143915,-0.08603364586698105,0.43003264653587886,-0.012492185621262078,0.10392283667057532,0.040739209037417914,-0.07814564037168316,0.027928850399456723,0.006696829629925467,0.177943023950859,-0.005365339269585609
6399,0.011519722578386914,0.6546013932953374,0.062242777553781325,-0.01798667838074538,0.03484365598540301,0.002168895356247487,0.15453993832687624,-0.08329876278598931,-0.04811234788345845,0.10308940043273668,0.014116092958475705
6400,-1.7721420657082214,-0.06523577651093355,0.036634554199549876,-0.08330514596461515,-0.06125655201432861,1.7694810984557563,0.1444763966226265,-0.1057000515084008,-0.21456961828626825,0.06430328870298872,-0.030878490647170603
6401,1.523179567224159,-0.008331114069428991,-0.030101857692234456,0.026184500713342072,-0.003245157394201255,-0.1417391981319601,-1.0535608275794428,-0.09385701088130759,-0.08706734705375163,0.03274105553051217,0.013682082601792017
6402,0.8579287011843796,0.029042978301818977,0.12521635328547026,0.15466678748491886,0.02923718083902698,0.09411406349712506,0.12706872479508763,-0.12735089354930654,0.014794372046922556,0.29559615965953434,0.025036542898632975
6403,0.5430352781158962,0.07412191810301604,0.0376882736465477,0.006194249246719365,0.005101416592007041,0.10146814494821087,-0.02253463596407268,-0.012267143409367411,0.02662951350389671,-0.023114361464449805,-0.050149088183880225
6404,-0.15979796125174447,-0.0007641807196681503,0.025017633297683063,0.01702327599620742,0.05379959875528,-0.02169830365566771,1.0926911112593705,0.013628847055867912,0.1365710134698483,-0.787545124870881,0.00486029180722979
6405,-0.08397398457441921,-0.6649397457609236,0.010823250865109102,-0.09934570792097105,-0.024248144341070286,-0.33016632963951603,0.08409199348274976,-0.09426056224643622,0.022196338264793294,1.0002235075490076,0.05466523494521125
6406,0.012745947806056437,1.011041807289031,-0.01951803252817662,-0.013189985635823033,-0.03547569384833413,-0.06286000177163498,-0.11764518932746909,-0.47568712133754176,-0.10508694953957128,0.1033545928668617,-0.07021738564593032
6407,0.005560113610760578,0.018082481690844594,0.10611432493961075,-0.5888998006324928,0.02512294373234599,-0.06084747905678677,-0.19254093108347445,0.7281437112883622,-0.0043082341828163135,-0.06520435800470922,0.044238724772055434
6408,0.290742670981358,0.1071293312435249,-0.1861345858935893,0.8085662186858252,-0.04220427551738835,-0.006284166341591178,-0.0010842568090378086,-0.001506970198260129,0.03523027915929028,-0.0247531797600068,-0.38926206234281885
6409,-0.06197655158421926,-0.05387704055975465,0.04548590107149355,0.031950285063177646,-0.6954621896696576,-0.08129977862745591,0.2143566367818778,0.04457345467465882,-0.13490056471203316,-0.09183826691655299,0.8523477889346612
6410,-0.14084758221034746,-0.12578506463880454,0.11685539372024413,-0.07197083579844916,0.6530450088857864,-0.11779492132871383,-0.14955273611091144,0.07566533731424104,-0.37552078339509976,0.09130426100032339,-0.011031405623110621
6411,-0.058453263078509336,-0.07232112231091364,0.20784972893248543,-0.021869052677326674,0.035530443835092386,0.009938907634025756,-0.08295243430702524,0.07837251966224627,0.4735180466420965,0.06695858949607264,0.09478686319572131
6412,-0.020403693930753183,0.045395484271750254,0.6340541916866561,-0.07896795943495279,-0.14623949310952014,0.056106392716807896,0.05526438317695302,-0.02345843226788403,0.04824747083767263,0.038755978947603846,0.016768254310840613
6413,0.007809351951719071,0.01782893081000596,0.11885757010656033,-0.09651081513700377,0.08966698086641856,-0.7012241549667749,0.016784008653836842,0.05820359328671046,-0.08600083934673464,-0.05199071388355866,0.022500129600446256
6414,0.03897580439689327,0.10620329892808383,0.4062532165389848,-0.058818155428977385,-0.006197203414454791,0.06620769298831314,-0.17933779525814234,0.038361778127928785,0.1152295899207332,-0.030044254920330152,0.040815684545448705
6415,0.14301790984915888,0.7006199746920456,0.06620719360658757,-0.1031602106156738,-0.047764038325813093,0.02697270684330222,0.0971495467001481,-0.011530758845586197,-0.1386339367186718,-0.06656100987031315,0.0009657956137733193
6416,-1.8496414599716646,0.20559739742756442,-0.12079683372572268,0.014244228342220376,0.12868681098988216,2.156754130345072,-0.12868866497761505,-0.0555167954336075,-0.09100827303090006,-0.12650268665689016,-0.044077459499832425
6417,1.153557583086573,0.028684553271629967,0.009858498221176985,-0.05687285959800351,-0.030843582115425504,-0.07114564943446966,-0.9043202523715768,0.06704907980112991,0.07055002719292362,-0.012190508453496009,0.183598309071016
6418,0.7794785509612687,0.009824704052041772,0.04136419289855262,0.10585013259638401,0.035509966650434314,0.15004728110504145,-0.08373887919036792,-0.07463489546633098,0.0784029430706631,-0.0854600075510725,-0.049823004655622866
6419,0.6390985859062742,0.009598968538171411,0.013777617217035996,-0.032611623859606684,0.0028074447090548653,0.01787968365792871,0.028063918241430633,-0.004037960988765958,-0.0010498665321128425,0.0030688749924537833,0.019331489611224217
6420,-0.052507346592344066,-0.0201701937990508,0.096201551960309,0.0688948366064129,-0.03261259651726511,0.02217792956117562,1.45420808539069,-0.097769373866717,-0.04978307502914576,-0.9437239425937048,0.07877585392410702
6421,0.07420440712424745,-0.7283716989171178,0.05579203211158088,-0.05769903750839496,0.01400850957285944,0.020143990132792826,0.1441232883614284,-0.03940219745146988,0.09754895867514324,0.9638317324554545,-0.11035114637278784
6422,0.3260191832441352,0.8706997218422956,-0.02614110498921534,-0.03534864808686068,-0.03486239101432039,-0.0166616024681428,-0.16360636977115067,-0.5734855035074592,-0.09936222776002587,-0.009637559806125247,-0.027518598026854597
6423,0.04646248984273457,0.05064482790256751,0.00645584953226055,-0.5466699474051221,0.05404813690731904,-0.07669031457883632,-0.021158394365165784,0.8244418249076154,-0.08527325740606496,0.07433864972057214,-0.14388353362149378
6424,-0.12543564656344816,-0.03816910350147484,-0.06529875562533166,0.7969912381173645,0.07546995044402537,-0.10983189009233785,0.048151914342870694,0.0951415719809711,-0.12597332154267551,-0.1556323195505051,-0.40215382436777525
6425,0.1610631228712701,0.07129549950823669,0.036706849442499384,0.011992131798316189,-0.6648673853967189,0.16999736694086323,-0.0732422447892802,0.08208813291187407,-0.03406167102124073,-0.2410497706140968,0.8992072683844705
6426,-0.1169251139923814,0.03520028370883044,-0.09708463191569763,0.08371454032692134,0.6194439793280029,-0.030746892365815754,-0.012923023916566316,-0.19236944156837626,-0.10144696651959356,-0.039533456407770826,-0.024984017932208433
6427,0.10340736276874682,0.019983725372986313,0.0019752075964717813,-0.027014731238969105,-0.062380837727895655,-0.1715484413224337,-0.05416320649600148,0.11313380546001515,0.5343724180485163,-0.04781031501681626,0.03616364003547385
6428,-0.017513194294935513,0.027457153275302522,0.6648556588771947,0.03281333014449679,0.035308469622296036,0.09466580944814644,-0.13269022494807448,-0.09407500021026058,0.11676117833155628,-0.12343685402478613,0.04681988630311936
6429,-0.011563556476700619,0.08580923009336452,0.21983814516371555,0.11313867918798003,0.06501447461196846,-0.6477988303345538,0.059918805049537616,0.02555710767481028,-0.04464359117745683,0.11342299377097265,-0.006578330894902387
6430,0.24248828772411485,-0.08535762127774411,0.4096621960111985,-0.03418689037639868,0.13812326617517923,0.010456894550814293,0.15216370773907667,0.13633373840464902,-0.002664769176324247,-0.06796095362818223,0.11027733219745423
6431,0.04920662740336095,0.6323795799429872,-0.007650184655194763,0.04443301078885808,0.01601661825391249,0.10667628273543431,-0.09026272390103589,-0.0032964037688700924,-0.08105543382067432,-0.13718337833167643,-0.0018484040948434336
6432,-1.873975352104286,-0.013834915192281918,0.14746617475610754,0.02178975784006073,0.061446590128616835,1.9012321423780048,-0.03195059324967295,-0.1348226782506637,0.023523949335452873,0.04004318985796561,0.042038344346224395
6433,1.1958338443237284,-0.021567251196101124,-0.0048262587471943515,0.00618492337865715,0.028826699374102302,0.1441202226285561,-1.0148177886285208,-0.07030507866329934,0.005235062526034701,0.009033534695912629,-0.001700887141881744
6434,0.9160359334564602,0.02323079245532126,-0.07425441134515028,0.1489648417511325,0.02907598703795459,-0.04713439118106495,0.08186862030820989,-0.011072371751141135,-0.03913052615072668,0.03806303054115877,-0.01007128069862266
6435,0.6722980899161543,-0.04119427067344915,-0.08686001554792379,-0.011912896404907853,0.013710510025522388,0.0649982502498174,0.03730709337430375,0.0293981644351859,-0.0867769488913475,-0.01707941154232008,0.029487390389401093
6436,-0.15855242839940387,-0.14905247715809994,0.0893020214446041,0.04005386490524083,-0.041893350043488056,0.07621891652875928,1.1884857192814189,-0.03867611918758698,-0.0415218732448991,-0.9022899693870848,-0.08943784821812314
6437,0.02465821677957722,-0.7383735060260609,-0.03674178077994986,0.066041639282702,0.17361862702257258,-0.2397518373106225,-0.009651115868689577,-0.03077593542751013,-0.1160298346863073,0.9769823334279789,-0.040849963870543904
6438,-0.14426884826610967,0.873047602616803,0.08019701922962949,-0.016121455440709753,-0.05344832008868083,-0.009864848556127083,0.026507360574808084,-0.5905972904954332,0.011481338100829765,0.027815326106223105,0.02620155116646995
6439,0.06787789729864645,-0.08862219899076666,0.04148630042616895,-0.4528977814374751,-0.07959929625344825,-0.05954714017463265,0.12914698309929512,0.8400580825396877,-0.028005269333337038,-0.14245482746384094,-0.027510110234973933
6440,-0.2064881996618185,-0.005123652010356371,-0.004748123908827942,0.7542981899653393,0.015617947428591888,0.10139011775453814,-0.08521190128631248,-0.06239322724413699,-0.05114301959660161,0.09904352704676042,-0.7318993601309418
6441,0.27519172379338347,-0.09173066916310002,-0.007131445397119099,0.011966307669759762,-0.45682812702049985,0.14587639324278245,-0.13689016485601432,0.0886931000288764,0.09423673825548844,-0.07032628385990916,0.794411080747677
6442,0.12935099836191638,-0.01381747569354058,-0.02158720306827839,0.03367055541322138,0.6120852354677643,-0.11052923181586144,0.12375805351387013,0.011009173652058547,-0.06515399749345874,0.02464491168652714,-0.013138735725025578
6443,0.07008404156664276,0.021156167141156052,0.10906811846366733,0.0653968594603317,-0.002480110448729169,0.13437600842465502,-0.05821932361256747,0.019221353873985336,0.500370489891281,-0.11881242783400874,0.04226809146482888
6444,0.02569704928955458,-0.007824347404387153,0.5615052475980215,-0.09604106948533792,0.028725726051334777,-0.1269536859503533,-0.1911013396745654,-0.01839831484574061,0.08672077285517546,-0.022931937481604513,0.046954778713538044
6445,-0.036799865748672375,0.05164914816059336,-0.16711241078790204,-0.039127734009325545,-0.052936799750576684,-0.6015123524903646,-0.009140291951570177,-0.02200589008084052,0.032585332430795186,0.08499387954837366,-0.02542468909843787
6446,0.04748607894753734,0.08826653171852955,0.4144158440361136,-0.09610798193895405,0.13712548577429076,0.17168463014451132,-0.07956112127274288,-0.1549094976022413,0.04756835745233697,-0.06791424726695537,0.03511937476894944
6447,-0.08566301474193866,0.7247524687805651,-0.09012980688443642,0.017410153181549034,-0.09340638048181936,-0.049406262741381476,0.041937475102236894,-0.040220852073243094,-0.06912622951256522,-0.06447702810822825,-0.053381536271676445
6448,-1.9964192416615099,-0.023019550204086622,-0.035752597563868255,-0.04051964039449111,0.08601476610280322,1.7175248357827329,0.019355545780761933,-0.07780912764906851,-0.03586454875035068,0.10757819527389122,-0.09872422635025374
6449,1.6783634087265926,0.06269525340594718,-0.03203267335445424,0.08862194648604751,0.07337923625720887,-0.059252480033967214,-0.9271732339330353,-0.007701729073643038,0.16369080328088695,0.043390062356948804,-0.045766485029351316
6450,0.8470691246137623,0.0361861280916488,0.061607323088159936,0.15788137801257587,0.19287517545625774,0.04450627690948909,-0.031404811339048766,0.09228445302678483,-0.062231218953775216,-0.03538484591778565,0.144979258272159
6451,0.583614010543917,-0.022576206593228593,0.008107291663627388,0.01707562951180236,-0.02853789266821813,0.033812885493934394,0.028341929214968333,-0.08464888509430722,0.039556629196165344,-0.027435197604873188,0.003591789391109548
6452,0.09455981667582941,0.014253838192354719,0.08713757894129183,-0.043341684778668337,-0.10803629932706028,-0.003948484032077365,1.3039307299589071,0.1537882816311735,-0.06367035083055435,-0.951736266449594,0.02458737939749554
6453,-0.16625059834612022,-0.718558294723352,-0.1740323839147461,0.02319995637127332,0.034664103234410736,0.006246644538463599,-0.03392183222201204,0.032075837149743915,0.047329086680867105,1.0708702894123212,0.03943665239264567
6454,-0.08858248652460742,0.8430306590045199,-0.13397523148277116,-0.0640827703742263,-0.059964304328033756,0.19586824413334747,0.1780647214350959,-0.6065709201862403,0.003965527343035678,-0.011071244737687488,0.00192915235924725
6455,0.08348545406845527,0.05933407466386756,0.003221195950598073,-0.6007570004766378,0.07623781357253906,0.05311732820034877,0.10556718019778866,0.8394520229369157,-0.05218838761536014,-0.03948341640636238,-0.018970018676148243
6456,0.01630385749253286,-0.04791289871103112,-0.016480016913752168,0.8179933554939968,0.09231791777388855,0.04915222905385839,-0.21430541187101396,-0.062377333751088095,0.06329310066211405,0.07829702431440609,-0.5427697285537445
6457,-0.2675001186985226,-0.04827657797322157,-0.1484670831132504,0.015581784667984383,-0.6627073893941113,0.09904164859000743,-0.03791160476172546,-0.013528021915044583,-0.12194985325625508,-0.06297953950962686,0.8315508255511677
6458,-0.012018775430134469,-0.164976273300776,-0.11770533867198722,-0.06200198855892092,0.6209629761860667,0.0006784553877687146,-0.12230225158359545,0.09967277589472441,-0.49772319515966823,-0.22451728998365034,-0.006401111425916494
6459,-0.057855000939985135,-0.13951567477753338,0.056030888711980184,0.07142796334537607,-0.08816424375399819,0.1397940842535045,0.3480417713815315,0.06127114995022675,0.440829082533439,0.12725340614499095,0.018875716406691428
6460,-0.09664694127694859,-0.026052745391228593,0.5982920133184028,-0.0103345047139391,-0.15093979841961652,0.039296636390100094,0.20051432900103452,-0.1437437158702763,-0.00541271102291525,0.14284382192846318,0.08039443436961508
6461,0.06198053076492103,0.03690435122569331,-0.0017494243848701074,-0.01224745428169735,-0.041326248053965335,-0.6886772830179826,-0.016723307784983703,-0.06080229445514641,-0.2282808629687272,-0.05887688136273622,-0.01876010456038653
6462,0.09567813938173815,0.056768153752477596,0.4247685283666276,-0.07962261293528414,-0.05327049755960487,-0.08062500302329526,0.019406813194380607,-0.05367416520673524,-0.068407525615069,0.08477684193423125,-0.0733415347637513
6463,0.02241760942168676,0.6917047331601854,-0.0834195093678645,0.03632738213405267,-0.047887736373297934,-0.15132856664131905,0.09606816965069581,-0.01406780008239443,0.033267092869752095,0.01564978070243326,-0.014107059268371297
6464,-1.8381136105219358,0.07773756444124816,0.1074581868159069,0.01785111829349558,0.2490950574281467,1.8123229481529446,-0.04417391131576601,0.13772322008628934,0.13542819274124823,0.03224305468014333,-0.08726483394537712
6465,1.1717410170705025,0.0015205100155104836,0.03252402781775375,-0.12507059653407276,-0.02430514239754531,-0.008885619139337891,-0.9865671119985129,-0.023732265457076372,-0.029164435191562376,0.011883481402380935,0.006784345307325127
6466,0.6648592220907296,0.01807529867481862,-0.03774341919296263,-0.040201350699117996,0.013363965620298205,-0.058125441217304785,0.03127118161419032,-0.07686107113666817,0.0024430384919959663,-0.10908353350322329,0.0036433947414260016
6467,0.6300862490971804,0.01965156990224895,0.02968653468492424,0.005794352809788793,0.007640770953957202,0.10097257015679355,-0.06172448579180494,0.01944850948552381,0.0056871498804519725,0.008767939351400399,0.053550029769783486
6468,-0.04201719796460065,0.018328958129715266,-0.09239174017456561,0.005550655855290488,-0.003651796135721838,-0.039068697513328775,1.431316607456699,-0.15702587501703022,0.12229638873133755,-1.0202340787307789,0.03893548442168138
6469,-0.08555436794105488,-0.8591442275518704,0.0721997065827259,-0.012488329842767943,0.06169545279605213,-0.07619005034492245,0.009621165552100665,0.046467580818175286,0.00846079935478215,1.0214970316536214,0.06906280296331985
6470,-0.060674534528976615,0.7675887534651205,0.11300494846956445,-0.04417312273538439,0.04867769619396252,-0.10517443924872956,-0.0905791225569875,-0.6804613298794521,-0.0538943861831805,0.05272653249276359,0.004887642543877167
6471,0.005298789544068103,0.020031043854181297,0.07623335278188796,-0.40224363168160404,-0.03296778626828195,0.028517795737281693,-0.10870075145715254,0.7466610567887697,0.1331908827734288,-0.1513227555006088,-0.09157434208534651
6472,0.04988328646682593,-0.12128694767348232,0.018842694334826465,0.801689605241923,-0.04226049134145065,0.09333597307280529,-0.16577597211042244,-0.09894759594474571,0.10383958061788898,0.034982688939552545,-0.4916428325124231
6473,-0.05988483231604533,-0.2937378323031924,0.037306692054286245,-0.03094348501651617,-0.4235538986143499,-0.04603032798784073,0.16533016585892468,0.06079509204467302,-0.19288506255844515,-0.09573404711670964,0.9515938739265604
6474,-0.013402472546899531,-0.18248778983909414,-0.18110417845357765,-0.05764085975132866,0.6194238570565374,-0.12424029790890939,0.08232287560130855,-0.18039932346002158,-0.32269947201167565,0.1861982309937667,0.03455616159685732
6475,0.07121773849704356,-0.11068415672955076,-0.2413095901849801,0.04283656896564124,-0.026692543107170084,-0.07077339421711729,0.13911754561413023,-0.16157375436683305,0.4444897593456657,-0.007564549700938784,0.11310380822791308
6476,0.03296695253084228,0.07715312716242577,0.629780056490337,-0.30470506736150443,0.18716209147316723,0.19913815991545766,0.1093059156868305,0.03008814446820189,-0.029650280062478995,-0.08069413567774686,0.10146037905704983
6477,-0.013362158276835803,0.030202729124777495,-0.027231989738723414,0.02965335188876615,-0.02144791213199459,-0.7347014218509279,0.02110020309000098,-0.02315132510929717,0.06490237126966325,0.01152107333296774,-0.13888838422973426
6478,0.053639978644160174,-0.053295975531501234,0.4200094233590496,-0.1794011362072155,-0.1008160762677411,0.2204963532099227,-0.025227307800356542,-0.0395616542133124,-0.046996691163875885,-0.046403298538236645,0.101860541720938
6479,0.16765788879965096,0.6361087766041944,-0.0009107560746756081,0.013100749330023056,0.050253966359469326,0.07564928556089148,0.24673272012152264,0.002140649493101494,0.045354450666177715,0.018338561808858546,-0.010782426364312899
6480,-1.9562912825984924,-0.10920086142375188,0.029716499524392256,-0.04017677465898415,-0.10391578498975167,1.7321647528855515,-0.07634422332874545,-0.163432665382124,0.008553380249020633,0.003854276904195154,0.007053306507714175
6481,1.0847287911766237,0.05257146945746137,0.06869420452267104,-0.0779149914858535,0.09660241522932066,0.005445897668501527,-1.0978414635285803,-0.036878041637392556,0.09365321338295644,0.04548326567974137,0.06585984896173484
6482,0.8748042389171036,-0.027298838668855997,-0.12926335252226456,0.03266780789225322,0.13898810983636303,0.09417116989835321,-0.003417772224962255,0.03861953813790298,-0.032417022281864744,-0.06659865068224258,-0.0934703026315133
6483,0.5819443883572023,-0.05442694398612853,-0.05555166800737518,-0.07728884056936138,-0.007864329904837052,0.02835128105359943,-0.009600033994311832,-0.014846917973234088,0.0389776530880543,-0.0035877472544001516,-0.05836317610808049
6484,0.19478630560831647,0.09367671857168976,-0.01885947525217089,-0.07074515052067612,-0.1798345107570095,0.3432569575470462,1.347980385783002,0.011683290818750917,0.04183342470149414,-0.7516196766630284,0.0003912659919782396
6485,0.1769541586791459,-0.8234715378435394,0.01902788311601432,-0.10322127398801105,0.06815327687534153,0.07420671225946353,-0.03668325635080611,-0.03907657298827443,-0.1482137382804601,0.9616853126220765,0.20478911648946407
6486,0.14173039092047843,0.9844232489249501,-0.05147980381605784,0.024220311689464438,-0.023012946926254725,0.10833425947796833,-0.015652050136413846,-0.6220778533890899,0.11129897790331277,-0.13200427477564836,-0.008177948969556606
6487,-0.11671316353643317,0.01600844741602391,-0.1914451173181981,-0.6118246749894458,0.1386916912046651,0.12759325567199617,0.03691118336508561,0.917723963480303,-0.11963039629298379,0.21386905666343367,-0.016592609224123082
6488,-0.27187182248393466,-0.05589986166920059,-0.06901751223052438,0.6983529419219653,0.06048084019981131,0.1687530043090357,0.13301451085179763,-0.02009885270116745,-0.04053769980429267,-0.09552416338339466,-0.5200891145863675
6489,-0.07797333844205424,-0.034656315286003464,-0.15107646190738894,-0.07484304231934187,-0.43296406291519324,0.07339352673559514,-0.18429770686497132,0.010623970191735825,0.03854818909914715,-0.06717508494326038,0.85700409413698
6490,0.0947727125979158,0.059564480300961134,-0.04824251654375124,-0.0008352500834281856,0.6133638111930495,0.046061127771603726,0.1430520778206082,-0.003938172742219612,-0.4542450924492789,0.004051405118322093,-0.028162103393582674
6491,-0.1603419255960908,0.12573971475129894,-0.12657333933509657,0.04370710075833731,0.010299570939832903,0.1018310314368145,0.058150956212671016,0.05095676736838447,0.47493783470062323,-0.02380153402107147,0.06517143434381716
6492,-0.16245996079074057,0.1565051435125793,0.5198709092426725,0.07727866905714031,0.15339395002070438,0.09402472949504022,-0.13286334800275315,0.048180332832580365,0.11543215538594587,0.11878746232346332,0.09034398229655026
6493,0.000694849981338002,0.03527263736877379,-0.04622702638482891,-0.06814136518314258,0.033526850435004175,-0.6483777975823941,-0.014809783610128878,-0.01151381290968065,-0.03868248352222473,-0.07657428008337214,0.02856659721354366
6494,-0.0715959792598272,0.04665768940076367,0.3982698776175062,-0.1330019053810528,0.129626098756957,-0.0014207199183043414,-0.05255482845893356,0.05362056495562514,-0.03835482218950285,0.08452056724979912,-0.05873996299341769
6495,-0.03816943188223783,0.6602924111312789,-0.10657306874988025,-0.0028170439970988136,-0.027198232580167115,0.1337574896069611,0.03230297892604038,-0.01597344151821439,-0.01398669150731639,0.03400991607394493,0.027783682950077413
6496,-1.918333482565236,-0.13692001866792772,0.04395531115625921,-0.09115741844517575,-0.072369577151702,1.8702588142829308,-0.03105212537234124,0.045145803471899615,-0.14787556763224813,-0.007620943610832961,0.0062113660403877976
6497,1.2046065816843528,0.03310832742952849,-0.02861435478986144,0.03092509882890564,0.07840748003558923,0.030709623679624036,-0.9200295588070038,0.06814176348977759,-0.03862151571443246,-0.04458533588338478,0.0176459578180587
6498,0.9303442209149072,-0.0040332425749257115,0.09264593735324558,0.03713468357990152,0.030392138348029944,-0.056080199755116966,-0.08689248251769906,0.05149652008517852,0.11535874407811407,0.22627789380084098,-0.05934728242093211
6499,0.6350907487098,-0.060956111460960374,-0.00239289410962087,-0.039028854366732854,-0.0472633874675976,0.0801841325330343,-0.038285806074023127,0.06392133843652544,0.03351059807392397,-0.001267517293338722,0.03369135182471249
6500,-0.01480080975600383,0.016706894919717746,0.06463541374863851,0.08003854086544586,-0.06909118045751209,0.0739649923396288,1.4229437894351582,-0.045819072613429816,0.1107935602975421,-0.9703316397068071,-0.0884246587405877
6501,-0.03163100205105404,-0.8124858445730375,-0.04436903698353911,-0.04649281608519823,-0.0036775119008639447,-0.07199615758970672,0.05651212549025055,0.013662609229253752,-0.10460747144772939,1.0625067206941892,0.059622501821070706
6502,0.11038268084464267,0.9241488823818678,0.03435044187584156,-0.030468339678619654,0.011565293992310575,0.008312481154753602,-0.007095404912932691,-0.6160261707870508,-0.05922821505782823,0.12992873236922162,-0.018941748567622752
6503,0.059155652028254846,-0.0027355077804476348,-0.05021150073476502,-0.5016413493455251,-0.05642434120318369,-0.09982276557473951,-0.16462570563194295,0.8214519493956823,-0.1346431871914904,-0.06981252295983784,-0.09013059801306778
6504,-0.010650044010180246,0.0776510347582569,-0.09279261756562655,0.7711062463262291,0.0422832314537937,-0.0740269169400058,0.02760039044582913,-0.005669859089859131,-0.11715535337498144,-0.09004064082213699,-0.37460926617168777
6505,0.02705146808190371,-0.09465993613462337,-0.06788066316647773,-0.07480119709287081,-0.4415733412806506,0.29329985755934834,-0.02808537709472339,0.04601671451928815,0.06530556002792728,-0.08380638419734922,0.8993185235043324
6506,-0.12549491430170603,-0.03055438896369743,0.1435663129281628,-0.050402086148559545,0.5659476257357358,-0.07722943369466007,-0.2054314831118894,0.10483828266982921,-0.23335744663360894,-0.043699981362105865,-0.002211479702025774
6507,-0.20831848645223255,0.005422376338740979,-0.22793992817371123,0.08043171885433713,-0.0585337240969805,-0.02677263117316048,-0.0007231520380285295,0.2435498374097393,0.4874374268114284,0.024977786104817958,-0.03226299569751917
6508,0.035057345522967666,0.23670933145466092,0.592480309331368,0.08079682540681953,0.0636665136910696,0.27283536112967904,-0.03908833871871625,0.1588007604560923,0.02680251156822262,0.21087733847923681,0.24382545375134412
6509,0.05521764143901265,0.03179942786235264,-0.016746807380856574,-0.04901433996574104,-0.02017810750299695,-0.6823870407178048,0.010899002875759003,-0.09414523574846793,0.10778805517740514,-0.06465148886327853,0.005342119987484366
6510,-0.1409316716107589,0.15473828059670772,0.40659722662835024,0.1235610710865549,0.17212134232546963,0.01142107905106768,0.16902738951018234,0.16337739141731936,0.09797809380528442,0.029191967986223206,0.13609465193171083
6511,0.09524783578121601,0.6543012266635767,0.036988895547195456,-0.01666829895897922,0.07662620974891099,0.058332453302546855,0.13356215185009596,-0.05303166889146464,-0.11635471323766713,0.03536305763356224,-0.009919184923613114
6512,-1.8044391201076142,-0.0008810574771377488,0.03903139030058647,0.04126093161456186,0.1129771950552166,1.538543011945888,0.012945347360071306,0.13545136631907403,0.04138103372711055,-0.14158587086220537,0.10718509550328284
6513,1.6170788919861874,-0.0010957059829217342,-0.07890233432481061,-0.05499168103745582,-0.1050008294464892,-0.17611694886898088,-0.9089703442719831,0.03627411759135925,0.04063090607648875,-0.023402571026008154,-0.1025967233863534
6514,1.1408576373396788,0.10658773968785754,0.014873696501756819,-0.1264453573454855,-0.05080796659557826,-0.06052276892174631,-0.052783266526115535,0.1370327535911883,-0.030950556404986857,-0.09241252651687497,-0.1921773301899794
6515,0.634784504677246,0.005142681906542955,0.003961861447763541,-0.03241044773579471,0.02783869522098421,0.12915254454742248,0.016799438361442744,-0.025538187573517813,-0.05299971459252563,0.030645057637852052,-0.02822419926134257
6516,-0.0411151977641697,-0.054102151798711764,-0.024974175939645446,-0.014797994088700622,0.02649928648918309,0.02765598114938443,1.2910218043281294,-0.010112893590839216,0.025509724587263822,-0.8444389746976723,-0.10015049429238058
6517,0.1654708534098334,-0.5827803236193521,-0.08246489716184467,0.02164380449594895,0.027421680919100255,-0.08615398184374655,0.09980058251572847,-0.03661516138697222,0.0599141087708671,1.0407735813086927,-0.059564457867463866
6518,-0.22579985353400395,1.0404475497505716,0.04075760131956642,0.049701167415467595,-0.032766752945186516,-0.0910472005398093,0.04594491507537352,-0.5272800278199834,-0.09847519471229345,0.024708434728244022,-0.04844292724438098
6519,-0.0956751754329179,-0.06793753719546264,0.010986932249583433,-0.42664324677707854,-0.07575709385602626,-0.06383756169418026,0.037020004841200375,0.8402646422911048,0.038566054806365754,-0.1875825750209654,-0.11939962767891468
6520,-0.056627598341513374,0.0544303404685209,-0.2239938779265033,0.7345000963255626,0.15536169946457282,0.05943712426389922,-0.023736703942208025,-0.04600454936442646,0.016858031514668057,0.10132137497565494,-0.45023173796433946
6521,-0.029117455181991603,0.05443158627821076,-0.07103732047318914,0.06497811824935,-0.581167401693747,0.1647096927900697,-0.09490112186420728,0.014689855636117948,0.07233098036426008,0.12555024925064728,0.852425137151898
6522,0.05605212582946569,0.0622341556480758,-0.10959844329241446,-0.0713288534448203,0.6122578129205651,-0.021124837120905817,-0.15305131688906168,0.08711019356046582,-0.29673964634427935,0.044555035671722976,0.13331636043005465
6523,0.39799936137303765,0.15068591981347437,-0.12029322068010939,-0.16325938857117944,0.04048925285245014,-0.11418991443105687,0.05779353588427603,0.07684171270770566,0.4709678075377132,0.17662644710728992,-0.13011986283454893
6524,0.0292102859395538,-0.15660511438599142,0.5982851592369653,0.06630947838169905,0.28695202204935394,0.017584244208388777,-0.0496496597922952,0.03368634213984611,0.0697383657321857,-0.10968714146369908,-0.07089503486012036
6525,-0.07999612886735816,8.724910592966192e-05,-0.07552206504474099,0.11608443199180643,-0.03735385799841771,-0.6987866416423039,-0.004240568748406103,-0.041119718083651405,-0.07760838042414835,-0.0767367601778779,0.0659178008257382
6526,-0.012291202760828276,-0.033318324542706605,0.4522686521865541,0.08652648870273873,-0.08956792216632876,-0.17572284428398866,0.0936219978448821,-0.0194606688749368,-0.014192344388609888,-0.1049849322530737,0.027966037011294582
6527,-0.09381126465128364,0.724513446174595,0.0821286343961093,-0.03330294719965496,0.052146167148359804,0.01487033313892834,0.1521771026547345,0.023211385466858685,-0.05902828058699922,-0.058612412158001406,0.07679246738706036
6528,-1.5627450453715683,-0.04108494749266227,0.0683011142217952,0.027546299711360762,0.002655531756421833,1.812874478094744,-0.052438537613783934,-0.08590783665107753,0.029643768005162042,-0.058173172802313676,0.05885871751161421
6529,1.6388072938236804,-0.011320846362136046,0.02937566025388585,-0.006747238016887949,-0.023447385326202785,-0.02683794000893197,-0.9919969416603882,-0.006967520484354822,0.0549299359797098,-0.02257708924130374,0.12640536356615248
6530,0.9752392741604005,0.18121324265995647,0.045888209899884465,0.0983816793288243,-0.07817950055761178,-0.07487582517270176,0.10884188980180713,-0.036007689198348784,0.12653702439288453,-0.05407242157407098,0.12178214770264614
6531,0.6433264626069135,-0.00786006672059785,0.028133101439681025,-0.04000066143682376,0.03915904632898627,-0.0030472811735626007,0.010938830115855171,-0.00048096665411239813,0.005845815073599053,-0.01845726205245929,-0.03519457346599754
6532,-0.03225012240246574,0.08484958505963229,-0.02484509675273309,-0.05223842307825923,-0.06950388194238134,0.10825645468242892,1.4672469458578257,-0.06763208568904315,-0.08540627144140313,-0.8677351598491607,-0.01975547478757837
6533,0.11821421284658062,-0.7573474336596425,-0.1370190791189791,0.12955284666305453,-0.0677030901833641,0.06485082564786901,0.0066596533614546715,0.04695102463548794,-0.060730183717646026,1.0547396249407999,-0.10780624738635244
6534,-0.02416971051522855,0.9142737109269041,0.01334647827341237,0.0023891099821718147,0.17185161489691078,-0.10795478976281518,0.08700646768754239,-0.5898287050198674,0.05219782609001804,-0.13790624553893926,-0.026711383527287642
6535,0.25189362025761597,-0.006989181427316039,-0.004126467921875888,-0.5713922603197517,-0.15019887674733154,0.13666753975483764,0.06875697020632528,0.7683815055234878,0.030257827525546736,-0.07549419948340985,-0.03878628185425896
6536,-0.0031898357426306677,0.05526779363661119,-0.072846193908072,0.7949384434204223,0.022168277165033782,-0.06020465503612991,0.12540054947221838,0.05725076474763143,0.04320472875050796,0.09715870327292073,-0.42639493197648737
6537,0.23938650487118232,0.18245131978333953,-0.03983108805571567,0.006175815271459741,-0.36791301260897713,0.18076326401087447,-0.05298146211199806,-0.023585096337773878,0.14155638256835973,-0.002763366923545776,0.826549907823592
6538,-0.11343585575655944,-0.051882169888781506,0.008585354911847982,0.08301560736447987,0.6424030092660947,-0.0727795526212049,-0.00093548031236789,0.021866501470816074,-0.27843951295377933,0.01080010793291496,-0.034385865388634716
6539,0.14435227412129398,0.030865369172232412,-0.023218896266805164,-0.002868894173724228,0.06086840912467643,0.06657678794277465,0.3341144068906088,-0.03294503533056316,0.5174967164675057,0.20412327577636183,-0.012580073891470896
6540,-0.2636845289626475,-0.349898682434426,0.6199492793495246,-0.1026894449335983,-0.03548605000349636,-0.04636582666729432,-0.03287055141014638,-0.08500370149924918,0.0476225317372817,0.013769859848481189,0.06270761786865753
6541,0.04921269445810428,0.013713926472872503,-0.12216958385659299,0.017195643084788603,-0.08190590791588614,-0.6434199845670807,0.004402600848653916,-0.060280188529163434,0.0329286388176298,-0.0851649315755893,0.03797602527501799
6542,0.05507264935838799,0.18651885102354485,0.3895416176312939,0.0245341461971911,-0.22123496780518326,-0.013387808304924488,0.2572067530377356,0.0050078857406463916,-0.020741211763583484,-0.13879373798010441,0.09023985418864912
6543,-0.1324347086200471,0.6713090542942602,-0.10403894282060362,-0.06012171717769991,-0.10569552534617713,-0.08536052756343813,0.02521117988157064,-0.021277843178850293,0.055391425262197674,-0.017383146515708263,-0.015151775907460929
6544,-1.9915632731721113,0.06664689303093989,-0.10833265407098039,0.14090448334362052,-0.038450485777605146,1.7221820423412106,0.0382801129279191,0.023555839357215187,-0.07052699711607376,0.06761316985488149,0.043261449096102446
6545,1.6087853283346079,0.024245727956020608,-0.126324137928102,-0.04926303704765847,0.0927908679007107,0.03961927555640857,-0.9611046392048384,0.009387500114408347,0.0344717700867204,-0.03870553035367011,0.08097941411857242
6546,0.7927840028819413,0.13500663013490202,0.02215187495575924,0.03866402075128543,-0.11931575946745979,0.014226137037180238,0.014051724835967743,0.09442740182293988,0.12738012422427097,0.041912644056209515,0.09917337465018988
6547,0.6640393249049829,-0.012759063986837122,-0.06261973162498943,-0.03690192960078737,-0.014168650835517289,0.08743387432081887,0.019865549275126872,-0.020879929101200352,-0.045654671878196405,0.028124745502642712,-0.03850337596627152
6548,-0.21833276240306695,0.010479842281137552,-0.04810164549901884,-0.061782639220847375,0.011116870164101837,-0.06989272072270997,1.4581768658393193,0.06431925691317132,-0.13417662037532718,-0.9351127961537905,0.028461556529855818
6549,-0.09478982537868179,-0.5654753102959014,0.02307205649414737,0.13730273779505045,0.08306601503991175,-0.01773725013816968,-0.04754656028976105,0.07673235508787012,0.09950212448586937,0.9741221007888169,-0.03320268341240766
6550,0.1717328790063996,0.8467653325105822,-0.0797647502968679,0.05340471905393447,-0.054813144621042566,0.17630839190558303,0.029680296346799792,-0.6861308177565633,-0.03274741333374527,-0.08083547808370818,0.03321515333904211
6551,-0.03072692751200321,0.07152568307853784,-0.08067670570670935,-0.49951242915543015,-0.032741139899940756,-0.019689983588770332,-0.08722733140635854,0.7333359119340981,0.08604182593653809,-0.0893013916042861,-0.05199231197020532
6552,0.1011958471457515,0.20907646170578298,0.031748853824626916,0.7634623837081621,-0.08707072941515898,-0.03089566095138973,0.12508665193577537,0.0767713645271244,0.005982823579967286,-0.13712233942871713,-0.4043380075120557
6553,-0.06352769900982977,-0.020997402945266537,-0.11746709030820962,0.08663011889776447,-0.7186533338451097,-0.031304932889624416,0.21266776739574517,0.004939659795002104,-0.028060044388617544,0.17381181521122482,0.9350109447518364
6554,0.007045024751818934,-0.035325512455130964,0.018689739185522292,0.06948432116318308,0.6297899912918542,0.052420468633607796,0.11275101254637458,-0.1331515006734424,-0.32404027938262603,0.0536538383860917,0.07319797955078208
6555,-0.05244222753259071,-0.049483990838371496,0.17728076501557788,0.07818077905386275,0.012905676395456192,-0.15102901682637057,-0.018513561442168654,0.10339999425465032,0.4526703905170236,0.009358649762518163,-0.059843451050973065
6556,-0.004216313741659052,0.12602246510234824,0.6479715287353524,-0.18529089421431863,-0.0391157331453883,0.04052859544760865,-0.0753421784840112,-0.03500286839519552,0.0042074482031264,0.2163989540251018,0.039746331777230505
6557,0.054068321283345565,-0.041216629801171176,0.05310104922274052,-0.056047503537970216,0.05953730882156974,-0.6954953522214051,-0.008147149796720555,-0.06598865192428069,0.08244548906913889,-0.043236912589058464,-0.05274376818569105
6558,0.19562026194843782,0.05152166720578261,0.40872367035124124,0.010295473726426889,0.1493566338633128,-0.033310589050093764,0.0832239928221317,-0.10986809991486422,0.20715671140710457,0.03565535680165454,-0.04195452427435983
6559,-0.023268856072826874,0.6919036901104009,0.10676318801407668,0.017271941511455977,-0.0506693597109847,-0.1607051327226891,0.005672426382607985,-0.0013997852690457984,0.010633797653691114,0.08598000857015527,0.017758324820970554
6560,-1.8603655491631932,0.15215249894265276,-0.039680285650947625,0.057913987969506794,-0.02632343174581649,1.8362722205495947,0.010330230000460381,-0.001711080073123452,-0.10666278191108941,0.07896473383199357,-0.10357425464272385
6561,1.5700452471557944,0.12389589423506923,0.046220608992891016,-0.0706407700286337,-0.012505731831368876,-0.04384899568491845,-1.008610589481535,-0.01795657275383382,0.04032223271592523,0.013592289683556287,0.02748504024579815
6562,0.6638462509705827,0.0450461075696392,-0.0795066534873991,0.01121258585542785,-0.0343007297315112,-0.03367097121137992,-0.050347237966362146,-0.01476460504893023,-0.06116358207379964,0.007401068558109261,-0.07905897083193211
6563,0.5956044576080745,0.013448108182369285,0.04615549093021066,-0.09657954004161949,-0.056919340637118926,0.1145822970957401,0.06757723003477022,-0.00719273460528049,0.022737135957809462,-0.009235546961346285,-0.04121583816408069
6564,0.12091328341573643,-0.09907849200822463,-0.0608251283821616,-0.09875407638990683,-0.01187253957517893,-0.09041571663279901,1.3933799104336777,0.02319112522506108,-0.1895249735134977,-0.8540378579422498,0.06854263774659626
6565,-0.047438244802945354,-0.7350285231311706,0.051109069855364286,-0.10992388679453885,0.048457313793068404,-0.08594658503220119,-0.11237992650170923,-0.00538280243308296,0.09098267572866693,0.9570994222431698,0.04369124406219471
6566,0.11735920847643855,0.8986704977119847,-0.15023076276664002,-0.010726720453513368,-0.07888822623620981,0.0972872584966667,0.045345793932928466,-0.5309213087013434,-0.037745396777005086,-0.06695094613992997,0.004380906304353212
6567,-0.010565806113321535,-0.12871044766139308,-0.12324581734887041,-0.4696980582044494,-0.07770134626082083,0.06518775690945708,-0.21566842192822921,0.767653272949817,-0.036435632243480745,0.07043109978100076,-0.04180761222773527
6568,-0.20591761803580252,-0.024460765482769264,-0.020536740549209294,0.7897454503844333,0.0940956194808916,0.10430951479675937,0.22313814104572302,0.0031107305893749264,0.05958105489700828,-0.10003319781554192,-0.5907916159393842
6569,-0.07222601833647199,0.11934556813353135,0.000800234157057518,0.04978693034465738,-0.6769139342013368,-0.1221191027733519,-0.061218533797414806,-0.16198318300590936,0.12587823287037397,-0.04165216765575693,0.9205833180381041
6570,-0.18860303201042056,0.02207791415512092,-0.03910361814560046,-0.07703697918659144,0.6058904746213211,0.13428843324482517,0.08388766193806,-0.0760353010914718,-0.29264303961089155,0.03692592346600455,0.02082965983221914
6571,0.1192403696019386,0.06853594498925583,-0.023243703304152222,-0.0029572051756566655,0.05501247407602477,-0.044101614188161026,0.10800985665465855,0.0145191154968868,0.4487656029292219,0.08755887598321696,-0.029973791560985775
6572,0.12678704534962829,-0.027011570630694023,0.6122072847288417,0.17051161405159776,0.15561357431929412,-0.05073130457859238,0.010628672032671076,0.06596045351439173,-0.031662084999161164,-0.08275195258056862,0.027270472964347377
6573,0.05215403061175849,0.024466863119645247,0.005395123573507856,0.05038855667665399,-0.10577650762621366,-0.6200399184711403,0.009280225984240343,0.052384387982107,0.09760909314237068,-0.026222571914046856,0.015996442359664277
6574,0.07057552342128218,0.016918426301249546,0.41320931472984307,0.028072900544402136,-0.07379304926496445,-0.16156718814329388,0.09801484919636114,0.014850584430672688,0.02038463952854727,-0.02847853146237972,-0.06893899593767326
6575,0.08982112624300047,0.7508161631890746,-0.15316509284869873,-0.018055638265034663,0.014478283892912329,-0.010374728851869582,-0.14990601243206214,-0.05400971857205197,-0.0426036286756275,-0.08516217374205104,-0.11381552839493231
6576,-1.6868326076231,-0.028918252268625114,-0.02546626035769609,0.0820663032933699,-0.1618661191596111,1.8146798406884328,0.025774799518336465,-0.020441595993371975,0.08335952593368336,0.03919791154246226,-0.011555423898765675
6577,1.2852537712081327,0.11562582436545685,0.07179674126214361,-0.08637661253696496,0.04267415660138494,0.017750378152921964,-1.0092129144147761,0.06714609985401519,-0.04779878377498174,0.08129912649538193,0.15597182550010083
6578,0.9621745457432237,0.030993160248487278,-0.047140615745626994,0.012867712247565524,0.04453120021755621,0.08123847487610836,-0.12705738268681982,-0.030939632311959845,-0.03501678878018538,-0.03698420611063744,-0.05656225873606
6579,0.5480877235870202,-0.07053362380724634,0.02022640787891979,-0.013240392095489013,0.030900163964047055,0.007686135772885978,-0.011345549226424029,0.009981825019993293,0.036137304780556025,-0.022785107788001503,0.06462529739488654
6580,-0.005320660139379106,-0.034195865464264376,0.17031297921565958,-0.000409414092066661,0.04862752606475285,-0.10362943297220586,1.1683595406248481,0.062111419730354465,0.11411020447154965,-0.9257832928512751,0.020152001278307713
6581,-0.013289116639233201,-0.7864573542088096,0.019201257198474427,-0.08616593399953419,-0.1469359952386138,-0.04564973947951016,0.049593490604178725,0.1248997202945129,0.10858674039886355,1.0107017703284127,0.12076925442990097
6582,-0.1592858664305747,0.86268338254875,-0.029189274587884548,-0.018674980657686243,-0.030812201427002445,0.07085745231418779,0.012934698116618591,-0.6179844241653578,-0.0017715068008788684,-0.03075488315014363,0.06657451919771175
6583,0.16169369506858017,-0.0239188481964755,-0.029013668249289578,-0.5388531594481303,-0.09016013055090527,-0.0023428907194424,-0.0013376510050840808,0.7956276947481928,0.011366823583836314,0.20654110243089766,0.05805489232240658
6584,-0.07732423699069814,0.04103727630283916,0.060807008363398286,0.7745349952464204,-0.11688363702503522,0.04617153162630048,-0.08601947033989815,-0.0346799404849371,-0.054407424333832805,0.035925495507855044,-0.4065483090368568
6585,-0.09203760244757078,0.0707675340118976,0.03363399829710077,-0.0636210656798702,-0.4398093969462273,-0.06533604125352323,-0.015442062775418524,-0.010890758753304149,0.1316423161089779,-0.10512290377745778,0.9156162021074298
6586,-0.08577714100721108,0.23643274469657674,-0.23259616405334524,0.03786768511435796,0.5787106251134791,-0.009529147001178474,0.00786458775512807,-0.03302827402050597,-0.387421395840468,0.05480502027354757,0.018246925099576438
6587,-0.00859359219854808,-0.06538501853209813,0.07086097197864814,-0.0459022456288531,0.0047249776417979065,-0.050650547161270196,0.08539296059879928,0.0016521803084932314,0.49061056698584626,-0.061264242960982394,-0.01109020130301847
6588,-0.0818487948803034,0.09593091523819192,0.5796700206693854,-0.02668838656541123,0.0016965196045047003,0.21434572308144287,0.021456065513044804,0.0036697532141815817,-0.013029096909706647,0.08498679108173442,-0.022733670864286473
6589,0.027764617340128847,0.05132865276514824,0.018137165449172123,-0.00041561150026802295,-0.012142974293737008,-0.6279499375645291,0.02406092373521745,-0.04458415525656234,-0.0044606117715028926,0.020451551799089262,-0.021453301681826277
6590,0.061884124411175426,-0.03841539821038807,0.4474593077353961,-0.11661019064527052,0.27297878126613845,-0.0010162633135946241,-0.1678516438190097,0.04842938796943866,-0.013974651083727859,-0.04460334991921796,-0.04968004721134106
6591,-0.02984810671763328,0.6348874083343055,-0.006601182626123343,-0.06075011639282982,-0.046420808234616015,0.013351082854170374,-0.03322738471057418,0.0055134837750745735,-0.07275000821826408,-0.02546052494338223,0.01756530032683652
6592,-1.632046197144726,-0.023696564606758334,-0.06019640615352727,-0.049675418122561495,-0.05870226719880257,1.8252667593743668,0.035327885510302026,0.03566492200474774,-0.036882319170816046,0.02912522053048937,0.04914471395716001
6593,1.4973634118245593,-0.019479648297998458,0.15127944604434068,-0.06437818459255827,0.08575841240899455,0.006196270381804052,-0.8639053012800978,0.06852270684595853,-0.029267449757547852,0.029848742653164867,-0.07588181232139808
6594,0.9314587491810793,-0.05167050759431557,-0.17806763187030042,-0.058347828001638874,-0.06678526621857747,-0.12778017464517882,0.0912970384625235,-0.1441383446625451,0.03223699257043078,-0.10557811823447502,-0.13982222741989048
6595,0.6059356895533977,-0.054020955703158687,0.0076749451461985896,-0.04077725000104735,-0.08115946027210275,0.08841294251217888,0.005317274153659701,-0.04025958688292486,0.0173187674595638,0.040715746079466035,-0.04050643522569058
6596,-0.0036844285750985933,0.05414774665251137,-0.06493906038322714,-0.013169145552548979,-0.06707628202536478,-0.04505540873001535,1.272316090206287,-0.02144019701621409,-0.009154909512604892,-1.0245371776676087,-0.05241803967871403
6597,0.2113826559279618,-0.7534765448822083,0.19089849490003638,-0.09930369687511315,-0.16358012903003788,0.03376035156845496,0.025801568307461345,0.03510431488086784,-0.07540252515619204,1.0072421279881678,-0.19288107684001887
6598,0.13867337171062277,1.0118743748757093,0.07231544922964826,-0.046612987875869955,-0.0015290323278025937,-0.12508427841911185,-0.00749379507513577,-0.6664006561274239,0.07165612221924882,0.04578262280592262,0.0649029461358977
6599,0.11830066978358693,0.09906950563127155,-0.04087345946222127,-0.654497490968616,-0.03866514101663184,0.03401144671089013,-0.05822381590944536,0.905066894503741,-0.03300379660214074,-0.011014640207986839,-0.1100520371816763
6600,0.025854931660001756,-0.051022430480448216,-0.045700898635381945,0.7675968928708536,-0.006546361622629519,0.15013945437650839,0.0014761942637491745,-0.014689898669266484,0.00857948072616174,-0.0644699423273963,-0.3324794136009849
6601,0.04014966113157602,0.017209583720190196,-0.046307339541775586,-0.03825044508592324,-0.6093750076952629,0.006989275653296391,0.08449123106461909,-0.07692128015011657,-0.11276068064719211,-0.008700133876488146,0.9027816578966539
6602,-0.024413322460913232,0.023807566814715672,-0.127051202254415,-0.09185964982180973,0.5918520854892927,-0.0393941707748377,-0.02059819185690982,0.017111702896058015,-0.3956699326660953,-0.04414985871311536,0.036029260526810214
6603,-0.021416253285511277,-0.13492612453767863,0.013643958406058199,0.017223004623703936,-0.025018199638965084,0.1380812349643535,0.05516181264965623,-0.0020851365456443886,0.45992069037483013,-0.08129447615057186,0.13417071502438394
6604,0.2599960620404476,0.1602634508242614,0.5846642838832294,0.06543853808519857,-0.0032016895380558193,0.14246312912209383,-0.09744694629218176,-0.14928238726033355,0.006210083034353801,-0.1364716555830088,-0.09986783769593238
6605,0.007658731860187659,-0.04114330208811239,-0.09586786494511014,-0.06974784801120917,-0.028209465207927373,-0.6869270379071958,-0.04285196506149509,0.032028511895806105,0.017056143948924546,-0.07098754649822384,0.027108076560794878
6606,-0.029551662002957713,-0.12018016698524915,0.4185473874431599,0.06801532813524817,0.22645775164684015,0.1074069639664179,0.2098766070778074,-0.03820699150433387,-0.05756633245932709,0.053590960333925935,-0.11031080460666137
6607,-0.07687333607389517,0.6812591091080159,0.07183419192699911,-0.0013124371985410478,0.0773235736371684,0.020137358418178375,0.11703798240390342,-0.04656359139513501,0.057553064519075894,0.03927129479158393,-0.03157156581822359
6608,-1.7368177879133933,0.04517251707002388,-0.03277141088652466,0.079034220404561,0.12796318959821382,1.5871775970062305,-0.09941522850976095,0.0544287562252015,0.08656800710328155,0.06779626877465204,-0.08118699409188651
6609,1.4509049252576478,-0.010033643804926325,0.039945522974493844,0.04597339082468481,-0.15472845815671324,-0.07835014466543422,-1.0266720558856932,-0.14789779079851087,0.08795335951531126,0.03926422196055272,-0.18496792620972405
6610,0.6785809371515387,-0.11017808691604775,-0.0856227899788795,0.23907772868533642,0.05664031470223044,-0.12493875361796296,-0.11396764690017333,-0.11447619106844491,-0.03366843522801538,-0.07034525806955025,0.015408433372828897
6611,0.6800323405344815,-0.019076670781983482,0.0832190213903783,0.042222528320775464,-0.006526228374558899,-0.0734167432962805,-0.03365272580177296,-0.033490620639691895,-0.001043870398823676,0.006353593428539923,0.061655035283647776
6612,0.21722442370899586,-0.15462587308152834,0.10241785041715483,0.06000719354635849,-0.007714518678105464,0.02091825693195469,1.2843280377186395,-0.022496476244763853,-0.013121979153886784,-0.9462345124826249,-0.04471793488868235
6613,0.06253361768650359,-0.7697771809945901,0.014742659492222046,0.02272663091428003,-0.0020369132788198062,-0.08814903748388542,-0.020598043717452323,0.08704824222947836,-0.05701062588083619,0.9827892526915404,-0.0007303508740362863
6614,-0.08888903914795646,0.9094810606111116,-0.14374432725429187,-0.01861827670925287,0.0030996547201351523,-0.009466747806913511,-0.14087521101131936,-0.5040758876578649,-0.11273339938672372,-0.19031303567646315,0.022732643618863346
6615,0.009339426855269468,-0.05846482384513224,-0.04816806627579133,-0.5724005456834458,-0.10012745774843357,0.08639678033241752,0.015267896875005509,0.8178623974936498,-0.10950600198972008,-0.24781844977268655,-0.10761255147486984
6616,-0.12450956027607749,0.04564194395430545,-0.09602440396459687,0.7852107476981095,0.06847289362346208,-0.15685087067505984,0.252389356641604,0.03891012520172251,0.03903034486577242,0.029615716780963246,-0.5826131828550195
6617,-0.14505980896770115,0.02412418382361775,0.1375366594052961,0.01492147788609101,-0.42415716097457534,-0.06945315047152538,0.038137117180080365,0.07159190074376133,0.12678433794620486,0.3904928310547509,0.9823869153024306
6618,-0.10571555850272199,0.24487869063222606,-0.006894252684546592,0.01995415022283886,0.6192695338360658,0.2413465986767237,-0.14655468483751363,-0.0503513146631203,-0.16704356120997124,-0.16868891022388122,-0.04130762014109588
6619,0.14414376320447836,-0.01760172326246392,-0.21751232656025432,0.17081652872202263,0.05491284010248564,-0.06778834227248834,-0.014363666424198824,-0.01802694361260667,0.5148215154385481,0.05483268237320879,-0.06164628082341393
6620,0.08789250582886102,-0.01778143357485073,0.5574555162520639,0.08651454507816786,0.11840186553035031,-0.16069948237821968,0.0442476092805698,0.10254373578316227,0.03609405290137305,0.040877119391528494,0.052376258394137405
6621,-0.017914076968326358,0.0366544319182956,-0.04640559059770021,0.014271237156168598,-0.08990850970355707,-0.6827167048444073,-0.0684331659079662,-0.08418433254988096,0.06086335141144734,0.0017349472102199531,0.027827016929996416
6622,-0.06449942888617684,-0.020461778235876645,0.4056337281497859,0.225445555979153,0.05475838824688596,-0.045808064416441176,-0.031818011453315344,0.04950344504632544,0.07215520476644324,-0.12282533951760126,-0.09645266670250324
6623,-0.13958601584298003,0.7576255066527434,-0.07690030375757324,-0.011206193915034454,0.03337198614638598,0.03954678799946153,0.06509436792275085,-0.02659550470036522,0.02372033970480455,0.05629102856221427,0.06503024935817918
6624,-1.8017322765211863,-0.0918625907846517,0.005107795190928746,-0.07816490309824528,-0.025499644066207666,1.6347511519250815,-0.1020690624202341,-0.10742639944046511,-0.016511172648719114,-0.1995616169678104,0.09262465607031084
6625,1.052597500585562,-0.040044034807017376,0.05445924532737578,-0.03419367177811339,0.03910573409285278,0.007702441749354891,-0.931671526887774,0.07646587800537274,-0.06485370370013363,0.03220994590568077,-0.019163029325698928
6626,0.8601978367747753,-0.1488095041024028,0.2267321192710755,-0.017586318221736133,0.06869876310734309,-0.05283404121215339,-0.045382883987407426,0.014809495988717357,-0.059648982951813506,0.12741504000936013,0.07188915959963257
6627,0.5517540909267084,-0.0051049657748094175,-0.020222578992486334,0.02576143134607667,0.002729827715775383,-0.027804331751072525,0.012409113739911142,0.006429246093827619,0.028396095789042293,-0.024141767263548643,-0.03747370505883977
6628,-0.26670873808672463,-0.09012568486467358,-0.046908454585185846,0.12185507950727004,0.04376544150908339,-0.1916331089677643,1.2142281980193697,-0.01951920874475686,0.01973744615926185,-0.8745083379246438,0.044802353123010424
6629,-0.05028543955567927,-0.5254563761560153,0.09636268270691022,-0.06643754158771878,0.2028924263708322,-0.15061782326361028,-0.02835837708990078,-0.0523592721609978,0.19918588956236835,0.9831395656516833,0.02942770761921211
6630,-0.08394519537699088,0.9268452850841308,-0.17673860253296622,0.028451744213296798,0.03842154841996913,-0.1255574423582188,-0.022079999259001046,-0.6655540674676109,-0.097407861602125,-0.04479046019125009,0.11253927777088388
6631,-0.07075665500269596,-0.014976656840576094,-0.21242154679012534,-0.6636446120705163,-0.06222345445653625,-0.0342153371347476,-0.035781664926310866,0.8545857443253373,-0.07985584558591974,0.004023191133557774,-0.05523896758710423
6632,-0.17325299519816484,-0.1690678523816124,0.00032435788994623037,0.7948197202589449,-0.03174527116225642,0.20785568160263404,0.09718222051580627,-0.021246882356585558,-0.06895728312413804,-0.008373801614494712,-0.4723384225080716
6633,-0.25509932535173774,-0.09735231184667253,-0.07605532168666512,0.03818389462387262,-0.5959053874695747,0.03230468984853727,-0.09698962234996786,-0.12429780028427044,-0.041436035964258267,-0.015564144619522009,0.8168479903926575
6634,-0.23815500677816623,-0.013258412826383136,-0.068895796786414,-0.13620680959392933,0.6220927407088808,-0.10664608602764261,0.0036084729210486928,0.08708326479795406,-0.32685805537678636,0.09555271778921937,0.07705754255929594
6635,-0.042980733933406345,0.0978289167301474,-0.10739995346252115,-0.01376835610231291,-0.05521155028416459,0.15471336289354617,0.06739114075418323,-0.011136218021726778,0.4807895887071082,0.05220872014762645,0.0075646979364236595
6636,0.14844346076300147,-0.36667102254369116,0.5512899625930258,-0.016565782022054446,0.016723823734749857,-5.939620206606849e-05,-0.004709312595296357,0.12505333246320224,-0.0725566073925746,0.1212779592369267,0.02142924063876399
6637,0.05235767708954887,-0.016246028115832277,-0.05621633483819566,-0.045776417934909074,-0.004252579572423433,-0.6768387576292072,0.08208399213785401,0.04507347697445765,0.022023352105227156,-0.027812285004822607,-0.039692420177452635
6638,-0.023577023328828443,0.019199623474019885,0.42183797003343304,-0.1344164139088724,-0.0021167062778764123,-0.17727848432761306,-0.04641273314344481,0.04499798566862276,0.11609202398053037,-0.1287027016298288,0.026694094243606043
6639,0.05843053691662836,0.5828512813649572,-0.12602154402754695,0.007951215967645113,-0.02734566272594494,0.06724031226749345,0.10767689843205602,0.016383663725618572,-0.03377692211167086,0.08488566008025343,0.059329942928348194
6640,-1.8058024591720567,0.04209581831535863,0.04022495047010698,-0.1593887669159712,0.03328233420057838,1.6113737442285063,0.1400355033834018,-0.05195442540363103,-0.060132410721706414,0.08344919426089564,-0.02334948645568036
6641,1.1144964204030448,-0.010686895804031947,-0.04268944619442365,-0.05264865800167293,-0.05288835135884669,0.1931700031350276,-1.017437243048175,0.04213997375204164,-0.0023886829843160927,0.011867490829279919,-0.027197493021211615
6642,0.5352930644559749,-0.012164513302298395,0.09118529544935897,-0.09097427429603283,-0.0027011460110187074,0.022905370493697612,-0.0034091843897491557,-0.06723899302613277,-0.12023752678078799,0.010132629525987022,-0.03998469537256311
6643,0.6123807154661786,0.022083846734773267,-0.05285196403239595,-0.007121016156726634,-0.030254503927954354,-0.06190548377040135,-0.049463675512189324,-0.056282538410588646,0.041051418073080666,0.029939808743453283,-0.029200364582527543
6644,0.275892976742094,-0.05854014025556706,0.11449242584734066,0.008188163090117832,0.11304753572192217,-0.024872371567003886,1.3417033003139747,-0.11650008592534311,-0.18924160637862095,-0.8930162535941122,0.04421862973560592
6645,0.10881432528277446,-0.5629418358309028,-0.04560796296632364,-0.08145437622218334,0.0665021827946554,0.17800794579184986,-0.100257675461842,-0.07255138534685439,-0.08271206713628147,0.9121935220366696,-0.10960445478111686
6646,-0.09178457089913648,0.8643360966123002,0.05273139014156089,0.10370763710600431,0.01559549326674041,-0.08587207528537742,-0.1071428505986386,-0.5786635174529455,-0.027035547204237963,0.10792165255173818,-0.02294490325648048
6647,0.0989842641667963,-0.07513880805419146,-0.00970070146536416,-0.584765549900495,-0.08145901789705684,0.09593252849900721,0.17259310885115764,0.8160574330164977,0.0596397526542424,-0.060868258256319745,-0.021076269755412
6648,0.14685238867096806,0.03318356894203119,-0.006043243552152137,0.8007623082915987,0.057795791951258516,-0.10410733548709832,0.08313325231010321,-0.06735255827348982,0.17780049453541366,0.009525036375097768,-0.44128825070233596
6649,-0.0367491056808162,-0.0018775117261255912,0.06424316737313937,-0.06373856316203154,-0.47193775276054545,0.14666442070693253,0.10623239195687337,-0.02731620513719399,-0.20162663432788425,0.15898658846481123,0.8925550968449082
6650,-0.19754473288855942,-0.0700742090043456,0.011123135100522496,0.06450090769754459,0.6140407458680063,0.17631874297462294,0.20799718393163405,-0.03453126761316736,-0.25261566401567925,0.11515560514306232,-0.08515994366333399
6651,-0.04772298222472387,0.03214629368573951,-0.015145949646286128,-0.057190827957692425,0.09306654672852065,-0.10130992184858324,-0.24827195238540847,0.016086580862652692,0.5088940835668273,-0.03828120406967052,0.03861991405383744
6652,0.029631627141588956,-0.015853251244568982,0.5964891759958022,0.06121341331170546,0.044453770812701535,-0.024973856740873275,-0.031085118434426587,0.2520630446473776,0.021421969945788398,0.15231879001899973,0.11325985462277818
6653,0.09462475483516662,0.059381824512715335,-0.051786663508920756,-0.1079130974218232,0.06612346340603452,-0.6265511605488885,-0.001201630272368524,-0.07137192141256946,0.018777283264305163,-0.030707502571098045,-0.13156711014662822
6654,-0.0661153551458609,0.1336416406195488,0.4472968978054672,0.07121577901653861,0.1292782805794323,-0.3161151435965376,0.05896979602748483,0.06598553967962777,-0.030018321333985815,-0.011365196561752331,0.016402447465817534
6655,0.034356977950038135,0.6534296466335373,-0.05321376373299722,0.06647226857685137,0.03946161634504142,-0.08411746390044549,0.015890265324745162,0.0020752548839185012,0.04478610892597818,-0.017728070935648203,0.03585287712644705
6656,-1.8926457100116791,0.006060553196254873,0.08770817905503203,0.060130210659802404,0.008949272845228314,1.8279001429196946,-0.004533897946093332,-0.05429132737382212,-0.01950755381635225,-0.0036580019208269565,-0.15639237606261053
6657,1.3891489210612553,0.015457608011321015,0.0004106025342527171,0.0936123480826571,0.11800749554064685,-0.11202920544148019,-0.8141356576123606,0.08957710084157972,0.01727789025610521,-0.020394074410051734,-0.07607113805253388
6658,0.8167797523920398,-0.13277193101374463,-0.023975329632540364,-0.08590995524986013,-0.3262580987961982,0.10860921149289986,-0.11985746327019747,-0.03803099414578678,0.015631721031888333,-0.043687587858128415,0.008653581319255551
6659,0.559491062539123,-0.03535325087015764,-0.038911872834154926,-0.029020316857630127,-0.036947076703570225,0.031575358146651765,-0.012780275797225208,-0.012923243718147528,-0.03474817917594485,0.005775515795713544,0.05336289420169953
6660,-0.07900531183512054,0.044776501529719896,0.024860016305331557,-0.03771194728639837,0.18732134418470867,0.047305243144686634,1.300758232661771,-0.04403413354371264,-0.05293285086350345,-0.907994468071504,0.05209833536133397
6661,-0.05721064474611589,-0.7101158244736182,0.14567755770198507,-0.08075430460689645,-0.07805766250722952,0.11558047641475484,0.0022358042709817584,0.03177656546115999,0.03620035928084386,1.0349794570600777,-0.05775040588167017
6662,0.09373124337672671,0.8807218856662675,0.10000440972259483,-0.04583064865670068,0.07204176177840926,0.06046032689463808,-0.0970511983550871,-0.548918613234298,-0.012268243784942024,-0.2464889992951796,-0.013721065858271708
6663,-0.009128076387272007,0.027623703354688996,-0.1210708351848463,-0.5442004451252811,0.0002973762026929148,0.007250782964865128,0.04405949709909246,0.781124373228648,0.24517248230585814,-0.08303845933077864,-0.007787075570766043
6664,0.2271651995714587,-0.028006271386933422,0.08393158748617074,0.7664093547740716,0.03730272994959084,-0.035151032318348194,-0.02983555073233731,-0.013744706105514962,-0.12012066167615286,0.14168519131588495,-0.16798415602667327
6665,0.12885649557918075,0.06324799645271338,0.08368720262323162,-0.14771288251986903,-0.5678210052429798,-0.09350205967136524,0.04538526902827872,-0.09824643464244662,-0.07738031728887959,-0.03017581613183188,0.8993366399754523
6666,-0.021079237709400497,0.09186976189817493,0.18139669049293095,0.0005665088853433198,0.6086581464897448,0.06793917507206003,0.05299279279740466,0.015776821359190226,-0.2618045029253184,-0.0837948448617974,-0.007564938277807605
6667,0.14779157171383,-0.008889159981993983,0.014088517201580372,0.28325526058676537,0.0022066818618354887,-0.09445285821816908,0.09345662415531676,-0.03271590656903465,0.466001465179071,0.10172946444582173,0.07711227575243176
6668,0.15140979385751835,-0.14683231669710625,0.6171356675033226,0.027991023576194526,0.027126174121239303,-0.11579943160406363,0.04708270596540153,0.1639954437775676,-0.0021329224884507857,0.0845575750492615,-0.008939708641417214
6669,-0.016934594534300608,0.021842845777911485,0.05152025732665197,-0.1588476769763905,-0.04782234638229857,-0.6924786374844082,-0.05426522491183215,-0.03354164577392879,0.06981355589375247,0.05919150992041012,-0.03614859919718207
6670,0.04957824190321464,0.09700294592336924,0.416551786787014,-0.21756033461095944,0.05810404327553277,-0.07924813519048961,-0.1172072623365404,0.008238062258851007,-0.15709883665426996,-0.10964335903873347,0.13732651077843083
6671,-0.07055295869771827,0.6792985602542987,-0.02477996491181425,0.0397250379852041,0.06775532842154938,0.12367905261280163,0.1509585445793235,0.023351613126505827,0.07831814388370045,0.011504711115960171,0.049533022233676144
6672,-1.97157144057148,-0.12587401763601086,-0.18233064866779095,-0.11243940436024977,-0.015052910152693125,1.6835846666481187,-0.10575446304410997,-0.0703141388663547,-0.022895149711109,0.1298545981610516,-0.0865696997417511
6673,1.4288556426751224,0.00308486295747073,-0.06055468624006731,-0.09636991130472933,-0.09446752892246048,0.1004387581094203,-1.060819117647021,-0.07312940615552523,0.02908502461232983,-0.047305006813021036,0.013181716100841893
6674,1.225860714323781,0.008774273578225274,-0.0237847318867732,-0.11280266445839314,0.007465510035297749,-0.038342473895581264,0.0958626723750859,0.031278198470401336,-0.09286396734904506,0.0491160126037274,0.09158899520655263
6675,0.6448780063881613,-0.0014022849665669716,-0.01013568284607471,0.03728555261137372,0.017727204333541125,-0.019427730255429196,-0.030697751348493913,0.025824955906246304,0.00035208588538197284,-0.057388001405276085,-0.021709695415378948
6676,0.0013279940533755114,0.013317715756290578,-0.04387674494669571,-0.03304382248914404,-0.020800978535793692,-0.07109999929382038,1.2033612068098254,0.02286836545170461,-0.005655638058177976,-0.9376198658672424,-0.030942234922089
6677,-0.07865380594678223,-0.6928574055247713,-0.171104873570071,0.13562907592820628,0.0783780912732407,0.011905748571697496,0.1453417180467007,0.019376901299710116,-0.10524418401127997,0.894163042331372,-0.05023749604312239
6678,0.06105481073710573,0.911639478109643,0.022593984658449893,-0.048903839712849645,-0.05279133797384167,0.02777584955403748,0.0810849178666877,-0.6533168449584311,-0.1003672038005007,-0.03827908928509264,-0.03485027353473912
6679,-0.13932290404832226,-0.22252106411366382,-0.0032890592949462285,-0.4984716378805659,-0.016186464700874367,-0.07634262628625677,-0.039479802610818245,0.8346439924117787,-0.04282548409197174,-0.11848189776791593,0.0014532535662399749
6680,-0.01051557345254003,-0.08443687836587542,-0.1259548363515397,0.7288576358425237,-0.1404626787216086,-0.075246501327208,-0.0723705943666473,0.016847886622348502,-0.12930290466572747,0.07025558099701976,-0.5549842190615675
6681,-0.1800019245181894,0.031100421567577155,-0.00439898610904902,0.13916218002785713,-0.6063111209984627,0.21987197106576714,0.16063523449485537,0.07807711085100683,-0.17636344759782085,0.00044267033462779427,0.8976027112993916
6682,0.14979166330308874,-0.07147542168743526,0.026038463914901066,-0.1251322216726336,0.6108257020423247,-0.05544067156839866,-0.1374024031027606,-0.003910694895345298,-0.056450429883772385,0.00206452854854416,-0.02411929657772425
6683,0.016030968571226767,0.0016982605020057747,-0.2449626656140932,0.0019908359444321365,0.04329356551503501,0.0845553792620446,0.23012344628381243,0.059087796407229366,0.5142542096988642,-0.05425453590145169,-0.09643892703740833
6684,0.034482452629454416,0.07400394643000707,0.6231991522319817,0.1392500816073163,-0.023354136936784804,0.17054960771958413,0.12806862503420083,0.07289637857686435,-0.01826012688741363,-0.01795506925318999,-0.005572577653631625
6685,0.040946698353611186,0.006645658725910921,0.03334030123703812,-0.0872466060512883,0.01081278675487508,-0.6510255513000817,0.03051011127009671,0.048852911694897465,0.06686174593547242,0.04503395974390894,0.020431003473494545
6686,0.1724351974511169,-0.17097458362294976,0.43349905788772736,0.08519082347543383,-0.12116061556864863,0.03224814583507173,-0.06847701812869116,-0.08502769364114336,-0.03590924766165595,0.059855799009135686,0.0967327415698965
6687,0.20177242394358924,0.6644902756244779,0.0800974818437058,0.014551805103256075,-0.054208671290144214,0.026512369111343203,0.19748320663334767,0.05597056090271915,0.014544309629229797,-0.02963193186164849,0.0721718332676951
6688,-1.7677590819246496,0.009685505439678638,0.1605625412818361,-0.05881557310544614,0.2118196999064508,1.8762457850801573,0.009904897361277663,-0.03412666734293336,-0.11254242118401185,-0.047589779985720025,0.13547050471694816
6689,1.6897964215447634,-0.011846366771021168,-0.10661929653677568,0.03217912779893887,0.10098597602806812,0.18326111026957478,-0.9271636157813326,-0.06785233798460276,-0.01515623617434332,0.043284349052872526,-0.05686990213585082
6690,0.9059870330389416,-0.06834462704852694,-0.16762147732889354,0.054440042367219846,-0.030268100861035284,0.07454160427055984,-0.10372935646054272,-0.11515493624257521,-0.030827500282522787,-0.056925491893824676,-0.12614884559746975
6691,0.6113684777521032,0.0012857543949620145,0.03627370697165536,0.012971535832862886,-0.08124289246563439,0.06758851566479522,-0.020590008649736955,0.025589297598102953,-0.024437152938361857,-0.05918724292722209,0.02539335139541924
6692,0.04637975001237528,-0.05282157710146435,0.06566065652334871,-0.024371761230951573,-0.03311305106648168,-0.03846071487230096,1.3179403477780047,0.050121126794840855,-0.07829514538731797,-1.0590235602019964,-0.07395321162309405
6693,-0.012536648719494869,-0.682509234071103,-0.056785892903647425,0.08424139440226264,0.10721913166869206,0.17565051667985418,-0.008890940803633665,0.03873581130494668,0.014552654284653693,1.0921067574189292,0.03993880471608004
6694,0.15743874818619366,0.8212415460563653,0.17050278267484403,-0.08002105551587839,-0.13915312596388701,-0.09188680200068582,-0.08076750450373008,-0.5575440325373908,0.17194784685793543,-0.09421599069130464,0.03697538015805662
6695,0.06703686787367988,-0.03699517783375038,0.027595998414555338,-0.5824930185800372,-0.06186662697659713,-0.020310395079661408,0.10556951325678197,0.7958084465884866,-0.06535990042066775,0.1755647820665666,-0.07162940293671563
6696,0.0975064618311007,0.0635970771830595,-0.03624058814551942,0.8380031976703893,-0.02530960601131683,-0.04081200298578228,-0.04500038580658166,0.07323925526135625,-0.023725774362100636,-0.09352857532161905,-0.4627217022498852
6697,-0.12068398391544588,0.2690114290513386,-0.15396641020160465,-0.12186817439305042,-0.31050537905896103,0.11691584624803966,0.1113642542033804,-0.01999612613953688,0.13364089917631888,-0.0801414372467793,0.8616879284447037
6698,0.0657186176787732,-0.11602496380074971,0.011000628435264295,0.12055224172133613,0.5875566647969744,-0.015977804945686038,-0.062127631720392325,-0.07565165928147968,-0.28434336962403817,-0.0011309677725574476,-0.024427023570973386
6699,0.014742705540660372,-0.02345295388501321,-0.2925928014733002,-0.09768221667487753,0.05856209730318112,-0.20363225965941747,0.036076886828807914,-0.021503266051606573,0.5144941510012423,0.016926970766573058,0.037895705051156206
6700,-0.02798953024328424,-0.15625211424357702,0.5823881342299946,0.08021295254610145,0.10566097802572214,-0.07081885266408364,0.16517209869236066,-0.056533278524979094,0.09224247119692006,-0.017807521985943143,0.10598709088561754
6701,0.005752207352447407,0.031026037515487586,-0.00578601412935132,0.019555634958012748,-0.0053998430983293565,-0.6909161207272049,-0.018976166092529476,-0.015211841524209872,-0.018253508915004112,0.05371430726084285,-0.06096071447122703
6702,0.06475525533140859,-0.28401337862149184,0.3937670441939088,-0.15662707914577476,0.07403342688242677,-0.057976713967818456,0.2529239563900126,0.14126152950151336,-0.017458458016793403,0.02145479805469094,0.06834925351495715
6703,-0.0908997380234388,0.6130210775042513,0.05907551153906852,-0.03671522835547932,0.04297476026552202,0.1375519401371191,0.019957060648173687,-0.0064615088513703366,0.023044144005255236,0.053886491052865824,-0.009807023316315782
6704,-2.0892671011096446,0.15518023374923132,0.09437487474611031,0.0036704576050665045,0.044545954084342185,1.887429459708716,0.13303418686410837,-0.07350737445981173,0.06825514061753539,-0.010219962209101173,0.09763006287951484
6705,1.258572488554726,0.03614975897228367,-0.033622245605288384,-0.06965789264672341,0.04539674958168072,-0.12618223997548605,-1.0343942437203646,0.0392033647748454,-0.006710273146227428,0.046473227673878084,-0.002366620424927608
6706,0.9477436812453947,-0.05608507047678396,0.11004754223526883,0.0065779132818922295,-0.03231407237409795,-0.09066077586716877,-0.07857129796994941,0.024213126926463463,-0.011498531599934558,-0.0048442770926605035,0.07509520643573755
6707,0.7175690052982236,-0.0019893496692358435,-0.020964865156085373,-0.039470975285844506,0.025452125619327855,0.15851025333706037,0.004165022687445417,-0.03434389631403044,-0.02075320360409645,-0.044705613636272075,0.0305674272171664
6708,-0.24018849150659002,0.0005242842238757381,0.13346257949218238,-0.0815200794160448,-0.058453463863046146,-0.00047681353320031504,1.163185366539163,0.018894144680945593,0.003898734407912221,-0.9122908980741118,0.14046430862706558
6709,-0.14108052479644959,-0.7113503755134387,-0.03907261143577034,0.04216133478201772,0.06053597702185929,0.020905393916193973,0.04285462340421627,0.0488695663807369,-0.008089359499075927,1.0194138879817074,-0.11057288427896932
6710,0.08588899274403997,0.8370068201325305,0.017823676441855753,-0.006704737929937785,0.027823976731376286,0.03654724451999464,0.09568238906941194,-0.7212508003020599,0.02080720915878465,-0.032731916964702595,-0.10494495671895027
6711,-0.07111558336901548,0.023481342518672284,0.13148180419594258,-0.5725678278763326,0.012902896369492116,-0.06030261475641014,0.09774770619362287,0.8932509581792233,-0.02091272793893587,-0.028575543394218576,-0.01631390648631296
6712,-0.020499638084966552,0.012852724648013245,-0.0669315899403825,0.8782517592367783,0.03197400826686572,0.11493478510272659,-0.04561117567854298,0.07048636585834683,0.003707818505946722,-0.12547746327008844,-0.5254483825879654
6713,-0.23961551644691212,0.07186554608494175,0.009370658708777485,0.027675670853152912,-0.5889477377063888,-0.031230870047436764,0.1717994929921631,0.03067050587544882,-0.11685956238760792,0.041943500583230355,0.9580662367234491
6714,0.1427394620405121,0.1444455800833283,-0.07833870104020073,0.03592319115928656,0.573063084080399,-0.04334581613635928,0.09911039243081927,0.01827913293017956,-0.32567664410070685,-0.00020881618692838652,0.01892636939099126
6715,0.06589379038119751,-0.1313107039932803,-0.08792833524525256,0.07647611561918943,-0.05001436939324934,0.04502285823893822,-0.24532160178366222,0.06145448850922738,0.48418849226782196,-0.03749855847637458,-0.06691213657492051
6716,-0.1368451484287336,0.07697710565543706,0.6157275060742402,0.041046450104171385,-0.009516955296959409,0.23597539393786773,0.003145618985164331,-0.037512098140764664,0.05520664063510891,-0.03954736746890985,0.060488490721231185
6717,-0.05267047770263057,0.005175725511456754,0.059773573431275616,-0.08809185131720237,-0.061137066667980286,-0.6964080233142945,0.05568563436064192,0.022112543694166768,0.034185357243432545,-0.04148960523717302,-0.0469083481689074
6718,-0.11421912624401978,0.03801586848268891,0.4239116343938829,0.07066426722060593,0.20103006867449175,0.034155514518587185,0.12738617501676427,0.12957301215700767,-0.05667024174854714,0.1288299151551273,0.0696712538667205
6719,0.1929780286497771,0.720753483145039,0.14590113582224457,0.018191591343708916,0.016030151536614877,0.1205885103088158,0.09413166457216338,-0.00478001043843556,-0.10404090354142329,-0.0004348562375873048,-0.05382131748227911
6720,-1.9274723028663392,0.0073355128611665155,-0.08530238494798818,-0.02283878416812087,0.02857208505316938,1.6751030694726405,0.0473184585931913,-0.029739516305992884,-0.20444939861012396,-0.16856397190580766,-0.09017602005588313
6721,1.3704393343578678,-0.024661974186517645,0.060598880842574164,0.04197158253426968,-0.14831339962409984,0.08602526627417369,-1.0776191583585104,0.0059044637188868975,-0.012264349832399704,0.036259080241534764,-0.0024289782689194683
6722,1.0725265637465196,-0.017337989256820292,0.19204532888445855,-0.037078265971851654,-0.04373562054331252,0.1698104747694037,-0.03206277248913705,-0.06505988942119309,-0.046779435523332996,-0.2047285538039991,-0.025969779768326783
6723,0.5902836624948832,0.014282353348990614,-0.004280033622734299,-0.0011472417369218588,-0.03571608105548242,0.0038188331870759942,-0.07119231720396177,0.06120609551372871,0.05741138764858125,-0.047386717198719445,0.02226988235207887
6724,-0.1791004199811253,0.09463172259391599,0.12318883115543848,-0.05278783809309204,0.026503275797887704,0.08755656873391629,1.409199896843608,-0.03439111983361607,0.03071621886649234,-0.9295878745130626,-0.10897282516636059
6725,-0.25509124774121633,-0.7589432033993171,0.0631853439373907,-0.118211310596984,-0.021084421967251663,0.0010458676683802806,0.15622519880704863,-0.15043011589146016,0.01943588052733134,1.066550954286782,0.016878742893525183
6726,-0.04862510221040998,0.8922005918354243,-0.1581262953043169,0.02303986838841786,0.06237932418594715,-0.18069241728806723,-0.0038881610645983868,-0.6697932644129699,-0.032294530094773136,0.020205145688597877,-0.04718766325363034
6727,-0.13483490792937536,-0.0025721346132066797,0.05535816752917907,-0.5294563931708349,-0.0011797518570899543,-0.06499718581455269,0.00409204365336761,0.8380069449043244,-0.022201593304314683,0.15549842619149895,-0.02730018713890853
6728,0.007901386366202308,-0.14541873599420221,-0.1509116871828378,0.7419196000697775,0.07911234704619009,-0.09321783629900972,-0.023820691651376024,0.036576134706266084,0.007622100293050708,0.06545447907114448,-0.15407346187000437
6729,0.08576421531481217,0.042778821825963535,-0.053131615350763314,0.11940296457317434,-0.5638842231802641,-0.015814266987821707,0.10274485114869285,0.022418168783806088,-0.05285551795202749,0.21057079951677146,0.9714610981670422
6730,-0.004418138169731842,0.10726993868830381,-0.15420212555901527,0.08804494713841597,0.5901207344461895,-0.1350429653623443,0.011948309314205614,0.05882573052188473,-0.319670592149866,-0.051357062863372896,-0.008145124809062439
6731,-0.011389914755594407,-0.07008239330180976,-0.1868512943528935,0.013328692667920462,-0.09175109073230794,0.01811579021602354,0.03228794687048222,0.10002332481267533,0.4858115006333939,0.041139785668476286,-0.026243227092738314
6732,0.26161639664352976,-0.051382684507061856,0.5888037892989582,-0.05637852961089998,0.08506074682863968,-0.041413937750641665,-0.01750225330248993,0.04503015014186533,-0.011928037046651536,0.08655379819371982,0.06398119399175091
6733,0.03994896463176546,0.02340427440251236,0.032788627054743294,-0.030819805590571448,0.014593241856629488,-0.6663538737657236,-0.054265134306363316,-0.025408660961479892,0.017766617103094535,0.05115702257477458,-0.056615028823117974
6734,-0.008143879097101906,-0.06085023958165543,0.4125151890502291,0.011020562603623137,-0.08570667647366487,-0.04535445364537084,0.006744937186397948,0.09767148767783645,-0.003945810953096347,0.11313739757643836,-0.021413596574301506
6735,0.11542300300833529,0.6553021158948877,-0.06733370085105778,0.003756738465316418,0.03134458795860362,0.06743209861864653,0.06842563470204058,-0.10777994931969877,0.02715617221389796,0.010001264517277704,0.05500987283151763
6736,-1.8308218183647176,0.05900461599003246,-0.009001182302325893,0.057646276524828656,0.029036302014806684,1.6707625727880053,0.013675395972836131,0.05413622811825382,-0.042120168007100466,-0.03303400258502044,-0.03967538476680865
6737,1.4776599233082461,-0.049029173042032026,-0.10970508126341492,-0.029398905521270672,-0.06592195576742868,0.042471380445416325,-0.9030196080202707,0.06162387423227358,0.06778409796142736,0.001624173509016728,-0.026490453184138354
6738,0.907842975341716,-0.06300704949102659,-0.10527863055455573,0.011191952156173086,0.05154988436284046,0.2001146010706295,0.13317955780490573,-0.03365388238834713,0.018793655294048767,0.08620700750444854,0.059731319695943356
6739,0.5908581431705071,-0.06897379684487326,0.049599095779821384,-0.01606800918131931,0.04097719578384885,-0.05758311764860091,-0.010774082057311049,0.00732181037079619,0.00995217025485682,-0.007410504087914162,-0.03214034210400214
6740,0.01914061409192888,0.1381903790002297,0.07747522535741419,-0.04703886783630494,0.08687746823814012,-0.04641159983172051,1.2286043844412113,0.07682247332912247,-0.008174436586077022,-0.9359692747492718,-0.02589916331036393
6741,-0.10240424556411398,-0.5458797939319783,-0.18630846840848875,0.005105329289977449,-0.019265856984682427,-0.05461202227528281,0.09152121900752755,0.009947417871668114,-0.03785212221485867,0.9137950486369875,0.08618671669265104
6742,-0.04408070074976382,1.0430664956691154,0.19183658610577142,0.06001703765706992,0.0056714308493540115,-0.10385453938375877,-0.04838766550040503,-0.4903304032032294,0.05399468274383147,-0.026411229031152915,0.04637381706002498
6743,-0.06047806114475297,0.04281058354574888,0.052491460427496354,-0.5130592790950682,-0.1343845723045635,0.03000387877197131,-0.03245734531137532,0.7981969385012752,-0.15301089008330518,-0.0588767329801795,-0.12819549140608072
6744,0.004944880273523428,0.11744146049122035,0.03662661410664017,0.7708426297730507,-0.023741743225331395,-0.2189840983278141,-0.015602835553331362,-0.030919901924190762,-0.03657620069410413,0.10049267373852985,-0.6189696300207737
6745,-0.10329810407897151,0.0015556060531688469,-0.02348414051161461,0.029064366531764623,-0.6194842913906095,0.016497524652829026,0.12272090894911558,-0.0810197613986489,-0.09603218380055961,-0.1368006042910693,0.8294194048116588
6746,0.11163184801160414,-0.2405771282710273,0.04965120131954209,-0.05392143656881091,0.6616397164792661,-0.1707624208312999,-0.14189557191946844,0.09825431276159041,-0.2551307096676494,-0.05214467948686687,0.10813760932426351
6747,-0.09149170791541014,0.011576951239655828,0.02965459127103008,0.025428191564691408,-0.1307988739595195,-0.05480066451496751,-0.07595268479280896,0.08998146296590123,0.5387575779621046,0.016894300528779844,0.03715799596450193
6748,0.10590892215546448,0.05705312789478011,0.6276623907289242,0.13216465691898444,0.052674679251952364,0.018199840826452526,-0.07378974290050103,0.21143765647635918,-0.046785774995292025,-0.005256900278334238,0.029726195385900038
6749,-0.021908665668905924,-0.024317901488390165,-0.04215978537360221,0.12747014210413712,0.10602892571489787,-0.6537628435080454,-0.0017454527009764487,-0.08663980842914695,0.07332875160752357,-0.05670220714782085,-0.10307482377324627
6750,0.15758536157892167,0.02197456311791495,0.4132603289343709,0.11979005793527756,-0.05560893920599379,0.164311215042128,0.0554407685017663,-0.06389438929832779,-0.0021889888280486815,0.12272551306267082,-0.015534164001696021
6751,0.11406229623323239,0.7668838934321406,0.10214117371565837,-0.03850171505927777,0.0381612826802971,0.0070480881929114655,-0.09692816508335066,-0.01531654445255572,-0.006171239877299475,-0.03110676251340387,0.055125535921925546
6752,-2.2100103012464323,-0.09186857065905002,0.1241915542427576,-0.011190038362287054,-0.045979798629098484,1.7159416803596952,-0.09776523220876612,0.07669402424368349,-0.10217296795286374,0.07948954346185959,0.1155297529598224
6753,1.6649154076830182,-0.028958280211386595,-0.036852193826088335,-0.05061254011151327,-0.12897623261297034,-0.03234897989652073,-0.9626116935635382,-0.021435163538979257,0.011568056560916737,0.05018539587649087,0.06363216446682482
6754,1.0012779159212823,-0.1302864170308006,-0.08939721762119475,-0.03392304690380536,-0.0677310421247435,-0.0874799048919093,-0.013676514563293343,0.0567269510205382,-0.05712773387395022,0.05526691447141644,0.04015951712120275
6755,0.5709445922038823,-0.04687671041874685,0.013965036819521714,-0.0484939098839432,-0.02011246680208831,0.11382149980939556,-0.041841360591750316,0.029885227167354485,-0.07928341207261536,0.0016937218986488945,-0.05333321648834054
6756,-0.1779507781441363,-0.03261422415280086,-0.06855393504178105,-0.04038370210301845,0.07402065362614972,0.12454454955077218,1.3410826816482915,0.07035631171642574,-0.11191967419401591,-0.7969194976323645,0.13506256871734293
6757,0.10417274437773527,-0.679233484466937,0.05549979960377114,-0.0014610956726593544,-0.024140229082229334,-0.0254996157940237,-0.10208091910137307,0.015024588388318738,0.055733864654232496,0.9744052076539668,-0.15716343398480168
6758,0.06296705715245997,0.8549810808394926,0.029820977734076673,-0.02503895280911267,0.035043823388156224,-0.020614059398761403,0.17801349578560588,-0.6599137650462721,0.027426273745366703,-0.06520472629915533,0.011482216474192421
6759,0.2272133096921113,-0.01980301797673373,0.06131892646360109,-0.47455393546759606,-0.05397389375385715,0.019237394372558694,-0.08185737498984352,0.8507190260861299,-0.028541783107919196,-0.10219954801367115,-0.07694605860211037
6760,-0.04619182127910161,-0.01742309481574891,-0.04137095885496491,0.8709921492084389,0.04120048220571712,-0.08106548586734721,-0.044769788183483344,0.006442036470470353,-0.0353013356495867,0.03612044341188481,-0.4168864203393564
6761,-0.02384238867138139,0.12390663682460624,-0.06682786386085321,-0.0748103328105326,-0.5740107570835918,0.1356898085265297,-0.04062276876940016,-0.09947963470891824,0.10079005583812892,0.11667111951351838,0.8950894039368382
6762,-0.07342324218853699,0.120564526445141,-0.05788600363265044,0.1552240990177843,0.5922861218438288,-0.09883447031763479,-0.12377859996272725,-0.07222631714290992,-0.10046183185781621,-0.08417000735102612,-0.020510877436017844
6763,0.157778963744546,0.036026170920785035,-0.07319473360247845,-0.011285856023972998,-0.06265498555720074,0.1804809905488026,0.024937255063316316,-0.2026472362393347,0.4813546610619968,-0.09437471774719779,-0.01215190037325474
6764,-0.10997696154061479,0.0365052024229034,0.6077040217556244,-0.11343592693761947,-0.013620878167019863,-0.08225853663077758,0.3164127277664085,0.017434611261395335,-0.03402858533457042,0.027281296421401303,-0.2527299870000447
6765,-0.011479697412034773,-0.06019230990612328,0.013997653444666167,-0.008781579225386573,-0.01730735039938957,-0.7446472070646605,0.03923785473013648,-0.03631462743928664,0.03144193065951384,-0.06078578009997779,0.027992937999035565
6766,0.038610958413060295,-0.11319144603745193,0.4163970224992079,-0.06982312268081649,0.047736317070990346,0.014781709154876085,-0.09182391772346866,-0.06171460143459156,0.03742806512688792,0.14946621940024,0.023086308737513248
6767,-0.06796153730810923,0.6738225727563903,-0.08597151945595445,0.033725362099409226,-0.012705428658279824,-0.12643707706767654,-0.035290180051094015,-0.039302439761624924,-0.03104055805228121,0.0228206824510295,0.017254145600450396
6768,-2.0107845801787865,-0.09419852740811845,-0.047633798716609804,-0.031423097899952006,0.11822151996849453,1.7112559029622838,0.04002662970131686,-0.14257282793959936,-0.06900158414940026,-0.014485812908495908,0.19937780800842586
6769,1.4874166890584415,-0.03538775567476401,-0.04314713995401614,0.0009454680496668371,0.044563756727563866,-0.05385522934877089,-0.987013248258455,0.022398830171590264,-0.02580568928618519,-0.08768108242961181,-0.008062869951271059
6770,0.9966985869067035,-0.2105445454210869,-0.020858765274710565,-0.04671362609737641,0.0768621605465911,0.07478994915981772,0.14240282774799787,-0.02905619217998731,0.3156855709607843,-0.1563767343883059,-0.11091108716348337
6771,0.6146019984237804,-0.01065172378781912,0.0070369666282289545,0.04199672529787293,-0.030654462053492128,0.02326308553760708,0.041887114763092745,-0.044174582875789285,-0.06069254668143326,0.012401645184038414,-0.013233362609689641
6772,-0.29638113873385746,0.041301807101676156,0.05775753460813924,0.009140715293782142,0.02491570789619563,0.018222092096094135,1.354791093718293,-0.05229761175919139,0.019775908404672353,-1.051406392751773,0.08261501220722335
6773,0.028794298409816645,-0.8446777800413541,0.0011290409004409275,0.010799739167214063,-0.10676075454552234,0.06466906130991677,0.04888317675944864,-0.12279911670380193,0.05736858768891346,1.1189741332236784,0.031825051406987916
6774,-0.08415206401209271,0.9280735422568047,0.04597172124267441,0.0025922985295578392,0.002685240425100442,-0.06227187632480375,-0.0867941850364178,-0.5779693905905574,-0.008968159175243972,0.09483913734786015,0.05308237103578773
6775,0.2712473751571659,-0.013871958650383046,-0.008547541794907083,-0.36142557351326743,0.019972992971249076,0.025870658098935434,-0.09390543024688074,0.7882029121349373,-0.08669656747288947,-0.04930869815782886,-0.00595494652299054
6776,-0.06311745731316742,-0.07442968572495978,-0.13302430151887684,0.7712447174284318,0.0522241976402265,-0.030757782534910162,-0.04421057410721478,0.031836717123575976,0.01398393815997983,-0.0004710116710827017,-0.4165288928039016
6777,0.009392296628497684,-0.049450113175966974,0.11212275872059768,-0.02191418758656231,-0.6948762672697507,-0.017312028707101114,-0.034619693116677654,-0.031103556088340777,-0.03345898864824976,0.11563533670491719,0.8378742745741042
6778,-0.10112104900258297,0.007245269398484284,-0.15447751607908355,-0.07682265806014768,0.6414187273523029,0.15740005025245174,0.12649280673768734,0.019349579838852417,-0.29169138114196347,-0.004799553067612614,0.01854683408374297
6779,-0.07868250875041599,-0.032195878571128635,-0.2761876616136167,0.08135584861411645,-0.01791748403839435,0.006515413334267807,-0.23617622035176294,-0.07210519973053915,0.5017093908799761,-0.05900282290142988,0.061411237728187844
6780,0.09048216386716851,-0.20021835855080952,0.6249645741131042,-0.07437595479639873,-0.17162407658627926,0.23012549963002077,-0.24653698748721556,-0.09298921514012712,-0.08996586908299978,0.17449025722642472,-0.11579627807329945
6781,-0.007913154957967825,-0.013744895268544225,-0.0359531909166432,-0.0030631048556338156,-0.003235800237799382,-0.6535349208684617,-0.09614200444412536,0.1219354857568999,-0.04868945771271914,-0.002164118112069205,0.08076482006507876
6782,0.1412098253351476,-0.0892469687679661,0.392657013424009,-0.10838404608275443,-0.05042380041717029,0.025910655504061984,0.20415647171106846,-0.024346591949377213,-0.03450427563446804,-0.09253462470473968,0.06935736881381745
6783,0.16024216336196082,0.6641405179850896,0.06580052518276651,-0.01074390820468913,-0.0115520416404391,-0.04786398034492595,-0.08187452898686941,-0.020173190674817414,0.004836729286978409,0.04436773857324308,-0.0500241917371634
6784,-2.02994036761056,0.10974586796479564,-0.039799421983066435,-0.036399367943967795,0.1591870276360935,1.770466333069754,0.02276969700198268,-0.1582900463417565,-0.10412782488662259,0.1321507240750348,0.0924873839859156
6785,1.0650641628703967,0.019566405373600524,0.0730591438749177,0.10952864470095373,-0.09472709415205616,0.06259461560865633,-0.9839995530194318,0.015029612708456267,0.1539814558301011,0.014111601970760671,-0.07991869498891654
6786,1.04560495345256,-0.052295845019345956,0.017592222230421253,0.14298166143402163,-0.1949018523754219,0.20266734910603135,-0.02528137541480253,0.02892448163558328,0.0729211302928685,0.10031814927806594,0.02870869112657551
6787,0.6066086915972232,-0.029510564236621947,-0.001968623406620986,0.013240809988033533,-0.03154953325179762,0.07096123080905792,0.018417894816048025,0.032963257423870206,-0.04208833891658123,0.02341947472786439,-0.040056437877605516
6788,0.06394353738520064,0.02550486263200971,-0.03903092238131987,0.025024995426046057,-0.07397695322568931,0.03606387578552963,1.3141236586062819,0.05995499919739975,-0.025459382902626934,-1.0551844123352097,-0.004358116195937247
6789,-0.21658623349072145,-0.6690872050176803,-0.03416696796280547,0.003785869214225143,0.005979372472820433,-0.044181305282761554,0.06408564607669841,-0.029000810439806127,0.19302773523578254,0.9973699195684431,0.05345688419463858
6790,-0.02802991249998401,1.0558291607079002,0.0455912517327291,-0.02492383001580741,0.09736808324234668,0.037864859171408694,0.06387551913790235,-0.5802975665416835,-0.10719949711130798,-0.02605206436937408,-0.006816652215135068
6791,-0.11906293274159535,0.06339347056301041,-0.07827409517997913,-0.526204631475109,-0.025772770034574864,-0.01619856648154429,0.05123301075239592,0.8069890345149181,0.007753357693330645,0.07982748290394201,0.0029380628544068733
6792,-0.025521438224479942,-0.030511249255096157,0.12832178782461498,0.8186530332757322,-0.012283478704414218,0.0904716826221334,0.024251163048071945,-0.14034493829313374,-0.0031926295789343265,0.02054828360962985,-0.42395080630598125
6793,-0.10602025263276635,-0.055487135889625894,-0.0887133188868752,0.01812383718649282,-0.5115245184965771,-0.062799435340539,-0.0677050609068514,0.06476714871638159,-0.05544823497868112,0.14226278882438056,0.9094309275366513
6794,0.251550428130636,0.06944241566213855,0.04859373594358289,-0.05841711784011218,0.6395308017314267,0.00370331736407589,0.010418961641452649,0.031703117335704835,-0.272094622920068,-0.10338090910523305,-0.03475698080980483
6795,-0.11510314798353519,0.04313542129972344,-0.2317606708175481,0.05493961759958345,-0.04342153456997485,0.12132043532478308,-0.13897568209022526,-0.21669234532313983,0.5119695257748971,-0.05369385638712736,-0.11666443589645582
6796,-0.05108208350646939,0.016007578117778764,0.5691741272686272,-0.02218558165200526,-0.0386397930951253,-0.03832687267819188,0.24510093836215552,0.06314335954745574,0.02691492525895891,0.08070465512240295,0.16405317976812409
6797,0.05175103110175672,-0.060617972973034936,-0.08667457475805317,0.008155775142582242,0.09826113163730753,-0.7010593007877566,-0.024733551829807004,0.04528669001686346,0.05158929500202878,-0.10255849630555106,0.10300439960733351
6798,-0.13135028111698743,0.11399714775184659,0.40949644245565914,-0.003214901161255336,-0.028200088499031297,-0.0858850875351876,-0.13885060340015432,0.20080271123975868,-0.09070507924727511,-0.03651486291119491,-0.1394553970313317
6799,-0.10953929750442118,0.6373916211554475,-0.07668581552949377,-0.09500499601129866,0.04910863538998711,-0.025171223247481403,-0.10801563854209599,-0.017359773567800513,-0.07960400723992347,0.04081463683653379,-0.036999959873086095
6800,-1.8820073919153806,0.08582953714190887,0.026902974621202034,0.055935746107644665,0.1530224894495201,1.7481559184186164,0.029028379820722424,-0.03167154225889437,0.15277734610539467,0.07605859260194567,-0.1056503606385536
6801,1.6735948250463024,0.13330529904151528,-0.04771656317050279,0.08308246610624094,-0.005353397189427702,-0.03857317221523829,-0.9028440952289549,0.02585031280795546,-0.01244027744391296,0.05137381456316611,-0.06970733761489939
6802,0.7946784901379983,0.07579699641442152,0.05307900471426271,0.006683502458338184,-0.03533038919292078,-0.006323004076926854,0.09143179031422599,0.014265790065179772,-0.2400666703523828,-0.08610375948927015,-0.03675444765664498
6803,0.5658745346094053,-0.01171988057805166,-0.01881000508286409,0.026682483785203305,-0.054310865427313365,0.056593872155383584,-0.0690570005428152,-0.07591528242780692,-0.05343819985609319,-0.03593241675116708,-0.023298831392453232
6804,0.11904941841407451,-0.09799274178184453,0.055445187766237906,-0.015683181150626918,0.05378152578089793,0.08528578393690528,1.3728088715810125,0.03671335489023876,0.0924535708504498,-0.8111950347789382,-0.070573734275505
6805,0.11011599900695465,-0.5914708330932061,-0.028495540662612267,-0.03373317047184266,0.07885290745873917,-0.05991051173519256,-0.08458511281441056,0.04554687793646003,-0.10222661460041664,0.9865592104798419,-0.028665262320121874
6806,-0.10487093603711689,1.0156716570902793,-0.03090953072221067,-0.033916852172802686,0.050681560734668826,-0.15267887874787234,-0.07294781013313052,-0.49301430623039005,-0.05153574184119214,0.03510706450042263,0.027892150623163765
6807,-0.008880850943726816,-0.07382405900281523,0.056373960441410076,-0.662869899210446,-0.011129513510457219,0.03581740240387285,0.013428430050104353,0.8446470924073056,-0.09272119940235975,0.03311887835225728,0.029804802861110445
6808,0.07693273861776594,-0.030113229673411342,0.013403940645113441,0.8246268443124763,0.023174527429375986,-0.06912969154583548,0.07700050827798446,-0.03470224868542605,-0.08486602761600766,0.23065256505738846,-0.5661328272541313
6809,-0.05018844407284516,0.020086496923832537,0.06497363490442928,0.02675050871665199,-0.45684936518471225,-0.3515964222795046,-0.039392328403201116,0.026687451054537223,-0.12320862186933086,0.009822835279947262,0.8367545981866671
6810,0.018771791882772216,-0.06602644075022603,0.17102046886788727,-0.0817552015018589,0.6555007990352482,0.08376924280051831,0.03134569191043707,-0.03026094246427996,-0.23127390501649572,0.08291115554030055,0.07894134393699762
6811,0.11256407784179649,0.0674356704066568,-0.12062525314294789,0.02271350994660068,0.023610230238030636,0.159582255808447,0.014946253001329922,0.15364658015286162,0.5026510414631916,0.10529831346295047,-0.04251069714188242
6812,-0.08097330437962605,-0.10901958825937867,0.5704487795073093,-0.01802162844067168,0.027662602535505048,0.18209797833576105,0.01976684367578846,0.007413496083050518,-0.20005637761551767,0.028916139323260214,0.090951199285755
6813,-0.03283534862919441,-0.08456283072567092,0.002685535233294071,-0.01758512490846712,-0.02878467158740876,-0.6773667259855565,0.01872439037856094,0.01944460900148191,-0.05054886578438304,0.08188222462838199,-0.053679109337799485
6814,0.20011970508780755,-0.058213280919126545,0.41413710242434676,-0.11110646272170135,0.06965049920207729,-0.08495195866994602,0.20000244368557094,-0.11131757988038159,0.07938978195719402,-0.11485680310295965,0.1496546168588102
6815,-0.02154737132450346,0.7220533215036367,-0.13325730296444926,0.020176165886322695,0.038130421913220094,-0.23438331702184712,0.11126804864564821,0.014023441614808028,-0.027164168088967638,0.10677716717594042,-0.035371876756391335
6816,-1.8374078784355632,0.23584956927555714,0.034073515137187385,-0.0421769966781852,-0.10357012109540177,1.6245921290813725,-0.031290581609960705,0.026493506335834055,-0.11097284785183184,0.015764545139114097,0.09312869910458904
6817,1.393024505931039,0.0021882853030518418,-0.04757033139474696,-0.07421928262037876,0.10395393057720712,-0.018024836665039387,-0.9988972790086278,-0.03333595603925749,0.10143316756891015,-0.036492635477404785,-0.027487944995989996
6818,0.9529817003138644,0.013548303319934554,0.14661890600192673,0.055014030275227874,-0.1725163522420143,0.18854857630113103,-0.14433446219571594,-0.012125080780337482,0.010429938857827871,-0.062073738717107904,0.042381615798793036
6819,0.6108559384090568,-0.039465820999391485,-0.11120779921140424,-0.026968821857252467,0.004152856272181748,0.0038782109278396176,0.08931549020266762,0.006804206653008389,0.08016899521789582,0.03257412067547621,0.04116863508088851
6820,-0.05724988273553389,0.10794473946575041,0.07489874915656376,0.07749138458789827,-0.12247795016949266,-0.12285395830434057,1.3873382813044415,-0.018807770415674187,-0.006171344526736297,-0.7916379540626949,-0.12193340157382881
6821,0.05843525785072122,-0.6609544637891658,0.18271326079785286,-0.07538680235237841,0.14085231491495104,-0.04793890683986361,-0.12104520532149848,0.15178930613467653,0.04170285476593676,1.0872265462799569,0.05409644051114587
6822,-0.08320225601612193,0.8391121635105393,-0.0677732811702673,0.012231131848871469,0.03375829968148772,-0.09736095171034202,-0.11171030762739712,-0.5541665352009484,0.15436390040684247,-0.02862406668597297,-0.04705632371713013
6823,0.11407782330630716,0.004592152107029289,0.011687936849519066,-0.6486232017678929,-0.02692666809251911,-0.18229230246443612,-0.02335304960521138,0.771926165509727,-0.11352443189954685,-0.07544704204783123,0.09481792559800625
6824,-0.11808143129439484,0.11541295788769611,0.06826643079058935,0.8012725334463577,0.11465388880159892,0.11637359875950218,0.06945150337130701,-0.04014521818947479,-0.09116336666998505,-0.05300759464396117,-0.5403600687265061
6825,-0.21861256929341666,-0.03340332828823246,0.16097372694546608,0.04953354907606299,-0.4674861348179426,-0.011377093048882871,0.04314078749734136,0.09391323494690425,0.0335278071650968,-0.06022940179450341,0.8207494544264811
6826,-0.12542077668442844,0.09818394117313374,0.02235231376069365,-0.0275875524639844,0.6422182488645932,0.011678378270405519,0.15299622572253213,0.0032391261836826274,-0.33462840859270127,-0.1253220393262226,-0.025682707522918957
6827,0.08460626158776377,0.042689370587924776,-0.08524724333485126,0.0837282367030635,-0.05009073554587297,-0.18072003531107086,-0.0264365178027985,-0.04948745432800441,0.4713264199104771,0.047102155320912414,0.055713150801774976
6828,0.14641456817929818,-0.011109543131110346,0.518084525928257,0.05143377194797903,0.04509213252619976,0.013472704785944225,0.3110075388535918,0.01825828842173077,0.04361487197604665,-0.13310790383534865,0.02291496476497576
6829,0.07219941859471324,-0.056324872596123954,-0.04614974950997314,0.06852976684101317,0.04684690151577653,-0.647650249049667,0.02146755315091394,0.009715213645609769,0.0764649739575281,-0.062428803813377905,-0.019224710005757574
6830,-0.10319750783106423,0.0076979341788218384,0.4242204296605963,0.14826437134156042,0.02232391136108897,0.0363399866059661,0.25121614276419474,0.018397450119417458,0.12301862132482178,0.17509898340510663,-0.07175708612648572
6831,0.0752636811677418,0.6806290888576387,0.04070434096657501,0.00019179588294429464,0.07928678692911853,-0.08116269186581353,-0.1444537754170061,-0.01888826102057553,-0.08597716575496042,0.03694131379560064,-0.014886009897268872
6832,-1.8144861947557347,0.05823578894599624,-0.058337308883175176,0.1371678302594843,0.09084825461024078,1.6630076797548117,-0.08225564940311235,0.13883626391132925,-0.13212612892954773,-0.06184827032829162,0.01572418557013186
6833,1.4667425771367557,-0.024754108570429593,0.06776099947106118,-0.0010093367066044238,-0.051268521322145606,-0.022845208234147575,-0.9755662866985073,-0.07679990590469128,-0.029305085039234253,-0.03835270652009184,0.07115394895880106
6834,0.7714952799706746,-0.032546533264608574,-0.021023366730709415,-0.11571092204946103,-0.06438379995983827,0.08532509210332404,0.1270227602902926,0.1405545627657609,0.032135564623506474,-0.014371413962980547,0.004578401252630888
6835,0.6381490269364974,0.02699704893164346,0.0629415619933101,0.0038370453034771252,0.04391441213434922,0.09613797707283511,0.0006299600595203622,0.04523044995739217,0.012368121737372128,0.031277050706952206,0.08108088788571455
6836,0.21412566405787262,-0.053331626438975974,-0.07944406678642552,-0.061275672073353216,0.07897939533256358,0.24573231875458323,1.1597930728655643,0.021823440932032194,-0.12206322907981565,-0.8789159865991183,0.0001660611573911664
6837,0.035046975916159066,-0.5323738797365869,-0.06390760576262736,-0.16549677518559536,0.003066534951272295,-0.14167681178089925,0.03319940031912601,0.05807383857612078,0.050412354106961814,1.1226659715199807,-0.0034906448328853954
6838,-0.30184942634154843,0.9793587159482113,0.04451615406168834,-0.11417117404204095,-0.016774429017101855,-0.1975855279076145,0.047267809567182385,-0.6235035108024831,-0.014910888097764075,0.017026180943562157,-0.01491520355958869
6839,0.011430121900801074,0.010695741796131964,0.06180506071565968,-0.5678467509567411,0.05075351913884474,-0.02571410079752365,0.012308687513151294,0.8341489928345552,-0.05350803472383535,0.0934173420922624,0.086996622977733
6840,-0.15139943244748044,0.0902806561831334,0.00116878759143317,0.7432463234531262,-0.046577335732128064,0.11319630829445856,0.047753060812046375,0.1551682825633052,0.1395540313156381,-0.018533482596373198,-0.672040593220954
6841,-0.21297427029801416,0.10277160972337368,0.02642713005336173,-0.0005835793996074267,-0.55157576504257,0.027134545188965402,-0.09755802318289795,-0.03343204893742347,-0.1034292996118338,0.10465904171781563,0.8763817076194728
6842,-0.07931475777044161,0.007086909979420018,-0.09209801390747932,-0.1366983752514002,0.6551374958639519,0.07599232629034142,-0.10188472972759073,0.09744944827335433,-0.06334893769434372,-0.0016636361546079836,-0.05756039534337594
6843,0.12935987691566217,-0.10185979646310883,-0.010226975465290153,0.040036458635737904,-0.05950476945351428,-0.03693023158022321,0.02835679824453706,0.08766086834131821,0.5101218264794206,-0.042753612487345875,-0.00022580508083038311
6844,-0.012386914959132035,-0.03972323139902357,0.5418189049225259,0.05066029033824686,-0.1118896389331963,-0.1139429546818323,0.12745349088448626,0.16178535099143143,0.052288999122704,0.011221384003249792,0.0005743798322320245
6845,-0.01232674632123475,-0.010929888039800892,-0.019694299789594145,0.011601769063184338,0.039978871450883476,-0.666329851304343,0.06348527610412956,-0.029947045038827436,0.07611554329456495,0.05557546419277812,-0.048725700068102666
6846,0.04236438094098885,-0.17917217464332755,0.41205380757718457,-0.14993339753617504,-0.010488649580986744,0.14627105554283215,-0.009056279934519733,-0.11954470779694044,0.054430926395744116,0.2357105596219936,0.1680567552908273
6847,0.051239863339250805,0.6678550334446228,0.05460597211503375,-0.02618380995581413,0.04696689044504197,-0.08580049608299738,-0.016667397896102963,0.04214578482328263,0.017668259311584802,0.009661833114543265,-0.042120573392184175
6848,-1.8463453027369896,-0.056992259489141585,0.02534374609896477,-0.011549675263276738,-0.05076628945780737,1.8843831488856124,0.09802065338736553,-0.05068456396802348,-0.044128021334748906,0.22265982805371365,0.039119859002416754
6849,1.7117514006881023,0.0520569092925381,0.08980344424097386,-0.009919912299670822,0.1567428408392166,-0.01259676671492296,-1.0209120671581695,0.0294161322051676,-0.06688715318893663,-0.06914030178424824,-0.048330162157770064
6850,1.1174103279157857,0.03525811614355,0.10116654385193481,0.0795966382206818,-0.11423755721080474,-0.12550499855486275,-0.010233306368778224,0.08429725839255615,-0.12738476352572012,-0.0730210537007098,-0.16124725382352045
6851,0.6445236806959683,0.002999874755025833,0.0034272027332741357,0.01737796445428908,-0.03236003136265317,-0.008623014299199747,-0.0033782943038016596,0.024834189003154518,0.028142109538362374,0.015705765062068743,0.027773481963747276
6852,0.10737291173794451,0.008732142264278762,-0.18795390665361775,-0.06799251469891374,-0.0087428726999636,-0.1446634323832291,1.356128028086634,0.02408588583509665,0.007277683525659011,-0.9611101187994749,-0.12429470484168935
6853,0.07467453075995716,-0.814929151761651,0.038780711698395046,-0.03600709881111078,0.0022342131127127095,-0.02341259317713104,0.256164187904684,-0.012911220288505438,-0.007076552044006699,0.9639084486103299,0.07810153269493803
6854,-0.03886960573927204,1.0443204647498066,-0.032830033922520444,-0.01813836339431007,0.023437736474918123,0.1257893185322036,-0.10573493453768676,-0.7258464536897865,0.02838079625812256,-0.07051320436206264,0.028579487457817472
6855,-0.0176112685707286,-0.007504580933505865,0.0671040633243967,-0.4663488953271047,-0.10685920781781595,0.091667562982746,-0.0892532052049304,0.8740693537503128,-0.18798568866007975,0.02427522217875651,0.09266967909756968
6856,-0.01131762977852601,0.14340094055448407,-0.060212470654044115,0.8190674864567385,0.1070770435249277,-0.009108119779567858,0.03555286461421628,-0.05109178778236194,-0.09363967924490137,0.012351551894716654,-0.43858633635352434
6857,0.1546487504575972,-0.140213690863161,0.14538555760893204,0.048091187681109406,-0.5937063941038553,-0.05263370115526822,0.008310422677203607,0.14686772772710094,-0.1144051089188976,-0.04294335384766446,0.9149153863053068
6858,0.0313376180696182,0.11240007666561073,-0.015409706459599343,-0.013681122232738267,0.6069252539100204,0.06227547026013745,-0.037523613143217026,-0.12937784814924488,-0.4535911124283249,-0.0910682292193725,-0.001618034497328391
6859,-0.13851517105505295,-0.1434033214184854,-0.23636529203730067,0.10522819512387342,0.10717616075301098,-0.07659292000370313,0.07763660395695765,-0.020043273599144172,0.49218391504645503,-0.14595638702044333,0.017074552574105138
6860,-0.001187676404552306,0.054026427711878405,0.6106161009107727,0.06966388715122519,0.12165578733650764,-0.1869325608213448,0.09838259135186415,-0.023629157560195367,-0.061907042603660416,-0.1167661625015096,-0.04194771882704723
6861,-0.0359756283495359,0.1487584402489488,0.08118327120147911,0.0781718431107283,0.033593459137753794,-0.6834603897320611,-0.04313501503124031,-0.0337152504805758,0.16047483004799343,0.04297377886815302,0.12696909530889827
6862,0.07523960657667172,-0.019466512665093014,0.4411554824561825,0.12059655889943605,0.15509223972162794,-0.214999127185517,0.14395511870979583,0.022416458744035722,-0.061756111675413825,-0.04776661345830318,0.01887651760350917
6863,0.0420035382019446,0.7253939170130169,0.02427715604300469,0.01412580421748444,-0.003755458022370846,0.027826003327414164,0.06874554869220484,-0.012752843602440986,-0.07058767392361986,-0.02030218238310271,0.02138885856000317
6864,-1.9490379849119508,0.08374310689885196,0.017863743487200708,-0.2169455397511729,0.01380556441600703,1.8085913199750578,0.15880752206493282,-0.004215606718972477,-0.09541647205674829,-0.004255665405932416,-0.11394649906677917
6865,1.2243761557520907,-0.005754965617719572,-0.05763476587648423,0.03799439110935019,0.04685209979397025,0.044027661688530846,-0.9945350256089761,-0.03081381708963378,0.20729017418167836,-0.03511416737983242,-0.11217202358527216
6866,0.9549467537055296,-0.02640186161538048,-0.20324701202627785,0.03058936693186608,-0.07074262807732853,0.10724627378810644,-0.05409842035980989,0.19462128485828975,-0.14494958187145945,-0.053446722103594864,0.06374020501720534
6867,0.5601911168569761,0.004094966344223634,0.10241146772662722,-0.019581123503555425,-0.009027012802572723,-0.05051712896323721,0.044048761798723815,-0.002998516499062721,0.06396484467116524,-0.050169322626541994,0.0018316188364471868
6868,0.12786747892207717,0.08049653926261255,-0.11196075427314842,-0.13483813205403006,-0.03606095766199456,0.1884117294408629,1.2551818763603788,-0.005749927515925731,0.09894545349273284,-0.872305912136762,-0.20332910501427237
6869,0.007170322893788412,-0.872866350542816,0.020537600277686464,0.0019741540654654227,0.05091121306939816,-0.03454792322540883,0.05936141337497127,0.017215826275841128,-0.03778994109799404,0.9187117813157443,-0.02063841608008883
6870,0.1038186704770201,0.7597822282589692,0.001651901117072181,-0.08667217458433794,0.03293007985639667,0.04294747251771457,0.008981283014484219,-0.4489667324386027,-0.02743741759736401,0.1733683390782735,0.04813521113596238
6871,-0.08597596469406103,0.026744952556556612,-0.026920853148145567,-0.49627309380140056,-0.16494529612535908,0.13871088489413785,-0.07747926344694918,0.7996809922164114,0.08808789467185849,0.10242262175081118,-0.015979934904010996
6872,-0.04737560204750562,-0.2780558710542677,0.038828985681812256,0.8176023360394273,-0.006961559091111195,-0.1452211933960355,0.2159865678232659,0.06533676225621743,0.08777560478441583,0.17012995503983933,-0.4260593990295898
6873,-0.006410039080594244,-0.06453561740185983,-0.08433341864931135,-0.09843179970189116,-0.6143485358691568,-0.02328505114915261,0.08199590345577276,-0.06843049828757476,-0.17569553895787285,-0.039052346519819106,0.8639737536991668
6874,0.15524043694841919,0.20155301374575058,-0.011238465498213277,-0.08478676912940634,0.5937879192412852,0.2578402051320898,-0.06170982125945272,-0.07062076399165601,-0.2618971512560148,0.08964011779552503,0.07272996736488714
6875,0.12264087708257618,-0.07060265310374678,-0.23951891651875334,-0.11476062442663676,0.03844300972675854,-0.16223242407266414,0.029689759580740147,0.03587123731510902,0.4917145195378981,0.13003715171245916,-0.07123919251006465
6876,0.01900686851446361,-0.026022888525852952,0.5756903879763914,0.014126578029900411,0.07278913258284991,-0.04599532919114374,-0.025225391378239197,-0.041385517026072835,0.06183005066376397,0.08012975080601821,0.07424236993959873
6877,-0.015391503620633714,-0.014975926272912065,-0.11212377082124757,0.02003529780339219,0.05617619489249143,-0.6399311663582514,0.13787445600144407,-0.09325053886537542,0.1082965177320895,-0.06586618599255632,-0.05902516199055936
6878,0.06052482790285403,-0.11709549110195805,0.42010735004135463,0.13874761712309402,0.04857944879642885,-0.03713844728462122,0.21534726157870676,0.01703347119753838,0.11227881350665773,0.22581078003728908,0.20572822281257105
6879,-0.27736142349955833,0.6377194706128887,-0.010451486855363595,0.00085155237119923,-0.06652466629937903,-0.11293760679919775,0.08679863673492363,-0.018475325970367294,-0.05813921470087636,0.01713591444394074,0.07002303829529145
6880,-2.124511277371765,0.03825085255859158,-0.0259516333347484,0.10278764124648403,0.04877233423954607,1.5296171291031635,-0.028051383536688616,0.09582253979531179,-0.0025785246062487548,0.06945945011660752,0.20695427341596195
6881,1.338287263059084,-0.04395573162571008,0.021370823781240916,0.01805813624039336,-0.08358750797626636,0.05738858645042049,-0.9419137324728741,-0.04710260956879552,0.039287480421151495,-0.08736707654552708,0.020462729145748444
6882,0.9381108670078373,-0.11451842819876674,-0.14975902735632932,0.0007489371389039004,-0.0541141141531879,-0.08981086555474709,0.06613348879375698,-0.007753413019895522,-0.19603503363367264,0.009825303184569683,0.1246264031613022
6883,0.6717149668681927,-0.05618363632386864,-0.11835519014722384,-0.02230809286396159,-0.04899063045543273,0.011042793220693965,-0.035859921786894004,0.02935729350523031,0.006240684469288172,-0.00257026568817286,-0.0367390123573935
6884,-0.02068347320148958,-0.04580752570881498,-0.08603380214261257,0.06508217169292749,0.03106147822351777,-0.06359746845949783,1.2483509105674166,-0.054024307224632515,0.09829210171364841,-0.8435243621129568,0.030370478064293282
6885,0.09847916377526879,-0.6029008026924775,0.008250627523313774,0.08410714217660306,-0.02417306260180332,0.031998942588058465,-0.061691811131004484,0.2256054020407067,-0.011570698193526612,0.9750705216788009,-0.052399343353418795
6886,-0.00436651014858851,0.9075341508611571,0.02090443566004788,-0.005177726955576514,-0.03363286872923679,0.07149721997281523,0.14937466092701257,-0.6098909048307286,0.06486101669131321,0.11936629922179555,0.048033945246715906
6887,0.07728798338881868,-0.03446389513250341,-0.1093816601229811,-0.541729693051421,0.027066613991204524,0.03111818937641513,0.15214307894418794,0.8552707779947907,0.009451839075219425,-0.07041599583412753,0.11622668990685872
6888,0.030427403865508334,-0.036098427641643685,-0.13862686646972583,0.8079446763893634,0.08276267485653628,0.051961495866510665,0.008134232574530251,0.03375887807166319,0.026343738937281463,-0.0029202677076499628,-0.41002340971081047
6889,0.05633770347919073,0.0792222880001106,-0.1749852665069385,0.028022796146674345,-0.5850730176327813,-0.09997439273808437,-0.027557813687604828,-0.03700464578661693,0.03320272559737964,-0.03540863753808793,0.8544597284089357
6890,-0.1086728632916739,-0.19651441448462362,-0.17305893766817743,0.10440212353713643,0.6066794109927418,-0.09488986227095919,-0.06200421516176148,0.07380481365674814,-0.18656348537297063,-0.11898180769781783,0.011761887134409232
6891,0.00400007055881996,-0.025073707159540593,-0.1317855147212815,0.015038340100733166,-0.10257435735078645,0.20120694402799777,0.003724029841980436,0.08920548239830314,0.4581868040886665,0.14662943761438996,0.0003444982404874628
6892,0.06736174502609213,0.09131144537890303,0.5617095773738761,0.08315058340465814,0.11478618931422659,-0.05397026958742541,-0.06010305013430807,0.11610499064339161,-0.08240879084022848,-0.012365028247796657,0.01799623456219685
6893,-0.04108438030454165,-0.005667048791788424,-0.07185376049322363,0.038770509596174674,0.21075974849832144,-0.6877781316382078,-0.005103709792744335,0.04483961277549871,-0.09243821483749974,0.07865046299017536,-0.007746694512334137
6894,0.08227247310523189,0.07129815950379394,0.43276571669439995,0.043244450450879476,0.06538623996543426,-0.11531389370152993,-0.0865702233856307,0.02354095574196497,-0.0318610148382282,-0.0868993071814435,-0.07501691524368659
6895,-0.08092327082636046,0.7548002137773058,-0.03611986919144725,-0.06983461538666524,0.04323279973779741,0.044956971918000334,0.05103415631397338,0.014547398521096721,0.10898152555018567,0.028070480557670724,0.04947106720679812
6896,-1.650440939508857,-0.06108450247725126,0.02383781088367412,-0.18516456772249315,-0.06780605909153116,1.9415518599786306,0.009342318999375194,-0.04450664134171298,0.12399156044105572,0.09088260706929,-0.06372027375418696
6897,1.3952078468289568,0.07863631025444434,0.09942844439966116,-0.060386879830596735,0.028640852310276393,0.08080111973678217,-0.9315856920042562,-0.01048916520582108,0.11584817843830048,0.012024637042452286,0.013453738028250228
6898,0.8565279167020675,-0.050890450630459244,0.09628302674863934,0.16231413741683878,-0.09628308951609656,-0.11019740751750644,-0.029760014372003485,0.021095231667817415,0.013719026487073734,-0.0038578579304590606,-0.015297656378648184
6899,0.548958497148005,0.018577164666452928,-0.07466061081354496,-0.022489003063546953,0.046959898167331426,-0.017239321244737593,-0.012771370522085684,0.019731690673747387,-0.07510257275611791,-0.01078202508034346,-0.0012527931448432935
6900,-0.18721962162408912,0.053007213132334176,-0.118837822023221,0.0654784087042637,0.1025411475635761,0.00694188195603786,1.0961566870478154,0.038080280538544675,-0.18198614024335116,-0.9580667866743615,-0.08257394936211528
6901,0.021574139070781245,-0.7556889863938585,-0.031958042506154846,0.12375287535995959,-0.06374565136885554,-0.11866836717650973,0.06442383167496338,0.041742518473079124,0.039931009934826275,1.0538971065249443,0.026528739906612867
6902,-0.15658332218617077,0.892726525491982,-0.010621976412128711,-0.08209704781695366,0.013218210921741684,0.09556291658969038,-0.12971838122693916,-0.6598051230035353,0.05381986052244049,-0.05006203432155631,-0.011619844904734816
6903,-0.1415905902463285,0.06327203898168729,0.04215963960366469,-0.5679832498367574,-0.013268457204718474,0.07663076080592598,0.0650071540935906,0.8666181369881749,0.16323272800241462,-0.05026618551548302,-0.0565417722414205
6904,-0.061050468871714086,0.029019298367672534,-0.042213744719504544,0.7775850900831048,-0.1964575649995662,0.1912718935691469,0.1223715195278628,-0.09895409060259554,0.06548435089351365,0.18958090654076742,-0.467898256650061
6905,-0.01661683322296973,-0.011863197060295875,0.06662401197731838,-0.07943782818245458,-0.3419398941198333,-0.02632367102809896,0.04818248084402535,-0.05769495403565141,0.057171347126871976,0.08226799518339147,0.8469521865282997
6906,-0.045411324214765444,-0.035144012575757055,0.06717446771454177,0.026394424706225654,0.5913767749794994,-0.19694555276223324,-0.027276496004911836,0.07599868100761459,-0.11774440300163472,-0.05174690705390376,0.04713843795653557
6907,0.055426439692657904,0.01029498916930999,-0.14988572916540324,-0.03953258107945187,0.023579919797523975,0.05724126425978786,-0.08206480644772694,-0.03236538069808002,0.4737791722144706,0.1717894279521805,-0.019712722446048582
6908,0.01831622109992219,0.024086255925165598,0.544589064947182,0.33034906222831667,0.039905837644643734,-0.10048272537567499,0.04494359150416179,0.12976513774719708,-0.13909227215307474,0.05473972383846638,-0.010376249244015931
6909,0.09054605827465556,0.016536233390518858,0.15840656155155644,0.011635904471103967,-0.062241837599080085,-0.6783497865207307,-0.05359673639512289,0.07198471149570497,0.13021572298768624,-0.09155724417445946,-0.01780392195081612
6910,0.01726115928841459,-0.10157819600536902,0.40167489484596214,-0.08273424913798931,0.09491629078108868,-0.040069576027185895,-0.17400723280907612,0.02105367954656148,0.08679857573427353,0.19216733132262884,-0.027220252838747485
6911,0.13820985363652608,0.7009207097904158,0.0066975105288227844,-0.03499176912974639,-0.040829596126687046,-0.06614447664750091,0.006084072236013562,-0.004344393219470248,0.0055466723612253455,-0.01084933552585386,-0.0036844057157291482
6912,-2.048021168031406,-0.08303771001612599,0.038847810226483814,0.09917277790695501,0.04755883977384799,1.9244804890162515,-0.01501589560627614,0.07055310133027182,-0.13073503599755962,0.14258460689809954,0.10515342496763269
6913,1.3497176645675744,0.015516155611450696,0.04709605898753858,0.009507236831462219,0.011147592335063624,-0.06351425426822269,-0.9226479518713137,-0.02794588763805001,0.044353789202118805,0.03995668157581021,0.019508517789859466
6914,0.9378091772058135,0.16721895742075668,0.10135015916398138,-0.06545463098357313,-0.09062078631808629,0.13510816113465382,0.08870640569324256,-0.02687844867760466,0.007957944529874118,7.313197658696292e-05,-0.030180043958277274
6915,0.5830195123314269,-0.04737922824204516,0.018625346643496077,-0.024582824166853725,0.004873921808283266,0.02576219400012081,0.004742606756860839,-0.01431769087745748,0.0387899256789046,-0.01884702246492101,-0.06875904989801944
6916,0.010723927803031696,0.06267142288849306,0.014610053245848378,0.008847837597075293,0.050980210479009254,-0.052388180479942974,1.258714275901978,0.161887729529056,0.2109411285420977,-0.9898848248792671,0.07024676179258392
6917,-0.07367549455786913,-0.6133837662949543,0.12281123817218993,0.04556506199617898,0.0024338320336207333,0.05016957791517039,0.0266939200858927,-0.05561638572139316,0.11676704089173799,0.904834962769358,-0.15160494153105125
6918,0.08992590838106043,0.8762172460760347,0.03574503810351788,0.007093958064815451,-0.060441639791368906,-0.055531662172495944,-0.055291811262160644,-0.6827450795767394,-0.047831139966746594,0.020001721317568506,-0.046935708575783865
6919,0.10552932778255943,-0.06777268137860477,0.03817705486439381,-0.5718665354017923,0.017281426874866827,0.1511887616103516,-0.010536683413952988,0.8405729086639925,-0.1344423642789156,-0.12859101373019238,-0.017096711186065212
6920,-0.11019370992326422,-0.032620987586706465,0.03704255733040004,0.7674892848623895,-0.051229991030671225,-0.0009792483756484276,0.1934777901779125,-0.021094797770428372,-0.15424309531739105,-0.0022051446193543686,-0.4072641827428958
6921,0.06591179860063368,0.024434295910432276,0.12219331991539542,0.018125151740985907,-0.6073848472531126,0.1560274266622883,0.008398317029016307,0.03630777576764499,0.01672929484189508,0.21251617456889246,0.902113234916681
6922,0.08843375917985241,-0.030879771227670674,-0.030984137638575163,-0.15452492796606915,0.6403845190660749,-0.05876466115512494,0.12663900344937137,0.04684141569315723,-0.2117391871640329,-0.12015720540399237,0.04364011479396484
6923,0.10081761468944846,-0.07330853772089649,0.023663947431303817,0.14328044745950896,-0.05369516417191787,0.2404626309638445,-0.07579566069215207,-0.030938755646664408,0.4645442009156901,-0.026748923242764473,-0.09699379014697322
6924,-0.09408478159622526,0.02380524120966888,0.5747957217625018,0.009140550358696143,0.08014892597426233,0.04847124804473158,-0.07772360054770802,0.13318051950795456,0.07358846951357026,0.052000428769262017,-0.018918225702929024
6925,-0.024351249723486144,0.006848493059271088,-0.13326633913344196,0.00930788177838265,-0.06444740930032046,-0.6624594593515075,0.12157454961237439,0.05612026377598313,0.09019651612518507,0.022870649700100932,-0.03162482820091926
6926,0.04658420214379044,-0.026619589570234997,0.42868789966370613,0.08269412958820997,-1.1581641923177032e-05,0.1153627848140399,-0.025233850087652054,0.1497743052621187,-0.07797581203770325,-0.19564814811773382,0.031910774352166646
6927,-0.07313241181791152,0.6967158200282489,-0.02777946831437631,-0.038420561215512246,0.028812978944637215,-0.04226409412685039,-0.12082267966800668,-0.03013487303974748,-0.07619116677360196,-0.1018807872562082,-0.05410618046000206
6928,-1.7307022961226974,-0.0585315725445991,-0.05521742704820791,-0.2032749757390135,-0.007383310231431188,1.9407565702400076,0.2286331762727283,0.09346030777323085,-0.018397631028283203,0.05317895974628954,0.09921523190235712
6929,1.3870124273460165,0.0013262032626720145,0.10416540436892405,-0.03854489607671947,-0.020110113088824322,-0.07893387006453227,-0.9318220666247099,-0.009286055219981808,0.04463591897378307,0.08277723719094973,0.14462245968387694
6930,0.919989824578868,0.01783606280292547,-0.03725285358566423,-0.05123448602755459,-0.009628941112587708,0.19917221605468222,-0.12498431364520557,-0.08289318076604892,-0.0035589426704468446,-0.03568508804952266,0.10115507801760268
6931,0.5909819648845243,0.052454715319550364,0.08635602715106791,-0.03229177618575967,0.0004185962150827314,0.04545072878279427,0.010336431789188128,-0.028107951046208786,-0.015721894171039117,-0.029357593619442852,-0.011491908470654674
6932,0.15949731603070816,0.05628006670999577,-0.020646177659078287,-0.033282810434682494,0.15141677875716994,-0.053282325606259125,1.3250440917249546,-0.03016100940366266,0.12877230258239983,-0.916604444087963,-0.037209195046756516
6933,0.08344622799702364,-0.6211353905684704,-0.09554961659949965,-0.019049234232989876,0.003713965578033057,0.06456942387123454,-0.12392188525044757,0.0031054314264721645,0.0767011329131135,0.8723067673712923,-0.06445106186018404
6934,0.049960123418596444,0.982247465390742,0.015965561004718264,-0.009556946899247657,-0.030588792707860257,0.02039677183489238,-0.006477889156358075,-0.6794290127876438,0.012705575612795835,0.09007422414719067,0.076190630279655
6935,-0.20242503142946933,-0.10652110460541943,-0.07527507766871905,-0.5054853818058592,0.008792721171501231,0.01387613892867178,0.1940446106870659,0.8403273773215565,-0.04404656672018755,-0.07156102856491103,-0.08087413132211571
6936,0.04283950741632233,0.08004785591355949,-0.06046572893931054,0.7351764278734184,-0.029379780278037334,0.0024680038390249024,-0.011660806556405577,0.09307413121097545,-0.05941867063860094,0.07929761311808002,-0.37389133156021004
6937,-0.08132881974577755,0.12660498030087808,0.01785989679302221,-0.0305830913528809,-0.41603856444241555,-0.025244508261440583,-0.011642120848782963,0.056636887416777006,-0.01945309031592049,0.12146468891490242,0.8957942903932102
6938,-0.05218162766818187,0.07674140582216182,-0.11549072823000117,-0.09665384311375703,0.6183142344191356,-0.1448558139415094,0.09595996584894523,0.022156457629294603,-0.23183926837330693,-0.08453788043452388,-0.02556135085908226
6939,-0.14054237827806787,-0.0171172735301528,-0.03587672940875164,-0.037655371637763765,0.009992981306726026,-0.09408788642578299,-0.07539922545888955,0.11450850816759439,0.5071025265475518,-0.016926118549973595,0.01975414087362896
6940,0.17924395778216395,0.15625606106488174,0.6532788821892571,-0.05026339431181437,0.077027634117956,0.07105429030081212,-0.013310812884347115,0.009635551796216371,0.04283877183509032,0.14535389410068647,0.07968448167949825
6941,0.01088756436611557,0.032807840076729274,-0.004005514609495936,0.014195386791300637,-0.013264236596219848,-0.7082937097947318,0.055651412261488495,-0.12224848956068791,-0.022539128284308256,0.032089267342868044,0.11407693331440254
6942,0.07545528387758609,0.022795157996360497,0.406685581713098,-0.07364746748032572,-0.06620945389713145,0.06019208945114952,-0.07814737191423053,-0.18256460914641826,0.05695114813900596,-0.14773058472483916,-0.11048788582600218
6943,-0.17429591577993991,0.7338867743542807,0.02231403952326784,-0.026617171872674424,0.001207401551465901,0.12001989768559979,0.06127516809294762,0.01746307931570122,-0.04892291500957781,-0.09689565572185756,0.024505007514625324
6944,-1.996548915542185,-0.02000866545714001,0.027940922063179295,0.19541011772078024,-0.032083176880053535,1.9279725417533269,-0.013014338777329772,-0.06662380007738873,-0.05574354163931036,0.12372168050749381,0.029760410310637676
6945,1.6716360085381752,-0.029870375441767332,-0.007070482023056333,0.0075543631447129765,-0.04799299027915564,-0.07472499415487321,-1.0125643211504454,0.01106768448763636,-0.020955860864804617,0.11347546816137277,0.056664662919556595
6946,0.9915533173495974,-0.015126448082455668,-0.1696651984559294,-0.05154648070602724,-0.11499752146079521,-0.08961220590100615,-0.03916908749551932,-0.09527202860217068,0.039022276174768195,0.1422471740165128,-0.049012454839077395
6947,0.6345271356082862,-0.03173469998774592,-0.012951479080934638,0.004123885281072868,-0.03596926559996372,0.09023673021981776,-0.002878506725006313,-0.0718035777129086,0.02697216725167559,0.007462417558079604,0.0014238154802507967
6948,-0.11687190671126552,-0.049848682204515146,-0.18510523184453775,0.04632014106343107,0.056668432890607946,0.0023881403286240607,1.4132365027226992,0.08569477123687418,0.13906258481712366,-0.8114472902099823,0.04779802198522416
6949,-0.21869398101784274,-0.629616356077505,0.08008220305754961,0.11100262829329831,0.02298855147522835,-0.033693080361148,0.014463096031222656,-0.13085701447623158,-0.05472012762152592,0.9348097165714949,0.0989235419185431
6950,0.05685772883459595,0.8801632517804272,0.11178968169203898,0.02907817477952393,-0.09315813438680932,0.2883352163762034,-0.05736211567357792,-0.5254745211109785,0.03705923149996329,0.03617866340701985,-0.11536097256106587
6951,-0.08175963678331431,0.08224180283770642,-0.0018306498239301038,-0.7017335563721758,0.033960053339113914,0.25499849736483476,-0.07242959464274873,0.8550810137015521,0.002541710426573359,-0.09144586914556771,-0.12072243419745798
6952,0.07734476564469808,0.05528232253780239,0.08957519707911649,0.8383193421314424,0.13930457572308697,0.2773626797584184,0.08616457262078522,-0.0307716732403317,-0.10286930242931455,-0.09244046497030955,-0.5744626036905748
6953,-0.017201800770454974,0.012360245163659234,-0.03493787739830531,0.02627486702884389,-0.5722915585470879,-0.2619731081480708,0.02747449842467554,-0.02246537768428434,0.02267195651747926,0.15048959571295126,0.8424697279494462
6954,0.03773700619356157,-0.03611182891991653,-0.0127299605860893,-0.010743745295067747,0.6461877485693552,-0.05604017170864993,0.11896690372429629,-0.041874584795371504,-0.016039958941616417,-0.06671484353098847,0.053627612648784066
6955,-0.011478717816582046,-0.10607230342988652,-0.2142615999404564,0.008627283623132292,0.03401622771673575,0.01303279105775963,0.018159003348983627,0.05783105081984352,0.43428578316166877,-0.20177539721261722,-0.056659907050804884
6956,-0.17510877825349896,-0.21064543800818725,0.5883878854758415,-0.08932646145148439,-0.08047651430025798,-0.10034743823826361,-0.042177516214894,0.2049532698168561,-0.023345919989006446,-0.04406565967246309,0.013118707862086415
6957,0.0051310158736162055,-0.0076418914337015,0.03390297693999784,0.08817913401519359,0.034059470637233066,-0.6648105138605146,0.04365319927253661,0.02688703830591081,0.2063368049595027,-0.09685207276214441,-0.04131341034886943
6958,0.21476191410688342,0.11435368245348006,0.43498990562920775,-0.030979596290858002,-0.08485026140694343,0.13036257156542996,0.08690858252604078,0.05404603560593655,-0.0267127239304698,-0.012712165086642127,0.057978326837666835
6959,0.11526192613896966,0.7022662446515017,0.0794322822853739,-0.02284733379462478,-0.037194179006486555,0.0497381216422077,0.059419849702309395,0.03597243673572435,-0.013249574590026198,-0.055943771224036445,0.06916508213139438
6960,-1.5605040255763116,-0.08092741813641824,-0.11590560723262607,-0.059967974561427266,0.07541041718363706,1.7909605316061838,-0.05580190332693845,-0.04155877969364365,0.028658544490739023,-0.10601446554132526,0.04177791047839009
6961,1.4068101934930948,0.04911050661185192,0.009377557382345938,0.06405103375164826,-0.03167982825301343,0.05712135980950511,-1.0311245054733291,0.05121824022249856,-0.08712940183629221,-0.015849842870893676,0.041750207940816714
6962,0.6954494549163217,-0.08990008779289659,0.10668078536529306,-0.06886166048926738,-0.037864398328266526,-0.13986567920886256,-0.10479881713415674,0.07004132863644585,-0.025257089895863904,0.0798631888596162,-0.06072462774918007
6963,0.5637031531320339,-0.0004479520338604749,-0.06962309342277655,0.021353276682058116,-0.0013959306464250585,0.07874041500576692,0.03326600446017161,0.005917273875986338,-0.029993067002211445,-0.03214418767824593,-0.006982361043082933
6964,-0.04180194455518597,0.13949338544207868,-0.03700264064529802,0.04373388595090777,0.10064026400791944,0.35257282426046443,1.2877654253130013,-0.09107199711411786,0.15890890214293926,-0.8549162778309526,-0.010350622681540828
6965,-0.06676338051171442,-0.6815052803733574,-0.057410896246926635,-0.0021134427019462356,-0.10753511588910168,-0.005806994753478443,0.03928719392508156,-0.014087947173555547,-0.0649907095847415,0.9461264421046597,-0.06239533756975085
6966,-0.03896803534254375,0.9315738585298382,-0.05954228678218943,-0.06800913173385248,-0.0067085974928976395,0.04796456262172528,-0.03111151432010674,-0.6169976515585762,-0.035993548299613154,-0.06131012787250708,0.049830657374987555
6967,-0.19083754363656572,0.024807275099331477,0.1531064503743067,-0.6149602874111636,0.037859776449428534,0.024209654952131475,-0.07144821547336061,0.8477006950364969,0.0406199441749765,-0.07289649354709951,0.09574722505809702
6968,-0.1356489077647074,0.17089169701346327,0.042184417713192555,0.7702181604497539,-0.01405756435269917,-0.08179930038099364,-0.02681599712284533,0.13694991024165876,0.08713096781093393,0.04106865328009185,-0.3986265783889818
6969,0.19621475576961195,-0.026140826219835586,-0.10436280487240543,0.029404155033785132,-0.5475557872254933,0.09620582036775811,-0.06939314420411663,0.10038210350942167,-0.014784561749545913,0.04123022736366666,0.8749132181166617
6970,0.08784660799652035,-0.011825601610956403,-0.050065660481135546,-0.1280737075357568,0.589644998446118,0.1519744014705613,0.025285423046437012,0.08539053384843259,-0.18563617940798705,-0.026711880591153817,-0.038591510264482945
6971,0.023553632805191807,-0.209612606944763,-0.1661576238555421,-0.035758965588166255,0.07467960716896621,0.019807469992989046,-0.12413015749684886,0.24790667662933993,0.5004536470478492,0.16229835149620064,-0.0536514872025253
6972,0.10682483507773875,0.0006443013413589983,0.5424688999149175,0.20648011597772503,-0.07700928494955214,-0.0805991209157374,-0.165421425053981,-0.046868080152977415,-0.049649632880768936,0.012613854401894649,-0.005969770764103452
6973,0.08164075383065647,-0.0809221099668482,0.012952320237886944,0.0027057461710104118,-0.0262962612781006,-0.7029653456037875,-0.0015189192256797753,0.10261566644329911,-0.006745004406801593,-0.11666800032929231,-0.09370570738395843
6974,-0.13087382293310773,0.15642577672396404,0.4323841884717389,-0.045721894901571726,-0.012861266629059804,0.03956671980775054,-0.061591847638038204,0.16327945519880963,-0.05378933577330593,-0.04026297758439004,-0.028660668866929095
6975,-0.18471606983199254,0.6685589145538635,-0.09604917357569963,-0.023855457572370807,-0.07967165276096952,-0.0024269535030971776,-0.023540650774886943,-0.006345272359162747,-0.05004200325926516,0.04561067953181276,-0.02529878737695238
6976,-1.8769518020322424,-0.07260778862471719,0.027450343673422143,0.06390681952259494,-0.10979973872512999,1.927404385102117,-0.10303846883872729,-0.06269502370200361,-0.046624533006435015,0.15175049282799885,0.046103664155116506
6977,1.4681076287748311,-0.006227340762040466,-0.09952912554015789,-0.05823919492352829,0.07196000717209565,0.028616231832703468,-0.9940787164032524,0.05971912027767785,-0.04681364519700671,-0.07169467933189516,0.08520990012300127
6978,1.058691591705706,-0.0825967092426763,-0.0764364774229483,-0.0320801768827261,0.056784506750744146,0.211280041689767,-0.08362679843631352,-0.12193288477918433,-0.0774856370945231,-0.044125029823314656,-0.07983058767285768
6979,0.5464857923622549,-0.010605820253826679,0.10794801891899013,-0.018845793832472597,-0.02105731513222697,0.16042986207700755,0.02176276207428624,-0.04217168408921444,0.05430341169451201,0.010253606544109358,0.029650837829090403
6980,0.12421191786161656,0.07857657649372092,0.07635859623774453,-0.11009209413046922,-0.14955160793576427,0.031914518736838766,1.2970129698648765,-0.05628364534022233,0.03116992253073119,-0.8958824904338315,0.03944933588220706
6981,-0.09464360437825217,-0.6044107959372387,-0.014225737408024401,-0.09348743110425206,0.1202978549566466,0.057506893937317324,0.06700726359933766,0.026201231958538414,0.3420964600882355,1.0423134620484478,0.09327229657021816
6982,-0.028199426330420496,0.9196991416008626,0.018443815882003115,-0.1153581622536283,0.017895736547732036,-0.11354966178626126,0.2133121514831758,-0.645795955686054,-0.1792598747003275,0.07743835380902762,0.05147948078497283
6983,-0.37280088959416663,0.11719827311359765,0.0360118126074754,-0.4413868146777072,0.15006798631991775,0.10646650073705793,-0.04699470758332751,0.8750901428041192,0.005939217504714489,-0.17567632907289438,-0.14842232934717764
6984,0.07616566412457867,-0.06628651931918263,-0.09834265458303564,0.8230402432069769,-0.028040431011945723,0.00011720680901537456,0.12818499619251966,0.012961169688574985,-0.07137857356989127,0.017385016233001246,-0.4722529371814964
6985,-0.032750322917079855,0.052754428450857586,0.08469811042440692,0.013522295251632292,-0.42944419079095447,0.05643680791059488,-0.11004954214329099,-0.004053325716728159,-0.013419615056257191,0.006427134608529812,0.8752904505241283
6986,0.11336660527343279,-0.10179167282775434,-0.07471363168396028,-0.09321552356588174,0.6148792167490769,0.06954331532979553,0.14319231692868328,-0.02567310823755734,-0.16399598440983482,0.11102595338841403,0.0489273513901768
6987,0.020480084556218404,0.12004003855872022,-0.13067785989931124,0.031229180684374237,0.08308657676762711,0.043391142158324965,-0.03634783354727171,-0.03604466072382309,0.5180326844552108,-0.05326595458048946,0.05453504058475157
6988,0.009204970187931892,0.11886704964612292,0.5991883071568603,-0.07085304950607303,-0.06961420719760099,0.09469914166566257,0.014116137434464028,-0.11233045952218378,-0.05012018279275216,-0.04212662077898649,0.022418676849636124
6989,0.03500648272882261,-0.030410682832487473,-0.014373869615754858,-0.17777807396798337,-0.046589209643553335,-0.6423298089419363,-0.011222864782750084,-0.0016914248772998517,-0.02501482560782211,-0.03337569788103842,0.0009007297843763636
6990,0.018628053356190145,-0.08437236184018522,0.4459786909497226,0.07884759671502015,-0.26058414792898266,-0.09116833732543915,-0.004576248898994494,-0.0580323836907121,0.08515757033013154,-0.013071277288289678,0.048423495009214904
6991,0.19032309400238576,0.559594287625547,-0.015463225426821367,-0.049427133544681874,-0.07484968700913404,0.11666844806477099,0.01957272720412097,-0.08104444863305928,0.044118611819861805,-0.11188054919938636,0.029930212895605383
6992,-2.1170176554756455,-0.043887513322252755,0.11375805711845814,0.0084992324461078,0.017798412200061686,1.6109058735139958,-0.11036609630032074,-0.02370786690276213,-0.07358533794852673,-0.01807061168772034,0.11540308379599412
6993,1.6915322853853685,-0.01980064520336251,0.04519867398003045,-0.015994919029477125,-0.1062678777237293,-0.04392685420397149,-0.9998632969900147,0.05491646462433106,-0.053863562839027566,-0.05095567151500313,-0.019483100448236597
6994,0.8129816433464575,-0.049262142845243787,-0.045870173140667894,-0.012689866074328373,-0.07772381765121536,0.2734069375989144,0.072069926835651,0.04964217078881713,-0.021215298001130506,-0.07325873548740179,-0.20443844234556355
6995,0.6462148207671959,-0.025025852341217007,0.039732669779818604,0.03149670090503128,0.02055380092730827,-0.023698767290359454,0.03463606140546871,-0.0147045664833355,-0.03405822794259549,0.010127099065570152,0.05956756522542881
6996,0.021330755487252776,-0.006836155169778548,-0.20238480205307344,-0.020540607145770575,0.05812183213066098,-0.015804272260745975,1.4101239934191907,-0.01213555390560109,-0.09852626644819473,-1.0544115205793307,-0.062028255687018224
6997,-0.0803710464157275,-0.6493659028816915,0.04034880510115631,-0.008309984309520239,0.16636921789448075,0.014320265633947345,0.03356104607608148,0.01815013816348155,-0.15997169510313505,1.0039107276671109,-0.005788617942545931
6998,0.03938818453539196,0.8696298337021215,0.01992358256303781,0.04397914541563669,-0.025315377306085057,-0.07407010232138056,0.058658522757813844,-0.6787053152852672,-0.002667375998241676,0.10051291841355513,-0.05592429876833695
6999,0.0781347106883394,0.03873637389543424,-0.013541205158045959,-0.49335724008296034,-0.02734748084031488,-0.1416860374085869,0.052753742914494424,0.7635964416023759,-0.15883567181884123,-0.007000558753781258,-0.0009758689816578812
7000,0.035678311129990876,0.02291718352882211,0.038160721207550846,0.7925133264717298,-0.03619187298172973,0.06294340046245561,-0.07997810660089535,-0.06178119326116481,-0.0048675748946287786,-0.027180902973139517,-0.42722622224639806
7001,-0.11343945827445344,0.14992738849806198,-0.020461324873640177,-0.11395131073560438,-0.7764490983270097,0.1039353272117067,0.06054057063527861,-0.039706862365152466,-0.07673986811062096,0.18910522768055923,0.8368242579640544
7002,-0.03297143256669547,-0.07750645878247478,0.015648118776678197,-0.031085965447861623,0.6157642682421839,-0.02328860446540584,0.023648928140971682,0.040127187012949934,-0.15442635795119183,-0.11120122297778333,0.026993922573466812
7003,0.12414411081080262,-0.022490645709238255,-0.04167835944855909,0.009936137582737687,0.06451622037384018,0.13987397471064883,-0.03480325248742486,0.06838452594731477,0.4917774002967493,-0.0612902829255011,-0.019003159209411476
7004,-0.010723654341085706,-0.017795046314397517,0.5561723046935805,0.12540376780233842,0.0892879638243218,-0.04459129177422465,-0.04376543353383139,0.05375023358694138,-0.0030019425915596906,0.32516987050775503,0.19010843237888253
7005,-0.0710995870057829,-0.07623130223716486,-0.14620645279749125,0.010766274506997155,0.08287488433899583,-0.7716855716228296,-0.03209869262454157,-0.0948354404390147,0.1300570577037793,-0.053498157588154197,0.029208148307675277
7006,-0.1801705402403113,-0.023186167043112542,0.40110747501763416,-0.06486438546213033,-0.09118422754025297,0.08391037946774935,0.11054852409899753,0.18379609737393676,-0.08273946152038257,-0.0637955741152362,0.08632267686407387
7007,0.08032701395561799,0.6805619041495933,0.011502066846105882,-0.05705884344485033,-0.024140451370681725,-0.014703922941341048,0.12805256941841797,0.031447971360960406,-0.002059254726420802,-0.09359134081518956,0.020030248735198878
7008,-1.8966755244688602,-0.13711849389560893,0.10428518134930852,-0.01178810874616482,-0.09991931256982244,1.8177558881997076,0.22614467269952687,0.11603809550647803,-0.051265937867589484,-0.02663232376531477,-0.11181309591840943
7009,1.481877910472836,-0.03141425314115134,-0.03754789095793138,0.07939017025763871,-0.20521333189546515,-0.22655584822856092,-1.0134105900300168,-0.007377052877456012,-0.013589374022280061,-0.05839459034765087,-0.044417486730399684
7010,0.927906550541059,-0.08681082111485312,-0.1343216662916722,-0.12347036954110488,0.05102667102070946,0.12790975746102878,0.08472785366566209,-0.1092743958294753,-0.0004635762127134981,0.195417733369216,-0.11874800586774754
7011,0.664749203220931,-0.006210713229570152,0.0047830277838824065,-0.04648301068734559,0.003904372973185231,0.10831638741471195,0.02738910106144075,-0.018709980444705523,0.04082733273801074,0.0015066490613099845,0.021530248352456528
7012,0.054639751107382326,0.053201597907568156,-0.049601207469929846,-0.07224859825986739,-0.034141305455455406,-0.008443413184884039,1.2626505905529546,-0.05781428258020102,-0.04753726366089225,-1.0141719092059096,-0.06653848739067884
7013,-0.2019012486906805,-0.6053556263348168,-0.05994520739122638,0.1078591456308838,0.08801202276017396,0.15268018539269443,-0.06063389533526741,0.0795658614029266,0.0033800376160861884,1.2396916774027993,-0.06410876798663274
7014,-0.2694108147058881,0.8081824383986267,0.13155523133103222,-0.010346073290562233,-0.08682782657154037,-0.13761743145367517,0.10740519906291958,-0.6812614017902822,0.06101472034608388,0.15818464919003028,-0.043588915059942356
7015,0.17388422831587586,-0.018343013966610824,0.0585204276569297,-0.5890303184687056,-0.0071922304165226835,-0.009769138909378422,0.057681242283348054,0.8666226363954264,-0.050431409209234876,0.20798333161322494,-0.018595356571645204
7016,0.09202040218299878,-0.011101938496504862,-0.037056275845454414,0.7447506692032255,-0.060807705034914665,-0.22594660138049763,-0.10536258371352938,-0.03371751525107164,-0.040218349327172484,0.20730470003395118,-0.41827646390809686
7017,0.09545439913757457,-0.020445602450603496,-0.005270124120993008,-0.016833982346691773,-0.4385087344353541,0.18636504317449973,0.05608182159059112,-0.0434662921124487,-0.024517210783304103,0.023011191659652576,0.8451544082795575
7018,0.0029272936608165175,0.27015688597620513,-0.0001530929245259511,0.041049317155269494,0.5956691381120983,0.10654483338522219,0.03286459411712391,-0.13290689880486423,-0.3860523395386631,0.028368088436409325,0.05180213707427413
7019,-0.11333853761276239,0.032455304703631456,0.11060256331307643,-0.025767222462099,-0.01723660454516812,0.046864124641454806,0.12850285418775986,-0.12650331463871395,0.44136403791019246,-0.029522154302232397,0.12957741190133035
7020,0.17808254328030604,0.07785169053695697,0.5850312327908114,-0.18969197948363148,0.001078784629635907,-0.08677943806732709,0.03351785009489482,0.0702052858770828,0.025280933998887936,-0.03823009954893125,0.15724553810147004
7021,-0.08298391831728089,-0.0026625971604811818,-0.0019664662611349392,0.02237273403943024,-0.12005850845628108,-0.6139253715524664,-0.0030358191211811384,-0.021639121554740067,-0.1287666787034297,0.05227868935509707,0.03610071043999607
7022,0.11177736067993409,-0.2251678159607186,0.4236332321379404,-0.06726805985911125,0.12122826871674273,0.08621095823809413,0.03608652172386759,0.010817459225524345,-0.084226783192043,0.020214740557531547,-0.14781788750715952
7023,0.0802077219436212,0.7135528033523313,0.05308068773053487,0.06880799532533463,-0.03245043234706507,-0.06735804140789355,0.041543573596639155,-0.009169048962979254,0.014818226345114914,-0.025844568008213192,-0.0320871088382639
7024,-1.826055957839994,0.07212688358704798,0.1159077125897735,0.0898451181291876,0.08069683763064658,1.7027930444463772,0.015496720366840199,-0.050532255062751365,-0.013419896938728903,0.005213709616030042,0.0806764813756668
7025,1.2973773479702153,0.03731093402785938,0.022837880217609848,0.03714880077250099,0.08448735464683715,-0.1188273599768808,-1.0131068973611788,0.032827474871859726,-0.1014947749349798,0.014050005295817746,-0.083165954668826
7026,1.0440872474750724,0.11650632131653407,0.0829019818735763,0.07433739779413916,0.0459469927420311,0.1060746754717985,0.05515295679230992,-0.07869364070957645,-0.002522610326994363,-0.06559697491771861,0.12785387657705755
7027,0.6070751980649735,-0.0036829915613660075,0.000360924779611381,0.0011917691447258212,0.014835360432009104,0.027583005357144662,-0.03318830553570687,0.006521360518673374,0.026450154637771797,-0.006856896225453598,-0.02016581089059405
7028,-0.10447395550129347,0.021097350018610947,0.07772744917461598,-0.054439970618093095,0.014520314962069637,0.09447622187915283,1.3701850098361055,0.048181181544951275,0.06710302682094123,-0.9220149572196529,-0.13356712428444978
7029,-0.10110689718447564,-0.5804693607566724,-0.05053242265278017,-0.07782173031299124,-0.10003160537375413,0.1502865952850374,-0.0017304261384389237,0.07730857899005245,0.10167407188826753,0.9752643035995159,-0.06601044256537694
7030,-0.19127103382642532,0.9589896451957989,0.06892595971230467,0.17915884811506336,-0.03696896035213422,0.12803412530385458,-0.09749316981403336,-0.6187748470576777,-0.15114779683187043,0.02054476962240752,0.08037570973338852
7031,-0.007926198357059103,-0.002220422219208611,-0.05476469028225854,-0.48899650104719067,-0.11535405274016404,0.04129179501174497,0.01098776117475528,0.8769167628613175,-0.06715066363376843,-0.07986179775575517,-0.14900134490648753
7032,0.008980278318290302,-0.10528122695734096,-0.25195495334193146,0.7571682793881863,0.05137851910558542,0.18472392078880082,0.030696541727372056,0.003169068251008674,-0.08864717827479658,0.025980803133595777,-0.4662166581599304
7033,0.012311799749788667,-0.040930200426943356,0.06772630864037557,0.05282724921493422,-0.5903766703968143,0.12595879137166996,0.02986092343645735,0.05977232118455413,0.1749201612786033,0.09140401761933066,0.8157151067065946
7034,-0.321260679178503,-0.178129602872236,-0.1433476511714171,-0.0791948300642197,0.5674089563479504,0.012829674485598288,-0.05641380974791665,0.06756381935936587,-0.15999022868449145,0.05073807008649198,-0.06855327556613851
7035,0.2593673128752419,0.057504648149062906,0.1710662371495134,-0.06801940375909851,0.038705212506899525,-0.19677318750308292,0.02774937104300193,-0.019141132371190035,0.48625216142931643,0.10176500888218593,0.027371409916235063
7036,0.14276926564794884,0.023375869511401963,0.6516988385669189,-0.025849331902241732,0.0328384279623119,-0.12475469519791964,-0.06462838192089299,-0.010399472510718865,-0.013443485208248864,0.018330555124336213,-0.15042608199465707
7037,-0.030534076370741688,-0.07975854419504216,-0.08360048865732687,-0.015449818562545181,-0.0027104050907910387,-0.6642001135237097,-0.0022957215999386844,0.06687322893557891,-0.15659051952372485,0.08640324794992532,-0.027707960320226224
7038,-0.12679694845179276,-0.03902285088016718,0.4051386181364881,-0.00598636578468603,-0.02063708463285074,-0.21291799410051962,-0.13072370673699973,0.0019851184341595682,-0.05146623399668503,-0.053450631599601645,0.18984144790453336
7039,-0.11213395473037964,0.7184856776260806,0.010597032701739416,0.0751228398403819,-0.015569416524388178,0.10731587617945468,-0.12367227979495458,0.02735362847382539,0.011486479097502614,0.0025034018603974934,0.010630943700172295
7040,-1.7767054067246306,0.08706027994998093,-0.13728487632770267,-0.03831160118406154,0.04000655335419492,1.5003734750342825,-0.004798178160968397,0.020147459332265368,-0.2562969253754087,-0.10496753332173207,-0.003013244430044062
7041,1.2174850712976424,-0.04157676905811616,-0.04010856145941179,-0.09844601937864339,-0.001040031398492992,0.029390012466373905,-0.9885427332566039,0.04879864362746603,0.11852962559368456,-0.03125380758315737,-0.10292994240599461
7042,0.922238004118251,-0.1186103158751622,0.1871160340214481,0.010460169694910565,-0.06699618455447653,-0.05710401354410319,-0.13794268935548884,-0.12301179868345463,-0.19023164501524997,0.18785117663019535,-0.076969849817396
7043,0.5843645797757949,-0.0617277941032391,-0.00934262984887926,-0.026384646964012416,0.0008615643122874767,0.010604985725059048,0.04177280018896017,-0.04507431622652021,-0.0397107931586884,0.02321854865750899,-0.002937826592817599
7044,-0.219845790060978,0.0063669062705970884,-0.1847986194508608,0.01548675542376532,-0.015331826418450456,0.01537021173293908,1.22141502399101,-0.027954045562662802,-0.006742060512655131,-0.8882509152193218,-0.0912256585030003
7045,0.12221191876995403,-0.6081378643281128,-0.00190373903923042,-0.08873979655492478,0.0643224560521368,0.1352409787290105,-0.07914021937496882,0.05330438706263555,-0.1160728550372369,0.8930344472782131,-0.019364319388359977
7046,0.007584300160831749,1.0189426084769464,-0.031508656898012195,0.024731780867703314,-0.03170160497751852,-0.0004131994389029595,0.10476298836662354,-0.6315102025108676,-0.06544691332948951,-0.017925638429590076,0.11130214964698018
7047,0.019633677060123703,0.0465091364722232,0.1633218190598071,-0.5810664866372461,0.01616090479870934,0.0543123449851027,-0.08697690402565908,0.8418079887492385,-0.05174033951447041,-0.05867454517313941,0.010771489047796432
7048,-0.18069206334289983,-0.06134426121027639,-0.05495963744325229,0.8619529398856574,0.014699985184509204,-0.01241839644341195,0.00021786812625788866,0.0734068194413498,0.11338959404308255,0.09391574273945573,-0.529364520572094
7049,-0.14500656258550199,-0.15361646693567751,-0.19508537469442294,0.07781961625954499,-0.717341574804337,-0.2871680387194363,-0.04580268269135643,0.0219527778412662,-0.016878012714415202,0.16111116079846832,0.8814481228582435
7050,-0.0395611399964496,0.027732235057426807,0.13383465384068513,-0.043428329138767076,0.611075943104774,0.16730535578219793,0.04571515109621842,-0.029160181606084527,-0.2164630840748655,-0.1687019520711455,0.022946218486725234
7051,0.12667865966952332,-0.0935918489469443,0.010133727404034107,0.024362191230860888,0.004509559836700269,-0.11411196699710083,-0.21416180910718505,0.04118119808867522,0.4504512840811985,-0.029575763506735023,0.0017656727026492047
7052,-0.15163232744372276,-0.10291110689041846,0.607733885341513,-0.03445465053580779,0.08106915765323554,-0.0782760807202242,-0.01944725708744732,-0.018700735844699327,0.06754898573373266,0.11734878267366501,0.08920154077913414
7053,0.010818944749377214,0.14821931011151088,-0.07217711718242764,0.08750967767885647,-0.09522122712105667,-0.6714965426500408,-0.045866440055208194,-0.05974086000707925,-0.09584534255745986,0.024092591957756704,-0.01571512820988632
7054,0.04398846909600701,-0.028776028653172317,0.3971241541806902,0.03640261863679432,-0.07662971941517394,0.007546399169536519,-0.053497246108077504,0.04118769083326354,-0.0009414292310170216,0.06865604477405156,-0.12577754767719077
7055,0.1133360967897947,0.7250439285949385,-0.016608529127411408,-0.04959753228064846,0.05470302285866985,-0.07161665348355745,-0.012334652648261446,-0.011441275983680058,-0.00854650976604927,-0.0004867958375518785,-0.025379259926362342
7056,-1.9350805396651576,0.02382278867582438,-0.1397793452349848,-0.015076158235931891,0.15007358461074302,1.7596172965254004,0.05809197932801725,-0.026070493102699863,-0.1659633701042904,-0.11430601877310997,0.041266879843537656
7057,1.4787713173697519,-0.01022650007575018,0.005646464774329226,0.17200089363479462,-0.019261023871670224,0.08300228009548297,-0.9726346216325339,0.03720428721259549,0.0706172528059677,0.10021615200267597,-0.12510804407773238
7058,0.9575535811293178,-0.054130252750667386,-0.07822408641017904,-0.08848774747748345,0.09514041887312505,-0.0628451151798048,-0.14730611239568764,0.0283311483971636,0.04023890585502829,0.2285919116589683,0.06709832999531146
7059,0.5611947499701679,0.027797502839365357,-0.002296908420696066,-0.008628312289860504,-0.002380821681603906,-0.0031568788484958726,0.03469674158648142,0.06438677147917811,-0.014327623329703026,0.02194777707031774,0.018678800905112324
7060,0.043813352384895504,-0.04712208070169077,-0.10572804011431394,0.012697350172230303,-0.05011601905145327,0.027094254840944618,1.2407766328823486,-0.0476971738074474,0.012753304948200464,-0.9837856947078107,0.10249780184233165
7061,0.0888118669320087,-0.46636760826428547,0.05069277686196162,0.058099464786761174,0.17326050420212055,0.01723024810309292,-0.06772112059434703,-0.06638483252283077,-0.026289698524161242,1.1073508700790078,-0.034009754805702605
7062,-0.136705140294644,1.037443378038232,-0.05119221084895794,-0.02354039576351629,0.04998706004008342,-0.23071300935932432,0.02779825416138805,-0.5937119602211115,0.003617163461680343,0.10485689732074986,0.045361496620173525
7063,0.09559962637763128,0.024277278442354954,-0.06672843140232436,-0.5484851022129549,0.026840330467308722,0.049040242225580136,-0.018969742669724177,0.8275603691789334,0.02524504148514375,0.06706205716356117,0.05316451979001647
7064,-0.10160635141128457,0.039115599523827115,0.0763562338020315,0.7909767313538152,-0.061156453185315984,0.06933969074161857,-0.07044905879206795,-0.03581475950750875,0.04219498732559057,-0.056074937917582585,-0.6920861608757619
7065,0.24910892679071234,-0.024841778083722028,-0.10954509357155928,-0.05060084671685193,-0.7242413575941609,-0.029866013345588326,-0.06359591761849377,0.024267793026539246,-0.04799510671386854,-0.06804915507014532,0.826169244790083
7066,0.08600735464131219,0.04341927669781208,0.03467502363975966,-0.06876782549662103,0.6187414947284854,0.12313598377386682,0.2251899081458281,-0.018177736486897262,-0.1817306532170916,-0.1321864436670452,0.031620932156697146
7067,-0.0649960172916251,-0.08078950283674963,-0.07249509263328392,-0.08732523819280325,-0.0029923008681530337,-0.1870321299344274,-0.09620628770444628,-0.0375174315241963,0.4219040742729927,0.13317754679096105,0.04339691823593675
7068,0.03099142555365391,0.06997918208431554,0.6674196062697829,0.1542752409470184,0.13664299929048263,0.08289280207679829,-0.04116884798345973,0.10947631347950362,-0.04196598783922626,0.12152714330450087,-0.014314969141083945
7069,-0.004261187149564918,-0.05450534781836447,0.046185081138251045,-0.11161903177271809,-0.07638095061853549,-0.6477318670409661,0.02886180477844412,0.048693640982986355,-0.01582436174711747,-0.0029777267907070263,0.014559394787083499
7070,-0.057868516574117304,-0.14357988580477996,0.4524907364643916,0.01040437881388704,-0.007928088523427482,0.07754377622174286,-0.09114622581845244,-0.026372886952879024,-0.062410401815297535,0.025178463199389003,0.1970474249779156
7071,0.03476175323522312,0.6755852343751281,-0.0195913139809815,0.03172759423268402,-0.03577477422164238,0.010084520924421254,0.0980042389598755,0.009248840424843934,0.005756680757178354,0.04035911418803069,-0.0035052247802885134
7072,-2.0248146223238903,-0.06698570483207004,0.06168904733715479,-0.0192329818706726,-0.2173916035800313,1.7176392022717166,0.02084622855914927,-0.09243355000674511,0.0415487167162404,-0.04051637300557073,0.07018134879495513
7073,1.4772455917714433,0.02600111045906243,-0.02139789559761724,-0.07840765935534537,-0.0943260083586935,0.05936459391386647,-0.9434611583098462,0.02781180970343081,0.12071078270813398,0.008749265313016022,0.03947103755251725
7074,1.1678354995758908,0.10563923408295788,-0.053603148729042364,-0.11954075598968626,0.04795848896955216,-0.004994000421766259,-0.01586003591846151,-0.09020003000510593,0.1150454145459251,0.025886620509545058,-0.05358118670582203
7075,0.6228906919201437,-0.053033454598296434,-0.06661161606926139,-0.037425540348238376,-0.013914774921410172,0.013548275121272928,-0.042350063996647994,0.0031706738728795956,-0.06222479300835056,0.000675519415820479,-0.0577668298522177
7076,0.07251142700913667,-0.10382092705842512,0.12452806876957055,-0.03497188480477003,-0.06071152206853795,0.01115949845320387,1.2238319132652633,-0.07473754409357765,0.0539912259283324,-0.8615255104184365,-0.059736601922226476
7077,-0.08345074074032244,-0.8351861995706871,0.11502750230937989,0.004572450861100062,0.0706071242247639,-0.0533322848882225,0.06187574452662406,-0.07616114403257399,0.006966220670163371,1.058371568138026,0.05179221960256836
7078,0.15776358472820304,0.8829269690230582,-0.06257894016901132,-0.0021039494359721476,0.0955273141511454,-0.04915795737373449,-0.14677229626664137,-0.7144383345403956,0.06913483662398019,0.022897234210655797,0.01366970099424504
7079,-0.037633305680248426,-0.049494533327666845,0.01131689092158433,-0.6465439654323151,-0.018526395276496722,0.0477858455011688,0.15100960135351782,0.8289183397518053,-0.03771694334994809,-0.05800766981452946,0.023367195890276415
7080,0.07113964909795306,0.007504452000826641,0.014689747866392225,0.7747762349221045,-0.08206725183801741,0.13463988935381313,0.017637058182726206,0.003423401863201158,-0.005931049110696059,0.02452099275788649,-0.5130879947554307
7081,-0.1494763976063645,-0.03985932374555655,0.008144699160307127,-0.050994294664325646,-0.5443857173452684,0.030035736923976097,-0.034841108810662325,0.062376509341451676,0.216278762801822,-0.011487265223039186,0.90754981467534
7082,0.17291311792649153,0.11487632391247656,-0.025328519238244314,0.06939717607014871,0.5829930688530209,-0.19740435958795882,0.04943028508711523,-0.03806010406408082,-0.1339797116278661,-0.03047096767031113,0.0036533314863366603
7083,-0.019400972893911423,-0.052406900776288734,-0.3046571835330509,-0.07923767091475313,0.07007859027789742,0.122905962518808,0.01928232074035596,0.014961436787157341,0.49269961532620626,0.11280569793712075,0.11689293924200012
7084,0.01863225742705731,0.02376922776410896,0.6255406267855645,0.03189118685801659,0.09959076963734206,0.0833161884816887,-0.17575966436906917,-0.12688506808849853,0.009241942156369254,-0.06487970737777102,0.010656884481805302
7085,0.03054049257848037,0.0527560362268636,-0.028869490404800562,0.04937104559680199,-0.13648518795328923,-0.625586505810641,-0.003705376720850674,0.06589091219869193,-0.09283363864417872,0.03312272021267787,-0.04857683184885373
7086,-0.006881088390065002,-0.10872283301359904,0.38470194196480967,-0.0320093493600826,-0.08160179292372303,0.16273192668812,0.024822965383934328,0.0364389835414092,0.17855067414004125,0.023276314981462203,0.05007154821566266
7087,0.02474011107253654,0.6490715260993007,-0.00843871676375659,-0.01455540386550381,0.017679890839288417,-0.006139500027792025,0.0028764242463591994,0.06559264917026272,-0.005970878781624323,0.07947097493213681,0.03154366594435022
7088,-1.830174814973402,0.1693221965627129,-0.0030394796254607902,-0.04558497379203275,0.019441772119717395,1.5782653504396178,0.09054880819070237,0.03161993938185278,-0.017639174700101123,-0.04708882387824135,-0.024647750420791106
7089,1.9542028251268624,0.07257327918031194,0.0683164644309776,0.1085573760963505,-0.04694974625177459,0.12360548061292922,-0.9703075756561085,-0.037270085166148756,-0.04232992945509479,0.13064550551959664,0.06475942742872735
7090,0.9702840469304701,-0.09247802060015319,0.03568168899351927,0.061551142145074594,0.002436707427778585,0.24121897507271495,-0.0785804998923228,-0.03317465566013427,0.08051013107378273,-0.03676730507931685,-0.08007844473691222
7091,0.5586542717237921,-0.022842123815594056,-0.0005625689301755098,-0.02195083588589462,-0.03133627805997975,0.013210316203499814,-0.038846655867332526,0.050598163834568576,-0.06303653983543397,0.020655242810423975,-0.061818844806406904
7092,0.0972162208056406,-0.02565807401163278,0.19577439376336503,0.048148447725410444,0.16068298134723288,0.15585123041304796,1.37816390163087,-0.005022012651958065,-0.008774752068414379,-0.9788649477283938,0.03495727083864385
7093,0.13823342392556703,-0.70063211524463,-0.04536256014531714,0.06125186174979777,0.1642723640820995,-0.00989450674476249,0.07320583683325899,0.049245579466110065,0.07342411162508518,0.9125953671929858,-0.0518618601886556
7094,0.11260112996130486,1.0431428773789606,0.10370451410980798,-0.01779309034241349,-0.07341780992741923,-0.09012386776654609,0.08278776286522418,-0.6511421499309213,0.01142787931958536,-0.008368776481079795,-0.0862679907951469
7095,-0.1887773052229578,-0.005716979361064233,-0.11436588152172922,-0.5632730021740598,0.02558123789666602,0.11837995032613927,0.07566162734399232,0.8434487566833311,0.07293762506892258,0.016918261092539397,0.10022346802816984
7096,0.04009840240949459,-0.016231691342484342,0.013807992493015783,0.7888578571037589,0.05136592389692301,0.01232221990863922,-0.09150291820242804,-0.03984841867221655,-0.04696526716983372,0.005256297593707136,-0.49526798369005626
7097,0.17068906165381786,-0.04900688321982367,0.11064589556380197,-0.11595126291733035,-0.6509360406176367,0.0017297993661080763,-0.023689418767999258,0.0487034140172358,-0.11793710756990415,-0.16915048993090168,0.9233970222579079
7098,0.05601243708783803,-0.011894360878982678,-0.11364085432439508,-0.11149053084793392,0.6144245855809936,-0.1838012825998092,-0.06012722952829469,0.056679442738324926,0.024183557406011497,0.0964247568685696,-0.026122997999850864
7099,0.0923837688357945,0.10903387212648219,-0.04485128970284572,-0.1293823071980979,-0.045721325395081974,0.08365697646341169,0.19736547728241174,-0.1265674795267941,0.5074201796262275,0.06366045423755186,-0.016271648642549666
7100,0.09645697904082642,0.15933695787467722,0.5687043671597317,-0.1417235345481986,0.073591822581702,-0.14761874704081435,0.07094115977734898,0.07813892362080507,-0.012112719048836852,-0.12625931208673866,-0.15461665268736563
7101,-0.020414914780226598,0.03523871789974507,-0.08952999864236018,0.06863946057142667,0.06104209119406154,-0.6414451130664492,0.014101042623700188,-0.060163762703270576,-0.022874482249972145,-0.02073890048704451,-0.00410425152120099
7102,-0.04035529217625067,0.054350032888853324,0.3897794120767316,-0.1311937862722541,0.044406676152183376,0.08952603798941407,-0.025391550865292628,0.14083399048691175,0.10667531579791688,0.04671406190544844,-0.031072685165701688
7103,0.1607263342766533,0.6891461844621375,-0.020076902000802706,-0.015449407990157033,-0.03193099078535325,-0.0814482482963934,-0.010291430307722026,-0.017063593813479862,-0.04404647791322901,0.060023905663739545,-0.018303673238724685
7104,-1.665449984156683,0.17255662671469835,-0.11402312744184477,-0.04745005957664809,-0.0473909680156802,1.8421214283984007,-0.10734285671656492,-0.11263040110545802,-0.06489923701427186,0.0022413265191923537,-0.17389071345852808
7105,1.7242134480499787,0.005072764603668704,-0.09014104052149852,0.03753990838996806,0.09424130641296555,-0.062082666064103315,-0.9334205290012297,-0.062471521077605396,0.008849921117798719,0.04534765161088187,-0.033913999284335666
7106,0.8880778858488909,0.0035405785128243394,0.018014665203949207,0.02357767308822072,0.08664235541604737,0.21638007746263233,-0.09763508544873112,-0.16126973906707517,-0.03218661807097191,-0.13285147488316904,0.008192877272021988
7107,0.6766951235357241,0.01893832151626891,0.06893713610662629,-0.004738630983849097,-0.030277636061935783,0.06263757120958938,-0.007241213655258754,-0.050348911637391164,0.0023631431143163843,0.026543451881730053,-0.035303822483232807
7108,0.11194023399647454,-0.04991264907697444,0.02047564801428971,-0.05321641334546529,0.12652710924865995,0.03309232284308161,1.1287383486874683,0.19052999191939135,0.13929076431874446,-0.7789506646272416,0.03392861989628615
7109,0.07921721354646544,-0.7327088795160553,-0.06647881630937871,0.01407956402909193,-0.07881155178094172,-0.047695031329303056,0.19851409294407776,0.04222177335987231,-0.04319374647402416,1.1117452285241363,-0.0672523472487759
7110,-0.07230193712494078,0.880435463182938,-0.05136194110813415,0.004552179224959159,-0.0626772609476671,-0.07578147934474196,0.05950055895610109,-0.5867780102611915,0.07565087731626167,-0.023872802368885587,-0.04115813952560775
7111,0.06227034181131294,0.06636992189602424,0.1349587251525972,-0.6427329021690013,0.10449145646584046,-0.06234039767333029,-0.07808914298798336,0.7918064484589888,0.036422322916840166,0.07865262508083942,0.0015868604732399965
7112,-0.08405545678867926,-0.12641486164851234,-0.12534098378293013,0.7950987639019081,0.05362169967469287,-0.02738916049993082,-0.016670910438384878,0.06764030428406805,0.03323739493084578,0.09125275715421717,-0.6517032514990275
7113,-0.008679572473627897,0.027437554283491747,0.12624895815040937,0.03956137271115463,-0.8297679027793179,0.02579015704677439,0.0798782587841787,0.0813840920284632,0.029725825060332795,-0.0442066056435226,0.8817840089043278
7114,0.05035350914711304,0.07756638502722873,-0.044891099297764206,0.05537938297405855,0.6188130250000677,-0.10001028703384361,0.044797795170919204,-0.04818010583310895,-0.2158103159094815,-0.16485660851793288,-0.01511887060026607
7115,-0.17592407564758314,-0.1247941849591907,-0.13095164385382596,-0.016358710357174816,-0.02878096032935365,0.19585351661290853,0.2837739551644209,0.053637954089120574,0.45618480134373207,0.21973381572721884,-0.004522495596832533
7116,0.12289932730944429,-0.05335223507989161,0.5691774843544897,0.21667217694768146,0.01768507716349272,0.11057155090224587,-0.06727230094588996,-0.15299660094720965,0.117201391244208,0.01279078543185695,0.20832624112791842
7117,-0.07517635610722133,0.039510004030724424,-0.07889063135740099,0.11454047471467342,-0.10005410739819795,-0.6419739495501311,-0.03808567605087488,0.07329672736338047,-0.06489510776216607,0.041046460440818756,0.22850279653101938
7118,0.19659382637719433,-0.09597351158410444,0.4270465299947628,0.15338282968931485,0.035717025683691006,0.15074311201503265,-0.06642556243643867,-0.16673640191260747,-0.03206323758596895,0.00694617472587434,-0.020641766799609895
7119,-0.06255156363021482,0.6577841441816071,0.05751129761060465,0.03371791689283862,0.03941302937654198,0.09145360365403268,-0.010211377093956926,-0.005331099583861841,0.11395425513632393,0.02070035492207866,-0.11730854926075572
7120,-1.9602535976564042,-0.02659490195720235,-0.026724343026072333,-0.1581769384419321,-0.13424036202208448,1.574032042145039,-0.00404686193288622,0.18638355243868848,-0.020535473644721962,-0.010633557323235353,0.03026512214496277
7121,1.546465764501793,0.05545544404348823,-0.09388805634498577,-0.008651676667048806,0.057929558894891,-0.1284071576271962,-1.02300172544839,0.050530074018623,0.13495809829741764,-0.013424898690759622,0.028664875797445578
7122,1.001071787794193,0.04734344693440017,0.019164742379038393,0.0019305430277150072,0.0674923863367589,-0.06626082091133276,-0.038549953813597604,0.09289848587133419,0.014362127403406835,-0.15353083795365235,0.019109660011392166
7123,0.5962589571745118,0.024672947023604445,-0.008638258654667195,-0.010846757924276702,-0.06364475398640994,0.0976127199321071,-0.015856221824731603,-0.004259524409601843,0.018357428495486716,-0.004229455788529856,-0.02619884441198085
7124,-0.14523902899591368,0.008781121836687151,-0.11765059663364183,0.009943610705175413,-0.03665738233926384,0.24226694514420927,1.2852852477606937,-0.08516305440333952,-0.029879343304225564,-1.0607802308146288,0.04684861347939684
7125,-0.01975399158007981,-0.7137037746937982,-0.050214032340022974,0.05711782482831559,-0.026038370075104695,-0.1206419949897839,-0.024135297537819757,-0.019679406019880368,-0.09378332928516327,1.0276873687892247,0.10444248869949217
7126,0.08308271960582077,0.8397099339421784,-0.03429529340285776,-0.03848095890570451,-0.06591356428324938,-0.11073237758154271,0.10717752770749253,-0.6209505371062878,-0.027554096621197788,-0.09770013213842474,-0.03481295361594217
7127,0.19412785771723293,-0.12104194924414508,-0.19553501339317292,-0.5686008855444238,-0.039273912967664554,0.05344688762049609,-0.05168341588071484,0.774963854966844,0.09816049810668309,-0.12589036392047825,0.008831779710919144
7128,0.05239183939136447,0.12114251369655703,0.011133445650866727,0.7696717967703376,0.008365360906592515,-0.030992488064855536,-0.1609318145029774,0.05381392615181868,-0.01739517206625852,-0.025015858600841406,-0.6632721356712725
7129,0.005209673490976792,0.03156887796133655,-0.050887024198744635,-0.14434384880567952,-0.6964181746716891,0.07514317580123042,-0.005937925630412559,-0.03088054150544065,-0.0080068123019405,-0.008353664542581928,0.8281890002457111
7130,-0.1964618427246922,0.05422765911426222,-0.042770479823344185,0.13803084308228783,0.6066699219662284,0.11226728898779752,-0.24699721589908544,-0.03646464664133876,-0.35405686289161303,0.020287815342726247,0.025346261903995783
7131,-0.014833804954396554,-0.024207119179794054,-0.10737492720314545,0.08720684716102765,0.021471017669995367,0.03799895860399563,0.08572563429014603,-0.06052107558485558,0.471360769838977,-0.020299887174104664,-0.16625391570867457
7132,0.05416193869453364,0.08606421551823147,0.6316127274813675,0.049303113444125565,-0.10999584098406216,0.07731608702491333,-0.10797299785720908,0.005019365140689371,-0.06703450183560267,0.0371121454901463,0.1216573886743172
7133,-0.012561373274447497,0.12490520585913988,-0.09279884582424652,0.0009862727400383933,-0.006870420608140951,-0.7503285797846944,0.03332395166097489,-0.045671366865794365,-0.022780491608940728,0.015084140190494682,-0.013227629324842142
7134,-0.018168063393871312,0.11766267714429579,0.4300410399159852,-0.04457352803933928,0.08092142315681644,0.05000792308187518,0.02899994639333793,-0.09429515329750776,-0.10632615638443653,0.08568941699789619,0.3022951863618662
7135,0.27013607901853015,0.6066507515158024,0.005537305540863947,-0.05678233189425528,0.03442635153831621,0.29913505320406325,0.09799488552259268,-0.08877945432422188,-0.007939744204475536,0.11841063568825445,0.12563179421753773
7136,-2.0087962317312846,-0.20148978243999371,-0.06180215851296507,-0.18310418890498603,0.08293800079375019,1.8952433260430956,-0.02828462951259222,0.09414383176211864,0.12203712801002727,-0.09007302686601673,-0.24682423117801014
7137,1.41485723461757,0.03863265509394259,0.09936584233435895,0.06288579350480451,-0.01671772009408852,0.20081390052085868,-0.9211092513466274,0.039030415286155064,0.05808653554734345,0.10500832210518055,-0.015053361201602333
7138,0.960184936534785,-0.0844516293038901,-0.01388055529537523,-0.048382120863932426,-0.10788555648828632,0.02045113521044735,-0.040796849062172506,0.02006576258686237,8.938528779124828e-05,-0.11794374188626688,0.15587161871360658
7139,0.5476366642003127,-0.030641375162442648,0.0076041030639287304,-0.00875787616284173,0.02056420672976139,0.10552966320665813,0.0048534943203231646,-0.045054992212797594,0.043380413383309765,-0.05367120679607217,0.017492687950361876
7140,-0.042349890365336,0.05727506241508596,-0.04066154120045477,0.10088423598630984,-0.055390738100053426,0.008579228688400654,1.3712598401007083,0.019783562888410964,0.05186098973279451,-0.9301607060153178,-0.05183723069140693
7141,-0.13467285566628262,-0.7778571969323212,0.08988327932076215,-0.040710900749253195,-0.008198791404169195,-0.05791582994956683,-0.07074842492354427,-0.09105803079768993,0.024922172422655844,0.9058574197152809,-0.019981722720053965
7142,0.10620254169779117,0.8264898132317324,-0.059072788891106585,-0.07683885019925035,0.029244281536928145,0.05848678233452969,0.13610399832659462,-0.6057672246978224,-0.004784012187207934,0.08244257020499317,0.039107010967906086
7143,0.06660884862212484,-0.04418545354530554,0.022428892899907044,-0.4817937391036101,0.1076962439155255,0.15247592679081834,0.06361126427967469,0.8360953568383125,-0.014065043894207995,0.10505440090559112,-0.10403032486577873
7144,0.04618192732938141,-0.0051074888877391915,-0.20185688129416632,0.7936554819750334,0.05242275778680699,-0.0008278440218171673,-0.025030670526653784,0.05081607565428689,-0.1045313216676391,0.03491862729617087,-0.40426803165654634
7145,0.22776455772043264,0.09087160188453264,0.05169479608726318,-0.009463307685834053,-0.5739054253203788,-0.009800898078284475,-0.11532088712183979,-0.004457374272147568,0.14746313769897507,-0.08589592616122922,0.8372385823612877
7146,0.1661574129867726,-0.08480512030934323,-0.04880572381051501,0.08223047133296066,0.6026099258679286,0.0001943656663258434,-0.13837190266272165,-0.020892567219189605,-0.16210800986241794,-0.12816336810030735,0.03330920608783773
7147,-0.09519495342766887,0.011872664083828826,-0.16706412237264545,-0.0012138314877143258,-0.05525229425607001,-0.21728036739204354,0.022857589812709342,0.11489821865202354,0.42078605690514803,0.038153733986466765,-0.022834047156880408
7148,-0.13240788431837475,-0.04325826815032888,0.6184191318614358,-0.14162479741260678,0.05766541393044479,-0.03780647891674143,0.10076482341007267,0.07961727283622065,-0.13406868732387425,0.03664312289068389,0.10227747527091172
7149,-0.01336810725636425,0.00301553737964851,-0.0844801947443385,-0.03411132521448594,0.00013201328336148125,-0.6739600989611697,0.053532070062427946,0.02539650109278345,-0.08906488412012527,-0.09478841490854546,0.027467750577728628
7150,-0.016969181576060675,0.029482716709919254,0.41194581710684525,-0.03607489899930916,0.13553729797876696,0.16754293596263037,0.020643290611719285,-0.017342674481438818,-0.03816427845368023,-0.08266641924944285,0.028441564284797872
7151,0.26734541328740763,0.7648681607025625,0.012685445619367706,-0.142586255312706,0.045736549037682483,-0.07611518036772563,-0.10376118420675152,-0.013963920532138713,-0.047595219585418264,0.09313043199921504,-0.04775963093177585
7152,-1.8872930330694013,0.01650791474786402,-0.11341093731224923,0.07284946092175633,0.03583323163038864,1.7175030117932513,0.1846619529581049,0.027821459909986704,-0.003228346068940318,0.02066378124545035,-0.20110884120776765
7153,1.5261105169035813,-0.09550645040676736,0.09711377949516503,-0.1016112377807661,0.08823021612684649,-0.04816088107422279,-1.0883967280028997,-0.12795021101171528,-0.01992494740094755,0.03374502266887451,-0.03159176650696068
7154,0.9334325860018252,0.0308717677055603,-0.13703548650484146,0.014275772800666529,-0.04887850714307826,-0.0487106976482088,-0.04126230616498873,0.12248804216696352,-0.07371976875137186,-0.04626386870889919,-0.08623649923203665
7155,0.6127805013957589,-0.02738316718451772,0.0014948131420708466,-0.012053236990197436,0.006752035262983509,-0.02473243040008445,-0.026628364942870526,0.002701629766261397,-0.03814284970133268,-0.003817628139992044,-0.08152690152683911
7156,0.26241588439635505,-0.11480608185365886,0.15398922614511554,-0.0014538944215458116,-0.09811313225722323,0.04730085666205478,1.4262388592467887,-0.14488612531452824,-0.17697716424610094,-1.0083482082092405,0.05850384126110267
7157,-0.15846152404078842,-0.792615952126369,0.20102956204553593,-0.01934177430224069,0.10153818692493827,0.17277189622426306,-0.14192476630633116,0.10519417048096866,0.09589369167338295,0.9693260208198097,0.11330509710432392
7158,0.144384382859233,0.9710798179237361,0.005344260681794247,-0.09238466995605163,-0.05001990313700385,-0.13737534793451073,-0.015571496461590303,-0.6071746564394817,-0.08112820509802979,0.13724660482841106,0.001172970607813452
7159,-0.13466800238789264,0.014408430535699311,0.07962461754528179,-0.46500967701118634,0.053874461664257446,0.03945313776686515,-0.04656271649559966,0.8551520424539547,0.08330790691661681,-0.045038204456516844,0.06480664965641647
7160,0.09696260090717548,0.024988337229943067,-0.07880794182984657,0.7548280066738604,-0.040040818972033126,-0.058224796609969175,-0.055888256405736976,0.015817448613311087,0.17406451386823635,-0.045227744218725566,-0.5571186320336168
7161,0.5191692021300095,0.10542774034627661,0.01986122572626646,0.03846553029605398,-0.23079010756277235,0.048262252174285036,0.26436790505336194,-0.04267671514323125,-0.08995286244944074,0.02682574894299583,0.8926233072142489
7162,-0.06449605579450515,-0.07862547469405538,0.051348859437156516,0.07728028665802948,0.6079777665218606,-0.06313542303878793,-0.014836101416330946,0.10709927269248895,-0.13716429948605863,0.11972195437245776,-0.03125058373074594
7163,-0.0020602794313970526,0.03616307031295204,-0.08646541982006416,0.02913399390809713,0.006135845455724384,0.0511175034157372,-0.2900536405800605,0.0020486689209044517,0.49236410746002174,-0.07196076919858964,0.08507802789925574
7164,0.029633112356321743,0.09192020862095027,0.5920463909948859,-0.005535666098063163,-0.055355971198800036,0.028811439725130374,0.020481683391269045,-0.1301417716033306,-0.14355667518840215,-0.09870703677132937,0.1221518721647068
7165,-0.033096297757585436,-0.06535879110770677,-0.10096339651605533,0.018127653187852748,0.15372926203916853,-0.6455644339177092,-0.034742499143222826,0.044711200127756194,0.03688665837550791,0.016760619837805205,0.01808618914875597
7166,-0.0962464952748049,-0.06148041536626113,0.44593933278845593,0.15448751854663045,-0.03275080901186005,-0.1120683169579351,0.16526014520579052,0.12438812827669919,0.13062462071433945,-0.15062275264088934,-0.038051416116630585
7167,-0.16454156856210522,0.7021926065751403,-0.15343059783439716,-0.007989229469844083,-0.05528579671300643,0.06491498578378832,-0.009445108239944155,-0.0324137615711846,-0.03443058469058279,-0.03351625650717921,-0.010790881062709626
7168,-1.7183489292781091,0.05452575559964135,0.009363484358537875,-0.10015542872867945,-0.0011784128702544902,1.810403522211644,0.14076502667771107,-0.021306859360224722,-0.057651950258113226,-0.04713870718170563,-0.00936287115333396
7169,1.372588056014785,-0.0650230531428413,0.009108714396077053,-0.12432778120990559,0.01549379602308087,-0.07410649098054953,-1.0586553834405212,0.01572501607620437,-0.06603305311788432,0.016454949958811534,0.05468597419451494
7170,0.9513928979927802,-0.0008050473613002117,0.0830098607542113,-0.014856537810450501,-0.13162272672659353,-0.08619187539934303,0.14380882817305216,0.023690703027206533,-0.08397211518827068,-0.01044482885765424,-0.0849826714819194
7171,0.5827520339866957,-0.002733887095070559,-0.010604354616445546,-0.033130669384354015,0.05046172079357496,0.06201501190773889,0.0266037779413268,0.029785702489181096,-0.050795121088728794,0.005281250141432204,-0.061019231454053795
7172,-0.16237785167490917,-0.06440613078476817,0.022895407383387904,-0.023089826863521453,-0.15420098643356162,-0.18875685053178787,1.3136277208064981,-0.015919027525143823,-0.07607631279917633,-0.8397244342300769,0.09672355795593285
7173,-0.1335282894536309,-0.667135364391406,0.05188878338028494,0.006063936983915359,0.022508379582391626,0.024437724630080458,0.00022981313179854294,0.08447259327438604,0.039418720514034514,1.0694908657799083,0.003127413452324139
7174,-0.1279142730949655,0.9879687551994927,-0.03810866723879715,-0.038933429792647814,-0.07750409479998371,0.019698649429184867,-0.14907082940320027,-0.6082407701501508,-0.1341064288752995,-0.034588578991331595,-0.02038660934602377
7175,-0.05791756438133248,-0.003419139045239781,-0.009580090386924568,-0.5757656478768894,0.19863616395096037,-0.045052593105639506,-0.04329418105869924,0.8129417222197073,0.060874356257652126,0.13894185411328586,-0.09849623232772259
7176,0.07426847504089339,-0.03249955725734073,0.12359678745528163,0.770306292133621,-0.0027500219133081575,0.110159298039636,0.005803276753049589,0.1230083960019407,0.007746957622085441,0.014470795142241342,-0.6277462718224389
7177,-0.01831933812939398,-0.04785609974477427,0.03792749285958833,-0.06742707118961437,-0.6496890540002567,0.04044570659135593,0.12901025409311662,-0.040909377481027034,-0.09935090213828464,0.06419934748837311,0.9024014804659287
7178,0.07481074113701369,-0.1353856945548792,0.10473565386893571,0.0962554461797679,0.6215337388648654,-0.03985165916389086,-0.18027186227880337,0.04541259515366985,-0.29319142442397084,0.2785737648637259,-0.025654024021419294
7179,-0.23466303830501936,0.04426956573097971,0.030305071085766827,0.04979649061270408,-0.06002317150690929,-0.05351011857614841,0.17715167034748702,0.06498268512718502,0.4593384191415632,-0.05742402639716678,-0.07834922060625639
7180,0.1545328949388404,0.013434649401310518,0.556119376558743,0.1296018400728186,0.11436977842968746,-0.1114566856068194,-0.07541455201928854,0.12807466863846925,0.09754947305764466,-0.10983262201472532,-0.022633052555571943
7181,-0.007769461691546863,-0.019321381076180602,0.04189408283003537,0.0038138133305162377,0.019314897001685878,-0.6940937226262833,-0.029735594374014074,-0.038502233415871334,0.1488850143837398,-0.03003702935590328,0.015197612254462787
7182,-0.02893659772891725,0.3055128078065814,0.4585992877994595,0.02278305811058987,0.00549423576975633,-0.07330283649174474,-0.0033751346300159,-0.10293445942723786,0.022714167307648653,0.048680343192854726,-0.19173009346906097
7183,0.18233372408299472,0.6535399963583722,0.04031161034844145,0.009297677252200662,-0.04459757824264088,0.18314391451510187,0.20033705608216923,0.058509807567774186,-0.008496917319807035,0.09008931256249185,-0.009616952265344491
7184,-1.980369466559601,-0.0454692849753175,-0.13586787032539752,0.13952830952252587,-0.026746604413572152,1.5212539667471607,-0.015898329197144748,-0.007552777836739936,0.11989059078313447,0.034394584954739064,-0.08051730704991672
7185,1.4411816768852244,0.0540297186306028,-0.05582204606378631,-0.09840902844837665,0.035527876991081696,-0.00016672493592771688,-1.0155749357325985,-0.02227915705572514,-0.13909548047126286,-0.04055422129991803,0.004206898332324697
7186,0.8470467329165873,-0.10154929131060814,0.02410358937670313,0.05497846993218243,0.052733807029804465,-0.07133347748046881,-0.0550441552718972,0.004015198662893982,-0.07018278217185535,0.07989022267196388,0.11082590981556033
7187,0.656630967020054,-0.0012315292713517305,0.015060067601166842,-0.013874085205439224,-0.035312848030467095,0.05630587983781078,-0.029694805813145982,0.06135196468427671,0.033910417586276616,-0.03376836668112506,-0.022393748804901647
7188,0.07833178496381105,0.05834074717480158,-0.042514545618512034,0.02488570637150571,-0.09802542503325701,-0.0740038515480417,1.5000677103946392,0.09233707024620791,-0.09431112751761223,-0.8779828497579582,-0.011221683630211676
7189,0.19709615628684848,-0.6880869472956256,-0.17528448103675318,-0.03218892136205036,0.11626347364056126,-0.19351050043934714,-0.04026099969813459,0.012605837382138859,-0.0038243530921466674,0.9279608531563329,0.09282001861596867
7190,0.16712018446119511,0.9098903857889311,-0.0264572466550001,0.003988639679764409,0.08814059905308834,0.11254255061269619,-0.0701123808064153,-0.6327142656912852,0.09121732945329147,0.009944956018820901,-0.014883965804170708
7191,-0.06886865594105483,-0.0713084287032402,-0.04397990585837249,-0.4203727598558863,0.06131251742874013,0.30024527135487666,-0.04379232201521474,0.882910266259168,-0.12169997639198663,-0.15334957275825462,0.03638234806346606
7192,0.19272494321565448,-0.009852839498850048,-0.07672922210677058,0.7804899137867302,0.0428540180153638,-0.04782030898598899,0.0033673743951918734,0.08702269552670146,0.00026914402839007655,-0.1439990825305439,-0.7443910862182865
7193,0.02572351373078536,-0.18093454279292492,-0.037760131972290216,-0.06572167620809091,-0.45631942678343274,-0.27357859445271376,0.023877620033443455,-0.15376371236057768,0.016604753437578078,-0.17030726280461064,0.9140644005888847
7194,-0.11121035239947505,0.06851261758963302,-0.0197567950869702,0.032025093313678435,0.5833627809834,0.09411578565054549,0.028804205731357366,-0.06007971240067559,-0.19140110258941226,-0.1082408188108136,-0.06578140800028916
7195,-0.0059546734489026604,0.15116114044447426,-0.027899194576352246,0.030062365320210782,0.09652209404683439,0.07272344126322902,0.07943541314350654,-0.11823601270051398,0.4854335716527212,-0.017359388741896485,0.07593643088570512
7196,-0.1754527080279254,0.015417409652242892,0.5761432037671049,-0.04393979214666191,-0.09553700956439273,0.028384701351252366,-0.01892968672263719,0.21900768993670583,-0.05187682391832387,0.17037259166639773,-0.06630241035572404
7197,-0.03682708681141616,0.055899657135328254,-0.08723772029750111,-0.05008524966995398,0.021184332799599574,-0.7537973860699968,0.09803160568736813,0.057990036195579346,-0.0439923667425984,0.012822831383211154,0.008473724605345245
7198,-0.09818932071665035,0.10359235276904033,0.4119508007587571,0.02770060027159763,-0.010675374946271556,-0.25011027483526616,-0.08514629035742859,-0.12500049306545927,-0.057959768209406466,-0.1390303125369021,-0.20104082940654572
7199,0.09482544728763626,0.7181215921989164,0.07715496953956923,0.05414073062439067,-0.08104314969503884,0.20144031541989627,-0.05312932304869296,-0.01855684173315364,0.018963123777701103,0.10140981651120115,-0.03395660860822061
7200,-1.7877651192461792,0.0806113061381605,-0.013225397773552753,-0.05672608391800718,-0.0018960492427642943,1.6879901097402497,-0.18289667621158406,0.005791694797435087,-0.06035676010605462,-0.20111548076773325,-0.1391990547774025
7201,1.0679106221472754,-0.008409666980788124,0.11209216280241169,0.04768062999498024,-0.03183185897589917,-0.008813336714923434,-0.976174888067832,-0.17215305507176842,0.01118362437161041,0.011859041823173374,-0.015420999876017503
7202,0.6662239961662999,0.15778032024967834,-0.06820580694290611,-0.04191185042359359,0.04339064794508171,-0.02122876066306128,0.04517767853223196,0.11348561430231474,0.1738637792736983,0.03881602312275381,-0.16063916808126305
7203,0.6260762315508057,-0.05326995132263572,-0.01960097320740232,-0.05400973661078821,0.041234469308287065,0.1421796982843011,0.02829966497055202,-0.0202129275506275,0.017638589381117092,0.012971229973157137,0.07239150332694357
7204,-0.031385500665484865,-0.014024398178339774,-0.06851779042920356,0.05427336182972775,0.09073618705204481,0.0944772383396075,1.2884778645062098,-0.03230709049722107,0.005613218642558787,-1.0630837979520906,0.04265476300319457
7205,-0.07001516445880178,-0.6600462540727845,-0.03316556486866819,-0.011789549586149787,-0.0010821472029399074,0.08842578531201342,0.1351418533737598,-0.03235218673429696,-0.06674449534077821,0.9918593497326403,-0.045548049251738
7206,-0.036040154728765324,0.9624211245148042,-0.08166181966915857,-0.12619141524321467,0.008203187142553723,0.019923818306510417,-0.010741131246097007,-0.5925861606517783,-0.1375300637414873,0.04794198200953302,0.0775872722039144
7207,-0.06514974461538282,-0.03701521604056177,-0.0887281618752724,-0.5113282026017871,-0.08995156775746595,-0.10094785001482118,-0.09522531078641495,0.743556876745515,0.009957734666267933,-0.08931690864022923,-0.05310892539167985
7208,-0.03495799323024723,-0.08337640842086212,0.028354253477166688,0.7918331925488874,-0.01176523521084818,0.1049524169478716,-0.06101087512221808,-0.008966053288827578,0.16748041367721328,0.04542014808615419,-0.7008296666239181
7209,-0.23125073427081574,0.0481444667486066,-0.09235876798804968,0.04649359486244662,-0.7196455826531418,-0.09017902846767553,-0.10696993187615395,0.05686121283512403,0.005655204986506376,-0.1343445337901012,0.8328543872621589
7210,-0.12581027896839128,-0.06534210484181377,0.15000049209861616,0.06202200096104015,0.5717878813976511,0.019737336199705628,-0.08581446251960678,-0.07990625253021566,-0.2804489568318026,-0.12872755414071194,-0.09832324309390489
7211,-0.04137750749119741,0.042081548102091915,-0.05218302292103547,0.1386362858920248,0.0019136242348711365,-0.031475249431220806,0.026654911034004733,0.06433607056495723,0.4473463445004182,0.01032051482529127,0.07766372508060429
7212,0.1932223934138903,0.12488988998995548,0.6599012263197999,-0.11934316804127579,0.12250822206618218,0.06142550451348034,-0.0034745621281862095,-0.034872712988979926,-0.09037547918375022,0.09371341251825407,-0.013318322019071805
7213,-0.002913592197925848,0.011913561308573462,-0.14105821254028408,-0.01634142807062971,0.0014851362198946031,-0.6855277765544157,0.026826194365658848,-0.0004194382710779737,0.04046600836880655,-0.09227877738314208,-0.035767098812534995
7214,-0.06915763882822228,-0.09316929964434545,0.42733631248816617,-0.1971594276528154,-0.020966307449596697,-0.008372839430573422,0.18221544896017314,0.10870218195095518,-0.1311281640612901,0.05666148858952979,-0.018169952916814898
7215,-0.04030439211371948,0.7038831725191921,0.011651747277057308,0.08860882702577873,0.016051914777858375,-0.03378845644755411,0.06091853238379198,0.0016301495423866035,0.04406700341536434,0.03354760286272323,0.006898072517614725
7216,-1.9565117411833577,-0.05211715607695085,0.07786015700047536,0.16110440457921327,-0.02777772504771479,1.6282934407107752,0.07109991386391443,0.20083114742385205,0.07487848599279788,-0.1319126960198977,0.04070559662886235
7217,1.2382108731084087,-0.0638878169866559,0.021588426390695234,0.09369343273816268,-0.01667244699424017,-0.07751667858946824,-0.8872679790488227,-0.06925679348477262,-0.054504188501973194,-0.048158132318656885,-0.003892152162755054
7218,0.9277993598621475,-0.1646848320905483,-0.059577117602834614,-0.027324083627016826,0.09660287660914663,0.07219255229347472,-0.15299967416666357,-0.049032533666061466,-0.03598656622110795,-0.06517848073391337,-0.07986746230000077
7219,0.6110264602193931,-0.006797555514347983,0.007279495743389667,-0.05708921924775305,-0.054582535038948984,-0.007062303799105253,-0.06268191629305557,-0.017547756555290298,-0.025369846105173934,0.007041691770169924,-0.06325034863525915
7220,0.0796572121129907,0.030313468073403224,-0.0279556122371423,-0.00020122408141510888,-0.022114597443525313,-0.0699136035425135,1.1738691475205074,-0.060599237012185406,0.062115276241653083,-0.8178169209583336,0.0033320130513787285
7221,-0.11474555621216509,-0.5800966118345584,-0.05904453413721034,0.07340137994456912,-0.018651745150999148,-0.03005886360897246,0.0023318478202811114,0.0058979500423852246,-0.07076590178973605,1.006745981176541,-0.11819187731787457
7222,0.029535338551747913,0.8613549603793998,-0.13751905916814042,-0.06599611317146704,-0.022209113641340397,0.10432566822956875,-0.25001748526806217,-0.6166538639100655,-0.1029541848611761,0.11908418650077696,0.030318393768500738
7223,-0.054169906962888446,-0.015593131280477414,-0.07063372795914429,-0.4598899148753599,-0.007045022937982677,0.008585650372565997,-0.000982316205333557,0.7800314565202747,-0.10993791285415332,0.07294144155860433,0.07023706437438859
7224,-0.14522468885198903,-0.0026925511391946246,-0.04460455172629845,0.7850585413134185,0.08397766535596357,-0.19820648300966626,-0.07691412018728688,0.09922053668723987,0.0098230006549107,0.02183512967352342,-0.32491853187410935
7225,0.07313098745288253,0.05885337270126511,0.17146262127313064,-0.10006274612866567,-0.39872139933146733,0.052123661832186384,0.022019133420646205,0.039839116027426465,0.14974994122747176,-0.07465526689500285,0.8452561351351884
7226,0.08452805905697432,-0.0695425316376026,-0.11356215431739604,0.009370483315299095,0.6227083671901569,-0.011900342930406984,-0.0014225423934784553,0.019121353062652977,-0.3073864369075134,0.031012245526964678,0.06526757392519511
7227,0.09401514866660216,-0.11112746447945293,-0.03815495787861736,-0.1265837171912206,0.041697778594100905,0.011577598062310982,-0.09735579310453334,0.03504534637800497,0.4983011281675259,0.016897156727195276,0.02116711790053003
7228,-0.04130425449481495,0.029672298051412554,0.5751336395916323,0.03753861032377641,0.13466048760337185,0.14693313542260397,0.03554993999556228,0.061823270896424865,0.10628003229076102,-0.02321192230776618,0.05478494111317476
7229,-0.06908868651585179,-0.04829315086706327,-0.05998024833461694,0.01984098823612181,-0.02470824483117512,-0.6666098558246722,-0.01264599046851812,0.012739855500806798,0.0453266104092652,0.058207088917286556,-0.04269424433013808
7230,0.1063001896532529,0.015457728596336984,0.4206508528766898,0.08382273533327864,0.14527446417545486,0.1855637699896248,-0.01895950408872745,0.005465240696318995,-0.014429803380022031,-0.10258554075929831,0.06684224253443664
7231,-0.10946405700345326,0.6560883292118087,0.167348155120372,-0.028647227165101662,-0.019075902300544463,-0.038872060892156335,0.15478478588598493,0.052786644881168826,0.057413070664022854,-0.05907417237826283,-0.0066107511490555645
7232,-1.9992810976029016,0.010321570083678544,-0.15819267300686066,0.12789033451386062,-0.04123748374266314,1.6458455410722796,0.07128377058458205,0.08981993315282637,0.04162478770092919,-0.08230882001876065,0.13462025470786457
7233,1.3878492621429142,0.0038491913921034023,0.0378522861362229,0.06595428599042995,0.0020149532593409006,0.21198114865132273,-0.9423662126131971,0.005843013874375021,-0.016724176804950003,0.03973110112273384,0.12853336100426727
7234,0.7863726059159549,0.06596553585391948,0.11106995788162825,-0.016149484303036307,-0.15766758433987868,0.027028388364889584,0.06043143909541293,0.033396689690902655,-0.12388700959751239,0.011820778343054061,0.12861015975914417
7235,0.6020225127766735,0.028935674882940653,0.003084679366114641,-0.04848105400607257,0.011227754616442438,-0.0008769950380774841,0.0038829036105918436,0.06813678449373609,0.0024787939569363964,-0.011517310202528983,-0.020369985724572024
7236,-0.03664016339551684,-0.08990153786204585,0.05882668006221618,0.049896325999927035,0.04459712429555274,0.05815622746909934,1.2797649318382749,0.0018259982724555695,0.041560171911420425,-0.9207780982483211,-0.005363540092982332
7237,-0.06995662662652055,-0.5884865787572187,0.09953168842990397,0.11680624084607358,0.028241846935628992,0.08423694916292572,0.04262223958541078,-0.07016817145420211,0.0918660873594543,0.9698395287123632,0.014422085948756812
7238,-0.021306903342024883,1.0232862396403146,-0.06833157295044037,0.053163193151702134,0.027597212443667744,-0.08368218542261943,-0.08483997055180176,-0.7145552661586014,0.02559242526468439,0.002829184238163124,-0.04854301321828388
7239,0.11099135043029931,0.044511408820724976,-0.14985228052178043,-0.5540186067884427,-0.09178240940284474,0.06701868128696822,-0.08854039745768037,0.8346124085953175,-0.054409577676345994,-0.04072767990198208,-0.02545323937802724
7240,0.10060149440496642,0.03439364784250847,-0.10142141345600723,0.8233177113833122,-0.03169331339186415,-0.008375103357306733,0.02253289579173227,-0.0870252697180667,-0.08366174362348701,-0.06098095224460133,-0.3473039857300343
7241,0.03099159927626265,0.13447513448533208,-0.0018073939431882493,-0.08388378113572677,-0.5619301534976222,0.08823081198963752,0.13284357372677208,0.12560644003329074,0.10725006569000092,0.1497670257127946,0.7113928002194063
7242,0.1251063590047628,-0.005471465488456245,0.030110761832103285,-0.09571358182114027,0.6007296091066178,-0.1966596470172398,-0.0637560062015346,-0.008126690938603642,-0.2390589726482956,0.03918668095786414,0.08595940334128502
7243,0.004609398909540417,-0.01137293603588873,-0.061546685312602906,-0.08731555537664792,0.013582958097551584,-0.22099664777846095,-0.040177823686716435,-0.06864719747574917,0.5165795488286758,-0.12635606039925776,-0.016284503176865778
7244,0.14283515490549195,0.0289006464275438,0.588379836142228,-0.00613795173152059,0.13242902864283715,0.10849057723735021,0.008493323518025113,0.1463338486462623,0.03485597950234374,-0.058719551293259994,0.031261514501216725
7245,-0.032997293767053966,-0.0743972537185842,0.0012411858258588788,-0.022621805450633577,-0.0723848411748722,-0.6637736078123642,-0.052493022539498356,0.01137248851414071,0.07118775559948474,0.011042430455722913,0.0570506901870576
7246,-0.05334510753883473,-0.10048007367951187,0.40949986502908486,0.03394698093286806,-0.10381187706018231,-0.012137058653019202,-0.07392323163736117,0.027073922995971562,-0.029761934633454157,0.2484628699595904,-0.013259439123217281
7247,0.06470700435885361,0.6497487008121301,-0.006056536139758062,-0.03837093752144942,0.002700249865794566,-0.04423868089746283,0.11576692531551547,-0.10298521897030206,0.10645782430563933,-0.0531735951247599,0.005288732219113707
7248,-1.8069118753339377,-0.08995407154160552,0.08930222739054232,0.14573680582363358,-0.03300546913261057,1.6078012597060172,-0.12531290558207972,-0.059928969419398105,0.08508881913804558,-0.05517245923044164,0.12653319022374207
7249,1.308890934947349,-0.029898182905262315,-0.012788822017647262,-0.044636527451904634,-0.1007656792703808,0.015511251906450254,-1.0386820316875507,-0.019689957919436816,0.20030679339372517,-0.07838027006856349,-0.0004725943267858872
7250,0.7649468503670075,0.08201634761174255,0.01114967384891042,0.04981953751582542,-0.07062027875120691,-0.12935543438315034,0.024143724037159413,-0.058697254685268485,0.050569276722886455,-0.03289180965168659,-0.08701096636926221
7251,0.5938711612907337,0.036913399743927475,0.031267423353609734,0.007253412327634022,-0.01126787236234289,0.03898412093689752,-0.0021086072629606517,-0.03861901978744469,-0.0353089008506057,-0.003224322627933372,-0.05437704542333571
7252,-0.15770264897661496,-0.057302591411312005,-0.13219204679765284,-0.0785687241059206,-0.01893039024678387,-0.03309016583443114,1.3650467833407915,-0.11130599485998581,-0.04737908226708861,-0.9250587083597848,-0.08136089615126177
7253,0.09889060820469732,-0.6115333081228841,-0.10854474597530185,0.08430961463627916,-0.04786536046355902,0.012477797231290139,-0.014949839660731365,-0.03571444104923485,0.06470743249696571,0.8930559638433327,0.014894977275061774
7254,-0.23218723056452384,0.9167892356326177,0.007786103502420312,-0.12058742877149602,-0.001370907233810106,0.010505925013498613,0.13958811753789993,-0.6180606762198809,0.09055783288039962,0.061188648548944305,-0.001341859280553922
7255,-0.28213860129454305,0.02336983835281444,0.06348522872925835,-0.47131681380269935,-0.04977924273678946,0.040154158679032485,-0.02967366102524529,0.8038065577210735,-0.17111807160715356,-0.09387467663370291,0.00912680973742773
7256,-0.151041706044221,0.05783485944134832,-0.03736466343543378,0.81921368245788,0.023663381091901595,-0.10142814315084384,-0.09004423971271894,-0.13469575623523944,0.052646668457627305,0.03120515388851841,-0.43056316761180247
7257,0.1306309674674574,0.14399527159610262,0.02568608159125963,0.07900625819911158,-0.3819060176257426,0.019033772474074027,0.04936697112243742,-0.047890175953239196,-0.03979305194972117,-0.005604610570326347,0.8710500989713317
7258,-0.06325346249759634,0.12551972749088325,0.090359961381125,-0.060283904847955594,0.6112095379234749,0.018744720746980997,0.19222992193819557,0.20334594310757606,-0.47401066580606555,-0.13220768740694844,0.02612791780549479
7259,0.10397076631184714,0.10194860941982489,-0.03292778148831014,0.1645329501641459,0.016604153209253857,-0.08756034143057895,0.11707191116630498,-0.0815634779210897,0.47144337962849087,-0.06559993559780183,0.02540206686164673
7260,-0.2617209105496066,0.006528627938376094,0.5698904112814864,-0.0362021912734492,-0.03746915964099691,0.0002118620123755053,-0.11593704159451253,0.17161689499075292,0.05506015633188546,0.053497906378320234,0.04188303064815487
7261,0.024549751789623743,-0.02475427447421542,0.03317370108233363,-0.052429101570355054,-0.0068429593284925466,-0.7148491725763401,-0.04035967758694227,0.0192184974396361,-0.08859067023171985,-0.05218770812023869,-0.10406810055518997
7262,0.0018281348414597356,0.1371503435120251,0.46348997271438963,0.010162936266192744,0.05029066925973936,0.1599474366634624,0.036133278526732544,0.025073282057233637,-0.06718107270100407,-0.058718716651475066,-0.12213435936831647
7263,0.21925336100316303,0.7233715329233473,0.04904193709905801,0.039526277842655715,-0.07746008532980928,0.01907638884434287,0.05498400665145786,-0.05347810833519673,-0.10258107315271839,-0.138599585919232,0.018686634026571038
7264,-1.8016406090615797,0.007801938541633877,-0.08522353332559328,0.11601372051908537,0.03515522752928186,1.955759696542802,-0.07785680453232574,0.06614467708664724,0.10265000867801641,0.09544277465886769,0.049175714034207695
7265,1.0844532262796358,-0.0006758648276267718,-0.03669316984531517,-0.02677789428866421,-0.05112605988258911,0.1833808927009268,-0.9709321027819224,-0.0060249243225385775,-0.14819475498920162,-0.10598585677444647,-0.013255521170545091
7266,1.0628245700327368,-0.19096362301868844,0.08679091086732224,0.031906160278278875,0.13316760290489968,-0.0721692787277295,0.011718626369156613,-0.04603223904851746,-0.07289670669394611,0.079293614413421,0.01733895143201767
7267,0.5831595307504334,0.05915266617699664,-0.10443037542538729,-0.004268718298550597,0.012198229779477827,0.11152877588814913,-0.07021528449127372,0.006312806099309912,-0.0007053023943864572,-0.045987851004767974,-0.010637762850181294
7268,-0.007826520093162526,-0.051473150980538604,0.03085083584569897,0.09545317510564943,0.0749169634060766,0.21265318655174584,1.1031173638381724,0.11441670219365334,0.08383118850801022,-0.8845853792955556,0.07031080242097315
7269,-0.0011961176363032202,-0.5083963405950439,0.01282876769029867,0.07378687419417067,0.00433062507596697,-0.03992419782083891,-0.07308692499323556,-0.037260558968947366,-0.055283952982104013,1.0229232656509457,0.11572463557680036
7270,-0.06227197053750147,0.8024066626394606,-0.027943960553883363,-0.0829907391353068,0.04704712339460053,-0.11098553943996153,0.0650689355573549,-0.6424683120707646,0.0565423882868724,-0.1406900731004058,-0.05232909496411625
7271,-0.015334916886671433,-0.01605713097805315,-0.12451516806997738,-0.7619605166031272,-0.0027882810364560293,-0.04177267760433587,-0.13429772981536342,0.8722551972328375,-0.04386013339537549,-0.1227183827951441,0.04709061274987472
7272,-0.21004145326299362,-0.1013674211568576,0.11099821592731123,0.7990751574028633,-0.06179449483141374,-0.18515608192339986,-0.05860034654503956,-0.026413901802480676,0.03215706478513494,0.0027206017398844363,-0.44397914372331776
7273,-0.05673276596026998,0.03786069238574398,0.09835578956277616,-0.09523862990942282,-0.6133648291833818,0.013164784846003287,0.10323768197599997,-0.06522056384339045,0.03738232237411126,-0.0951233249604209,0.9199915512500564
7274,0.11126110887628843,-0.06820720199345127,-0.05057687387534662,-0.07498866390223116,0.6149974494991383,-0.02431208640877811,0.0673115333447706,0.12284721439040452,-0.2918243036487293,-0.10320104616550697,-0.001820146715661941
7275,0.10243333486684993,-0.17974924906255993,-0.12831169064296205,-0.0013182247646833182,0.017211201992773616,-0.09281160385841011,-0.003965921505936601,-0.022512462612997726,0.504441866033922,0.1676811003544691,0.04266571263144019
7276,0.10154157805387508,0.08107322791370529,0.61148024092115,-0.003516765256339472,0.05355945232367376,0.07108237239937233,-0.15263093097793853,0.048461865057657365,-0.02926351123035998,0.011206937739782064,0.09536045146851584
7277,-0.10938242726066034,-0.06389109902055382,-0.07007618356948674,0.11916843637116586,-0.07847367496434655,-0.6725369031844646,-0.01365205155543651,-0.019036779890993456,0.09146345637979227,-0.02858377974600744,-0.04817109993423905
7278,-0.00225771606421425,0.2305657099653807,0.4222935998022521,0.0991432967187246,0.032105605874339874,0.02365250390661121,-0.15528011776369885,0.07692921072226933,0.10408959509714719,0.004268259180513452,-0.03673430523907581
7279,0.022699897637389145,0.6285871942921997,-0.13196322851097123,0.041197172932329544,-0.047388748674676226,0.1373668192853882,0.04388209751243133,-0.07612053814733719,-0.0548401597160687,0.10359195024070592,-0.010358459351148926
7280,-1.7677056130338162,0.11445580878146994,0.021289957801126608,0.04491313155828597,-0.05250310194119591,1.8392821004152704,0.07744496297640387,-0.0685078289750192,0.0006896886333385968,0.1600712309365429,0.03152630680563506
7281,1.3208113854173928,-0.0680467009285182,0.00901113183788791,0.05839330177406246,-0.01270798348436879,-0.001015720222564661,-1.0413257898610488,0.033116182029164214,-0.038717135409062804,-0.0024462366765718394,-0.09681556041272514
7282,0.846871408889714,-0.05033724846367108,0.050291459796751065,-0.01757177095196245,-0.25822710969427976,-0.0018313656126147729,-0.09124861389358335,0.06940305532708614,-0.1120492032431073,-0.08378293670392895,0.08155188018082715
7283,0.637037235494614,0.00997321645702976,-0.05741453583472753,0.01788142001837382,-0.01908451118594147,0.07251845929401912,0.005999787418755153,-0.013889392963560197,5.993556320894183e-05,0.04144207436743991,-0.0223610923908157
7284,-0.023835120353101386,0.059391962572518185,-0.15509840601593702,-0.025233935314483282,-0.03373811192036592,-0.12243403198547961,1.5916003609707554,-0.007096240319790854,-0.04091945874817024,-0.8700123194033788,-0.08285914410177635
7285,-0.03364098259023811,-0.7664075005415061,0.05670157251562119,-0.0282883584612421,0.009052972675348495,0.03376525519306188,0.05214883677470788,0.02567128520176905,0.011156997945585162,0.8893152319104308,-0.06466295156711299
7286,0.03307394012672627,0.8535819650004585,0.07764124272194625,-0.029774794209894984,0.033078958427398414,-0.17227976565951628,0.0625768204724947,-0.6669790402526291,-0.024552769427410057,-0.03694398262662743,0.041231568041831555
7287,0.05043127077592579,-0.05470528122717959,0.017827409727182112,-0.5644878361917971,-0.04854435672523473,-0.03054685999483534,-0.15384442014021918,0.8562565687100071,0.009630518217649355,-0.16498374541310218,0.04820808901836298
7288,-0.10355797524641011,-0.04484048199128665,-0.006675224046119159,0.8107124673348716,-0.12319542852699511,0.3052938434580185,-0.0925997043904156,-0.03564616231432083,0.09120868711115974,-0.042038080832469,-0.24196526337022753
7289,0.03437365766245226,0.010165304943354117,0.031743375593520376,-0.04233403634829652,-0.6721560800986099,0.03653174962106257,0.036825806113593706,-0.05873406851664,0.09770420484098795,0.09233168825486271,0.8461527335333466
7290,0.0253244824973573,-0.11891926620613785,-0.044116564869730465,-0.03616017142692065,0.5585766518821133,-0.1355740748067552,-0.24406337200076272,-0.17072799851058146,-0.50578795059821,0.034871227159031785,-0.0341926007251789
7291,0.029487058066771127,-0.11241023901574726,-0.2963950333923955,0.12149728665645226,0.028149492201623667,-0.16405636703248583,-0.05323148775866486,-0.20113851578754402,0.47818069594568485,0.08749008034328674,0.07791615352965714
7292,-0.006161292146021843,0.030337903337264917,0.6217844313314191,0.06559032175533545,-0.0366904896261651,0.0920565706802813,-0.1813450807291892,0.05684928137761354,-0.1612041695248911,0.0010366241745941793,0.0032009887703738048
7293,0.016871130195184936,-0.01948349675928674,-0.046602333996174354,0.022171846070973604,0.021487770093251514,-0.6822904077107472,0.00488683552014752,-0.051074097235389186,-0.030682871448697736,-0.022921284931973977,0.04646262604468779
7294,-0.024827682824226486,-0.03939007275360355,0.41856112481847946,-0.11243188260691042,-0.12495938908017235,0.04770332283091308,-0.07021262313360584,0.008996611857559027,-0.013323718835093552,0.2589556737252323,0.022941505645040064
7295,0.07395915808331428,0.7179386240802144,-0.014772842358220111,0.051879765926877916,-0.04334255606158878,0.05207117124706425,-0.0064781887337392735,0.0022906581225867187,-0.001081777829852974,0.14393225033965967,-0.0010248106563919652
7296,-1.7788224446011975,-0.10280602926955751,0.03494901919341751,-0.06621583434324782,-0.15061190735309493,1.6048437299871696,0.021466475338957895,-0.044432318242656595,0.10804946943177167,-0.06721529583761425,0.021210326481923336
7297,1.4221468210340211,0.03838560853394641,-0.008291441395038835,0.11580913416919011,0.11771500258252081,0.20981901137251435,-0.9457450669509108,0.07623393174811527,0.024287880188594728,0.05602726594570657,-0.03226305376786534
7298,0.8211137199312402,-0.03841549493013172,-0.05301847398171788,-0.07308163366263896,-0.06411632715749048,-0.09049139667881452,-0.16791235821138853,0.07380768358148382,-0.032207612248670726,-0.05477378331753995,0.013295284043200848
7299,0.6476542339859614,-0.06969568960906804,0.015305760932568822,0.05878356778965897,0.01194193638024808,0.07156631338906669,0.024372957220928505,-0.006327261692895681,0.05068553416063059,0.06775917645099395,-0.051258096167035305
7300,-0.03823377033912979,-0.03482578776071883,0.06579455410127386,0.01446408772489029,-0.04643500763108666,-0.1427574988264276,1.3301672935672424,0.10553142957166478,-0.018480107138110075,-0.9059141008296777,0.023837830775458205
7301,0.0670629045325162,-0.7066957369991201,0.05850885524363222,0.030014586115340067,-0.08577292138845388,0.08304161302711308,-0.059262692084450855,0.0452182608838081,0.0044619642463884866,0.9357477759169741,0.05157720442062072
7302,-0.06905218667233574,0.9059212611323608,-0.08885129200293035,-0.04988763351645152,0.09042315458521187,0.03712129487815183,0.07358906061076158,-0.7043055400750755,-0.056988256710812396,-0.0648349796019437,0.027191063553430657
7303,0.05240020956217628,0.0019965284703412443,0.03547222199502489,-0.48136183901007906,-0.028775490114883055,0.029494290764567863,0.006966365903579721,0.8918488462329587,0.04194325176044145,-0.24012397286018355,0.06794523854360718
7304,-0.045474484640386593,-0.09125292774604518,-0.14813671906693585,0.7702346842150936,-0.0108633950687448,-0.1255100497434828,0.00691179326626958,0.0003077063735980614,-0.09304060309231243,-0.008590449807801772,-0.34951195874219265
7305,0.012634998638540413,-0.021943847817728332,0.06537906650253816,-0.007335324292812166,-0.6664832126644601,-0.21173678959200642,0.10343218955726587,0.12228337260119432,0.08629514506617085,0.11105768931738394,0.8777694723260735
7306,0.14528161824272762,0.12608586329899443,0.08109766657872292,-0.15646328516978336,0.5533758424004119,0.060620603857823904,-0.031919555545386655,-0.06274050777940852,-0.072367245045214,-0.034115527345049974,-0.11909219381749173
7307,0.181753887223651,-0.017170851465965194,0.18930270255615328,0.030911252042001187,0.1325882027236253,0.09864562580292836,-0.06120532930650906,0.16511384689149203,0.5066563513435063,0.24923897451558244,0.003555540439073899
7308,0.03861103837408824,-0.0594719387973068,0.5672412046341898,-0.1851656272295031,-0.023483308838817638,-0.025045515831968332,-0.12912185756362804,-0.07646980177949725,-0.0547765371028562,0.14005052252068628,-0.06184638221268123
7309,0.030469671653594196,-0.018256646937832705,-0.10544686267319549,0.040906736606243145,-0.004903012725361577,-0.614882661844237,-0.0164472683675681,0.05480965350237889,-0.1906170587995794,-3.19864706475291e-05,-0.050459422561925926
7310,0.005160251636768802,-0.030210517327057033,0.440186753608093,0.13811169425936926,0.010520453618960741,-0.11475799738811499,0.10214121204221269,0.10310034486210681,0.08947023008987802,-0.10135725274902502,0.05560848823961338
7311,0.05618761749381191,0.592139484185009,-0.05733956640291051,-0.04957920379337601,-0.01642159447491299,0.19450728549397273,0.28085361314448815,0.01314637247774011,-0.10015046416379558,0.006661801278613934,-0.010842611273375373
7312,-1.779650443049132,-0.004162282227993525,0.04472352790576105,0.14778597945476574,-0.04303356628254162,1.8044482389546819,0.13894480980245072,-0.09229511918178997,-0.04875809692850362,0.16545422476666902,0.03433610077508692
7313,1.254179480543041,0.029246227334413538,0.06973802552074038,-0.00702588935044873,-0.00041634886607609927,-0.06941990674898486,-0.9989299125551167,0.08654454444576219,-0.0436115239098366,-0.046391555837375816,0.0009391872791369819
7314,0.8230594022803991,0.043899585948954135,-0.009174700543529146,-0.049191994921343546,0.09114295200467129,0.19271403687678695,0.04414578660007958,-0.08472228998895567,0.022182898858623425,-0.05430301612181869,0.07569624654905764
7315,0.6139009619765629,-0.048205878349113364,-0.08676745161286577,-0.016129582783017717,0.010081595521573058,0.05281017230811318,-0.04108721925594317,0.002152658996888949,-0.09099559790494652,0.04778502634195426,-0.05809038413146561
7316,-0.0034861028730145908,0.03301759413386842,0.11631256062948345,0.03574187451484058,-0.13891285884771934,-0.09470699008858582,1.2107559775643035,0.019265672846286996,0.054150617378383836,-0.7249435585912815,0.01777325871617463
7317,0.08391330368981018,-0.5930254094153764,-0.009537558387975983,-0.0069919327621127715,0.13473108272499407,-0.047481099052054096,-0.1367003138223492,0.019165189202689174,0.023052555196753536,1.001662645351628,-0.08323130048211178
7318,0.01363483207672093,1.0644251989834683,0.00044587197275576724,0.041184150364994135,0.01937682497047657,-0.13439460445533097,0.06726845163882417,-0.6600289950104588,-0.01357363060513965,0.0832164748798852,-0.12872411097859113
7319,-0.02438797343129905,-0.04497632429351194,-0.026374814676242517,-0.4616510341438191,-0.1484271325375783,-0.08974509171019882,0.10322117927683647,0.8429371552073308,0.0031728293799897778,-0.04315981919350825,0.012750743654632371
7320,0.23028055945960452,-0.0595401082613544,0.19050698695182205,0.8271544187743167,0.15317416795991262,-0.07364637208537811,-0.12839042428657346,0.02684698619103097,-0.11611321510190852,-0.029758634110235306,-0.4593082857021812
7321,0.09522101956292367,-0.1412717544370023,0.047782088162015186,-0.05309829348656014,-0.6969687793510494,0.11502473059431594,-0.13778830643556197,0.019915236091654884,0.15051701388612354,-0.0021272596653582054,0.8078541810847863
7322,0.030188286447452795,0.05497230200753679,-0.045104985886307764,0.07958299425373254,0.5614072441512317,-0.0872528759244535,0.15973932611788125,0.03670296051004015,-0.2307820079138121,0.07717766015419805,0.04988155522116882
7323,0.0691341888209164,0.0022211356863047543,0.08905478102834842,-0.05992093974615381,0.054596222536484974,0.12636930956162673,-0.08211533651323186,-0.10387212099969044,0.4680913517611213,0.16664424586474502,-0.04794023178123991
7324,-0.08540192730612337,0.24990694987944484,0.6228017950433242,-0.04137656670666506,0.052425602741879865,-0.04771888463455597,-0.09191568983813345,0.004888456316237877,0.02079840734539392,-0.07756664690154791,0.17597835380756888
7325,0.01155974969086948,-0.01590545616830899,0.048521748081718,-0.06200700863603323,-0.0037759176344155463,-0.6378978313919108,0.07452061034769364,0.08059481694773646,0.04919096747950336,-0.03945007246774658,0.014104990268615523
7326,-0.24415674487943295,0.121250672399978,0.41172446211252317,0.10321111998668522,0.028333521423285084,0.07668787712257545,-0.10109088821797726,0.1831523613645216,-0.06818328591735874,0.03062188492019948,-0.047668253552199516
7327,-0.06607395049514769,0.6242658812452241,-0.020647524591895075,-0.01742230607901742,0.008816480873812479,0.07671725830712141,-0.10978513356509088,-0.07278284566224474,-0.002032852081782604,-0.009545991512357589,0.030594001292224598
7328,-1.8879187273279936,-0.06952360780587113,0.0034264954419497163,-0.009273787030046375,0.06180318918765516,1.7998372210821723,0.1506024083071275,0.037527989652661034,-0.018356456240756117,-0.0304812522200757,-0.053162864819637584
7329,1.6003840069260313,-0.061993683834014206,-0.05606300566298996,-0.020119745410976723,-0.08353137539629034,-0.10795203721637167,-0.9824679193316255,-0.0294703937104559,-0.11533834606243647,0.03139545779579476,0.04087903524507256
7330,0.5800611073712943,0.01598559734750421,0.02912478037578891,-0.0696474869035868,-0.007144728653526421,0.18175774063448924,0.027527410229829116,0.05271572183857012,-0.010218003108458907,0.05374818087101487,0.03681207450155804
7331,0.5998754115463826,-0.0930197191033704,0.030562100402424217,-0.009087671982199112,0.022665531198777077,0.030806495329954272,-0.00048430933279535935,0.028643852350896518,0.012488777971395477,0.03801336701625763,0.013711617682450734
7332,0.14794568882080006,-0.04171852074888716,0.17337670369412117,-0.07431075419964042,0.09327685778687164,-0.09776548117312159,1.3839882781743595,-0.06861441097530957,0.03359771509262864,-0.9471309261458268,0.04171195114420641
7333,-0.07227373571333236,-0.6016469263296803,-0.06904058767066776,-0.07990022020308267,-0.01703797319826789,-0.12774913610973906,-0.03158357215836673,-0.0019839206232886513,0.05746371551033934,1.0138390249045706,-0.09584840969775885
7334,-0.12301097479769259,0.8178220088073919,-0.06424812864276831,0.03832604794071201,-0.11403204230768992,-0.02792571994374634,0.18457784772243427,-0.726090039319836,0.04577386998924128,0.07370270230944342,-0.06358500378045814
7335,-0.00041398166983044275,0.1321112416552034,-0.08372627754675323,-0.559086122933434,0.05464790237676253,0.14079373555687796,0.0025359435048364297,0.7826230266326142,0.06576482333158411,-0.012304917421004393,0.030572623506316343
7336,0.025855154794721207,-0.10625683745362027,-0.021638960383021322,0.7750275834683662,0.0201843330789101,-0.18537576937613973,0.21308950210359684,0.01703499170878946,-0.09777904303089391,0.0260480441764814,-0.5297663326322575
7337,-0.10413364046399692,0.13484468447828937,-0.028913292599654576,0.032340847522826024,-0.42403459179936953,-0.02410304698795352,-0.03363075806387182,0.06313918676854188,-0.2057484636966367,0.12537511971772114,0.8479491099115901
7338,0.06904444019844418,-0.08795386531425323,-0.026907966126115186,-0.09259529099980325,0.623646370092042,-0.02398131588458776,-0.10054056813830127,-0.030611178764120218,-0.48958779322642054,-0.05804089695346399,-0.0213721172544427
7339,-0.21342709699061296,-0.01664185358246201,-0.05157185207380474,-0.015519410648788607,-0.021306929119094965,-0.2528922786662608,0.2014765242431703,0.11667743596646758,0.49930555162882884,0.024287435354792514,-0.07057250822348808
7340,0.17634155345817573,-0.01262882024199456,0.6060287823525082,0.09351211545354837,-0.011005173233107391,0.026224348653282013,0.1568590769540008,0.012708972080012282,0.03460710173878651,-0.20817852395082892,-0.11242304787941579
7341,-0.08213088631697464,0.07266575001392263,-0.038239215407802556,0.03831047273629049,0.11522053281045529,-0.6758510846753595,0.037026051823578404,-0.061509739326118876,0.2607122091877804,-0.008393766215856692,-0.013986094787822633
7342,-0.06287628328547924,0.07165054914702637,0.3981751044731308,-0.04148814186411338,0.09435233732864924,0.060538064191809286,-0.09817113624949145,-0.0074177753536596586,0.0024472682451580777,-0.007489499810877268,0.052401488089414416
7343,-0.08427721203740521,0.6876605227138299,-0.11818133706980617,-0.006745588446753185,-0.005736656161113365,-0.06275040340273552,-0.08774841847352485,-0.03944177594512224,-0.04630006427084659,0.047186359253340276,0.008934025844129613
7344,-1.7798709728101967,0.0429025326657791,-0.019423211794353953,0.0619772699640534,-0.009769633356950396,1.707326999392862,0.10700765514047868,0.18194512980378794,0.025230444580979342,0.05393828340789046,-0.006255097558865996
7345,1.4334347823811509,0.02438897944848082,-0.010417725771687881,-0.06826761562618726,0.04101744698385951,0.07330468212478701,-0.9711009247748215,0.07324048797602836,-0.04018153649724038,-0.07228476073251303,-0.05451382038425695
7346,0.8204339063116914,0.19769777859543425,-0.11416367673345373,-0.036862275883643686,-0.042649894178531426,0.16289606652110628,0.062292923919644944,0.10413207835796498,-0.1454445564679291,-0.021446849617710956,0.04280982998877421
7347,0.6477435010950332,0.03797825507237687,-0.010319992132054137,-0.03851705394826328,0.02163753020020443,0.03528214813317901,0.004579890140831838,-0.05723440521050865,0.09091615772739141,0.10365568663951046,0.029974417894222876
7348,0.06170010750677524,-0.06000935168005711,0.13769966012432397,0.1123346957841141,-0.12743452792784749,0.027808066596988167,1.4417752811882907,-0.07153539469657191,0.0736732201895071,-1.0345137909104818,-0.06152240521992641
7349,0.0902942205395892,-0.695844538347795,0.20779133938121597,0.014926820536531911,-0.0653880029931923,0.04521278091594565,0.10367402120077986,0.018691446426523862,0.1553910939355218,1.0351110672541253,0.03389403602594705
7350,0.011531219185200444,0.7813465060573972,0.08911652007285942,0.04054295535514303,-0.020466150822546148,-0.031094955329144747,-0.017192842460591544,-0.7482728079696219,-0.046907109296796076,0.018758507895104616,-0.0032639845796217583
7351,-0.23444375017982808,0.02586630445013652,-0.11581510594540043,-0.6186808064211646,0.1504222071337,-0.12934627732537574,-0.10435478989926021,0.9009339102478652,0.0864225908156925,-0.04088795657397819,-0.018056143196047016
7352,-0.2675794317628979,-0.14286423290609176,-0.07616563596805039,0.7873807697394418,0.10106220568764701,-0.0940346329755142,-0.03313338428090973,0.01082706959601594,0.0844955314681189,-0.06576412027927045,-0.3260231506467689
7353,0.07804872713892452,0.06691599287286945,-0.16333013128170087,-0.0053972500656359265,-0.3330953122297613,0.15573912784707683,0.11495762333917461,-0.05672676240111446,-0.08709998301725831,0.19827281958696436,0.8601442506611959
7354,0.0819805312886152,-0.002775147155344387,0.11547365634869074,0.032046551369703795,0.5562996927824738,0.0844093934027725,-0.08999428732164773,-0.032133817738472424,-0.1390723129414116,-0.14658842305598066,0.06637203339186108
7355,0.19500003710407593,-0.12998581006791576,-0.3278586743936602,0.0006927324143487356,0.03525662999712713,0.06852071155761764,-0.18130440345486798,0.01633528928883756,0.47175007970676214,-0.02976833526272699,-0.009916072730154381
7356,0.06302258486117342,-0.003960353584507628,0.5948805781898346,0.05841296573232213,-0.03389074118307525,0.01173616116614341,0.2078439975372383,0.11220003205817074,-0.0682631935765457,0.002164474863235554,0.11053296483407944
7357,0.02720569610818633,-0.036820968140446664,0.0058046724001523265,0.013003702201780563,0.12337811336245066,-0.6913530383219225,0.005521055967958139,0.0030725696771776883,-0.08447722360464302,-0.029245175001071065,0.039818890560929
7358,0.10458088027592069,0.13736270929335395,0.4369524758476072,-0.12358878804584246,0.08536352168673132,0.026782157396411932,-0.02340784170190569,-0.06308189523225749,0.1611649050765082,0.022250285462336886,-0.04090521774577173
7359,-0.07082521881920308,0.6841217668061507,-0.006691849111029324,0.03764530973201922,0.09664865354698157,0.011476180012217445,-0.049986644348627596,0.02223605099201525,-0.0684352277941748,-0.020407550330287696,-0.04052083439742191
7360,-1.9390185857711832,0.04486339470960506,0.10775517711272765,0.10069352771074708,-0.017791618600384935,1.6984378539477916,0.007810916965763788,0.09630614209698823,-0.06494940639906506,-0.1993478900649697,0.061716650152109066
7361,1.5007755275917545,-0.021405590385891102,0.15808538769591818,-0.0012284167391392684,-0.09169479992628296,0.17850727935081237,-0.936041864058107,0.06775536615534535,0.034557210248723276,0.04744520819141499,-0.09565616624978744
7362,0.8805079431188706,-0.02560346317176658,-0.10517943955083166,0.22335324177863525,-0.19042383173653835,-0.08517588724029082,0.059290616991096376,0.04819436393517184,0.09375336342963637,-0.056083902062836845,-0.145961206795013
7363,0.6814816870298436,-0.0018294981871593312,-0.026628624266693105,-0.0496771078578255,-0.03617645411886624,-0.016168001421454685,-0.07128174611579509,-0.0017561352856700647,-5.891741770075107e-06,-0.003687518577565323,0.044841007555803836
7364,0.1875765463823635,0.0843291765578348,-0.01835788881119138,0.07080855606522528,-0.02988707165452385,-0.019835066621157253,1.2971576385090755,0.13883043363945372,0.06048291822135782,-0.8540381118880527,-0.06509299819173003
7365,-0.2595012208069262,-0.8666745188857293,-0.12411389522643598,0.07116246361662251,0.09144908485609451,0.03919075462302751,-0.005041741262205586,-0.066207182500902,-0.08304935133039722,1.004718058929202,-0.010723462182006035
7366,0.012052439074783608,0.9970299795087598,0.04920841495103397,-0.004905423876776645,0.12966802401996452,0.000352113282467076,-0.08587790289043712,-0.6796964587075084,0.022094091067485704,0.08182933404377603,-0.03417239283228792
7367,-0.053988754640502304,0.07645847531079708,-0.12165714121171464,-0.513551651315798,-0.043194108807357086,0.05285825017341265,-0.01562922556998443,0.7876628787610779,0.07467787711152377,-0.1336399081060414,0.024713722562198684
7368,0.01109069173896254,-0.10733949807980366,0.029170610506785478,0.7973509920067594,-0.16121858946937148,-0.13328706186342673,-0.0424089606514537,0.009471447030200728,-0.07558434767697428,0.08804185791571387,-0.5080721749868017
7369,-0.04008331083939276,0.05155664772126482,0.044673328661195305,0.04268107201547569,-0.637978720364688,0.058060445686736906,0.17917536436208203,0.07427267418750798,-0.20954785003553572,-0.0024354661924940097,0.8979637198716003
7370,-0.17080701323784206,0.1005669061918744,0.038003121966825815,0.009215543645271395,0.5912099992798422,-0.059037712415758926,-0.171036557336618,0.08702192119355776,-0.10347095184279062,-0.00021178565641394407,-0.018849519805251354
7371,-0.24102516936977045,-0.10288848849702817,-0.06997339504914522,0.057862504416021684,-0.007709720297520546,0.11132902976407097,0.08769875899894933,-0.014568774185884628,0.520555255470348,0.042312955198927964,-0.004211214538199578
7372,0.07845595601957724,-0.03711293899120189,0.5844575547150526,-0.01851620953764305,0.05294879085782314,-0.024063768637447983,-0.09435918668804318,-0.11516881480549394,0.10840830165864329,-0.03170357716866963,-0.02271675568791357
7373,-0.01132096529825363,-0.10641113771882192,-0.053444335339495934,0.09898737044879316,0.039153116847612586,-0.7040889371614233,-0.0613616133536688,0.024926532260436448,0.1240417477142963,-0.03079224776819142,-0.043663044442289974
7374,0.13788248372938686,-0.015757606782096048,0.4238083562507378,-0.016041996480274004,-0.18949287250793387,-0.008086408581633923,0.16580908686893964,0.09105244002609547,-0.022593499056063965,-0.11352152973752608,0.043472030972043454
7375,0.12856881705663406,0.6214765172167405,0.06457035630904316,0.012788811311917543,0.03306844610066325,0.044225764053972993,0.14498826095418132,-0.04534056917527701,0.09541893903092705,-0.08118406159806714,0.01450397734964507
7376,-1.5829081813456116,-0.041477968163230995,0.054783149183361274,0.06478456831345585,-0.0032977700165042175,1.764062315523072,0.03090832519214141,-0.030922932384894616,0.10601777799713938,-0.00642334528358842,-0.011848674344281798
7377,1.3176100340902557,0.0450172274430982,-0.045984530450312935,0.08526968410961333,-0.05492474516253661,-0.1552197458551021,-1.0685156495389023,0.04660281137871459,-0.19081869028832654,-0.053707653870097884,0.00020667768965806823
7378,0.6865841291135834,-0.05299826836119534,-0.055557555287088875,-0.01839208139218148,0.1127414329492081,-0.14226128570230018,0.11535448038408547,0.06520746372352891,-0.11944535131605347,-0.044370345124057714,0.027532973892476144
7379,0.632609191980042,0.022325971356547535,-0.00536216114657314,0.017372714485088262,0.0027770346351482207,0.08002852035995194,-0.01729461183205768,-0.009538742468271287,0.0403620382219679,-0.021289329148456174,-0.051120105027636094
7380,-0.09398016285676139,0.12786468366877973,-0.15570127102858644,0.015515525912782206,-0.06287100977910173,0.06368491736526469,1.3487460130752438,0.042145024458689825,-0.010186685320990903,-0.9277392824476708,0.08329964750122162
7381,0.0078078992251076,-0.6760365466525305,-0.15616937330079708,0.08683551049933531,-0.0504400013021577,0.0950863247366962,-0.07459832363138097,-0.0892520764505932,0.08045624338683154,0.8960719514373976,0.13686565616301638
7382,-0.1442383876320872,0.8154715285931791,0.0499572227236245,-0.07583598467505544,-0.04419958799271135,-0.2231036412552678,-0.10321179772883432,-0.5259158154651824,0.05167245546594974,0.190268593287401,0.044361121479834245
7383,0.20096310103630186,-0.07099060323901364,-0.0019513305632224756,-0.6144305513665077,-0.0022472518908299884,-0.2800685551492231,0.09212186368888564,0.8331449627807861,0.04077170125426895,0.037873662776009946,0.026488750874900248
7384,-0.23253560644290472,0.043776514221985335,-0.0025421086774272293,0.806489253370643,0.025230883545404096,-0.0541875180314989,-0.1304512477099877,-0.027197875413486634,-0.17884249299588473,-0.04274619207899671,-0.6149404012360067
7385,-0.10098948348529221,0.031795777697750445,-0.04832878755586107,0.006764545145057487,-0.4385825592858418,0.17044125579617034,-0.006880263311632778,0.08088153312557943,-0.03937225182346681,-0.02555099031286456,1.0250983066411514
7386,0.005162946367183542,0.08497874914360996,0.0017666515381423095,0.06652249076941136,0.6098809303971692,0.15678153407651133,0.0958257150571717,0.08546954651121526,-0.07295290012573397,-0.09569028416326242,0.011302062499189393
7387,0.10583032644828935,-0.16378990772119875,-0.027471195132372693,0.02047120032474701,-0.053700196460053876,0.08549371142433915,0.04185321584838166,0.0056216325088793255,0.4657977991843962,-0.061882444491931914,0.0480097912220629
7388,-0.006089080390745642,-0.1459863264545996,0.6200939560113469,-0.23368961455540901,0.1262916061392297,-0.16665004923587673,-0.07223248254629507,0.11740524578103814,-0.10059945764464903,-0.19609840023331285,-0.012717199819379901
7389,-0.08479964693604075,-0.010890742601053681,0.05975112770436533,-0.020883096134951477,-0.12221529684064351,-0.612164712689023,0.047160215565555864,0.10875782226704792,-0.06276841734986609,-0.057462575627085205,-0.003293244920392357
7390,0.206919643113283,-0.010949157878025808,0.41236796953871563,0.08433096651555398,-0.0011671040310964218,0.030578113271733695,-0.03133544744905979,-0.15562139062831185,0.05567818499547345,-0.12095312544084134,-0.11002542910540196
7391,0.13987411330541408,0.6506230892488244,-0.06938321177063952,0.017424852928467748,0.0049102430172153445,0.03668617058238796,0.003937196226891173,0.04045923670150972,0.06875799734883495,0.00863619441478015,0.04010331874873712
7392,-1.9004925459785695,-0.16162227855296732,0.10522060115288166,0.02487938845063018,0.1502173701620129,1.8159134998756212,-0.003626321877165054,-0.11161598777206912,-0.002715270680720137,0.08167452442948836,0.004605489929833598
7393,1.2892754418891337,-0.12761742915894655,-0.10268519262634719,-0.05633991737928027,-0.013486271073789975,-0.12577771807192242,-0.9268353867072813,0.10207761946519925,0.06642961873644215,-0.026640515324898133,-0.03296847126342182
7394,0.7831690472620979,0.023895876212797117,0.00040058752206423016,-0.05521440597789151,0.013379500184397432,0.019054716260281768,0.0045647763263706445,-0.005393561248361852,-0.1704445959421124,-0.04565579944552231,0.06782859055306945
7395,0.6609702603325585,-0.03158301946084674,0.0296248081733896,0.020840993677970786,-0.025111454646831205,0.0708984851608278,-0.04671342281799177,-0.030087647207847797,0.007888521147095113,-0.007395074938848521,-0.008454056553606301
7396,0.12797529262202742,0.05926128132329154,-0.044382611500524166,0.042782453384471106,0.09234163803042929,0.01953157230704628,1.110980063065361,-0.04787258714747436,-0.24679172666849628,-0.9584376014922593,0.03993868472888659
7397,0.10026010841037564,-0.7938327538282597,-0.10905801769097437,0.04901605364399798,0.028983819502797284,0.07860431982769484,-0.0722185641687619,-0.042549132815663054,0.02362137618802515,1.00984684782691,-0.019660656601494405
7398,-0.050602513487205764,0.9009068390662139,0.11904520950933546,-0.026503062619048466,0.07224169185843003,0.05242180026321573,-0.019817749442598294,-0.6241356227803136,0.0198956431992168,0.04633953879254671,0.08280329286289176
7399,-0.1481524138541638,-0.015049816187637398,0.10093205001312158,-0.523643820217332,0.10909676792622887,-0.21877546764952546,-0.10414465300840217,0.8406041200224332,-0.13422882551477566,-0.100175506354372,0.08895405285030392
7400,-0.044958630760236346,-0.007948983698523086,0.04404729135714771,0.7923445871167921,-0.11646082457741849,0.06495261906069157,0.027388153824490735,-0.01711753652393096,-0.09733371375060577,-0.028884286356274342,-0.39010156823732595
7401,-0.08760350098354461,0.05951535777814746,0.03274096056076079,0.09442946521762749,-0.44317662984838174,0.09144167577768066,0.08208559432386242,0.052243252317042056,0.11588482432872281,-0.08651594734398162,0.7852017444576553
7402,0.16350284860688843,0.05088780417816086,0.09397924878482398,-0.09461463342047578,0.6146110684449034,-0.131732906631488,-0.11822074829197489,0.05816188974310112,-0.0439163815549026,0.095814519273001,0.04789420122565796
7403,0.00021143529877921952,-0.13372387849015582,-0.19795782182602872,-0.023473802358490076,-0.009227620913620367,-0.06670027525086042,-0.039343311936158615,0.019419945181606273,0.5064262710684322,0.03613077742345425,0.02274026129027592
7404,-0.09564670077834227,-0.04537794031108908,0.6115169519705124,0.22914003202389904,-0.1538640986729896,0.0450851068859338,0.08973318002030686,0.016266214806852582,0.04141402973011446,-0.19204848278258177,-0.16125721563946585
7405,-0.02149754221491377,0.018982661125542786,0.005560365560781157,0.014864912695117662,-0.03411700772954381,-0.6481954410212762,0.05209554633904359,0.03723106417193463,-0.04778809434668078,-0.05810587870158292,-0.032442075424709796
7406,-0.1193748294485732,-0.07191996895614004,0.4081409967315244,0.07080293180682283,-0.03101602164233504,-0.09004828287966378,-8.404157863593081e-05,0.04169142654353901,0.14599249839861253,0.006698707666518067,-0.17654754830420288
7407,0.13397211717039956,0.7423737983854193,0.024459869448733428,0.02939196149793047,0.023887125240515106,-0.07405156353424996,0.1112805401359202,0.02450434206996907,0.01002947748573913,0.07702325490666559,-0.03096958872354217
7408,-1.881343049381736,-0.04167092520117231,-0.02291880274574831,0.04277334691759235,-0.018036159010537612,1.778508000688691,0.02061263693061717,0.053429051327729404,-0.08914202685857221,-0.10502816551847556,0.06725612066903977
7409,1.7794659872625669,-0.0018053596413065993,0.06787176275497828,-0.03362383288207966,-0.01140084016481026,0.006656545077312199,-0.9615642119371153,0.11523991025254268,-0.03703526776121379,-0.009687634732139676,0.07409705836200815
7410,1.2972317875494646,-0.11857264406499267,-0.191589608117884,-0.029725111981005192,0.015154597148624235,-0.15925447909771395,0.13937496683504147,0.0386443273272277,0.021048905390925063,0.11154062392049648,0.055410909306764865
7411,0.620331871461705,-0.022922917019532307,-0.033570787719905675,-0.006034207294422886,-0.025861170893139593,-0.022586490588619668,0.031472769188072985,0.018829946582671134,-0.06442949971837367,-0.011348221724499846,0.041534637050354074
7412,0.14877431466729632,0.07587607832898871,0.019999787289814594,-0.04131932788911233,0.0023003271769847064,-0.1146432272769915,1.3412796102731224,-0.04506081136025764,-0.07782849392893748,-0.9333605266725092,0.09587157037154781
7413,0.007118478508995192,-0.7253111089227753,2.2982253913183398e-05,0.005058032627347145,0.04658638517788245,0.023963660406445406,-0.03495316570531476,0.040844030989188256,-0.09890304026791434,1.020525976520597,-0.03949785518892969
7414,-0.07246684088241853,0.8871153897787096,0.028690981587408244,-0.045435832074006005,-0.04951886077892335,-0.055565962364147924,0.13357239301406193,-0.7683787748290495,-0.03702431648104437,0.02030838333816773,-0.1484515987734594
7415,-0.002651421005040657,-0.04411796448016855,0.08189839565223209,-0.6168881796684882,-0.0871913284226511,0.0421441230933108,0.15775019439501317,0.8174435259088485,0.02420363039547532,-0.1480430068703895,-0.051519315306650215
7416,0.04589334287512767,-0.01345186456827676,-0.12958579871770692,0.8600884432433186,0.007033010302622307,-0.06026538822880278,-0.03864156615509215,0.0018876878785217353,0.0038964334562659898,-0.053105458880444815,-0.595346593492442
7417,-0.021168213755962294,-0.04420919890354716,0.0133614186505186,0.022353162994453876,-0.43331009883118116,0.03421851104569256,0.09687248826929751,0.04768569275806512,-0.0055716989516110815,0.015742478915921974,0.8825411117735499
7418,-0.14711073749057066,-0.04857759521202428,0.14028843101725386,0.015518441722779386,0.6399942285070398,-0.1271078192882833,0.033463496909856734,0.02302205229587879,-0.10926464952423273,0.028807771529344627,0.00529341791518385
7419,-0.09626476832579725,0.11211474815297229,-0.005195286616204942,0.12117870658646411,0.0012841573892948695,0.04419861710989487,-0.043705913437575836,-0.01988331093180131,0.5250155489919323,0.13180026580215812,0.07547109518502053
7420,-0.07002087623399982,0.13117972073546222,0.5761597929313608,-0.028874000707977753,-0.05739371248780484,-0.12322742399107257,0.0798192968532437,0.10925151493519313,-0.008541381918571483,0.006002206220741506,0.17245312496934578
7421,-0.057955346120206405,0.03180258969502787,0.0059426515441718605,0.03381233605537313,-0.07171912715003625,-0.6902986215381192,-0.029213921544960438,0.013714753976008348,-0.0904753179448721,0.07327768183340128,-0.07835732598120318
7422,0.12099184227483557,-0.1390832814277693,0.39852900898938476,-0.06401879552829416,-0.17603041937643535,-0.011685666694049886,0.06778845951942525,-0.07704397092726165,-0.009954712890418903,0.18292214693931072,0.08819261319107638
7423,0.12418616203343126,0.6989740606902182,-0.015210668144642656,-0.025455371644498848,0.003174072955714644,0.06330013948476518,-0.036546115975806884,0.11818640346024162,0.010902590264591172,-0.017681574299845786,-0.05621570978819616
7424,-1.737762121505159,0.15582956931419042,0.045780383378300135,-0.03924350081269617,0.03487133813396772,1.8984721445302304,-0.08623192561694977,-0.04178624111119629,-0.11644342913827856,0.004130559021031612,0.10393459464661364
7425,1.5732126632676817,0.06490894210028585,-0.006035865170013607,-0.015313106395621254,0.07755151198162931,0.014031570016410845,-0.9812669735012519,0.13648931628834574,-0.01226494828273731,-0.08702959916073899,0.07092898112273281
7426,0.6105269860455103,-0.07089611393513469,0.013868059686820436,0.16155562522725234,-0.062494045536268104,0.1614259416879959,-0.03098615983931091,-0.025773309882931975,0.001194992450853959,0.0858030053762023,-0.1102362901221435
7427,0.6262967721849341,0.030481532999611746,0.06239500087609506,-0.002480646653871805,-0.04013523574430042,0.013569706911155596,0.03713617899197393,-0.0413772753874736,-0.059350707384560185,0.010424241180293134,0.04251263177830105
7428,-0.11959240281176808,0.026895874994006808,-0.001136589951322944,-0.05621752705899469,-0.12639776264110014,0.0962726007183819,1.257652408314092,-0.07865739588041776,0.21779065761587604,-0.9304569270500298,0.03237096290592681
7429,0.09423138268795347,-0.9350735275397053,0.04252032996668966,0.05303241843222297,-0.005865772185229274,-0.08030676081618617,0.09224724410885188,0.03027276647351733,-0.1258906176346344,0.984339433720553,-0.02934113839094551
7430,-0.10422885658067362,0.9971759305611645,0.051133937706349386,0.006061289069389407,-0.01795568122971642,0.189001780843421,0.0534599316861429,-0.6704619069536534,0.08170571960348372,0.02290532174935378,0.01315509866446414
7431,-0.16462216314874195,-0.1214338695151652,-0.10362632074832685,-0.4650750195005834,-0.06494481550878584,-0.046307863361396986,0.0753651573825821,0.875449448392838,0.011258351823482945,-0.10352391895077273,-0.19380351249038713
7432,-0.17815812939776152,0.08486393949112693,-0.05397720897496806,0.724326254457389,0.007824885805138017,-0.09769172875680479,0.1045156449138972,-0.0829463988743914,0.15660227498757195,-0.019627397338125584,-0.47019186102517185
7433,0.11965854004891907,-0.046132671897159895,0.026434896463278512,0.028655507303317153,-0.6520489302188547,0.09083710370875701,-0.03156395495778184,0.03491200786898925,0.013921152083704962,-0.20689934981502686,0.8504697743507477
7434,-0.013314593334808998,-0.07704548493423125,0.08876056230265846,0.0722693896826337,0.576277421994774,-0.05067177780791309,0.015059620912709668,0.09791186946974084,-0.38685726140664284,-0.16335862632848533,-0.029881891924180046
7435,0.03619363197501394,-0.19485454700739555,-0.11064044456072633,-0.0011612602892218868,-0.0200790793724355,0.1299202197036868,0.007154437178313421,-0.07636025856923137,0.49444986912041883,-0.057031360898875706,-0.008265753140834692
7436,-0.11945022853525282,-0.0005294579477704946,0.5834427517480233,0.17504646563504953,-0.1574846778354908,0.13524096246388875,0.1600329023456352,0.022773455715630136,0.04574189610191316,0.07509338833795029,0.09442133890398097
7437,0.09959843818024196,-0.04359956265412715,-0.06471373930884798,0.029772047441785337,-0.07924668060135318,-0.6738662350565492,0.008173700196905307,-0.06723019515882506,0.05007483534584451,-0.007221932540236995,-0.026321692831342093
7438,0.04075696552301363,-0.07519291390963986,0.4233697814321524,0.1631453319520061,-0.15318546987674378,-0.13826057135698663,-0.07381230699794915,-0.006977261043263044,0.03497968185444302,-0.09497908924214951,0.11691065546864186
7439,-0.13133890729226136,0.7186587962738423,0.05301362473783949,0.018427407689340033,-0.006779946286875796,-0.12329032155494589,0.09885398420984472,-0.046806156291134146,0.08157395305263762,0.11576059739861368,0.023305494624835697
7440,-2.159342966728731,-0.0198162667428975,-0.016635291515419818,-0.10064703410501126,-0.16692445053100607,1.624004443082846,-0.07179707507078295,-0.07623547977447662,0.07606306531307196,-0.01374745563381996,0.021748030580961513
7441,1.266488084009205,-0.09208569374868635,-0.0014098471602796625,-0.05081626263890412,0.09983642319861755,-0.10226120504944668,-1.012980798299314,-0.023947182761131655,-0.13560729728992674,-0.03457355074282351,-0.03561075814881246
7442,0.6016713119643882,0.09627157590301895,-0.10192609465398884,-0.0326641885062016,-0.042393642530234844,0.04340997998653897,-0.10940427576952089,-0.029580437953484508,-0.02626066031599181,-0.12329989454990692,-0.058463514473238935
7443,0.6352016836897189,0.014911711290094052,0.016892891639135824,0.00809707805871323,-0.019628019828694266,0.0011163147085573241,-0.043617025094728167,-0.015421825613149568,-0.15436296645061276,0.03623585124961068,-0.022850523050265026
7444,0.06667424486644365,0.021589447060513148,0.04394411821555384,-0.07893820606159509,-0.12628444632456898,0.06169671879430679,1.30271615860258,0.00836398450968913,0.15227487286108468,-0.8768935105807625,-0.0564235038007512
7445,-0.24715359444701127,-0.6233657104923348,-0.06336016625892026,0.08211074972633098,-0.09569825900240539,-0.09187881111236469,0.030972314139723057,-0.20220706340087888,-0.08243427810667837,1.093220213072958,-0.010774333663858372
7446,0.07305341530373433,0.8552087705404017,-0.07934124407448802,0.031016897580327826,0.03554514109194119,-0.09546432864575859,-0.11003627344929248,-0.6023497742490015,-0.004776447685492468,-0.038070346476161025,-0.003336909152071712
7447,-0.16041295392797628,0.005816299467436042,-0.048260503037719095,-0.6500732258308277,-0.01599238924393563,0.007216196561642061,-0.04233733576262989,0.8636708460097196,0.008431388521752788,0.17271476360818241,0.01973835420040651
7448,-0.23446221962480146,0.12120716845172609,0.060966565930826534,0.839779607398392,-0.06214733154169496,-0.08011182385286596,-0.14734397496849805,-0.05146085835039968,-0.024510755145697366,-0.12350415250676848,-0.5784462844828622
7449,0.004624633715198442,-0.19893972154700723,0.031172324812225934,0.07313958137859379,-0.46660613194776096,0.06510438181495991,-0.002835488120700444,-0.14553533667910984,0.1596744315224598,-0.11347823086445662,0.8685756120581445
7450,-0.15774924887386876,0.020727961058746698,-0.02018307165787026,0.008035091403439727,0.592584464135583,0.003539971696095902,0.12207507206777045,0.04082294030300176,-0.1588882455838262,0.001431512968168075,0.013500223801449563
7451,0.058489215183543705,-0.09381292439827463,0.19399877567198903,0.06088403189637989,0.019967659329462647,0.03118228629797515,-0.05994055393241261,0.004005017933701491,0.49704994755088017,0.08781461223120049,0.0602407180192551
7452,-0.1013252179287687,-0.17481391557836898,0.6431835183717527,-0.05349945967150063,0.09205416270715264,-0.24926056907274743,-0.2404960311054021,0.06572940677064372,0.024188511347088257,-0.006183153554494702,-0.10127373653695777
7453,-0.0312204616444687,0.04248481752456448,-0.02808944249357856,0.04387224744958442,-0.01681423314936977,-0.6454469931121646,0.07031278660644019,-0.0355986400574771,0.015840249428214246,0.08374114163173772,-0.07431140866797008
7454,-0.19823143362955334,0.08409474217662628,0.4192657609333314,-0.06779501436156699,-0.1404101861230727,-0.06819744846189657,-0.22070717379914534,0.00904516463300912,0.1176730132051358,-0.024800815044494287,0.005395212673830972
7455,-0.029000804231240317,0.7202613505214878,0.015883932284561295,0.05824019396773316,0.05903064741934229,-0.15327332285603534,0.009638616773681805,0.05599096055493977,-0.1161381739734183,0.022474920573335,-0.05743544537889574
7456,-1.783393093887791,0.016598096111661846,0.0023220763171283064,0.01210413622864621,-0.09288027071513519,1.9373737961493096,-0.1786107445672293,-0.07096018457524159,0.009997358082887618,0.005294886829943692,0.02870092252809794
7457,1.6910094546524712,-0.026233993238277544,0.0036992705873842803,-0.07176920160650695,-0.06591356494775565,-0.1119737701587309,-1.0481714557219644,-0.05059178281465308,0.038127061010407595,0.03615603436457965,0.05635161390301603
7458,0.9163550704425575,-0.03873495572041086,0.0625946979049607,-0.20088850723936713,0.057615801939283506,0.1511332472799312,0.0034604497884884577,0.027970913384968522,-0.12580672128463086,0.032460439071227705,-0.04888314091451495
7459,0.6385419908978146,0.0033226832385836284,-0.05428764664397488,0.01929503219516799,0.012101285331865535,0.14660922408288599,0.010049416103395555,0.00045050529996949924,-0.02170434867811459,0.005966841130063424,-0.05408474282219049
7460,-0.05116191949228008,-0.026105550733065627,-0.04157410168150265,0.07264604312179476,-0.05824172317897169,-0.16913107020365478,1.2625421459510862,0.028360318587747672,0.20495448826106497,-0.8422223792344516,-0.09834600305327866
7461,-0.0037055674386077806,-0.6291558677077138,0.039351745350524596,0.12858422195915775,-0.0626265672789011,-0.046549223141417184,0.004889577867127888,-0.056481414452151615,-0.004982218829822535,0.9353702298248074,-0.05624385298041078
7462,-0.18817188895965997,0.9203936371588607,-0.028276228322378916,0.010011688193843777,0.05795270552686512,0.005898720357360674,0.12317527244916901,-0.5525752079655003,-0.015256597597267699,0.10354097397858952,-0.044661248575069416
7463,-0.07671112381483589,0.08374646926415844,-0.004869657993038769,-0.5331400754237593,-0.06011940813680305,0.047674366224753115,-0.08910019881688876,0.8371911385665983,-0.08403824548250881,0.05288095292591889,0.02243545884307433
7464,0.03483516692408129,0.042966351656258006,0.01874972949850969,0.7563251749110348,-0.09698562025034954,0.0908300136717438,0.07712938953126397,-0.10981077245036558,-0.037011807886304655,-0.1091734707463081,-0.6281695573969246
7465,0.12142970255793056,-0.11470593048421222,0.028565675790181874,-0.14572604046403384,-0.5229383192296894,0.044919275841679644,0.08514423737860184,-0.004635525681093315,-0.06871299478383908,-0.14698192092161613,0.8496740328864947
7466,0.08601029421802292,-0.08688154749858075,0.03405868620098898,0.03929221249370829,0.5803820541446112,-0.2304202144039866,-0.16748463969790164,0.10910880367262095,-0.4139647113554889,0.15421588891219043,0.016621733209156983
7467,0.025408390817323566,-0.19523156802910538,-0.08563088582851928,-0.03844032488546094,0.015584069237079843,-0.03942677822212098,0.022343690761338127,-0.04159196573901999,0.4802518926696967,0.0296302488939143,-0.16788327080125015
7468,0.12598927410264404,-0.04803727598640726,0.6393708036083647,0.01886117944280867,0.061569380962844755,-0.0742945186173786,0.14329428194666646,0.1250496885531883,0.031898304272421116,0.11195169492989014,-0.020576726976396675
7469,-0.01507158435491292,-0.013668387818440583,0.01776437638624919,0.08928721829690466,-0.0017047769712351456,-0.614793177221071,0.10667480312176182,0.03408846216146728,-0.09005395115128399,-0.023990449197527974,-0.04707575132732175
7470,0.013752117180908194,-0.012765276092800834,0.45958177196419037,0.006788958878280692,0.022516913209110805,-0.08901764579561193,-0.22538585323125956,0.14354509715358896,0.052415961583513124,-0.11928022266050477,-0.06476339606487201
7471,0.16743216699797725,0.6280892211900173,0.07514196970352803,-0.005935154601513266,0.008673750655076667,0.07428394243220757,0.16272309963265363,-0.04591514701499315,-0.023883301126486546,0.031870455594795975,0.009318158908031525
7472,-2.0059919357385128,-0.03685333301349194,0.11138219522759454,0.15995303909214467,0.029203288927835948,1.7072900144391054,0.03660839874262038,0.08846751240444638,-0.1079967966081395,0.029563183462165084,0.030509036029370516
7473,1.4155390181818488,-0.07557355145090539,-0.010668001757385307,-0.0019512199095064048,0.034904486108272736,-0.015932010066747535,-0.9613303882295425,0.04077782854671795,-0.05144153913316812,-0.06624248214015738,0.09896061197565308
7474,1.0461722714143271,-0.08961243929222662,-0.01374349699789642,0.0015991827112704741,0.18901678450473994,-0.07637815269565441,-0.05475213963588845,-0.007592392086867258,-0.0945019578226441,-0.10992567177941852,-0.03949603679788538
7475,0.6728646254761692,0.02559983590747629,0.023266271309184582,-0.027860312227761783,-0.06779921117455083,-0.04472078687634626,-0.016933222491436827,0.04266911617478274,-0.02662877093752669,0.030300922254684677,-0.042577728824941166
7476,-0.0167003401835046,-0.006735730811215497,-0.04938127483414792,-0.07778729718157017,0.025947568461817824,-0.18614775428294827,1.3675849743833144,-0.005094930229892929,-0.04393436481472154,-0.8421321264515418,0.07981121379691736
7477,-0.031148972827025133,-0.7175453046598731,-0.1981539299340766,-0.02403961456002615,0.01590210295826274,-0.06530357683344858,-0.03281489361247397,-0.0567064137781561,-0.10786571447282632,0.8885330757337455,0.006373398605687807
7478,0.04779545932182715,0.9874073039173028,0.08130223625761726,0.011285158444351656,0.04350620357611817,-0.07383432322462338,-0.034855238069893296,-0.6125575019780817,-0.03551756115583393,-0.10066493400824822,-0.0707159473647078
7479,-0.029944459026859254,-0.0365518259674991,-0.17189189938748686,-0.3536730261149297,-0.007448248983615317,0.017790480115579706,0.10351454107569553,0.7682593966720317,0.08467772265284418,0.04191297534687346,-0.018340852178093052
7480,0.18269368399916802,-0.07190845680136054,0.09589531089872225,0.7547544501209845,-0.06223160908589869,0.04064750344329535,0.25084131177491725,-0.012471428080005901,-0.07983701368342351,0.02787124603355352,-0.3806884222859128
7481,-0.06982307219827158,-0.04592656478703799,-0.17339631351425636,0.10558646957404459,-0.7182868573327472,-0.1434875734616522,0.028428690750318963,-0.00022392257629165815,0.18089961794921108,-0.0015667337010796395,0.8834032749621153
7482,-0.026136182997785324,0.09685690857183941,0.06511307922788558,0.04936867772652809,0.6028395704835467,-0.04666193587306435,-0.09029248073981017,0.09991028476702088,-0.14063031488390532,0.040937529149372064,-0.09485734205298597
7483,-0.19634144083785915,0.01651897660835657,-0.10546309410590757,0.03327713453636682,0.020878227776457384,0.11367082152950336,-0.008306846318575136,0.004406270100812541,0.47848791046635003,-0.09682297747691622,-0.046285573804479424
7484,0.05934525798725949,-0.006183455389530945,0.6119398576806884,0.12596829513137514,-0.06068906089411731,-0.022356566690666636,-0.04807761242937297,0.027347959869049268,0.002682229894147934,0.20367372813446788,-0.11572030389227131
7485,-0.08846013998317588,0.008308555334855763,-0.008988573143076054,-0.08768572442705799,0.01718940992164978,-0.7271655406215445,-0.012164741651106127,0.0752533750616687,0.1870418781944625,-0.03718167929122165,0.10986143563917516
7486,-0.014456300179913315,0.05958331282107764,0.42229239124582324,0.11993681710204238,0.09264276130850896,-0.16832136101419287,0.24438408557671282,0.164169116904527,0.04566041562206915,-0.18885169212417663,0.0312844344166079
7487,0.04650437777455458,0.6864207778654471,-0.07643775785730864,0.058819634239371366,-0.03454745687098097,-0.046823673696682847,0.20769427004473318,-0.014841487938540548,-0.0419724623651296,0.07734912242680982,-0.054966923987826766
7488,-1.809269701893579,-0.3303500135697511,0.057536035065442456,-0.008848768483992683,0.18752435774410886,1.7696848330512214,-0.03764889657015658,0.1264472080070633,0.08990254281844766,-0.04118358332707392,-0.010274659235454751
7489,1.3084643134314196,0.04337880007957776,0.09145889586854111,-0.032768237312831947,-0.056146143397080066,0.013806110129979005,-1.074687503972886,0.016564333135583933,0.10835834683242997,-0.03951662220981558,-0.10754456781335206
7490,0.7219758611228279,-0.05230343265777961,0.019115708467917707,-0.10926779878910772,0.07847137300019497,-0.065204595912003,0.02334232004964627,0.06382673207682579,0.15454959966263465,-0.12812869366560642,-0.12922138835278354
7491,0.6485948900879809,0.0273061877643951,-0.028200919120432377,0.018593786459590284,-0.04857090903758209,0.02652935023382233,0.014188240304134238,0.033488925766810486,-0.033770397112845525,0.022276663476810434,0.014921120289831388
7492,-0.05769666030567373,0.02214469889790164,0.007899484094932666,-0.05272765252975977,0.09553302815199201,0.015487553905276438,1.3131819732717245,0.13453374554355987,-0.11801827343038238,-0.821946575620713,-0.006747201405216091
7493,-0.0675765335564865,-0.7955333383503723,0.07141577602989296,-0.05331392747904374,0.15156228959086224,0.0026126828047490207,-0.001138917284532726,-0.018693403000559588,-0.03417003296058883,0.9364014431853196,-0.16433319002909005
7494,0.12540715353604343,0.9447634981441428,0.07759064536891486,0.048462541287284444,-0.13137553791089016,-0.13490084562360774,0.05855191608810687,-0.7261470132046304,0.15136111770050445,-0.018960398014896605,-0.07461195464398494
7495,-0.07043450510783204,0.010214404707584394,0.03121531088352556,-0.5775360961500747,-0.10535766655940626,0.1470069749142977,0.07195788831759728,0.7156061760045191,-0.003555844472808897,-0.1109046245349953,0.11041163278161256
7496,0.07638022337181843,0.004800504062424993,0.1297198697953313,0.7620145889624079,-0.05853563301094843,-0.04308503927015791,0.11292545049088978,-0.045860240730866385,-0.03032698960193593,-0.029227817231721694,-0.26067858114551834
7497,-0.09628857837948242,-0.10093770005214713,-0.11625480305017766,-0.002922053810816493,-0.6788017980392744,-0.05179913303607113,-0.05537807352562049,-0.030314908109783663,-0.14141099556960812,-0.022055249047101943,0.8667443335025622
7498,-0.0018328116149497206,-0.13375851928282734,-0.08136782215157053,0.011460627655561384,0.6140969575522239,-0.14243346930179054,0.06316131406660551,-0.0656529163155514,-0.21209165852763867,-0.13850996042883462,0.016532298315278277
7499,-0.2821359395907247,0.056015416156241817,-0.02023326542659136,0.014636695187218034,-0.08269496461641593,0.04615589357089637,-0.027594001141277746,0.07403842511161556,0.4702470457253305,0.1479251622728883,0.046438535838938824
7500,0.20976178088261926,0.006928789323062318,0.5621779541604182,-0.08080697458829732,0.04621026184671878,-0.02718354878054797,0.08264069474803984,-0.04936332497759016,0.12129428871106995,-0.12746466567417128,-0.16501863117956497
7501,-0.02600844166857784,-0.057545364744339404,0.010439060954279622,-0.01551121113505164,0.04385414788650025,-0.6159273600880626,0.026184128210106437,0.016364942863596486,0.028587369602907572,-0.05954884596588956,-0.03470530232809889
7502,0.018140952746213926,-0.06138439600128015,0.42148948742964326,-0.17137851523866354,-0.05490705979859443,-0.020414221228803577,0.2513845516474251,-0.02741769327232434,-0.029110079756119744,0.0013709359583930622,-0.036117549609503405
7503,0.02639288251621604,0.6689542305068535,-0.06199952376091917,0.028083906362100963,-0.009723580308374028,0.07106605492950585,0.05880112122337984,-0.023125471645088734,-0.005853176060372097,-0.0534118319359079,0.0162743594692992
7504,-1.7596059071750831,0.004141085052402398,0.07142714884596262,-0.009293067365125472,0.17367725254678834,1.6983144877187721,-0.00012874277442693994,-0.09418266856528161,0.06453319831794228,-0.07033417950227645,-0.03485976365373588
7505,1.2123656263697402,-0.10116654167887008,-0.07609541648202577,-0.16423129420075458,0.028800698684352487,0.043332133466189277,-0.962782430788578,0.05381188456894207,0.09167008517364561,-0.07117360339736215,0.023447423175812932
7506,0.8328445748417151,-0.07334605854367612,0.032341549168622065,0.08833938021218174,-0.068000348959303,0.048294116328618464,0.12789190602687792,-0.16054947861408872,-0.01385178933638137,-0.16096497493409723,-0.01235550640436595
7507,0.6526559170637358,-0.06089398848887067,0.023236492374619756,-0.08432564134085549,-0.021640993048482726,0.01765372536283249,0.057776193891615,0.022335398589468508,0.06730663210595769,0.029063103462857953,-0.013845456549242158
7508,0.22150352112321608,-0.03648903122549294,0.19755725875798968,0.10749929667721733,-0.05460934610231454,-0.07199199521044579,1.382529798983988,-0.10339944898270502,0.02379910033859485,-0.9986686084408711,0.04958152538446042
7509,0.20551880055286273,-0.7570040531680976,-0.047065115995123606,-0.02363912512471316,0.03224327508593013,0.08605696339697917,0.03726955152911006,-0.11514200546790536,0.08487412045593858,0.9382916805451227,-0.008478597303983173
7510,0.035364986603404924,0.9017353187654823,0.1702458833393546,0.02495731484108291,-0.07646633145316897,0.0022112048865620673,-0.06532602649300143,-0.6717796243551767,-0.025018687516813982,-0.02325371823643619,-0.00981546970397526
7511,-0.06395092656596775,-0.05942826160422928,-0.041738331710532435,-0.6087003376359472,-0.1516146778867265,-0.10157985672555256,0.02628828627857477,0.8196784316022577,-0.04609471945710174,-0.1420933652689681,-0.03638401239071091
7512,-0.027194827889511896,-0.12341416049870282,0.11004188104931996,0.7902472449349758,-0.032637850662932205,0.011585025035508262,0.0899395048113388,-0.0890090702823821,-0.05613212795490366,0.17656247740946115,-0.581825225087315
7513,-0.1064151413062553,-0.0814391479969983,-0.03398574644037081,-0.037434763525264036,-0.3609384406789301,-0.04283196062330826,-0.05778058319122363,0.06287063227783424,-0.051800258738401266,-0.0757101332672766,0.8625889609854245
7514,0.11344171993301937,-0.07786018429899713,-0.07842422934604266,-0.001017092654640534,0.6047514707845896,-0.011614157257693747,-0.13873542170216263,0.044112795684379064,0.040239461916811076,0.07439875014116208,-0.022610897170973074
7515,-0.14342630219208244,0.06800406562627292,-0.119413109375619,-0.04665507700955715,0.0222760849615202,-0.11127886879050321,-0.3752753880168314,-0.01681125511764925,0.4834902365509283,0.076982693027964,0.022041965359992276
7516,-0.047914837127751186,-0.01718766627358937,0.6538762567394881,0.113873416419049,-0.1759866919518574,0.054070403926847664,-0.2221493455635229,-0.004325693723263557,0.04940108332221179,-0.1799228911483266,0.019920213552357475
7517,-0.01508500145184744,0.002053520252999105,0.13151799284363722,-0.021688513928862924,-0.0383671224724766,-0.6417188679206417,0.006938594714541441,0.015853986316130483,-0.020925675916156676,0.051176637665250956,-0.041127765394809786
7518,-0.2839425770646533,0.1161551662293734,0.38673021762879717,0.1051768753316709,-0.0836659154348691,0.07533525173267601,0.22403202687404655,0.07203690237267844,0.11571162651789127,-0.07732291143368561,-0.0872595789455006
7519,0.04053854482028954,0.6625738183698211,0.008859798309303682,-0.09965382906250683,-0.0356281134130115,0.06391595471536494,-0.01838851227070136,-0.040151933328591696,-0.015985058326790057,0.07845096002491658,-0.014143339498038622
7520,-2.042448536843217,-0.1756126249920233,0.058402950641840035,0.009507780143917482,-0.01677445783884657,1.692756376093058,0.04226779128405106,0.08650567498360187,-0.09646679424428474,0.02970226728338457,-0.16506377444093343
7521,1.1898595876581062,0.08098236803750375,0.14445917073735307,0.05203642026576958,-0.018493669968707604,0.01803808207365286,-0.9403264806595356,0.12565309563741606,-0.03992525829913546,0.07853274071937538,-0.0428215845013557
7522,0.7732090180766861,0.05017566485041614,-0.0222398874261749,0.027430536333585376,-0.02897617843015937,-0.05802995194705267,0.060845561200144796,0.1870365283704327,-0.037884157402072835,0.1235990667230067,-0.00933409289379433
7523,0.6121136768341452,0.023293381362121147,0.006214029491785918,0.029404806605545203,-0.06152923267522097,0.09362195684194173,-0.020955500455575784,0.02556374025884598,-0.02502743419247974,-0.029360000954975658,0.030593966883529358
7524,-0.3444402049416967,0.1604532476700518,0.10820165400606782,-0.07618613949069324,0.06654118208016006,0.015665275498783254,1.221396927468333,-0.07116303602234127,0.07131362953895723,-0.905242748835564,0.03470413879715531
7525,0.016163338182006964,-0.6752211307331164,0.07172183477833503,0.04885043581910594,-0.006221436685398401,0.0904344292082322,-0.1186523127615814,0.02696280044455166,0.05464323283807311,1.0651321415240536,0.021679990699447118
7526,-0.0744661517971675,0.9171167035957166,-0.11663351698834305,-0.1284990933429087,-0.02136950954523673,0.061713979717342916,-0.0539605099513396,-0.5832899696515306,0.015163612180654987,0.07587387156183308,0.04350330990603885
7527,0.15477767845635995,-0.039475276607220354,0.027208234459639165,-0.4726902903777108,0.016215181858452443,0.16146901562834615,0.10575462111166507,0.9419255989902271,0.040022704259707165,0.009438491842826236,-0.049718318489869455
7528,-0.2100706644516034,0.001512025458000155,-0.02477899209413063,0.785252896504803,0.04827849838365337,-0.023789641636086774,-0.04951306343172626,0.04574726108315195,-0.07676029390644355,0.059236282330247254,-0.6511249409903593
7529,-0.1001069456528246,-0.1350837187688031,0.04912788030166794,-0.06039913591026532,-0.6426487390895087,-0.07187788359722858,-0.18025037228933158,-0.09050404103160757,-0.2729962261967067,0.06382453944126916,0.8748111819305727
7530,0.24424496254217073,-0.06521528102499066,-0.08122929757502553,-0.04844076853078385,0.6022996081773662,0.07750831594338733,-0.030544189624822585,-0.0662411816234781,-0.15043400476305283,-0.22286726715806415,0.08751387950028211
7531,0.1630861511002272,0.13797193812253777,0.017515674685269655,0.10134641027468798,0.002070730992878608,0.20978674033279857,-0.05104223426311555,-0.10400840323020134,0.49527224871732417,0.013653986720112577,-0.04074375500763546
7532,0.08029085148278546,0.090220234835824,0.5500537758985896,-0.09107055612523506,0.06685372865179806,-0.06381681347029916,-0.16264840432891048,0.0961445764614333,0.013462057777570886,-0.026688754990091195,0.017164901812663783
7533,-0.07218696257542905,-0.025189941292601194,0.019740030942769344,0.10893109658790937,0.008532964072115883,-0.6460745971402071,-0.011047236021473273,0.026257923123048445,-0.027965206732191418,-0.027900701447302348,-0.13838149100512834
7534,0.04938251725277451,-0.0906693061257963,0.43550891317813367,-0.03262377082419746,0.16452051572040488,-0.053286940047850416,-0.13490240767211845,0.030355115917047062,-0.05620322036303451,-0.0033004461515726714,-0.07175439427555069
7535,0.231428599362707,0.6493966405214538,0.003480801174258452,0.05908931698470401,-0.01631438093328009,0.009389437836720922,-0.06224472708643207,0.011211703369822905,0.0812955283368978,-0.014865922634730912,0.0082602151874379
7536,-1.7869564079395657,0.03669327497543823,0.06275849216159615,-0.025607324097320316,0.018541701526854037,1.745023906983832,0.018549824121519492,0.13071289632291094,-0.05604303429256155,0.13386740124294377,0.04010908714572312
7537,1.8411372017836354,0.004945646521066395,0.02070061448321089,-0.04032188865826417,0.034379994484772025,-0.06155948815431379,-0.918058000650836,0.04116340208920365,0.0014070941068481137,0.028090266357660654,0.13583902827353928
7538,0.5805211423569399,-0.009560086184969976,0.05288414967715237,-0.09895294524048784,0.07446858118450984,0.11203640988344313,0.07435840258855023,-0.11064676387854587,-0.11716768675177641,-0.08023512074124346,-0.20830675068305696
7539,0.6502367946654497,0.03959265441661164,0.0931692880829699,0.008045258293683306,0.0052903844829878975,0.05382617153140785,0.025791864590989245,0.009922776633535047,-0.02901423314542688,-0.018040054451655456,-0.012377274265829599
7540,0.21189074437790661,0.025980631399359168,-0.03229462092521471,0.06178235077854925,-0.024220458063074855,-0.0651176639074505,1.2585627929483825,-0.07695154651371972,-0.18223187855210887,-0.8382522882896887,-0.06883419731983274
7541,0.14238700437742288,-0.5445999746373398,-0.1363984420374316,-0.07474769840967019,-0.026382813586408052,-0.026977264743145705,-0.025163200219358903,0.10407503711740992,-0.007527406900376241,1.0036406128960917,-0.010985165887325028
7542,-0.013033233016891665,0.9014922306499489,-0.031740772316805894,0.01171583951378322,-0.049696712677659155,-0.013777695680193177,0.002353277384426002,-0.6097524820969394,0.06996595483505365,-0.00454999960899364,-0.06925113500153232
7543,-0.2869232774374284,-0.059975278477507034,-0.08237988251515177,-0.6339981599857458,-0.13024433966445975,-0.02949195340437836,0.02409029481796362,0.8772355292156611,0.009484604111006465,-0.01960541053010258,-0.04875323967572548
7544,0.11858628659727433,-0.10517296118544321,0.09095353037936603,0.8209548467813149,0.04828809334762727,-0.011252695430168906,-0.1640198915102517,-0.03912877465817028,-0.08070571792616313,0.012236813901689247,-0.5605968935665103
7545,0.08506154162844745,0.3047655988713347,-0.07013554284579726,0.06448392783224469,-0.419011122026011,-0.0002156779308265344,0.08728750923302454,-0.09706704364675396,0.09446003512651306,0.039501159864323274,0.9357374816184227
7546,0.058264647676711356,0.0597745557430191,-0.14472150966309383,0.05344364088171537,0.5883394156803544,-0.11199570320507292,-0.012451711907221807,-0.05410057793519753,-0.3678532984633394,0.0050741562018463025,-0.017174168992881683
7547,0.008423334818668714,0.1439424889486447,-0.010017806236051613,-0.17636211510939792,0.034252654546974945,0.08096843408821629,-0.1696008596925737,0.0951757371114385,0.46282883002741515,-0.13578783810815867,-0.06397783823107164
7548,0.21696203245182838,0.20369010436630985,0.5614187990295866,0.13340766602050835,-0.08626548947773971,0.15113743443804467,0.12081537552688143,0.12371093603330724,-0.11643672144624481,0.22863421527309147,0.06040629872015877
7549,0.076402422773625,0.10327425296239565,0.017406820108937522,0.0498639355488926,0.059640950776686116,-0.7698157192281042,-0.03829578181912515,-0.010463055723942941,-0.004226361721659166,0.02959102509603197,0.007951206708405226
7550,0.29996306860889893,0.1485663518325228,0.3952212096300802,-0.043817201861149215,0.09503143661947314,0.21425871678732178,0.07268551841102588,-0.005862458841628816,0.029380969804297722,-0.04630257025925437,-0.13559358153826975
7551,-0.08639122311941892,0.7248691466832476,0.05736824670855699,-0.014529146237178344,-0.03073637347518925,0.24454770564656175,0.173217808721429,0.022433174503702472,-0.13388644570815364,0.10645050237162791,0.04087467493063575
7552,-2.155696538339993,-0.08286687245866285,0.1423130296338464,-0.08664828821281853,-0.2377279634305536,1.7016225616603147,-0.03947626595826333,0.03153826145655328,0.12700459736017555,0.05127992183797059,-0.08216847622935425
7553,1.4731036241365134,-0.03615922990512202,0.018128310769532145,0.12849783202310672,-0.025326631257446046,-0.07906920640407127,-0.8964227051319543,-0.04929418280498941,-0.013405433214239362,-0.0341029021150479,0.12799417214908415
7554,1.0824558890541147,-0.18180119039409565,0.003231888255693037,-0.10647512460459742,0.03566370243727217,-0.06105567984582792,0.01685416873257499,-0.05518594735389001,0.04909382013075772,0.01899390317611143,-0.011672960380070778
7555,0.6687657046004492,-0.06227146473709019,0.11302363360200222,0.027344363213045682,-0.027880004136803607,0.00946975354970014,0.05329459025350638,-0.04576616539825733,0.013323868072846485,-0.004746117994690992,0.0161987216492816
7556,0.11104217971932098,0.04596543504321846,0.00854911982451136,0.0405811508365023,0.030089795548110566,-0.06205284295508398,1.2304025232170583,-0.032972230981938064,-0.09763089140120919,-0.8492423582720977,-0.02250956850824045
7557,0.24544659387926077,-0.6598872097168025,-0.12322679759587138,-0.06362538794355958,-0.15179418290544364,-0.1804490846977782,-0.08612596989240627,-0.04491480027443553,-0.2778035535749202,1.013452707833726,0.01918635323375006
7558,-0.11779852856038339,0.9186088352413131,0.10055431088367514,-0.00045991965672743116,-0.0014520459828180777,0.04578985720104315,-0.07298540205505906,-0.5847549161067317,-0.007176144961417427,0.005643602296068319,0.03107445951638171
7559,0.1357367334169506,-0.1265287867547675,-0.12761231346609864,-0.4361559659896546,0.0676995138658972,0.014979989056104372,0.13915359302657296,0.8633015674808928,-0.02886228202647445,0.012060747714111985,-0.005357838695069773
7560,-0.22067081231614527,0.03749935444640618,0.026003860801979205,0.6936362728037412,-0.005590324356432253,-0.08849313269506323,0.09308529325686093,-0.06152411375470547,0.04599222063583047,-0.02319494029896702,-0.5483662835781264
7561,0.22242666990584956,-0.02115153256880029,-0.08367800959709859,-0.006537136362903,-0.3969120934423713,0.22284506248682645,0.05605985883817985,0.03799867117819106,0.013926984770782611,-0.023436681747187917,0.9134762647826955
7562,0.1712838991604084,0.048792736819882214,-0.08320707898486719,0.036801422065531136,0.605829432809059,0.10145967747867085,0.08240819289648145,0.02268452754397971,-0.3086628375081045,0.021560592343040096,-0.03560715826709369
7563,0.26440952903124765,-0.2602461178835803,-0.11808977113533388,-0.054063542701319384,0.05753866995907613,0.04608498806708589,0.18291670620882786,-0.0638384016402537,0.46935043408393595,0.23708288815875528,-0.027540908839771495
7564,0.2061220000157279,-0.012860537631749812,0.55611839690142,-0.07892163133784587,0.04127626148270874,0.03722660253771894,-0.17473313152965736,0.11153253179948083,0.08288155553431448,0.13783879378630087,0.03552417051829222
7565,0.004872549471019068,-0.030319098093072625,-0.0314965627033521,-0.03834890737234732,-0.04778981212972648,-0.621333925236376,-0.022914213543179258,0.0307187442543078,-0.028483969866354104,-0.026774053490260557,-0.020407586891406017
7566,0.06061781119566963,0.011938001462197149,0.3933698324836388,-0.10145595788300317,-0.03878461462442305,-0.030813897520023885,-0.02126635689837828,0.05837714599739425,0.002977620185996387,-0.0824036550976797,0.015064484626589311
7567,-0.09550929585353356,0.6854582270935599,0.07272783300909658,-0.01771303163917829,0.043371634161259845,0.1274808426783279,-0.11294155878952873,-0.03548782153697813,0.042893514021201735,0.02501059379809944,0.037889092007457326
7568,-1.9300779982340175,-0.035165501317066236,-0.009950209028467199,0.009369038704094376,-0.05279296966612535,1.6808532803571914,0.023494437073174862,-0.02214952552310915,0.1422539519846324,0.16392672681875764,-0.14722100392543452
7569,1.4636835510222523,0.014193394021842377,0.026067300910160202,-0.0715925781479392,-0.07840454348548678,-0.07139973257526004,-0.9316292873339936,-0.0010709985937784345,0.02638890949392726,-0.05127970756729293,-0.02280828988514792
7570,0.8512325718757333,0.06911057889711195,-0.06161896214387951,-0.0041425570686697746,-0.07105194410491891,0.13738732074301724,0.007391998339393357,-0.13918616458177677,-0.15069581421304756,0.00353889558486497,0.008926734264062762
7571,0.6697627889719644,0.0020922579360973925,0.058870355151899874,-0.02415690310281825,-0.029663181615075345,0.10989013007409365,0.05265727688269024,0.033831895501615986,-0.1276700854901,0.006155487722810516,-0.025540395983636895
7572,0.11700984652019446,-0.05514377361751832,0.22069257246516197,-0.08501282668443376,0.12127436811832064,-0.20257382124371784,1.3543190919358141,0.0746557185801773,0.032046114734719224,-0.9565439184401089,0.08328895641080467
7573,0.07032504109009428,-0.6878074537558191,-0.08465608049742125,0.06486339224026826,-0.037072688844302856,-0.04230497190471694,0.05534198424943914,-0.022398536732006216,-0.11334777182762863,1.0026743850758277,-0.06268606797248417
7574,-0.0684073163675766,0.9376555958209128,0.03649565968051334,0.04570177150611897,-0.10691551245992785,-0.09434220176025426,0.057949646215521,-0.624890693007448,-0.06309554280068289,0.08558713827885961,-0.10333161083630761
7575,-0.014989991320778382,0.04286541633802579,0.05493595257066648,-0.635342322921754,0.0335310907716289,0.04205689645303311,0.0065556843730882365,0.7873552329442121,-0.03699448271681504,-0.0006609145797295633,-0.010552177011296873
7576,-0.06302766636466033,-0.02197042996471112,-0.2250481268630549,0.7652896489635282,-0.01387402366276745,0.24239921322026717,0.12128830144224695,0.03368599697449966,-0.12115212714385812,-0.101531844982261,-0.5097952121505537
7577,-0.018849015588400034,-0.14863907741393442,-0.04496330518454616,-0.030753230553400332,-0.5419831795307437,0.006646991159470428,-0.05466350282882998,0.04280589349967939,0.13836794232401556,0.046546646314727776,0.8275753071876893
7578,-0.10838117048975673,0.08141217631088217,0.1690750911594738,-0.03853673795541046,0.6193336463670506,0.19189089366242404,-0.028471348755473646,0.025711589110275178,-0.4479334589947408,0.12057643408315136,0.04672866421947117
7579,0.08057122244716267,-0.009439040444440735,0.005130081504424122,-0.053468620545065834,-0.08806264650760826,0.024907414953868032,0.15430334939695964,0.07403747766066963,0.49212815455165254,0.04137667037063401,0.05065074719602752
7580,0.22162469905173326,0.06985780285411868,0.6341426601978479,-0.029631855275346914,0.00041099313746239576,0.05250078159769613,0.17372886507310417,-0.20535044121437204,0.07817192497033629,0.03001500103829545,0.13140992402180304
7581,-0.05022693537357773,0.1280696286302329,-0.06352685463078549,0.004243090109746142,0.1537350085457227,-0.7145663702165927,-0.019126751077079517,-0.01821620123329312,-0.2128967774011815,0.020693581762554463,0.03841244041632914
7582,-0.13209407886721547,0.027010128018670754,0.3911198585959536,-0.0005694262659571409,-0.08935384929047317,-0.023273406963955738,0.13772764392217873,-0.21398021499310246,0.059420071459635536,0.13927306071293993,-0.06778283749611476
7583,-0.020457210902791408,0.7664451819664206,0.020844362984159613,0.010157004752929782,-0.08036338606956943,0.08734246367349405,-0.0671199693652579,0.033016633297694595,-0.008208094818843156,0.04805236953777108,0.0096592661980553
7584,-1.7202320951658825,0.03761606241957538,0.09959916160803299,-0.05979332578891278,0.06725630081758063,1.6684193393221687,0.21054809898315718,-0.07281199561168339,-0.06310923531351978,-0.13050624029859537,0.24004553935390083
7585,1.4365839981890502,0.06685784272813855,0.03117830433343061,-0.08327228457503145,-0.10101802913263588,-0.11997291924193618,-1.005169477947838,-0.05462332601593492,0.0022086481084147387,0.037906286867656194,-0.11260817239688782
7586,1.0424545355983685,-0.1446343992140319,0.13483706909972804,0.02006055791390571,0.10922074379149989,-0.05820517182852898,-0.15739357927981681,0.22184358212888447,-0.20351854869075664,0.05488226396058722,0.009739786235129534
7587,0.5818462065321712,-0.013944150795090184,0.0003478792479261342,-0.024390191946350576,0.002830547508643511,0.04009358016895605,0.007725303195154216,0.02646567959857883,-0.016291087954498327,0.02879147349372843,-0.0811147612816321
7588,-0.26692376551695685,0.011232325180460663,-0.03800319001869157,0.013929079578920315,0.148980304902717,-0.24617413240459063,1.1322040429589109,0.016205898669375437,-0.031814361652074116,-0.8578308761283234,-0.08418762147350166
7589,0.16508339211799772,-0.6194343538462368,0.04373197615887292,-0.07733399340723686,0.002882550914439944,0.1886224325420373,-0.11422388643645325,-0.09997718288026007,-0.08658294844982331,1.0084181386267876,0.21742632855931585
7590,-0.20817840616469363,0.888292549898361,-0.03114794568469289,-0.06953758507711116,-0.0179322480309552,0.17356320721639432,-0.08776621582727157,-0.7191942206024232,-0.07718223254609716,0.006770292897893247,0.017908521109667407
7591,0.12574182053842492,-0.04710875952581026,0.13523090248868216,-0.5074533381993158,0.049865818460459635,-0.004478089647529557,0.09194667456374579,0.897241650759726,-0.05553517489205302,-0.13069219987475114,0.011905779894029106
7592,-0.09263171876548115,-0.03419314253974196,0.11703666249039305,0.7643724537960632,0.006923002569908583,-0.04748536426936119,-0.059233793988863755,0.020174269048745683,0.037628660618693674,-0.004967472262107416,-0.617836812640158
7593,-0.06281382292634682,-0.07950562980916345,-0.0140945712370037,-0.0249298879995998,-0.419615954178211,-0.2979346562709035,-0.20712949519639998,-0.11348830448429659,-0.03877488408335811,-0.11807916220641294,0.8556539545903424
7594,-0.10386413373078388,-0.006358329559313674,0.14788177197136376,0.07050006589342307,0.5861517076038595,0.06409487492513656,-0.10575957625424022,-0.06444502190654472,-0.222401879296485,-0.0989968605075348,0.025979745195961253
7595,-0.27961599274880694,-0.11559084150296572,-0.1232674448059198,-0.023450369521459995,-0.06678594500657277,0.2253670449976987,0.1771482177336609,-0.0691443822486229,0.4728019329289263,0.05023586286806907,-0.07438723462180381
7596,-0.022387260585143925,-0.157494283739974,0.5336423964710985,0.0006399454960414989,-0.09898767004925314,0.019453002037881577,0.10173310409668486,0.17854295612232443,-0.07791913088965269,0.14167341378106396,-0.10458014432515807
7597,0.017282238446943446,0.06672594798956318,0.13927071907686328,-0.01700949515016986,0.0225565052581211,-0.6515737182635295,-0.0726477560803016,0.021426348110807236,0.047191106096253405,-0.03232399109483959,0.03747223543210899
7598,-0.15951326670937366,-0.1592701428926905,0.42006588701062314,0.15651548685731034,-0.07931205112774284,0.030745647194345263,0.015404387060901737,-0.0314913092729429,0.004268890633180624,0.009480778862657985,-0.034915889558071886
7599,0.15963273165492142,0.6249108684752407,-0.03811239488976071,0.0457933830924725,-0.07861764285899206,0.03633942372603172,0.03423997697926474,-0.028620144380633924,0.014324470849742837,-0.12170483191297209,0.025198447837450906
7600,-1.917401862199942,-0.018209090582077272,0.00570489186792956,0.02044632698221365,0.08926523795615052,1.746153729940434,-0.03953388979491748,-0.09506671040709212,-0.019703520623568126,-0.07105407274221999,-0.21555970150958934
7601,1.5306261568105046,0.03375599158518359,0.05671332378296852,-0.07236625272375344,-0.0887695152275231,-0.07517804072900935,-0.964643539145905,0.1323203322593565,-0.01792434200563833,0.12274099738788222,0.05592041695640177
7602,0.8496039428807658,-0.226023001278407,-0.07978042256002907,-0.06544639702101987,-0.004208406008815863,0.013224200033522471,-0.019367554630662236,-0.1537059959551826,0.03155501164600372,0.015472141571195353,-0.01141704408586274
7603,0.6014106154690747,0.03347663327544786,0.03374685006284934,-0.07605867959749632,-0.01671973066313506,0.10249614120008865,0.0027834435371752756,-0.03219761236465282,-0.1101661898856812,-0.01100027025713659,-0.03951844068759349
7604,0.3001853427341425,0.03314936633454118,-0.07580967748494614,-0.03643498109155056,-0.00941343165363863,-0.09381834387145568,1.1332136938414432,-0.004892465752100037,-0.010496483719536879,-0.9373119127088815,-0.11074188176287154
7605,0.0817049425588511,-0.6620313840260734,0.02822226052984364,-0.004028080718617596,0.038045119360660684,-0.27031204766409134,0.1107768142361617,0.00028598045211914504,-0.06110846493036849,0.9340523677736765,-0.01381654006125816
7606,0.019616853062253786,0.869305661289687,0.08128579331129243,-0.06879323601807713,-0.03005718928838977,-0.05153307312766202,-0.11792881825719423,-0.6168466778843815,-0.022390545196547915,0.06401719311187958,-0.02004460216652671
7607,0.049910194828097436,-0.03323490320953943,0.0686037881647542,-0.5514581752061628,-0.18935722287969955,-0.06928322090482314,-0.004965690039488232,0.7882396805183675,-0.006448344058798274,0.023526929550884906,0.05498727287803636
7608,-0.16685027104153463,0.023030515623918075,-0.004810290393947704,0.7819544277302716,0.03616493823711002,0.028095040635694034,-0.0515804517255124,-0.034492944510421404,-0.040528907183040724,0.08479323371459287,-0.5640641297272623
7609,-0.07653153500795135,-0.02115579394586813,-0.005898707902007823,-0.052829693399263446,-0.550216792625588,-0.10268824260697483,-0.05932748544969953,-0.0861984889512546,-0.07087026191931671,0.26810120206192567,0.8706102583323143
7610,-0.1057129479126609,0.0814821143319671,-0.02987181959447184,0.12339076596409927,0.5811595414801987,-0.2315243249367518,-0.08376803247451685,-0.03566011593004556,-0.19523182745977322,-0.037164195038584716,0.065650674259913
7611,-0.07609338780899053,0.10580677774329422,-0.0292783223776608,0.19691552146031563,0.054874205894483614,0.031140551986815954,0.17970422268838776,-0.13113349476410077,0.5013043875976736,-0.03242662163827327,-0.18381496293054891
7612,0.023116194946744946,0.12312090173739317,0.6170751079047786,-0.10093677954043705,0.05346741919291299,-0.08213240968474589,-0.21566394231605046,0.05699170014266569,0.0854185213517478,-0.05279541181337636,0.02726876626412796
7613,-0.0419469290506329,-0.031595547336684966,-0.09173794337727409,-0.023899683747725206,0.07086221105862683,-0.66957950320914,-0.02201186471351279,-0.0836068948324222,0.05560637412303147,-0.01974902752145048,-0.14405573090209153
7614,0.35048643348177333,-0.0479301290312551,0.39293238185700724,0.13380365193387325,0.059585328734486055,-0.051479735814688794,-0.06235965940328452,0.0955703204774701,0.1323324681725954,-0.0865490630400885,0.03306774127517577
7615,0.24033827418466644,0.6659191064917585,0.011417674088599731,0.020211103607992817,-0.0050059877095720694,0.21038252752401415,-0.15126760986638405,-0.02897012908918215,-0.023082051474331764,-0.02039128845110144,-0.021383668178764758
7616,-1.9366247698458223,-0.033504075035234025,-0.033705763747963136,0.09845029305006774,-0.058397470394482114,1.7928357447814705,0.09937035631722217,0.08920016021418697,0.011300762815589617,-0.028875348093397757,-0.12132856284432028
7617,1.4513435121276206,-0.014460506132177468,-0.037863659367107366,0.08988038328874601,0.16389523859615374,-0.19382391841196436,-0.9474015094925199,0.009644705379915726,0.020430391212586545,0.07351573279447912,-0.039488730527335536
7618,0.8114720151182182,-0.001757129129177395,0.021969711268818394,0.03365513086503741,0.049049832044057516,-0.027161829716649294,-0.04520346548877414,0.020995991503087647,-0.00022425153861082778,0.026481247736834773,0.17458036711030872
7619,0.5817390174391011,0.018884499456128266,-0.014730880614602138,0.06561752799718956,-0.014562454612893492,0.095462211473982,0.0027235474569880314,0.0014362547119533076,-0.0015588169600001334,0.04065703548482389,0.006897614265958997
7620,-0.0695007689254449,0.05461930369773679,-0.05620414646978295,0.07193439247461775,0.16438765405376357,0.12556216227840286,1.5405505115378682,-0.03497637773247407,-0.07677746682649511,-0.9967354354210212,0.06291675690368555
7621,0.29603480571550017,-0.6519935550981865,0.18114197061436968,-0.007760538484861211,0.07869497344186405,-0.033558652757074814,-0.09778420955983627,0.024905550749383592,-0.13831625704655237,1.0113303252009742,0.07795019915774343
7622,0.01995521873667919,0.9374934730093781,0.13367107459867306,-0.00763596825233437,0.06148665069987919,-0.02012338503812279,0.12222271408171678,-0.7013074395504424,0.06430944859097462,-0.04276296356358354,0.06015706269784084
7623,-0.18982742041032943,0.10213538397782701,-0.011734302519453578,-0.6274800824482933,0.08481474834112603,-0.1749742846771648,0.1407517864179538,0.9577371717940837,0.06500073136429245,-0.01521506392941795,-0.0504913404750072
7624,-0.07005988649256502,0.000950959893818824,0.068726502231082,0.8147400972960426,-0.07253057012736107,-0.02699505078116856,-0.06417782902762137,0.022915950459862573,-0.16569486123106872,0.16962302682112287,-0.5936807504090866
7625,0.07878473221784354,0.13711544558874894,0.06032620837248324,-0.01800317554365118,-0.3960340193583754,0.1147834184930597,-0.03770903976900038,-0.038875428316346855,0.04881883107724202,0.028226019972137535,0.8754895343073356
7626,-0.18734912812305451,-0.013234538231014292,0.03713586746083834,-0.044253771678772764,0.612146026753833,-0.05313998655452161,-0.07116368670927457,-0.06258585275005404,-0.22638114072301077,0.05567658984672062,0.01429217803651402
7627,0.07857388656937114,-0.09486711114018523,-0.13648577735045986,0.13390220738301936,0.027903279831770635,0.00328403134552656,0.009969181389185773,0.031227246524415386,0.5091747308260465,-0.01263295237815621,0.12889934432048633
7628,-0.10909633248041764,0.00949839835677604,0.6234027004160979,-0.1204431196559925,-0.0010496902851885592,0.04197386645410655,0.11524002617158005,0.1661523107518959,0.10846871876392458,0.022285284442228215,0.18977309399665324
7629,0.07289093864603259,-0.02343053638939285,0.16391547353575012,0.10314918312906993,0.08180092979217553,-0.6706605027990633,-0.052111256107917614,-0.004324513087533788,0.10428821461630196,-0.08020554779672899,0.01061830683250995
7630,0.23918680351360536,-0.11689735213983532,0.4586040472527491,0.08067307233949174,-0.06843252683287494,-0.08378722190584932,-0.1530745664170586,-0.058883914607192486,-0.0032078062975136904,0.06921242058318691,0.02136790744033277
7631,-0.002193986871311577,0.6877551256113046,0.01575909753599821,-0.013090885239346595,-0.04326736493335845,0.06659425746296878,0.20013530894322157,0.0793747088090076,0.05148823592949517,-0.013496742624559516,0.019767190567047295
7632,-2.01746706937163,-0.052118683737725956,-0.002739854372054649,-0.00029937475367731396,0.0009211953541971873,1.9294224143772971,-0.03103889168358336,0.03028838156237104,0.17918287813971154,-0.03536798001204878,-0.007405152385281853
7633,1.5099162945064994,0.023311426645053878,0.06732441926333453,0.05591989727180784,0.05651095520014901,-0.102834860270225,-1.1192419702714353,0.0007912692546141551,-0.021100523091606645,0.043407495172284254,0.022107585411170923
7634,0.5656971067792491,-0.0781707267896885,-0.10804206406536042,-0.14986090584119613,-0.07164244950242332,0.06739621183845446,-0.11235201163215547,-0.12005266973228548,-0.08753420181957733,-0.061177324663844374,-0.026012337960450188
7635,0.5943559328214172,0.044163571819147096,-0.01158823242079465,0.01898707042630837,0.010234446698075564,-0.06427948307176566,-0.0566133981818349,-0.02952085728315037,0.010069078985666346,-0.03563966002054115,-0.025652621284049156
7636,-0.013537048966660118,0.03561709261362236,-0.04860600720570044,-0.09610975966412985,0.14591939732235615,-0.05050129323743216,1.482784750884849,-0.12130880558341725,-0.06831916812978399,-0.9022347544324412,-0.05953757212015123
7637,0.0525621502662881,-0.797572974185961,0.1465525037042776,0.10706769875308063,0.13786136311990124,-0.07800838751863653,-0.17210493329863336,-0.12154099798905439,-0.02595418113049171,1.0176035643553532,0.053962439583029195
7638,-0.12059869676565531,0.9575095066559411,-0.06276378670063779,-0.01212556852377462,-0.0420382583910676,-0.008766889169542649,0.054742913709927774,-0.5563608114366883,0.060875390453632855,0.1414391670507184,-0.07004633961396654
7639,-0.17977091590712108,0.020190870978304035,-0.03356111708747977,-0.4044293541348967,0.02442955145210781,-0.14087109044169388,-0.03451034091589055,0.9178614330305351,-0.06064927398185095,0.05710337435680488,0.02205370713075608
7640,0.023981753844078642,-0.17615600472565174,-0.09040476682850565,0.7566954007755321,0.1402977560335859,-0.060506230503794854,0.22952643740337644,0.032743822495602766,-0.02355581395995369,-0.0784445721130827,-0.4701454058069514
7641,0.09773183509090858,0.035350866413205326,-0.11307769964600764,-0.0051181408262539006,-0.665407734327305,-0.03234589627648852,0.10176765039790567,0.05796990370009466,-0.08783942524351653,-0.03952900453214604,0.887721756657319
7642,-0.03571110087007269,0.07932215031970395,-0.06979506879938807,-0.054429400304106416,0.6398388962441333,-0.12189240334021911,0.04539429847653352,0.009070651388504743,-0.2075387761883806,-0.12196500706201091,0.05263671774485864
7643,0.002980787434509926,-0.013819491228345682,-0.21150463327092103,0.15181620776621488,0.08480452379005768,-0.01470655459849847,-0.08715412788811056,0.12418995514626728,0.45761844559207754,-0.127137012461867,0.1356462138986853
7644,-0.17887200478226167,-0.056532508107344885,0.6636095174831985,-0.05894725129334971,0.06852128038307508,0.09667855318693212,0.12399849950641142,0.10105425953910598,-0.002797768897977986,0.012667165289359402,-0.03123642301939067
7645,0.1424309546564291,0.07794016899507801,0.1368686816370452,-0.11239311521101214,0.07912325622602363,-0.6768381101450359,0.030466335703040352,-0.02216671068656878,-0.10416197172033125,-0.004861265573407126,-0.051677591063397706
7646,-0.0684111671322405,-0.0628173443162176,0.42777818782586796,-0.15620850980054923,-0.008877590474250914,0.1541424609974382,-0.07726905071865081,0.13316682973461266,0.01699296421221656,0.07330444207660713,0.1775181754486604
7647,-0.14720934822813303,0.6833331319479664,-0.1198948266693695,-0.007580718507217869,0.009985959229203836,-0.14688373395589738,-0.05648130471203104,0.013580886166245124,0.1355902841196176,0.04588304421781298,-0.02534748802617981
7648,-1.8648299649732918,-0.00432132877242505,0.00607909206827451,-0.15708110902841424,0.02096559489157082,1.7805268641951981,-0.011121873334005362,-0.1969518265006869,-0.028984228290500742,-0.01924584363709727,-0.0395772169021344
7649,1.441556304704215,-0.01665064924562404,-0.004909283662570608,-0.14104275647215905,-0.12146870499845044,0.21472281052298997,-1.007914701616837,-0.053193237045865836,0.065510799248026,-0.054471811760939085,0.0029829150377862464
7650,0.9630557381277727,0.014183456841789269,-0.06375264481128452,-0.2048854166467697,0.04443291674539629,0.0873968909210048,-0.12986843335147452,0.017370525971618693,-0.012168928602533189,-0.06803916819781063,-0.011658703984659072
7651,0.5508708716586708,0.017596572718835482,0.002822310017958545,0.04204025692016522,0.015348974268254028,0.09708774476092483,0.005656594398255987,-0.048673033135417106,-0.008648688730938547,-0.00524289005002728,-0.020032289206310654
7652,0.00700598152530423,0.027531009413408948,0.0698722178684191,0.02460870054862716,-0.07263653580160427,0.052819352930846324,1.3153594589820485,0.04034816458849682,0.0026545040149947006,-0.986118241360673,0.171284249528323
7653,-0.0032458991480065666,-0.7764558908740352,-0.04627552526029478,-0.043476270375183076,-0.10753170171486306,-0.08523271713047814,-0.03197113167598757,-0.04407337862734086,0.0964253467054607,1.063955526525857,0.07693160954305879
7654,-0.005267059672909597,0.8755968226010057,0.007102641543751644,-0.04039129100259364,0.01824888132640029,-0.03679595352470409,0.15483487575863578,-0.6018848066186787,0.025242315178077655,0.02887324366492655,-0.013360612468288284
7655,-0.1643775411110297,-0.02909544279320875,-0.007979902159681244,-0.5869609732255144,0.10351250570347441,0.21893964125414114,0.043200183287185306,0.7870059510340761,-0.06984439905886959,-0.03413546093615788,-0.05066350461255241
7656,0.1232115992194987,0.05722560812098679,0.07849326903744908,0.7482774079167354,0.004952488275242345,-0.18895756637475106,0.13314048028574946,0.04329932481163088,0.09809141546800187,0.04998424740587932,-0.3290586292476281
7657,0.29049001489616877,0.09542699762800494,-0.042443117601522175,0.04682001888948987,-0.619884739444643,0.06568263915334452,-0.1126040797630594,-0.13250457985523703,0.17011993867640482,-0.057244705073763606,0.8982519371882782
7658,-0.1627943766261127,-0.0023010903805008196,0.10802450147621186,-0.12930907877238496,0.6176201992761412,0.0708177650936531,0.03386977531755724,0.11630017340241933,-0.1539715621155551,-0.05348850551184668,0.019424073931607493
7659,-0.05844032576701172,-0.0537520285044276,0.0028573405544705804,0.018811138526136875,-0.03583494808157446,-0.07842620557762178,0.11147791966437072,0.05235407082888366,0.4893674072177004,0.1739348278617938,-0.024597711060513092
7660,-0.049692191746092566,0.06438888160440805,0.6718774336734886,0.13046791828218243,-0.029530830878919553,-0.044454358198115856,0.2152535897393219,-0.07416693324417126,0.029650576818937867,-0.12224939401997319,0.19384545151023932
7661,0.081352829566736,-0.09142610109601182,-0.022670322410296533,-0.010925269516899351,0.055832301338961006,-0.6304953794304069,-0.014060872432452041,0.033627651969664774,-0.009680565148479137,-0.05429043575372873,-0.0685355317847047
7662,-0.023195023160333932,0.17680931969297642,0.42618631336367274,0.07836188591540208,0.10124760476353548,0.1417882397140869,0.10667988244348502,-0.043962280125916096,-0.07302737492592452,-0.014107814860583512,-0.08078196964181689
7663,-0.17136647996910634,0.5930123941623593,-0.10776920386524855,-0.00861695418543255,-0.044208753591358424,0.07873380990100912,0.025283496550505706,0.010511181290730571,0.002804536359288426,-0.02268275531021236,0.02757662069260226
7664,-1.6511790607068995,-0.1347383090630426,0.10726963598599955,0.26234275730056733,0.08667032945741505,1.6406305669521764,-0.02591347893566983,-0.05775107959179169,-0.13460229669883617,-0.018913354126593535,0.019232057052011316
7665,1.4837921453217386,-0.0023035399926518646,0.06594338235977379,-0.00554005025268261,0.002321642281667693,0.13089979585961645,-1.000277151871419,-0.05931607293834784,-0.059379681958699915,0.044921717893102335,-0.03467270844276062
7666,0.9733323554714666,0.06200661679858873,-0.040594969599279794,-0.050611277320924186,0.01600060375428431,-0.06954738387490011,-0.07999001141585847,-0.0016638878542958894,0.06973504208116883,-0.1465061271387929,0.10004694461453163
7667,0.653136146379067,0.019139043454625693,-0.06417436307433942,0.014624788704282927,0.038332694290148496,0.060617075776807944,-0.004904477090041145,0.027425538193684137,-0.027609586683602937,-0.04555436559931004,-0.04654159449511397
7668,0.03426260098398797,0.02627059696071178,-0.10756659249549805,-0.00015899932744788473,-0.01232870685677775,0.07283372425543577,1.348292087295222,0.17521614464180324,-0.00016069586004493217,-1.1225022869755248,-0.022655313272657317
7669,-0.021192898411367764,-0.6255414638967735,-0.07455096730511968,0.04226698223148124,0.019574228351212884,-0.050422447121843086,0.003184732055181377,0.1000041887581508,-0.17487608619987666,0.9711961785304949,-0.002555020677978391
7670,-0.011275576289999667,1.0693426636824772,-0.025506837507754267,-0.02724400179851687,0.04299781762274202,0.023151376479564147,0.10926082079895671,-0.6084140406024179,0.12784166853793036,-0.0011001352601885768,-0.02397964655770884
7671,-0.018001712247539586,0.05317489686328175,-0.11112867142327629,-0.5301869989634409,-0.03481852961774612,-0.15991941256142103,0.058810264508103616,0.9158796544323491,-0.049224204376763225,0.14478626946764506,-0.10581288409880199
7672,0.1648665237190291,-0.00399653140858588,-0.18302275909383997,0.7865258127609279,0.06569499644325744,-0.05232854137091966,-0.01974569243206624,0.0109168999203657,-0.005534030241614683,0.006723154081945248,-0.5353968310618926
7673,0.12360979247178436,0.09285760300021909,0.06997842886253919,-0.009052068774557456,-0.3652382976076718,-0.13757071189598705,-0.16249169004277775,-0.031138865893621335,0.10835539744219125,0.0009062643514637795,0.9116260191316343
7674,0.21758506535513564,0.26413861144935674,-0.10563696381750351,0.054300869989345746,0.6373923374986635,0.1464681648783422,0.19976999520201244,-0.022307273635888792,-0.23554274011464799,0.0074275164519317285,0.08157572137652247
7675,-0.013465496080813703,0.045294770823101495,0.00967777921807396,0.081762137143497,0.024225621874414502,0.06057402464839323,0.018203445788701762,0.05276114889031512,0.46439450669477533,-0.0021265046534852663,-0.0700742853287706
7676,-0.04530394812401737,-0.04729564123745232,0.5977075490175439,-0.09518258415386313,-0.14034793071076043,-0.1660817840210618,-0.01191418849926485,-0.240677338360899,-0.04073848939625182,0.1280571450468876,0.1599581491984505
7677,-0.03949523940484249,-0.05533453175160589,0.08392444912299764,-0.04300985562160057,0.12457173914321909,-0.6997924690539922,0.053244934792826125,-0.07265608882784841,0.021095099514709156,-0.020900668730730494,-0.045970075191287076
7678,0.14540753601637652,0.05862085785882822,0.40883654194466296,-0.1114695260780855,-0.02885192582775867,-0.011089028563949386,0.14335242318832386,-0.05702202491426381,0.002489692670963492,0.06463290990840474,-0.045834980445299475
7679,-0.06678280890158282,0.6504745408141331,0.10302806819295057,-0.007551470120391594,0.011061407910051873,-0.044965068234278024,0.09471643629355908,-0.004263221145813631,0.0327265124754732,-0.0814393443641882,0.06345234454340772
7680,-1.7481263021855566,0.027695167234710272,-0.2205133570932989,-0.09163725865587302,-0.006299133807552241,1.8750485536062351,0.04420091210465373,-0.15488406392963766,-0.08302980873530136,0.11607182563628701,0.08607413816819351
7681,1.261994173592767,-0.062361204113803505,0.17572097918429128,0.04223881963501502,-0.024128270900485374,-0.020232028969581546,-0.9394034574567388,0.0018494305648421054,-0.19106964646149546,-0.00984135265673509,0.0029909588730814467
7682,0.7252159256377536,-0.023356932201968123,-0.04718752666554283,-0.122150871139386,0.0734845236148496,0.22179083496158725,-0.06610809287578363,-0.06954524100570823,0.11545606682998384,0.15324488515651263,0.023040933126398884
7683,0.6079462143792193,-0.017508581878320134,-0.04933634575862272,-0.05393669439259533,-0.03027752955559528,0.12443414039899571,0.058430959882941856,0.041910795564012567,-0.05601354726051762,0.03980142328215378,0.025512071908532934
7684,-0.0963830206638056,0.016603854192888214,-0.03249286972097712,-0.09835221008668997,-0.12684068120771788,-0.05911493832799509,1.3998549382034717,0.03801411430884454,0.09458310358647526,-1.0673416166234015,0.06689621090395755
7685,0.05454386236987949,-0.6262037868224894,0.07431438203191362,0.1876126730603205,0.0007508478061469632,-0.15549676211097593,-0.0385157535979716,0.018855328527017354,0.13189744308782578,0.9484396456026096,0.017615534881837216
7686,-0.18864828415494925,0.9414394026153357,-0.1707859766191248,-0.0038070354364409626,0.0008326588361652135,0.0939911203466633,0.09895155163142416,-0.647981834633686,-0.07268617686184145,0.1264101983758344,-0.06330474031943739
7687,-0.06260635247128636,-0.1213704749961287,0.05005752603201789,-0.5822203051826668,-0.04661983301137147,-0.07929234868077467,0.09489971030561277,0.8468497752245568,-0.15545080518719803,0.03552824120566643,-0.05219631372986233
7688,0.08796960732033986,-0.11873329320437152,0.08545250739305536,0.769896133501745,-0.07970508316004063,0.17257782907926764,-0.05591483855384507,-0.005734266575273692,-0.0213464777814149,0.05389502940640768,-0.42347997555064415
7689,0.23019991708545434,-0.07259957829045635,-0.11981108251115113,0.012943533955602765,-0.3877395812894195,-0.06078308693405591,-0.0036174655370521643,0.03110962694657072,-0.03634515318279796,-0.19039334542615372,0.9406147913003465
7690,-0.03689799908492598,-0.0019404945666101608,-0.1100693318349375,-0.049553681690940925,0.6073972847013349,0.06695828059187807,-0.10305925781205685,0.03214036225417724,-0.09358927086526198,0.11125902996208963,-0.04828126837529923
7691,-0.09017120022667666,0.0068922769530426215,0.06821701586695407,-0.14531358883985077,0.05176963108106458,0.06124230526330363,-0.04331377829576672,-0.0001799619693853352,0.5098424948608807,-0.14552562111512166,0.08610856066564451
7692,-0.14176265629698753,-0.06506929353737297,0.608793791259839,-0.025656881045050744,-0.037148900723465314,0.2336858957177349,-0.1083389207920169,-0.046308320120247985,-0.005851975391290454,0.02783912468000582,0.03304396784972492
7693,0.006299117603783172,-0.030881750796714676,-0.13434136397955082,0.021675141677279002,-0.08089608994581798,-0.7213951588103601,0.029315698076607256,-0.01314963378918811,-0.010609903188390026,0.051202914232326494,0.06509080541522755
7694,-0.11142148165036755,-0.04449235886054985,0.4504004591656463,-0.08488112230551721,0.011287763772888494,-0.06829950133413966,-0.11581617113797914,-0.03930431427464595,0.031066721431957007,0.07495891931368931,-0.06307512949661918
7695,0.09547288089445757,0.7833543239147099,-0.06521332617194765,0.013731666498257291,-0.08075248212375638,-0.04504660315298285,0.04045721429170621,-0.0049031899827317125,-0.06855890353978003,0.1451842370976001,-0.013578641274197615
7696,-2.2292638161821507,0.1442575255757722,-0.06379736801910521,0.009815386483029986,0.17036705474822497,1.5426465086994914,-0.003970314514573866,0.16510455918647654,-0.10423779285555859,0.08711492449419987,0.07780032902554579
7697,1.2191181485472753,-0.01766592917408023,0.11351014312035239,0.011639859924495413,-0.00021080330165093586,0.007672873742305318,-0.9581112380382998,-0.009786472389501946,-0.07752457730136096,0.0915121464405885,-0.039142068254445016
7698,1.0728256400530534,-0.04516026999972516,-0.013538528611191765,0.04562447728652298,0.09852241182881177,0.21095665083190013,0.14675802639056323,-0.15583383044488244,-0.06440362743992468,-0.03659469617098086,-0.11422409450739283
7699,0.6600439512453228,-0.016729674240796633,0.00753979495998442,-0.03914045803436172,0.018031389967832653,0.04148175230595059,0.029605707754680383,-0.011282127360936032,0.10879832063293035,-0.010191552222678072,0.02513797618261474
7700,-0.1686855440062162,-0.12237644121534196,0.040753305901633265,0.14577064563909722,0.02186970073702511,0.03005272140053577,1.5132023836194837,0.08743478854546591,0.01715624114956639,-0.7919875557835665,-0.05706671560880004
7701,-0.05907457715959599,-0.6053473907149403,-0.03720138153285922,0.04867623954213853,0.018686741187186474,0.07731540221826673,-0.0016766561422756256,-0.06128971426415998,-0.11244300323664828,1.0153248008023188,0.009837615243780032
7702,-0.13112043059884856,0.9499702063048315,0.005577581815965495,0.04019597090272395,-0.09164683409444763,0.07759891236955652,-0.024062447656411967,-0.5791476725075231,-0.044596339738212046,-0.1196463644345634,-0.07503860661659455
7703,-0.10712180730763382,-0.10759957230444644,0.1279921095497654,-0.46647757793881467,0.13962931426100442,0.06496299848777914,-0.15989547969423254,0.8502994084613396,0.02285423698895705,0.09576468930932214,-0.047554199449370886
7704,0.044998828733103444,-0.01587733729990196,-0.06403078422202026,0.793167251841666,-0.0766119113082452,-0.2197181021028337,0.007235463141230773,0.03946827351314675,-0.0009251612273590473,0.09256672030962367,-0.42010911520952726
7705,0.06568558906017795,0.015274950071854615,-0.06321903212986704,-0.06513922651187154,-0.6781322853301556,0.12890596736534776,0.07136455090419541,0.003136188841201028,0.23446014317937416,0.015919476143298677,0.8602730508491563
7706,-0.04055232165610815,-0.04623267485812044,-0.03448284278831863,0.015989846006710662,0.6151759998370172,-0.2195162853087784,0.06244056725628252,0.02758646003240415,-0.18171663595434856,-0.06751315300487942,0.04410598312120916
7707,-0.15184706276949989,-0.1137101161525346,-0.1957712381899073,0.06672485325729953,-0.06583838043844824,0.05269997703742487,0.15362514674419891,0.039311731375994696,0.5151268569873345,-0.11277926255164532,-0.02457543048541664
7708,0.19061613723357526,-0.02134582940555798,0.6161473371450235,0.16439621493210516,0.061996609462058636,0.08348871609791432,0.11280986971241373,0.024742049684953676,-0.05470209172108408,-0.01799645930835675,-0.05569594666153949
7709,-0.07870584734119122,0.032516380201126384,-0.07642167629269736,0.03886163760395009,-0.06134052334050539,-0.6271291275677775,-0.11250268176649485,0.06152960742085568,-0.037306048816460165,0.017217599899214064,-0.028471498225329177
7710,-0.09123878513346227,-0.1940391136382256,0.431233234547204,-0.010797586686818133,0.02099600207335226,-0.15435014531862,0.0043728978407028395,0.010632663369965616,-0.010225555545974213,0.07790340334384828,-0.11931906763905366
7711,0.0346802219522334,0.6490606725052268,-0.06883026790806124,-0.02912026504645891,0.04253967865097434,-0.05726731488222517,0.07065582602950447,-0.008059075226905257,0.006893224639646132,-0.028466909942287892,0.04109153541793591
7712,-1.8113462672761311,-0.10292310202704383,-0.10004957576591643,0.133241396445772,-0.05333591218357694,1.8110840005779072,0.16216639107104572,-0.11259017937319667,-0.06259907196787447,-0.17518630908344243,-0.12422621417598545
7713,1.4247430916451058,-0.08990011859329844,-0.03365386306604126,-0.010340720432444658,0.045461919094391436,-0.14980388790384208,-0.9762375566240228,-0.027858340792495384,-0.011350774191590966,-0.02306701246181247,0.05231904362130911
7714,0.8387709083040601,0.2124372907218371,0.1161983947028619,0.04555321892196981,-0.04853970319055396,-0.02667973130092556,-0.022300851405823902,-0.037002063526711884,0.015591007246869397,0.06339353955039824,-0.08429699093762999
7715,0.6150562575608178,0.0035467133794562095,0.05485065822628679,0.03017401494159591,0.0032798893764315025,0.07039868284529173,-0.03651835320939471,0.05103927585285488,-0.0028303261797393087,0.03895022760753025,0.04203141816897045
7716,0.0191902423825398,-0.05712078534560177,-0.004354220488546934,0.024536303545850832,-0.0016883320349945722,-0.1780775256856954,1.3059438600798636,-0.024017956244283278,0.05514669867198091,-0.8422590641889405,-0.04842634158006415
7717,-0.14131862757692068,-0.6261212447399661,-0.04540228409240639,0.030907941188614882,0.03987048249403231,-0.12006013429919893,0.17811345952488777,-0.03728718036934265,0.21131785606935466,0.931106016904034,-0.06689327098340776
7718,0.042875035264045715,0.8484520276153218,0.010291733185870056,-0.02596979631184523,-0.05077570503469805,-0.1374570854502358,0.09466630313632791,-0.5964939565827928,0.029229144014295706,-0.017538521917275958,0.01828847228624337
7719,-0.232074851152675,-0.06493560350676804,0.08298843909217538,-0.5698698181665411,0.10873661435977697,0.05221319242872167,0.08113051034769103,0.8614343296461806,-0.03660527513684358,0.020598195790407683,-0.014001901372849894
7720,-0.15935801009650968,0.09703005070382266,-0.01831641950727365,0.7809884608136092,0.046591450367903915,-0.07106668174179955,-0.032472648102636774,-0.01405142773118393,-0.13106745747509185,0.07842430893087185,-0.360127002571848
7721,0.03907272311566831,-0.32505989406197605,0.22128585081776364,-0.01126223244943046,-0.39187957832572073,0.08140809577305126,0.1200716371554277,-0.0861862320216151,-0.06522928237641189,0.09092110332010346,0.8981861433585988
7722,0.009663872360806887,0.06806828832929812,0.12414242258645818,-0.051189889572635004,0.5662381335521323,-0.05080523117569208,0.1442631561461731,0.13840301557348098,-0.46904349559594927,0.1394114290514511,0.02203925516260078
7723,0.047587094416620034,0.2026921137236617,0.07678135373778104,0.06963584540888489,0.027197748881297414,-0.05202677106450908,-0.17437422076667813,-0.13604633961077534,0.49941272864910746,0.2195378764243505,0.07461603775757586
7724,-0.06273691647338299,-0.10190387777946576,0.6736940644595595,-0.03798156884301307,0.032082749005327996,0.11570450346237403,0.15866248930182894,0.027686940434810473,0.05423737405621711,-0.024269280535320865,0.07475687838477528
7725,-0.01690584563852212,-0.05710927044073589,0.11163475619266916,-0.068253694653278,-0.061819686528710845,-0.6419726717723659,-0.07394941509389828,-0.005076339919087897,-0.0020681278806467464,-0.0904128747662971,-0.1497502108860177
7726,-0.07463419213729486,-0.008054056880828527,0.46726810960117887,0.05331512421358241,0.17579275086359197,0.1606615742162321,0.047972022091396914,-0.015596632437444125,0.07208072127641987,0.196240840248231,-0.059912279966201326
7727,0.2811542801988105,0.7270939294390142,-0.1012991261338086,0.009455437955098801,-0.039811125279899454,0.17862723522858615,0.03473547120471132,0.03418613009630572,-0.04612463243298622,0.029846607552518813,0.03313350493159911
7728,-1.8022483250577177,-0.03975785725433966,-0.08213179822100371,0.05147502980736662,-0.011203080556093158,1.874131720298006,0.010215406518415234,0.07731498315580554,-0.04347547769340854,-0.03758682613810126,0.1236461327281985
7729,1.1827876135487692,0.05467398792275321,0.029951534782241003,0.06526358985165459,-0.024341686677024767,-0.0455130349622176,-0.8754180088485422,0.07285913153074608,0.0356336257144819,-0.02501032866148774,-0.07248476247203756
7730,0.7819376146162543,0.021819715467547122,-0.0026802952076643623,-0.05421133034293277,-0.07256183501345094,0.14826908172933534,-0.05202057803703629,-0.014391354719963886,0.10941500596899004,0.013833057295129726,-0.021401926774650373
7731,0.6117807330449067,0.032245984047732365,0.026466675133320645,0.006184682304207227,-0.048088363053192466,0.036373747588791035,0.009952618724630585,-0.001605741077835642,-0.02021951098213135,-0.00854497881500399,-0.013560706957232257
7732,-0.07372725194756279,0.055281251774294625,-0.002834259880407756,-0.04636228194832153,0.13038520898557954,0.025386301749748645,1.4314621616354883,0.010509665943298234,0.10561198548845316,-0.9927823266607433,-0.03884544749301044
7733,-0.22481625962032512,-0.6148174208537237,0.04634340891493567,-0.06073773414983005,0.06436682712051622,-0.09571988994409991,-0.0002993659296896961,-0.09090649890770312,-0.012805251353562173,0.9679953327614893,-0.019799932087466308
7734,0.06589082093846972,0.8904051012038285,0.03208865680835882,0.013395342388528832,0.039805095413873406,-0.17155901097648324,0.0014174498726465222,-0.6342482666563984,0.16334449219366706,0.1883907788332401,0.022387363522323938
7735,0.05224058958073548,-0.09275522899089036,0.22645820145943674,-0.5558372155224215,-0.054307429129116236,-0.1713790115741087,0.0018471519582805164,0.759516834860858,0.08811459513515882,0.07802242938491458,-0.05999718411351569
7736,-0.11125710031108023,0.04199426659842746,0.0930452461034663,0.7590562064363136,0.1601419612782925,0.1859126853723377,0.09130226822255685,0.017393307100691154,-0.09752906452602454,0.01047719301384197,-0.5136814882909394
7737,0.0497123652483147,0.0882802084564188,0.11715342113873478,0.09235075018993652,-0.6175888482920036,0.009068616502095506,0.03869493987947352,0.03464707849673301,-0.1292752033756931,-0.03231864088979439,0.8795040480820941
7738,0.09205362939936226,0.011359094063147503,0.0101211789712899,-0.027608155684256192,0.6033583412238982,0.0998837694872255,0.12530665394467366,0.062192252503460076,-0.30324247874570015,-0.14370224074400068,-0.029970184384367785
7739,-0.10140946045139752,-0.03674492027016743,-0.20097148243195423,0.01692817144019961,-0.06027870618186414,0.054163134342764076,0.18111760298664067,0.08988101991345394,0.4861436260708182,-0.038339014459944636,-0.023729070726964292
7740,0.14158485529664128,0.040600764633808246,0.5456422183066303,-0.03015970040626729,-0.03770677946084393,-0.047203793049549976,0.13266824370454672,-0.07116167002972454,-0.020954492609243675,0.110010196013626,0.06843894854256938
7741,-0.029192096374831396,0.09495548896180571,0.0060577286945694715,-0.06822111921009782,0.019846257813864024,-0.651396587236021,-0.03596762165490123,0.013586847184860942,-0.0879599685877777,-0.02400355879078949,-0.025219640156508315
7742,0.11111542665885724,0.009395888186637771,0.4006870027261048,0.15784429646559445,0.07524178897816702,0.19991818646155413,0.167101623619793,-0.02789403859502272,-0.014844843137631118,0.08265825255186893,0.11597479823299751
7743,0.04589702440350571,0.7154743973685086,0.08118283548100468,-0.006535023914937115,0.021756516522463094,0.09426793078822329,-0.035859841696516716,0.023033151438022086,0.050791170083095,-0.0038570795135889086,-0.09004098992440228
7744,-1.7069284914183445,0.02180061511688455,-0.0003160647682125591,0.0503137939758388,-0.030928978636607412,1.8678516906263636,0.010886804399874198,-0.05752541312742424,-0.0035526107954786867,0.0005061839058914924,-0.10067196436689604
7745,1.1271081053789545,0.049194096323183285,-0.0764866638418852,0.044394173855881174,0.030439058323657613,0.0008234733008715277,-0.9824301455966359,-0.025095351934068384,0.014487333622263395,-0.0655500246347793,-0.05736787086140531
7746,1.096960878003947,-0.22672459060951042,-0.03899687369362045,0.116181983890596,0.008158914613582667,-0.11095229506288647,-0.13802133045318737,-0.008972587663279226,-0.05153992637649117,-0.008352252160459683,-0.051482497963367756
7747,0.6017301102780015,-0.014013948539927157,-0.07315263357851984,-0.0024642942420713626,0.013584162133396704,0.052604348858979896,-0.04457105364721332,-0.0028565052341486957,-0.08785303226562881,0.04650511245497576,0.001905039437129128
7748,-0.15902185039913197,-0.004283615477723565,-0.08918034602379914,0.018014697594124728,-0.08943031927528124,-0.05541924516693674,1.2831930532662028,-0.06948269020471143,-0.0952898946582618,-0.9681230933157952,-0.00652760300144414
7749,-0.04797391775537224,-0.6171846645944933,0.01170475969136316,-0.01829361786211752,-0.03540505138524435,0.27487816324824116,0.0717183692770008,-0.024325632653227992,0.156491466111781,0.9800483936002132,0.09494727649578552
7750,0.10740262890108603,0.998518047707343,-0.023392656909964376,0.03725337082794504,-0.04450244217686137,0.12832801111853753,0.05775183510899703,-0.7159162632846732,0.10581254196863507,-0.09086744289757984,0.03806890492094803
7751,0.05419566464856084,-0.1138609277878218,-0.02566511440029385,-0.3963887891456947,-0.11074081436254467,0.12156699890542724,0.1312265416843886,0.8740038691520684,0.04169304553628411,-0.007946947077516352,0.046504310333586305
7752,-0.025504291452439116,0.06641107474113254,-0.13989816224541762,0.7391563414702482,-0.01026557903915695,-0.1182898698028354,0.19020879251360803,0.04052680064376613,-0.05056377425646495,0.047431304316301034,-0.6277172123454319
7753,0.09551276854189135,0.12666765239924582,0.1285245450514645,-0.017622329024160475,-0.8043068248695644,-0.09477961815841074,-0.03928912058592335,-0.0711579778859696,0.13424763492487723,0.05336556188989018,0.8486264457386652
7754,-0.5035817307430294,-0.04722067731178397,-0.08906672498869213,0.010309205971517695,0.6308912283710293,-0.08231602438414286,0.05081151872891278,0.007412682494933571,0.026811898915599625,-0.042613775487419625,0.02202252512123898
7755,0.021487678056318193,0.1050938712335863,-0.1360745891678918,0.014950728587782874,0.12358663470674616,-0.19163652035942458,0.03386492781242972,-0.12589514924428194,0.48622945257755923,-0.09945406290718832,0.03236309330037401
7756,0.24257608983625864,-0.004920845338675839,0.5234665420529907,-0.020125729304854765,0.06798947186573137,0.07983671192289549,0.23860298545965777,-0.06279379667222369,-0.06239287417005033,0.09141314227245251,0.17986375786179393
7757,0.010310947080651918,-0.04558849519433979,-0.12811087336573115,0.017921824514704216,-0.10907057721747193,-0.681739667387492,0.0065588817867260375,0.05259659954307973,-0.0006389153341981547,-0.026083561827026824,0.06821991462436353
7758,0.18511241191700673,0.07260005609918746,0.39357468253871264,-0.026240941685430393,-0.007612254336551413,-0.12648156046585665,0.05275254666733301,-0.054333072137822326,-0.06736977503338089,0.028090787079674676,0.027267138157875476
7759,0.015301992326213676,0.6836984655153658,0.04516594248504677,-0.040349336715397206,0.09540565031832803,-0.039869616706305636,0.009232634805418711,-0.05789305729303189,-0.0505247613528503,-0.07544157250095856,0.006019057391125402
7760,-2.055412343077437,-0.04150437971247392,0.04285752285253368,-0.09956737648271144,0.015458902141822918,1.6695557658230955,-0.044295630570369365,-0.017249595660996084,-0.01452350362185152,0.10632597822696867,-0.008091685229127815
7761,1.730471721152274,-0.0076667208006900795,0.009607472229873385,-0.05973158915441634,0.09055941838844428,0.08962670506958945,-0.9853587613673152,0.02091441221615891,-0.08370196451134407,-0.09912224148040263,-0.08773867112686798
7762,0.652872275350437,-0.054351289667181134,0.12668830351442822,0.04429826153616387,0.014900080888787361,0.10140653625955992,-0.0674574655945966,0.07750432340944347,-0.05803367728319363,0.08202405844380868,0.12382454143888398
7763,0.6651140414482444,0.02203087589355282,0.029507977725390596,0.02729898389342273,-0.0010052878686831399,0.08339761832324188,-0.0023985915004149476,0.012095300666296596,-0.004168073926369856,-0.007893276601237877,-0.05294613167170144
7764,-0.2108987547946365,0.041885882499862394,0.2800085147218591,-0.009933624103406102,0.0542889546631466,-0.05712504072802438,1.3033057614029777,-0.07633616581752263,-0.11389727395925428,-0.8808074728479964,0.008020475919956267
7765,-0.07805263932496091,-0.7713395280306136,0.16380176352656806,0.0420345786928146,0.09920014762115886,0.09838126414705357,-0.07381958980100746,-0.0015418874997764202,0.02036878121290123,0.9428419387908837,0.09464280065738369
7766,-0.1299729488634757,0.9163204760099066,-0.07297443681218517,0.06444262448067158,-0.037213778589879794,-0.05818435070777112,-0.03952427980965958,-0.5919592695707837,0.0957396084741856,-0.0826877277894757,0.038127042816181414
7767,-0.108671622039355,0.07576084602638905,-0.025494297963897954,-0.5711446455432246,0.07273658397673353,0.061478220962510904,-0.06387742075206071,0.8239726062889514,-0.04902583596336961,0.08001876516686612,-0.11412544088391144
7768,0.197893727666395,-0.07171854600039747,0.0037798381521432075,0.7710758090159795,-0.04333713866985917,0.1464458945831517,-0.07282855343599665,-0.02424188540982797,-0.05716945171854579,0.030332616577213686,-0.5248348132216767
7769,-0.05576513888681367,0.07914213202711565,0.05829359927280066,-0.04602332897922026,-0.6881459908564292,-0.09516500589163793,-0.05505663783650715,-0.02838298439864167,0.05559795581445814,0.05141815638426276,0.8575659096278343
7770,-0.12057358343463648,0.0896077379353948,-0.15395246689750508,0.002659927968541697,0.6092391897157553,0.03615590642805021,-0.05005667032437193,0.07250926456713348,-0.32242648515425487,0.06594310328182713,0.016740253142441118
7771,-0.26972205748888545,-0.000727681800407142,-0.3145241723744155,0.013851221213285247,0.02146746498133525,0.20085916178487356,0.08244581529708479,0.15263305633108473,0.524401676968207,0.0007571998847715998,-0.00968541161957154
7772,-0.28305660508859354,0.16201318350722813,0.5621675920685714,-0.07786170838095818,0.08690315094369457,0.11003926778636305,0.08739060236990694,0.12591971785090966,0.12348064214556057,-0.1728916503810701,-0.08898615219057633
7773,0.001852972299181208,-0.02690906601852817,0.0012279220725472878,-0.1021658149569026,-0.04579801096970872,-0.6785061726865529,0.016164570032686128,-0.0001794733788016943,-0.11242404267243693,-0.026060247992023184,-0.01801416273774048
7774,-0.08174429575929962,-0.19455447385694463,0.42495239803878476,-0.1802927624383759,0.10045362842756085,0.1327325978021609,0.03035471198921557,0.09812093045201756,-0.06890487758797753,-0.040988603116653616,-0.0431597361869923
7775,-0.09019954938512942,0.5993520466537152,-0.059524955146237034,0.03703869113829811,0.0709135371097966,-0.005806069492802525,0.037414812054557524,-0.0034464075058568532,0.0346844574507355,0.00579218217153922,-0.06375639567883036
7776,-1.7471777447365797,-0.15708306736002672,0.11836445013389132,0.1612789824758451,0.05864386716708042,1.5919451592790008,0.11054525918914461,-0.04619208344895427,-0.09619975291138834,-0.10489481789762208,0.021404431999989353
7777,1.3368608243259184,-0.07285028555919888,-0.036290029630310826,0.031839474698582206,-0.023672737699884476,-0.025033950547958657,-0.8104861938820067,0.026379934847087054,-0.13792149908795368,0.06623349445187357,0.06216328655316109
7778,1.0810393676771064,-0.010549463382737857,-0.04085907707371616,-0.040491317134245045,-0.18184105675773055,0.05934775952216065,-0.07344786295222419,0.047606732277658464,0.026235384590273036,-0.0840880269771532,0.031153516941150212
7779,0.6423542189579703,-0.016834039088563738,-0.11645599444742248,0.06966155631509426,0.022842323798965204,0.006963538017841213,0.0639798559792176,0.03224233903377637,-0.03957989606744257,-0.0317477015265501,-0.01624013319430968
7780,-0.1468546675493268,-0.02265814397347153,0.038708477415398186,-0.045597667695836605,0.05265684829333393,0.06503352509141669,1.2809794348338854,-0.07338031701507546,0.07573705752572508,-0.8933023584926473,-0.05612342816894601
7781,0.023237587572934426,-0.8444094106367989,-0.12522652619912122,-0.02630117946139878,0.12272260321511283,0.030919952768415988,0.0027025307034522434,0.0418746064538663,-0.013956523400326217,1.0255185956951787,-0.09142571759519479
7782,-0.037132521901489385,0.8446152127084958,0.016741312815891828,-0.0028376122890174473,0.025243684215503277,-0.15311060170538454,-0.02047299384414858,-0.565586737494492,0.06993049328292586,0.06710787602590707,-0.014412558588881842
7783,-0.021869177425474083,-0.07554592927426414,-0.024551025160629295,-0.4878006768028669,0.046776787715987214,-0.13306356543655817,0.028210830232497965,0.751130545382068,-0.037536103012407354,0.0937116155454964,-0.058279608074082744
7784,0.1093004989274143,-0.030447832123872174,0.002382206661334264,0.7933965022004938,0.02418640740462319,0.0717539633699789,-0.05374733020789419,0.07136513925425819,-0.08913450684941006,-0.013457339935357696,-0.6023061067501924
7785,-0.13301756962953146,-0.0700543130867072,-0.012992406240478932,-0.0995265147328061,-0.47835538638873093,0.07878636094299414,0.09173262244099785,0.052235615451179926,-0.17395968642183016,0.094046373492566,0.8442006433810112
7786,0.08017005035186263,-0.22957441787597926,-0.028973383264414405,-0.08860897113474504,0.6333068011697943,-0.12412544663710999,0.06920118587414308,0.18648405752498018,-0.03532428403260432,0.009906151953014107,-0.035083827656094725
7787,0.1816778491897234,-0.0010015767026718744,0.13020352521155826,-0.05107039869315498,0.06945079244965652,-0.11553484488745609,0.20917824567294604,-0.016211295784681556,0.510277299564852,0.06831538244610438,0.062464748515038374
7788,0.23159166031138537,-0.0045490834485153574,0.5785971535385529,-0.029658046834338637,-0.04646027053093815,0.01983181306254464,-0.006895910970641759,0.04513607380163102,0.06095111462984583,0.07254842944849713,-0.03452726913318888
7789,-0.005933436989442645,0.03589797440724505,-0.05108969993605893,-0.00808645291555547,0.011738806125763118,-0.6837600438184941,-0.023868231276833147,0.004405455037860783,0.055489243925207245,0.0812595803137914,0.09514676968379336
7790,0.04519908073871849,0.03974795337971519,0.394431389599138,0.09684707905723054,0.06746625236549864,-0.07129834484286858,0.0244840194707801,0.04718572580235794,-0.03503756286980959,-0.08462686125591613,-0.23062630230424527
7791,0.1819395966257098,0.7773662635889645,-0.05754685154983532,-0.013673571425982124,0.08246580537954644,0.13771549599929728,0.19073630746817122,-0.03675809515931422,0.061425687480050804,0.03812403520919157,0.07440422399932019
7792,-1.5815872221725986,0.07780698181977214,0.17892402683832329,-0.1333495618261609,-0.010011954990458434,1.7340787445410228,-0.07595893062530927,0.010076425451654972,0.04152089127008812,-0.0027660674015387637,0.0713239469862409
7793,1.3090094061218958,0.05042934325434212,-0.017097834630836115,0.0645290393431163,-0.06437243834871109,0.05056764196067043,-0.9576868963212618,0.07671827131396773,-0.04727535219944919,-0.0074870794030735335,0.0030445968669150477
7794,0.7286264142648424,-0.08107320526765723,-0.031375607968736986,0.13314994701623437,0.08664992487528934,-0.006976547039429751,-0.007327906284487801,0.03160751621428864,0.007619038128682008,0.11626038122297333,-0.16341406642434722
7795,0.5199967943302521,-0.03452632757620823,-0.07108490891267046,-0.03500013868240803,0.02494224939559372,0.13752679870541484,-0.015350809418096457,0.0036919810613670126,-0.03919930631192548,0.05524158232049907,-0.008897745541296662
7796,-0.028846999016253174,-0.15368679923415976,-0.030295917728992136,-0.10354225959481136,0.02622630680826688,0.14164848921645165,1.4209794687083144,-0.10562256060823863,-0.06997274458054306,-0.9275733145805939,0.006486456914839114
7797,0.061873121222949176,-0.7981713804844146,-0.0485642885527739,-0.0034518670616467146,-0.009240770169218128,-0.04840948993665853,-0.05892973353989563,0.1108731762930687,0.006012445164898935,0.880921439258266,-0.009511590182397259
7798,-0.007929928237171641,0.8054180801713017,0.08096569531880152,-0.01492195747603185,-0.11281244669639941,0.14165400165330416,-0.09856600854688136,-0.702376885900321,0.02674128642841545,0.09065960343365174,0.023604947184658994
7799,-0.1684494334073105,0.0905657978073412,0.020234466607223903,-0.6058558847605031,-0.06161498326465069,0.057601325906251694,0.1852813589323007,0.8524456599522031,0.05451004245172897,0.06371696167936491,-0.01175481611106576
7800,-0.04673705391847424,-0.02400708895517121,-0.05744284652909353,0.7363649259450683,0.06010712680117573,0.024457811513495374,0.08558834280469743,-0.02329448752532772,-0.07654522533297263,-0.1464707530230714,-0.6766583531590676
7801,0.1916465447589656,0.1058041689391958,-0.01977893198943736,0.11126567714311249,-0.6294911379339367,-0.09517708020588982,-0.15423153606999335,0.045833952259262796,-0.03407189570668395,0.13813897597450647,0.9981508975331472
7802,-0.32623673666263237,0.03582803842045945,-0.010337537172096577,0.05856967932847253,0.5647124326391716,-0.0188701033005963,-0.0592198775784166,0.13326385458670414,-0.14087422865912425,-0.04991065493425307,0.008926187184980353
7803,0.0010615254719730871,0.1485178177488433,-0.04159319860511469,-0.005240182315451971,0.02657069214266717,-0.03162523304704253,-0.03244490311105442,0.014753006155384402,0.44929902216991857,-0.05222901016632207,-0.018478870832922923
7804,-0.2839055421898376,0.03306493034084614,0.4944504349648428,-0.007267274822099028,0.028489261872544913,0.08567579840350797,0.08712985023033866,0.13183876294426966,-0.08457466190917007,-0.09094197179944664,0.13400503503657302
7805,-0.03215549086623545,-0.014742158237530164,0.05548646621734514,0.08269993416629326,0.06785919076572325,-0.6625230973498849,-0.025246987955485845,-0.06875561861740541,0.09527405589199626,-0.05962735839881641,0.12820000388778324
7806,-0.06162292463627923,-0.028218245593099357,0.42353500406925354,-0.1345622973781882,0.03855117628445766,-0.08818792609254054,0.044566501439315356,0.15589878721104758,0.06930508992997303,-0.18631133962281876,0.019034952537887444
7807,0.058323795679911875,0.722156308357974,0.00017364744770897306,-0.008410519476620203,-0.05758175374927926,0.11788987827944249,-0.03531510605204758,-0.038423828798202234,-0.02441276371980513,-0.0040733891438113,0.0023579196258991745
7808,-1.7351018577705366,-0.03167384240860701,0.013733864565352309,-0.07944579611532383,-0.08577185675748719,1.7798987444885768,-0.1223829712615505,0.08417832092019059,0.11188989089927948,0.0731874899907259,0.12179830212736187
7809,1.1876068979091148,0.009947901819923291,-0.061064138698352165,-0.05163767003404241,-0.05351025467007114,0.03878516248513921,-1.0130388353092892,-0.08810868434568267,-0.06885489335015578,-0.032451389931004576,-0.00629042911708075
7810,0.8941567753751999,0.11515192326714387,0.0010772724261593318,0.06261858785927608,0.0038614309274069177,-0.032325938100535176,0.13898229004472568,0.043771772256280005,0.04594980524485966,-0.009036831188325895,0.028059977444243815
7811,0.5947541228747509,-0.023839405271434314,-0.03683343431467434,-0.0803168999953216,0.0006418457449196583,-0.007865738495556482,-0.015430670737230315,0.0006918866055171322,-0.06753084494700817,0.019377413806633915,0.030356287868876838
7812,0.06490627113227335,-0.2019086534005403,0.08916334397486772,-0.14394986388967432,-0.005880447945111453,0.06464150792276743,1.3060227465990861,0.098666573898954,-0.05781863165835155,-0.7561625435160826,-0.1394791094215929
7813,0.013392874176663573,-0.8182453775672814,0.028479212107348394,-0.046597652894425835,0.05641363035441353,0.08973930561983715,-0.17248043232219243,-0.011315007055732766,0.032411614193021535,0.9423800040565912,0.006387708986754914
7814,-0.02493532257298693,0.9342713360181091,0.15034939262872327,-0.06120533020515481,0.03343487139213538,-0.04360080675532796,0.06509583270393111,-0.5421755806595394,-0.01467049052685346,-0.09248865198084862,0.03145872927844664
7815,-0.15595238286502092,-0.0004781694248735557,0.04089507186818981,-0.49242971543213415,-0.05423230421140945,-0.0802312172617694,-0.01898773978106571,0.8525898558443431,-0.09228824260683945,-0.02186707631819764,-0.058094907702731735
7816,-0.028303818684088166,0.07509673554630755,0.11616571944665705,0.8266441151160959,-0.0018962340802289326,0.043796338780658854,-0.045198708110229,0.07383677033967452,-0.02202378593979524,-0.04909301807280369,-0.43473356101218014
7817,-0.026002718273869786,-0.03388749835927727,0.12485233616192892,-0.08242110088319246,-0.4233138821027006,0.0567889441034944,0.15771161821948296,0.03504438961417746,-0.096090650153736,0.10974091597692759,0.8869724768764532
7818,0.18571439653560426,-0.06008504859346389,-0.056081302745058126,0.03724323263485617,0.602770014253551,-0.047863289970112084,0.01847064956200129,0.017272569590122355,-0.0059083294674308895,-0.036969179298062184,0.07775785214500047
7819,0.04689126245281125,0.017010449085434247,-0.015259696236481504,-0.14153406714508082,-0.018186479329104863,-0.11132724153628301,-0.08108521865620436,0.1040031501563312,0.5351751306703285,-0.07741617686304793,-0.07638078888766052
7820,0.026195571735290763,0.031042432871073923,0.6341135413264353,0.007213386177958064,0.14203591975079347,-0.1623503869622847,-0.02552952786943284,-0.031764965647251425,-0.008659910621156942,-0.04242215181546993,0.013401409098324922
7821,-0.027193047048341905,-0.018184934126702443,-0.06767253722691913,0.04527664455065499,0.18358761196517703,-0.6862481845498535,-0.04276766767618502,0.035344414237019554,-0.1033704830917158,0.025615264074817873,0.044200199518047496
7822,0.0052095132729331195,0.09239477365134602,0.4351227223089855,0.09699760010177529,-0.02631804109973423,-0.1629686897166997,-0.2704271274527224,-0.08998165854370725,-0.10421163413214382,0.1145261622580368,0.0010831139859689802
7823,0.18677233876929092,0.6719830841413701,-0.018099888724545765,0.027243551048155484,0.0788293237604876,0.18287455535444108,0.06884374215355483,0.04194065274098531,-0.012717877086632145,-0.029963202669062543,0.05613736670044981
7824,-1.804838670966831,-0.0018019738004939976,0.020477392050102544,0.052988450002011085,-0.07489838041613309,1.7935503875888668,0.057066379446192,-0.21574916890483864,-0.017970983527523826,-0.004304274171750599,-0.03178003636256119
7825,1.3918244588131437,0.034508928149170566,0.02567843749712296,0.04209759636256724,-0.07965596755222845,-0.09096473253428815,-0.8303832409132814,-0.03133370951771906,0.16348285408379137,-0.07850252319383547,-0.059693151200443384
7826,0.7953492451915748,0.017171465223160556,-0.07275058301865749,-0.11706538175085426,-0.011948871331219652,0.01685611170796627,-0.20689777850682614,-0.05619163414834081,-0.003428523794864382,0.06241864886483856,0.11622802203175263
7827,0.659329958597391,-0.03117874943849533,0.03668426225602483,-0.05281035880050363,-0.023568884434198776,0.05878882716086707,0.007620808137283799,-0.01633327586842226,-0.003632738047986664,0.020365792187212108,0.0033448911232801743
7828,0.09979604127077099,-0.07244442101183776,0.046513236202739144,-0.1410071523568828,0.02960672785173535,0.10047527874735038,1.2731824583252693,-0.11611975302081143,-0.14625011988982098,-0.9124503360943824,0.03770450715543483
7829,-0.2566500026606382,-0.7426726282119661,0.10682958491576643,-0.05426945273323518,0.00478472994630761,-0.22463678064302006,0.09479103489689604,0.09797591249810374,-0.05971298632489895,0.9233405333193779,-0.009644728523147256
7830,-0.11079032076699176,0.9499419731039754,-0.06903055892524457,0.02619972046387859,0.028820958451667066,0.05294206790897804,-0.17091836844581335,-0.5615743017070998,0.03623359157553244,0.08720775578214905,-0.014969026180038238
7831,0.07669501176098967,0.11576398934798802,-0.08367803527196115,-0.5340163436168296,-0.0540511849789028,0.030763965059043958,0.09313946007667621,0.8639548510169556,-0.07492212513422078,-0.054760548281554494,-0.019726086163490066
7832,-0.07038144224389807,-0.08656146205866519,-0.07666711565693929,0.7572068231222857,-0.037910864020029605,0.1812810152292831,-0.03595619411084043,-0.05216447156709832,0.05376081923031582,0.002673826195129801,-0.3788258806805329
7833,-0.08446807750886212,-0.041567458543179184,-0.027161106599082337,-0.1502456823183664,-0.6811024751007365,-0.012709404862798153,-0.1761561248076019,-0.0204298381322044,-0.04477217306322512,0.08577396715734344,0.922852699107614
7834,-0.020926089965964775,-0.1304971289342274,0.05317544107823599,-0.13987791118606513,0.5715805673888132,-0.08941216594690653,-0.016795870244228125,0.16965174665651397,-0.3916814090389484,0.13410491704678912,-0.014098174504019645
7835,-0.15762520133503527,0.03423458846444098,-0.13730843017441108,-0.03305448278310043,0.006439377754793435,-0.015379945202728975,0.1684361209036855,0.028633259171744016,0.4935383458463803,-0.09406194393351835,0.07618847359004129
7836,-0.025399795018454484,-0.23669334839582104,0.616057910923898,-0.11828383639415696,0.24384358292693284,0.011936012977980713,0.08958901092740232,0.01924821662939673,-0.03144530079308434,-0.00798319900689541,0.0038890326863451757
7837,-0.07613198386237578,-0.08096676209003816,-0.010264258264051461,-0.008664764920692122,-0.021761732195171732,-0.7489304034440569,0.04092459205938118,0.054382997050831404,-0.05725201924503032,-0.014031891874852195,0.027878770223001177
7838,0.19359550371550974,-0.01401591553183547,0.4366243596411163,-0.10862517152076036,0.17752852108173597,0.005154811011872095,-0.11393697366156189,-0.0008123945523764772,0.08103590382958469,-0.05955240997077282,0.03190394727463608
7839,0.03779105138229088,0.7740312053798742,-0.11163789365538022,-0.008154763333315196,-0.004791693578122218,0.1836959258877034,0.1308801991186711,-0.011376305021111057,-0.06226568581943092,0.033410184503372437,0.07903849197804978
7840,-1.891605896329985,0.06678410538366285,-0.05245991011159984,-0.1139739009967043,-0.03691641176139414,1.772112090509815,-0.10049952734928713,0.151215503324824,0.004290728236854367,-0.14064514708478668,-0.0849257027805346
7841,1.3625508948495588,0.010809581274981852,-0.08060423104971624,0.014339298061937171,-0.08149528632575564,0.23418980064829084,-0.9827468908579471,0.06042642271212185,-0.08286671449259105,-0.0015377492505720502,0.07392478323548579
7842,0.9629926083322842,-0.13152181547948794,0.023749787640272867,0.018652416153020702,-0.05558863831401286,0.05633218549473194,-0.09263073372392101,0.0819618631852012,-0.22792750955644428,0.005366985779024415,0.11793872920111931
7843,0.5559413416931649,-0.06434373522512579,0.07449853375454601,-0.03449819701209592,-0.02054822568485959,0.009434913306336789,0.009952721277758845,0.026539092895553257,0.03609951192971917,-0.045151085615083256,0.059485517753013396
7844,-0.10729532213297192,-0.02384108220025257,0.07024846643976022,-0.10629818042731966,0.004203380873481228,0.10914930167522821,1.2173611435379414,0.007871065726564213,-0.12975183166033788,-0.8654034252939353,0.050979682621234645
7845,-0.012691681333229699,-0.7555432274663412,-0.09494834427071039,0.063315850325745,0.0609668969156265,-0.01534749619221569,-0.022366161745915453,-0.028782523739098842,0.17043684899775052,0.944064128812244,0.11647264539784577
7846,0.09571457549601076,0.9128725624624818,-0.033383303789014086,-0.0029042715119294124,-0.04552971685116339,-0.09224607454002615,-0.14011736026832391,-0.7739146206102792,0.15341027459902334,0.05247170535415188,0.02136892485942068
7847,0.12389773044852315,-0.1226210670633755,0.09074630820192943,-0.4872716460397173,-0.03986797338447658,0.2036090102378396,-0.04978692196953868,0.7640441095976195,-0.007658708220416348,-0.14692026177746742,0.03349816279096421
7848,-0.21980340672282775,0.2173535057710158,-0.06081067022823699,0.7147527877386605,0.044912806202047975,0.0765700543769051,-0.22798958612529904,0.0001660805915618347,0.033962400231720036,0.058911914027190704,-0.4719891505648649
7849,-0.031024997173219097,-0.017360650637009475,0.07203910048929446,0.029590297600371202,-0.6607824841219542,0.029875658406693185,0.1469743989445913,-0.1831557208714748,0.003964178270944851,-0.0722474773087269,0.8868194469150484
7850,0.15341661738626033,0.12150510674037322,-0.012292991741091297,-0.02910845242272108,0.6307434103119219,0.009362192405901883,-0.03884968136116897,-0.05463667931775632,-0.3158885785486759,0.06672551777572311,0.0043597185237739845
7851,-0.384863237801552,-0.050157548901866945,-0.012686138397062272,0.06990234868085378,-0.06914232218376466,0.041080459718082295,-0.12005358635439525,0.11534977732674613,0.47486529527782695,0.027539852395678438,-0.023041262268167276
7852,0.1211685691745894,0.06817609266647626,0.5428491847396025,0.09176239716991937,0.013041121999703689,0.04680794444312612,0.05569132108804032,0.08859202171720211,0.19546826103385073,0.07800817481774053,0.015186040175288344
7853,0.03269207966258003,0.0264542163105044,-0.07243905123232426,0.012122031929659521,-0.04198755782406903,-0.6680855968379915,-0.062251047085894164,0.06907801621386139,-0.15282309180418543,0.08140387035528823,-0.1319384472362458
7854,0.0656524354865152,0.03478406652016975,0.43024032924140887,-0.0649716725036443,0.02027180865180166,0.08567533891276699,0.0008636542530570438,0.059358203328164584,0.06926833390334625,-0.1485864419762414,-0.2884580985784607
7855,-0.13441198398993656,0.6810531410635399,-0.07147661377073153,-0.017228489103651885,0.02802131542278117,0.043065459537119315,0.056214209285197374,-0.0664642730724966,-0.019241873618991132,0.10343719688770817,-0.002333065898970708
7856,-1.9283662653025955,0.08762909494446493,0.05325385467369993,-0.06643913028804553,0.17593483843657381,1.7318522405827765,0.2214422300872975,0.05480979412906578,0.12542463923135228,0.21232200327342413,0.0847540014422106
7857,1.392381821855505,-0.003438516128671705,0.10528946019469441,0.038231654099583796,0.03689077127806255,-0.023133768929546487,-1.0136480916486117,0.012485142350940564,-0.08052927422229757,-0.06253108574677943,-0.08406120439212561
7858,0.8381890759157594,0.01331316330499043,-0.03181324039529717,-0.13059820653835524,0.08752425956504781,0.03904545552078189,0.25680912870111366,0.06694677944545156,0.043479142571513155,0.07947544406026243,-0.03845797133446722
7859,0.6392468798745996,-0.0026672825608830197,-0.06344004062772632,-0.06072791757443299,-0.05720967514670091,-0.02145451813282133,-0.02363508156233895,0.007554451926649244,0.007759546255386034,0.06270290809155037,0.052218626334921685
7860,-0.1032452595738552,-0.003941629468222922,-0.07624152274091614,-0.09529723571037577,0.0026909223097812255,-0.020737711545759124,1.5002901794292824,-0.018223795514069514,0.04816468674503455,-0.9034549390350725,-0.1423887136926423
7861,-0.02008268573030128,-0.5133602819986095,-0.07715321832468867,-0.01791721120085535,0.0974549246755594,-0.131425334278155,-0.12015929974563931,-0.05973805090242576,-0.15031774965195713,0.8443170888144945,0.04947847158331374
7862,-0.049995841736094934,0.9121375115957138,-0.012679100917122226,0.05108578271345933,0.07778801433636578,-0.0571074563734687,0.08251027200182369,-0.6183729863965748,-0.11535754480107908,0.06142256550538127,-0.027658287821757263
7863,-0.11181754641521315,0.14158798371572207,-0.013428163154599888,-0.5568248447850501,0.0008652383854463076,0.07310229333303797,-0.16223542202982152,0.7802850679341293,-0.1318192748775855,-0.026552444132330093,-0.07855522884071867
7864,-0.21822995320640926,-0.11495439770890523,-0.15291790806531194,0.8306605906831578,0.0568229115619297,0.1871822473403401,-0.2728528033896864,0.028446684003807288,0.0689763950014243,0.07839435858347968,-0.6410675381361345
7865,0.005923814968775842,0.027481768255296368,0.07004440191887487,-0.05868643253032327,-0.5058499657526855,-0.006219821493416888,-0.1375443980093991,-0.204047152832697,0.09754320290411952,-0.08631411013914658,0.9243398241947407
7866,-0.04998634129235856,0.032339321992802345,-0.13426582320901967,0.00290567225126337,0.5857104348877649,-0.04674743228516277,0.06316289845656702,-0.10718268502392263,-0.46781909537942235,-0.07977862803697158,0.05256105219232345
7867,-0.05081636184149265,0.030208973131641826,0.050483808946459555,-0.030033724870232318,0.03688103165316764,0.30902577607177156,0.0456839777452733,-0.09296169630687313,0.5052980727208295,0.26289655006773743,0.01726272085193383
7868,0.02069281433446662,-0.05392272186751001,0.6420355053952265,-0.037824411861157814,0.14509565885144796,-0.029502951232715867,-0.0916832483665705,-0.01812778141917759,0.03143633096245896,-0.12988646013975838,0.14517724691416348
7869,-0.04854602476073475,0.029383289006762178,-0.1245310044189568,-0.07894510008424319,0.046771281106572166,-0.6605535629952344,0.003603098047587194,0.021087579786457738,-0.10833620104004328,0.06870943648528714,0.0863472395081771
7870,0.17533389318348672,-0.04681505408243771,0.43530422863149687,0.11704514026729816,0.14951199621674813,-0.20627323687374388,-0.01600787403999439,-0.025065379872007607,0.07352325722740871,0.07618681052635534,-0.04927112953964613
7871,0.10471640338959343,0.7385751295898529,0.013494158282790238,0.03942686526233769,-0.011489049122605191,0.09204244842146647,-0.0427053263649779,-0.03580478909254586,0.14263712384936716,-0.0044103748653309734,0.06324499316940772
7872,-1.7699829809023673,0.12843997051540676,-0.1345508004565491,0.08190480113755565,-0.05878048469752203,1.8493482217485162,-0.03098770353438933,0.05799224950287535,0.031278665240237064,0.19417381243684556,0.016455952279200492
7873,1.3940008389742837,-0.11123883890473538,-0.02636875541613333,0.0069514071198097,-0.04013164817338223,0.037946602453616946,-0.9723220607053112,0.0004179165810788204,0.040554183362604204,-0.04127704002796734,-0.012190994724811176
7874,0.5243185488698556,-0.08904223272076432,0.03411810483695614,0.09167603654976324,0.03210518356667146,-0.09874319906571231,0.02102676231221412,-0.10610898336203371,0.22144268825750646,-0.03347008928160104,-0.043037639566969536
7875,0.5956485302151514,-0.0008894030172373456,-0.04610783560388229,-0.04778603959974027,-0.0694865154256012,0.05670027486716546,-0.04379796096813113,-0.04697780663051886,-0.002795232337772461,-0.061878796098998,-0.08173565626002635
7876,-0.07250010622647074,-0.06239342035360189,0.012484066191498713,0.021826967812069935,0.05270172838882304,0.17477679923510486,1.5010959513099773,-0.0009667361768268018,-0.02453363095538107,-0.8548786690548913,-0.010788382656016554
7877,-0.0061148679588777155,-0.7999895803083251,-0.04398594184424166,-0.12908020032058393,0.08635230225592859,-0.19013296956383202,0.05105033115101662,-0.03391547432056908,0.030258134894700372,1.0443258272211462,0.06944175628782497
7878,-0.18021499756309506,0.8590382842537357,0.02176891336357085,-0.0508707359423935,-0.06844016136098388,-0.3031011123377274,-0.15550873814716018,-0.6886176776558673,-0.03892203376115966,-0.009110851843556103,0.050579518439400846
7879,-0.15208381422434636,-0.018541091873339483,0.22675338564727676,-0.5480129396578023,0.033465190399735195,0.07583844630957257,0.06266105920193629,0.896158950622795,0.00186481784147495,-0.022773263716320522,-0.02704647270881709
7880,0.04687347311107658,0.0948763770172378,-0.0781134692637483,0.7167956021735835,0.10428228498713996,0.020263084536109255,-0.03641130487465986,-0.02993741270698843,-0.08704830554589384,-0.0785265611760562,-0.498012006569836
7881,0.08915368779920359,0.16231735335778733,0.10563043378984391,-0.04863751208920275,-0.6464652373794856,-0.011248953175727982,-0.04958560423317773,0.013092414751580055,0.0077965206746225925,-0.15392927683982768,0.9022939019675156
7882,0.10854353926116,0.2061292467297284,0.12003629608940648,0.11346152835538499,0.6775848052911273,0.14212778819713853,0.08726065592316877,-0.0347495101127093,-0.5477649312628101,0.12653164974475362,0.05070817648771073
7883,-0.010469568338121411,-0.13836088586341644,-0.02432934076639008,-0.03807660968897589,0.026481486942827336,0.07836801673956448,0.07506903746977886,-0.06209014019552426,0.4622254467262673,0.10392064453087808,0.0767416436834123
7884,0.17328802908520763,0.09726723052393425,0.5706687492484884,0.008873383623817519,0.07953633870758606,-0.01896422424880117,-0.10078372570379872,-0.037079705664437315,-0.10516990375463192,0.07876879373010544,0.037101230726597954
7885,-0.04376849170131099,0.04573111344149798,-0.052171286297754124,0.09285496187991513,-0.08995825385237732,-0.6317163788200305,-0.04657050401292704,-0.030253238512619515,0.21496344112353208,-0.02354750206618542,0.05691918344285432
7886,0.03354895236522143,-0.014066738258330368,0.4548541578053864,-0.036292635270406035,-0.10713675379973304,0.045642564711031744,0.04094757130401164,0.054525243272291746,-0.07863093591653386,-0.1434998821136935,-0.026339363564155522
7887,-0.031008049272295897,0.6197186608557332,-0.023745731262875547,-0.03836399954930714,-0.021992002229048187,-0.01811493899487235,-0.010299233410591677,0.07103892795130165,0.07014353183295333,0.006782173072872797,-0.010405074233235691
7888,-1.8688203513675925,0.1991078114741165,0.027886832980243272,-0.07670465788984696,-0.028352192348741746,1.90032403985721,0.048528564705308294,0.08027728556259874,-0.17480357226214374,0.01289590202359105,-0.016736862978005668
7889,1.5617202647904838,-0.028045935162065095,-0.03210411350714127,-0.0756775323250555,-0.0814996247567454,-0.035659964226070505,-0.9896743806665353,0.05509628034328428,-0.12327718446954965,0.037991158278659946,0.041252752930697176
7890,0.7447902205132695,0.0025536376761614715,0.07246591237044793,-0.06953641068081018,0.049730300833821975,0.14458227382611058,-0.07913159165019672,-0.03772076508395824,-0.13316183880307553,-0.06682531851541891,-0.0799228506053979
7891,0.5916899321108955,0.006284093518527769,-0.08447292289571517,-0.011219546701185643,-0.062263145410720526,0.023643478812843982,-0.02843914292082561,0.0018800492613863101,-0.020089784240327313,-0.04803506301191208,-0.09398335622724538
7892,-0.0016837552507534279,-0.040261002705201394,0.03478343394143093,-0.06469039190032387,0.03582834664078924,-0.13793028923116069,1.3064025591842874,0.11620535227185778,0.10662794421398115,-0.9335125816579437,-0.1307206910701263
7893,0.06126504719352236,-0.6470114223085389,-0.15652057332445982,0.04236016027008141,-0.05864649149864778,-0.15718698976977583,-0.11534923488325963,-0.026787296123463835,-0.10993864063342132,1.030966736936251,0.15431620630307522
7894,-0.10581003115174821,0.9422279551764776,0.05267621352410525,-0.026181597265670865,0.03364766957051459,-0.1098599962131814,0.09814110643854997,-0.668740483714767,-0.1460039101754082,0.05705036461189547,0.05082365748343866
7895,-0.005741717343237163,-0.03369031110433707,-0.011136539783614362,-0.551052120932732,0.1049975003175864,-0.027669699964765482,0.13604768113773155,0.7718925749672949,-0.02061653966565008,0.0643365129239139,-0.031643338657069926
7896,0.07636761215986981,0.04800417148404021,-0.07980856919579808,0.7502866244250935,0.09981983501683227,0.010756286581872294,-0.11022872064361891,-0.10968407720879059,-0.04661927205490722,0.3568208534290853,-0.37617243897962804
7897,-0.2879295357880533,0.005263540532045329,-0.06976754457255002,-0.06236358571911596,-0.45023232102210764,-0.27608340516546986,0.06905085479063593,-0.029046664736916715,-0.22721916110400023,-0.06535564547360043,0.8554741692961106
7898,-0.06791199199345921,0.18290271147604592,0.048161429375393375,0.05882542263500526,0.676360338470504,-0.05539539615865843,0.026133308193924325,-0.02033836573228386,-0.3577559587271451,-0.16533401141633602,0.04161845203844686
7899,0.14460584938403942,-0.0018819492486586622,-0.13290094802429495,0.05603994372153798,-0.08931860215987296,-0.03320646361020484,0.23463314077945777,0.0454998131112061,0.45605703426766514,-0.05477323442216806,-0.033012277993286834
7900,-0.01039137481552781,-0.037200715398077434,0.5832907907473408,0.04487902566314684,-0.0021286671474530817,-0.0023673679440000574,0.13494777021273588,-0.0038327937754160223,-0.038274153014250065,0.0007200836028109144,0.17012718258296144
7901,0.028777752793091284,-0.018678399131911966,-0.06349279709056754,-0.018321050735715716,-0.004862910998555055,-0.6160922543206615,0.025177452829889865,-0.06759543901101588,0.050710739712369945,-0.021618843131902373,0.035697104629313976
7902,0.22097098298564857,-0.21776345627457777,0.43093156087338913,0.11775336419615111,-0.01930686258639637,-0.09671022042826419,0.09394007299375672,0.060334960741419905,0.04913160260929538,0.11393467490412602,-0.07125027012991228
7903,-0.056315770747634844,0.7067290350210287,-0.0518064810805021,-0.023924284812563427,-0.07586018163301092,0.1497873089635364,0.037148348821886876,-0.015427478480231033,-0.026788973976073865,-0.06706421515548777,0.0738451063422199
7904,-2.1876942447166368,-0.08930836638953216,-0.08804692610550231,-0.05446608224361703,0.010739266861369126,1.6979985730723766,-0.0300448218064143,0.024156130554491312,0.02606409703231569,-0.10043660077820706,-0.03236071859835171
7905,1.425930693932688,0.05518850940428743,0.1093256680904565,-0.003916535857908697,0.08159204229991593,0.05854415159981412,-0.9471394229645289,0.07057804231699084,0.06738384980542775,0.03745734745822522,0.09449109703950676
7906,0.8534276960093936,-0.009785617558486276,0.03726315939641593,0.019461520261146056,0.14322245558101168,-0.1957463120415439,0.10102343453242203,-0.18669416750041953,-0.039067203618593255,0.07638489858421613,0.0004525431685247761
7907,0.5432666972674998,-0.010017487034736056,-0.022810646532816215,-0.0030841152491476375,0.01875628151844984,0.05303510190337739,-0.0185347591406503,0.050401751815524476,0.04765955885172267,0.0007237292080485855,0.04023554275087118
7908,0.0693478388088967,0.042722918017472446,-0.10026735797394218,0.0338013906808981,0.029911170820663233,0.03655781375905601,1.193754996045649,-0.003998256691022894,-0.058289228133249445,-0.799697334602217,0.005918087430515445
7909,-0.08135793699620783,-0.6315443773260853,-0.1086698119601621,-0.028138169126389737,-0.03201321468661443,-0.07841713687561112,0.10501613878496147,0.014625427446089986,-0.12530433523784743,0.9802380922148445,0.04668958522485614
7910,-0.1408610731245043,1.0090806241820094,-0.0071382952942219725,0.06011325446197284,0.13183750962731586,-0.07687095381874648,0.02104420729653531,-0.6546508596918119,0.05186663702280879,0.11677765577845159,0.019815442450663634
7911,-0.09748875416488012,0.0009749928764956873,0.21641576691365444,-0.4747910945761591,-0.020322893738697327,0.008828923954310064,0.09844062020995917,0.8919985532331483,0.059988021494062765,-0.14538778519375978,0.028160865518714766
7912,0.24370699882254318,-0.06413302845288615,-4.616236521500297e-05,0.7628016730925591,-0.08335638159590207,0.006800316891295699,0.0901722551828108,0.10424437514305458,0.03303572661954106,0.003488360777590723,-0.6171896325472315
7913,0.27926050975058825,0.1826605240808144,0.04227547205267746,-0.09970934033712986,-0.4575807956075666,-0.04722943350477077,-0.01296007950988852,-0.03738317600946146,-0.03769981084329422,-0.01790457840468773,0.8966536002118959
7914,0.037632411026430584,0.016443830379330532,0.020574340789111054,-0.10249829394602218,0.6198807622236083,-0.01557026460492958,0.0509444041165928,-0.030587521190012092,-0.47671398038897106,0.09771801804655167,0.05717997334544135
7915,0.05783048964295365,-0.10299351840200552,-0.21312240330393456,0.17679711018081973,0.06747315152225335,-0.013691033099029323,0.2824580206451794,-0.010521139087517188,0.45621903169692213,0.15939143105688883,-0.06334841789936779
7916,0.16664860137376558,0.014198276896938273,0.5864773969344196,-0.06882909674362193,0.1077226999953472,-0.07413438368145321,0.1468708732867509,0.036480471854875,0.018610218212989377,-0.03850522714077601,-0.010989680643206172
7917,-0.0815337211892867,-0.048155851702762285,0.13211756983807607,0.07664736473132473,0.06909876042262514,-0.6709152429469166,-0.052229941193756055,0.17079964417046042,0.09921155336843956,0.02924375365570302,0.09023404436491894
7918,-0.197821541249943,-0.2740479133137847,0.39801349985734924,0.08612261311388858,0.04648745481525005,0.06603190107390147,0.020590364491296816,-0.09575950049468428,-0.05596324231877318,-0.05025388599631141,0.045445160798706544
7919,0.017018246058838213,0.6718369412426366,0.017862050735349043,0.008885691039138416,0.04863977274795783,-0.04825955347003602,0.1357030397689097,-0.034626481274885865,0.04434490430542669,-0.0037529226037097078,-0.026315325592875163
7920,-1.977262383237171,-0.11865266919449802,0.0699864752134265,0.10334548128222591,0.1657384313556934,1.5581602090974385,-0.06963367072818398,-0.08561520707954773,-0.07103580134993996,0.0028076165413820383,-0.037667821100670205
7921,1.361635380467695,-0.023243235667115277,0.1109189565742072,0.07354027311667463,0.12194188712332482,0.04225574450662575,-0.9219892948594118,-0.03512204193992206,0.08090422878314568,-0.019696331159176534,0.0021779419722443155
7922,0.8466584915042272,0.05215141109808168,-0.09547392207014858,0.10244492460569284,-0.051222624755022705,0.14455735549525273,0.03685568012974013,0.22193035883065035,0.007787719024242523,-0.08096280199409021,-0.0909293297086872
7923,0.7055643996345616,-0.030777160979085796,0.015826132496354565,0.05418451632184502,0.04964911737240386,0.043028403970758876,-0.06375952411738721,-0.022561659405673735,-0.03328229346283654,-0.019572590954680814,-0.03321607141032508
7924,-0.03662330545942661,0.14260924871555314,-0.004806061290491778,0.058368562977572674,-0.029819279204471118,0.012251949686637523,1.2447720680004144,-0.031014232112832624,0.15794461949545985,-0.8602104117525615,0.08170502311495233
7925,0.10738103235937708,-0.4619932744037133,-0.0865263271534248,0.14220764945962588,0.014227279441260732,-0.11184297508783035,-0.12475598905441408,0.05146842612255587,-0.04026202959228158,1.0410476677190312,0.04307147841979228
7926,0.05000442123502648,0.9192483839695376,-0.01494256955267269,0.02849470767073231,-0.01843150749873915,0.04011376453184931,0.13318441155834118,-0.5339897343398882,0.007616061096457797,0.05940014215436963,0.018948569793264418
7927,-0.2584913485280205,0.09841633504330091,-0.1889220478292135,-0.48146588844430177,0.10372805893665757,0.017376146276624028,0.06526193118759634,0.862807857569993,-0.050680598196569254,0.04548635186055818,0.009672551016496205
7928,0.036917132760052596,-0.1429713075150974,0.05794955141517862,0.6885768049920479,0.10513709159259331,0.02184545097032161,0.06411909909764132,-0.018675536476766754,-0.027001213762999778,-0.02111860598235348,-0.3797077060647478
7929,0.10012896255802044,-0.10397382139747036,-0.02405775065092639,-0.027900166641603965,-0.609966944809702,0.10740299923134425,-0.016876343986734342,-0.05699221219489754,-0.03663262630992164,0.04056920782684899,0.8754384383108645
7930,0.1320138879608117,-0.008627061459455316,-0.2281929525855702,-0.06173306551696018,0.5906071929120412,0.08812311148939891,-0.1484125586518147,0.004886866312396526,-0.13407455797621254,0.14163341696816623,0.03353145531763858
7931,-0.12054202462640734,0.024927139480365366,-0.0024721594621847365,0.00886586640525952,-0.01235252667683264,0.015549567532723761,0.17088890429498718,0.09912164886025378,0.4822409734847115,0.16035363814649853,0.0753692745533492
7932,-0.04828001915741851,-0.05964391821941253,0.580715211079077,0.0420076598277089,0.0044277206041000265,0.022136460640931374,0.05727781412499442,0.126910376451815,0.23856636929858976,-0.01627452352459705,-0.1801172650632572
7933,0.10450454571327208,0.0342335888071271,0.03282030233856794,0.05090542238128822,0.0073605044307939235,-0.6866271600120875,-0.04968538589914991,0.06181198899945763,0.09002195745360757,-0.024525689835114075,-0.1644428785361153
7934,0.10377630285535196,-0.003737355168210379,0.3953366980173594,-0.012545342969457878,0.24001972266644866,-0.02177563972817754,-0.001218570408989695,-0.05704865491821565,0.06100599035892958,-0.07693362701962483,-0.09862073110910104
7935,0.12416029744293858,0.653803945481249,-0.04439380678520038,-0.0033803637107300056,0.011827872867611628,-0.008874803656739101,-0.08247091405486501,0.034154380051256386,-0.08060120060830489,-0.045307449893570745,0.009155349816967704
7936,-1.9568170756539878,0.04331605335698141,-0.10492447581996228,-0.04733032765157721,0.017477017382612033,1.4742566289312218,0.0577717640113961,-0.08384729695126279,-0.12802805128051126,0.10835881024875955,-0.11799575131160547
7937,1.6160806002685295,0.0478160999422382,0.07729716882061084,0.100503448042576,-0.05164545362567342,-0.001715195830980319,-0.9784995208576925,0.007861182474437295,0.041848090791349296,-0.025461304817015046,-0.1761827297874101
7938,0.6447058972948972,-0.13565259791560558,-0.10066529176600221,0.059495130536876745,0.019853295005251563,0.04028162640857029,0.04821859358594306,-0.15727993927297793,0.06455742685343983,0.15482573398431104,-0.08274527867728432
7939,0.6112747669350209,0.008780414349788266,0.11588655244494386,-0.0023901820529337,0.007035541633882166,0.10767383214109036,-0.004260659617176054,0.024435914341038097,-0.023636180618807304,-0.026674668568623987,0.003888034385182958
7940,0.05861313718317224,-0.037034276141492004,0.04626686464134929,-0.1216635234505987,-0.04502669557701447,-0.12386876911868261,1.3765734908071294,-0.013098703587651823,-0.12096852330974746,-1.0294827711377634,-0.0665698719131837
7941,-0.07723125912691185,-0.452123012414538,-0.09509702474481795,-0.0525237038880333,0.0458122586925372,-0.16215486281933528,-0.05565809422787284,-0.08715280573658872,0.061123131951332156,1.043344198672732,-0.18934270094169428
7942,0.14049236806807003,0.9550047229749258,-0.07541037208254836,-0.03185510351973392,0.04144101157420224,-0.028888131572302238,-0.1432793749765423,-0.5677643027021365,-0.07542772781142297,0.14362544694027132,-0.01184762380490021
7943,-0.02855099638294011,-0.07089944437622352,-0.12070622387930978,-0.5221527575055916,0.043151388743501475,-0.07316900842444563,-0.05543514074030848,0.8075543534502527,0.07814748545983756,0.09444504184786587,-0.0008508014109992555
7944,0.11223874124954919,-0.11350588156543236,-0.021435558629440597,0.7687682166763392,0.12501725820003454,0.065252682870917,0.08568139997645191,-0.06554569875440149,0.03285174527410038,0.09406747277574982,-0.4976211319637861
7945,-0.08269408202706335,0.08857099697380293,-0.06588922112186099,0.11340627636231461,-0.533608643996098,-0.03941135716603021,0.02868684512177495,0.12791977777888047,-0.024639504612236334,-0.053768457365176416,0.9294921028056387
7946,-0.14147278473020658,-0.014623279180345977,-0.06655410296178355,0.02944738713776865,0.6317526617322223,0.030360016461418237,-0.11071293976314932,-0.06310867782844141,-0.06482332382169112,-0.10279670206861029,0.041197699602260954
7947,-0.0391703283558043,0.1268076595969233,0.01988609307126553,-0.04809764653125752,-0.00030302684263159825,-0.06109334036455033,0.01723560809421773,-0.06850214149533551,0.48413628094477096,-0.12499832195883458,0.0235685495425408
7948,0.0325060416430424,-0.04516486748722244,0.5839979793223988,-0.023832357054734587,-0.0658978455218471,-0.1143134556834252,-0.0921217554013204,-0.04879350479763944,0.13362290874983573,-0.06591270838023208,-0.14262834588063505
7949,0.029165945962886207,-0.1454245265938274,-0.03476660991888491,-0.05169152982923337,-0.025329508576220378,-0.7087063685978376,-0.08890131710233802,-0.006147764088093964,-0.11734696884475194,-0.15811114574967644,0.05617067817217237
7950,-0.13439990221957776,0.2038660834647326,0.4172233848470617,-0.04308564461346096,0.04584031569236506,0.03739065248008172,0.17675771799944706,-0.1338545022354842,0.03854112409496863,-0.05062439930897781,-0.02841573092228029
7951,0.20379933343841566,0.657109970769844,-0.03246845582814661,-0.040198108085833587,0.01237562961554161,-0.013139758215047266,0.05749176379374908,0.04999882721004775,-0.031765625160540094,0.05659068944923398,0.07539938900746794
7952,-1.5734616700306274,0.046365721907990175,-0.011227987369268805,-0.04165352111424563,-0.10413131083814425,1.5248075394201919,0.15269272393104077,0.07219875359059844,0.035909393740604686,0.004803864793953502,-0.035221662235500335
7953,1.524388295187012,0.04997716166687256,0.0021235558395835733,0.05539879205070229,0.13546562980662744,-0.10860589262291018,-0.845278617242964,0.08776428701253244,0.031215540699387336,0.00682092265100237,-0.022737589695056924
7954,0.9418978448838334,0.06050774129121774,-0.043345493556911155,-0.1390587374826419,-0.08199662010749491,0.09312186634105027,-0.0030768769651399906,-0.002491909984682988,0.18050768404729567,-0.11453423926825902,0.1440585808079348
7955,0.5639222053179178,0.025537161708624412,0.0913915926953682,-0.05914266242173486,0.014751554980661049,0.09586374867965491,-0.05031291341620196,-0.014082464403493755,-0.028761898196965275,-0.009995203191201028,0.007187536000198892
7956,-0.1048830439470605,-0.06471507939351866,-0.08477180807839403,-0.02757295552839774,-0.06721775012290752,0.05570070458079441,1.2903295105625447,-0.06754204789071591,-0.07381477345566259,-0.9947703037494624,0.00956767411307404
7957,-0.12374873343365049,-0.742825142092987,0.004406822620027175,0.027650816829825564,-0.050680191343607454,0.16310873140779303,0.13782775338342074,-0.03648314667091564,-0.08287829117327485,0.9519848005204716,-0.031228415429638005
7958,0.19013827503023914,1.0153631676745123,-0.05569915267564156,-0.10657175104504552,0.012303251518391307,-0.07774571491292799,0.09822133786028017,-0.5335006205213678,0.045837400014285684,-0.03619819793248573,0.02700053734165112
7959,-0.14426704621925276,0.0659779947994769,0.02989734850386861,-0.500475357889462,-0.10024395916972129,0.04328472239859471,0.2140609998206744,0.8624124526419189,0.019921695780682393,0.009108560469973472,0.006550205915628264
7960,-0.021036757525675635,0.0753980924737182,-0.030951130773535212,0.7687257566697634,-0.06552939684433898,0.11565233779946003,-0.03071154064124927,0.022209143985779486,0.019768211502089763,0.0338440854935326,-0.5727290940901117
7961,0.1117814921448389,0.12011028522416337,0.11309581406456684,-0.06986910659069191,-0.5015769875724574,-0.10747234406694897,-0.014300224681089876,-0.05072209260657402,-0.031755097976535356,0.08490368860566022,0.8556693572939137
7962,0.0003206087362679869,-0.10592434206323957,-0.04832647505182708,0.07175285870889589,0.5779084101001815,0.09465678135366959,-0.13632403402375998,0.1128055128155928,-0.20372916562227655,0.047659301485162474,0.04101025846156354
7963,0.1484315748021185,-0.0004949272138756377,-0.03897880074472044,-0.0336313620726552,-0.004364423961264572,0.02297245744514919,-0.15047645207148266,0.13248384746962566,0.4728618903396734,-0.09688738892003737,-0.013877912178283162
7964,-0.11221262978588654,-0.146648538803329,0.5675161877426703,0.100276634180089,0.16982795611992646,0.1073120214124388,0.03783518008621978,0.047082372482491155,0.04489823433680065,-0.04309126276840994,0.04400424057765938
7965,0.04646366289151929,-0.089754932337092,0.14338955877633028,-0.06907600221433219,0.012721654992411987,-0.7251521180067151,0.02658174533673519,0.0205506989904341,-0.015016164261650677,0.06449085715749675,-0.01750430767452111
7966,0.008608080569298592,0.111366367736418,0.45222187469487923,0.0074865590547344915,-0.12268567342797987,-0.11722941387483178,0.029310796311413423,-0.10748320974629127,-0.010151950086098439,0.03894901197817848,0.0628945779942687
7967,0.059101250219629656,0.5905460403356064,0.029858123017110196,-0.022870423921894437,0.02441283392354018,0.19049618149891523,0.0994735356005356,-0.048488717396980574,-0.13855771495301505,0.07751435231188933,-0.047864896546180424
7968,-1.5277307523087287,0.042968998371588595,0.08332479676531995,0.06871429674001434,-0.15003117518021217,1.8966110600618793,-0.04298364486393214,0.04241869307068698,0.0051237507760936996,0.016250132761690603,0.08954709734858743
7969,1.3140191620290793,0.02240245234826059,-0.011827112932546019,0.0023561287461837323,0.11124513590954016,-0.08497169043015729,-0.9243345865072408,0.031656334096114236,0.04623302635154501,0.04338527296210279,-0.06233732891841428
7970,0.9707795901303045,-0.010655587287165752,0.055576196399455415,-0.0441641083605042,-0.08479959004552873,-0.07086980829926372,0.07279604623306365,0.08711760688325688,-0.04278945092445935,-0.053651663439252255,0.05704024087382628
7971,0.5810914952507678,-0.05342201879560321,0.021717271863642824,0.02643219133867497,0.026088455348894136,0.09790028089792863,-0.051206346389787646,-0.03393709397329549,0.0530646587725566,0.016297642790512615,0.0023344598816316363
7972,-0.15718306598326331,-0.020116132964242264,-0.18083676811051516,0.08063166000968156,-0.15225543331424196,-0.03580105381258586,1.3976362258429142,0.037588351312566236,0.06653640374148795,-0.9762732214678366,-0.04524992626075171
7973,0.09827050729674423,-0.7045979936764825,-0.1986254660746557,-0.004900159533605676,-0.05217035608290803,-0.03242992765191721,-0.01641187717531439,0.033433250598752844,-0.07602557050913579,0.9856792192144681,-0.056681788124191196
7974,-0.16834266155493152,0.9241326862571705,0.04603180198814283,0.009893705636069778,0.030098444528296256,0.14242283702541877,0.10536303136893234,-0.5440091920746761,0.01799823420090826,0.06813758904994843,0.009676278644438048
7975,0.12942948723606304,-0.006869209105372127,-0.039517945246118985,-0.4067476857537263,-0.004444312311340887,-0.14007464835934907,0.03139396892893235,0.8588900304382984,0.040804180460143336,-0.0972887413603929,-0.03884339375939994
7976,-0.059899056034241206,-0.12845676832618486,-0.15501525875422226,0.7894833051047117,0.07291322406842303,-0.009917961482313163,0.15839087988723655,0.06449251875160843,0.12279491584012996,0.08995788310940693,-0.48079647472124987
7977,0.006895701216925974,-0.21165238910534265,0.10598557459742805,0.044005006716548035,-0.3227296791641573,-0.17547841904270534,-0.06446670180383895,-0.037342745735699644,-0.019931042521740182,-0.013595525891591399,0.8003850309753217
7978,0.09698386947532972,0.053901257319899525,-0.07220717612533363,0.00543605936184603,0.5736962519023624,-0.018775813981098993,0.09072310351482603,-0.08112353331661927,-0.23261066234122338,0.002269242278093485,0.0651804169187915
7979,-0.06882476263243116,0.22009177381070474,-0.10706345819173935,0.08278945548724341,-0.015537868032346018,0.0176265657889646,-0.0706960977118003,0.11431662449364781,0.4943525465159046,0.11976543935201277,0.03291478896883453
7980,-0.10527088323254119,-0.011600287189468527,0.618438486460305,0.21562610711888916,-0.035606780250742986,-0.020708725314393377,0.004705810190613102,0.08482967690267673,-0.05539101852244221,-0.05329544014670216,-0.10664122887494121
7981,-0.008856809429603978,0.006748192042132951,-0.028260606053144073,0.10386624542190999,0.01749258761707373,-0.662911618072262,-0.006799948493709393,0.02212833965241636,0.05738698009401686,-0.01595325244792387,-0.036044601162641146
7982,0.005425008083221407,0.03325752055219025,0.40365128703209824,0.07350377769060097,0.12124023812468258,-0.06498046044718883,-0.07047033424427168,-0.08062977818342691,-0.02854612022148745,0.07509972503723931,-0.20534330702373177
7983,-0.08703170490840106,0.7046374208143132,-0.11855868212846987,0.021324756538023494,-0.04395529416838119,0.1907175503489127,0.08645835349359463,0.046145247108098544,-0.03139012916398901,0.046151980708141555,-0.04991211606677811
7984,-1.863385455079233,-0.07764455975172237,0.014525902301619435,0.05121547933334368,0.06749364060469804,1.7300763238294343,0.16145430094477886,0.03114185178359581,-0.026190983453503614,0.07805470115589228,0.09516928027508662
7985,1.2722041153306067,-0.029814754990563973,0.009497927008340653,0.012094006442272633,-0.08850002839022679,-0.029165164236818503,-0.8881736959043274,-0.03871923608979801,0.07917495211157445,-0.0030263425043221964,-0.0064728472625279025
7986,1.1116499950648608,-0.12643309678184578,-0.052409109836366395,-0.027029464722908854,-0.023782437050437602,0.0623738429269701,0.03659368729291048,-0.054599804644808084,-0.10514041625254417,0.0012650620366157815,-0.21132272048905978
7987,0.6505239689833374,0.00675043673664971,0.014323588961851711,-0.06157485501761332,0.03586465157439777,0.08435986488639574,-0.050656114666302716,0.007920015593782661,-0.009849502360498993,0.009690804752077994,0.026611351078743403
7988,-0.024729763240775412,0.024067939612335616,0.01292025102187315,-0.043260104767645184,-0.00838809916778638,0.01477183473103686,1.150699290877819,0.07024935114501657,-0.14879423807769046,-0.9543814103873354,0.014369960160607494
7989,0.2437901554445182,-0.7867586036196988,0.09280738004207109,0.1229950459425032,0.1176594014759239,-0.11384584351303853,-0.07065998277029699,-0.000976731540714009,-0.12772060077227643,1.0612226969209533,-0.058248145970195106
7990,-0.03710132069245187,0.8415705578109222,-0.013792438980851272,-0.02774190835754442,-0.00459932155710426,0.09036939472740689,-0.08916022469576473,-0.6625944105013872,0.049555863830524,-0.0731693385028929,0.05419689896156102
7991,-0.02593398750722922,-0.07323088517060515,-0.012539156915330366,-0.5382679347603649,-0.053263343824740954,-0.14546756685476642,0.01906761549127578,0.9668478989738571,0.08444981609330697,-0.05473134261435498,0.022068771583298438
7992,0.18669324697549378,0.05053316282611886,0.07912177945085438,0.7976421202451435,0.1342620166451647,0.07678764033214017,-0.024264669282626803,-0.03532387851878848,-0.025575503864413193,0.09806659971113632,-0.464251623225638
7993,0.05978746591590102,0.03520254825894457,-0.07735803849539388,0.024324753069768088,-0.5631825776267246,-0.07916949475357068,0.20225751085575658,0.10372217310795001,0.21998826102805416,0.07767703786595881,0.9052756028566598
7994,-0.10543490767210965,0.025411579399320393,0.108182027128056,-0.06808086033072092,0.5838924469474117,0.003316934639254906,-0.17831690487899154,-0.10446637287621856,-0.2178311432733065,-0.08371809766617308,0.022270778062740894
7995,-0.016205883742608333,0.12997473255049605,0.15609846066112415,-7.568846459834154e-05,-0.03467752581940644,-0.10654769387174262,-0.12970453453586686,0.04896180572611264,0.5279006657849068,-0.06861744285853295,-0.010173308674650185
7996,0.10025456879795894,0.04855832561477999,0.5638997222125216,0.06697017391941221,-0.02714209152073072,0.21941000749832593,-0.07224854922427194,-0.13462935348594438,0.025649226043270412,0.04157966018535571,0.15367996333104794
7997,-0.00023327605481532636,0.052782026760206775,0.017923901506994227,-0.02845624043982892,-0.039446034419433756,-0.6359511320498037,-0.028587471344774455,-0.04744141188885354,-0.11755222852026424,-0.07084772160527415,0.03306554977987481
7998,0.0027959344139406785,0.02152441333504966,0.40960554883266276,0.118092227357394,-0.020728608476574272,0.02499923140849778,-0.056995760105610714,0.027058349003939587,0.13114007734553576,-0.2619426633493737,0.039758123269788344
7999,-0.021845248370987926,0.7055501305766844,0.17456221849466314,-0.008663046407803424,-0.04800116229198388,0.009220405051243621,0.09615095302549537,-0.004180175148360289,-0.019517884508814566,0.08829353082880251,-0.004149479887808607
8000,-2.1036872263961346,0.13694733881232282,0.10817093763694267,0.048256111274236124,0.10125337347498525,1.9072518485004122,0.058269010414882846,0.0591142244564114,-0.0024837304821951397,0.1144908948687084,-0.01583355617467422
8001,1.2281775928915444,-0.05823073822814353,0.04584826868461724,-0.015243114595555114,0.0120948697594157,0.14991251367528655,-0.9701113135873757,0.009518886998314276,-0.13144637256971164,0.027130939163145136,0.023940544022962654
8002,1.0323992050693052,0.19349784213191107,0.06412643393031302,0.04753201679391088,-0.042782400030192846,-0.055666392701867184,-0.048529174821093486,-0.020674655467727624,0.13469119595184895,0.039732275890730966,0.03697950060360752
8003,0.6873597043740345,-0.005524830800099358,-0.02036944370345627,0.023762962483885562,0.03547464716973868,-0.003402880829814159,0.06115373803946794,-0.048034716102252586,0.04912259234323174,-0.018501384867476003,0.05085953099807569
8004,-0.03785638081668776,-0.009867729771406888,-0.2221290019486575,-0.10070983681180477,0.03198571846330413,0.06776249760838435,1.0884439341506087,-0.06309869234469688,0.15645795431454407,-0.8565519433245322,0.028233435010007
8005,-0.09354572224254044,-0.6397052463912413,-0.16938378200168328,0.04210889770450551,-0.08149232435739685,0.28142937523605954,-0.07554944820747655,0.057988991401402165,-0.06093967362551813,1.0176913343926046,-0.0725231027601352
8006,-0.12457303040029445,0.9150226792994122,0.10181639380518268,0.01409306596732907,-0.04245414705811547,-0.17383284722183254,0.07096819477543174,-0.677740187799393,-0.10655813093993395,0.018889449345533934,0.020654476557246795
8007,0.026184242551803672,-0.08047549237877097,-0.08005376912217492,-0.3803060139103437,-0.12731077876297214,-0.14519045330965838,0.11522797090029048,0.7992791446924237,0.04047625421953266,-0.1438552271067436,0.009597823650133494
8008,-0.07921912137642993,0.006795391125086118,0.18069160308940563,0.7691893563661499,0.017444341528247122,-0.22205273398965797,0.21981779198270118,-0.08692945946839178,-0.027316593494446813,0.10848095394035198,-0.35897558994681744
8009,-0.0985538620200216,-0.0351829625359864,0.16814418956255134,-0.03778207725543004,-0.5348585168479247,-0.0950530562567262,-0.07385357015825467,0.1621590609478115,0.12204040106819168,0.0757009795938176,0.902463450358118
8010,0.10756581942824793,-0.026968354345880068,0.035778059329819076,0.05725662610198448,0.6065705238328075,0.18204357431989115,0.04302938789517832,-0.060214832744915806,-0.2404854326034181,-0.19535402909374766,0.058628795679711604
8011,-0.22564108997070179,0.00636227321282538,-0.004259283476701667,0.12127872683707919,-0.028068648177600585,-0.11756500216431094,0.07515338706796812,0.07733921411105632,0.4719949298749995,-0.036850947540573054,0.09650663042858065
8012,-0.13533527158945047,-0.08516488182565908,0.5440333092535015,-0.1769398877074774,-0.025440753369062593,0.0790839710177793,0.0025241343198558934,-0.010171712020980444,0.15255556386025695,-0.09340942704438097,0.10166724108286378
8013,0.008205421151784416,0.03717438752735183,0.1255733117646338,-0.06818062874506194,-0.03924926906978188,-0.5955923978431668,0.014215033727650152,-0.023527615938870778,-0.14797541613355963,-0.005986452383960646,-0.03609680357806004
8014,-0.1302088406326847,0.15462134253838136,0.40475979318131267,-0.05530634277882433,-0.027517402778348323,0.05831497308463243,0.2866396616075757,0.08551304374091294,-0.0012776846407186685,0.007492089742929926,0.18596571055962235
8015,-0.04017409520824619,0.6448891998652655,0.10378555094192823,-0.02680489123391582,-0.028612343181788163,-0.005988904608260889,0.014626539329303894,0.04330239454866472,0.034890805831944316,0.06289997871981585,0.06434170285635438
8016,-2.0398716045499152,0.03184866099585243,0.13393807322512827,-0.2316608956251971,-0.02140460565472999,1.9283372533169025,0.008011609510242518,0.01831833112124289,-0.15190043942319015,0.01133131461582594,0.07130820837064711
8017,1.2788494944641695,0.016288349196555765,0.04841384608716587,-0.0357518295692792,-0.03505440258919676,0.08289852394345824,-0.9521143608577223,0.039777453680003245,-0.12201216178946608,-0.10008396042885792,0.027480785547672287
8018,0.8516967320813627,0.12718161454420918,0.0042153733989357175,0.06483476537612543,0.07589806175241802,0.051253447496475535,0.039508775856140724,-0.16441515259549264,-0.0727688956726276,-0.06319522815637177,-0.0029936734175639345
8019,0.6765591644047466,0.0006573017579394932,0.042631200248799066,-0.06253713451197711,-0.03185789536297091,0.03646851298112855,-0.026812051443338425,0.06222031743618652,0.026319210587463435,-0.01932057767757042,-0.09494717046911465
8020,0.18632227165184564,0.08843590085327618,-0.0535709777455292,0.07910613170095317,-0.1253969949643834,-0.06712155864976932,1.338144548551837,0.10452070667672556,0.01273046053003926,-0.9993505198186654,-0.0027347726503358974
8021,-0.2347562366473242,-0.7082420916099018,-0.06591711353623447,-0.09800870446550455,0.006103335737752423,-0.004441717729853047,-0.12170869977341628,0.013453187936532787,-0.07333807776584454,1.0026306454191345,-0.015497482045079499
8022,0.04794059256431061,1.0115604867513492,-0.014366791459746052,0.05443863270823002,0.018374555654235375,0.06282237560104037,-0.013349358456730359,-0.6902149798071483,-0.0017647450575857017,0.06522159948376662,-0.026354979747707785
8023,-0.13028908401649858,-0.0016755280964230522,0.06015085494323284,-0.6187174161904485,0.07322276905847559,-0.15444133165941637,-0.012619025915598672,0.8505222371524654,0.024234533667532625,-0.1065516260622828,0.05381787610654785
8024,0.18465667238483813,-0.1159522541584457,-0.030816735388394453,0.8699377784760588,-0.010686767004069368,0.005573301283860887,-0.2168592929336942,-0.029025196918306472,0.18809039644965025,-0.01184297627627844,-0.3551590964632444
8025,0.028852980895456102,0.014136686459502619,-0.008313149429301996,0.0005893969764784578,-0.6229088693256599,0.017184689112235793,-0.013518379767862314,0.020389598142112816,-0.22030052289676674,0.20412059199946453,0.8837235398787435
8026,0.19067827060351258,0.05562586895309478,0.02118254193335369,0.008161169628555127,0.5833599693195844,-0.022990560249532686,-0.02242490215443334,0.018963021804741388,0.03884100587005021,0.09310845450188084,-0.01639491732390886
8027,0.15635787183319316,-0.030672315181284042,0.09661545899188943,0.07210078879607057,0.06339966418281127,0.05403848585110885,-0.0677372905451468,-0.008851163629440632,0.47138665511189265,0.14992844559503596,0.09613960596610277
8028,0.07717167926266255,0.13740952625829264,0.6083764056352273,-0.01592670708160757,-0.014037744246804335,-0.03439681653000691,-0.027665372497289925,0.0043407983097296775,-0.012983457096497873,0.0689924361263846,-0.0505724722847273
8029,0.02711841481973603,-0.012568509614528977,-0.023224993095436373,-0.033005530465871076,-0.016923548069453218,-0.7617698681423385,-0.04575584030561652,-0.04746089579983556,0.11534412013537776,0.011425410423068355,-0.02000929309586904
8030,0.01813732433751555,-0.19774694302908688,0.4258436907041056,-0.04154979917451787,-0.045072677218053823,0.121923423110126,0.007184669792729417,0.033202529603358275,-0.1111972779663077,0.09403651497348361,-0.07785258652917935
8031,0.16418876933329635,0.6592259666271887,-0.014648040446689095,0.031695353802969416,0.0008682414910750574,-0.2515317992801463,-0.011981326543951148,0.03188566063340421,0.015744842621816843,-0.05659641525033522,0.05013694901035872
8032,-1.870983104685962,0.028092154994427722,0.04939868453310138,-0.15322224257402925,0.17758125674232628,1.8164535527645733,0.11536251304544239,-0.18156888561638354,-0.13656469986227146,-0.07582048976461772,0.001366602015991705
8033,1.582576610986622,-0.037260635336663725,0.12164200404548983,0.03268283889623112,-0.047350786115774104,0.043218018679717495,-0.9808207457326614,0.02933368177444205,0.06875232153293824,0.034969956188031864,-0.06710871736029526
8034,0.7706522441380651,0.25273739623534297,-0.18453387521482997,-0.12294994493629582,-0.014222332286040005,0.056625584446530215,0.012772533361695945,-0.11723357358683592,-0.029184136506540073,0.09680836773062924,-0.07642181598823704
8035,0.6228396383250016,-0.005835482083731809,-0.034913521132309965,-0.020728908494730632,0.02229700541895584,0.10676616655745129,0.003644025968475471,-0.010240690569863282,-0.03698881713664229,0.04453244127896322,-0.035637824035001216
8036,0.11745833865298834,-0.008601726910193863,-0.15913685932582014,0.11516005563724425,0.08227290906550784,-0.01533146447962521,1.4603690687004254,-0.004352901646486898,-0.03423986935726792,-0.8958008550212688,0.03151377193565341
8037,0.0956176371084598,-0.7650747537899378,-0.07451920845765733,0.005924891050706103,0.035367219640724014,-0.18831961992761648,0.08069978755032384,0.05436653732474314,-0.012376188417376553,0.8947924434545933,0.06312493880469813
8038,-0.12060457515135177,0.9475136722320665,-0.04244866069246733,0.07338721033404859,0.06889203583095135,-0.11466932052401951,0.06617752979778234,-0.538937152714661,0.09479483932852498,0.020759542811851474,0.005747972726109554
8039,0.0322611200990634,-0.03513119575349478,0.07014567573821577,-0.5866338316262009,0.030614120521080777,-0.25280693535514975,0.17704464186440702,0.719171557401518,-0.04403646877812571,0.005650247438038627,-0.19047636677680949
8040,-0.14207305040138427,0.061012853465079,-0.034269220546994786,0.8313114708543168,0.0712596321587271,0.028101848161310915,-0.019191968342224506,0.02057161555410709,-0.13920766946823118,-0.10100186741558372,-0.4040810751065444
8041,-0.13355893225302815,0.14531790782531442,0.07605542815800181,0.016689285766032663,-0.5117039252623461,-0.11684283803484044,-0.21103753866752906,0.013064412675703834,-0.06752674527690121,-0.016544997284816218,0.8970081866755942
8042,0.11671048751973119,-0.06640165410533896,0.0034857005082262645,-0.04041066453801933,0.6241508454982033,0.03824264574068541,0.07829297558644582,-0.02177762416561581,-0.17307364484433907,-0.16384960026268558,-0.01288707668683557
8043,-0.06650851140094458,0.04990206855543713,0.126883189318236,0.006002863426588161,-0.02927229106120687,-0.06944283410990165,0.21044566761103767,-0.037419454189806446,0.46869004327925995,0.027177769195310432,0.007287750503320653
8044,-0.05203496254996854,0.044743950103198746,0.5827838356971693,0.10775882958280131,-0.01160284364574534,-0.09199019850229388,0.11262765580151583,-0.005669808113805757,0.016959472497600114,-0.023245856116079915,0.095099646691585
8045,-0.00013851327875574943,-0.08449155557830669,0.22940712294574198,0.03334742055875532,-0.002205441859127679,-0.6649031226247741,-0.015510315545577425,-0.07084942707951805,0.004471507222042306,-0.07362877829728587,0.038020628779081696
8046,-0.007282116470525686,-0.03687102613524612,0.4533860209139333,0.08088392193518526,-0.08338534565404065,0.2124944058679523,0.014825950892786276,0.1564508420118994,-0.014065480434318108,0.3278310548550922,-0.0527755046554019
8047,0.011770833723926866,0.6816174610522064,-0.04954847830294445,0.019224992039594848,-0.05524436905012986,0.3369793946143908,-0.027837133088185903,0.0008374131212855419,0.020605821345760233,0.05820347516033104,-0.03777111775460636
8048,-1.8045797272099313,0.13113652464932388,0.11365514158525697,0.0812323890657975,-0.019834277666618154,1.822779300858674,0.03891335960529441,0.08426281348664598,-0.022797081441719744,-0.17057941425861406,0.004160605478392382
8049,1.539213201193164,0.057392022740331936,-0.09645478731255275,-0.00372972190970093,0.08078593407343894,0.15744600513106952,-0.9473056380913004,-0.04139212688603411,0.010414186460848138,0.07310695941035769,0.03740971200869429
8050,0.9712112859800103,-0.11246431222943333,0.03334248858253794,-0.08931350543844072,-0.08958437576024815,-0.01084071154405604,-0.04342783634912911,-0.05662947320272701,-0.024237590424475073,-0.005240054152294021,0.1569695361599754
8051,0.6087732350811985,-0.02013432779866966,-0.05030127883840388,0.0033371314140747737,0.006986759872284879,0.024302614246577873,0.09397609887885822,0.0468966364891652,0.0025211874493026986,-0.016572100402737072,-0.036658363200323826
8052,-0.02418008954215669,-0.029303429376279666,0.06380080775403905,0.03909851166089652,0.012776901224331965,0.10088993087786546,1.016364436916204,0.05725677253099051,0.14430570261243963,-1.0135308031483719,-0.13034775255024805
8053,0.12960025744822923,-0.7695667007331568,0.05332710941313011,0.0358725163762496,-0.11903418867967092,-0.04215912493268388,0.16575379098611695,0.0733483682030345,-0.018727540479972545,0.9167796612450971,0.09002238438545744
8054,0.05430519402969966,0.9110187584476124,-0.1187205289034972,0.00021416631031309554,-0.022222832207270653,-0.10792551582480521,0.14469550129399922,-0.6060533577307059,0.05109851153913425,0.021552261540359358,0.04353266319232408
8055,0.06687028580159401,-0.010030525300147938,0.08984605192440347,-0.7328714638477696,0.05382807315687147,-0.054808676840473185,-0.05756952483300367,0.8080603521803529,0.05595042754694654,0.03152160331599432,-0.03273471285497366
8056,-0.20667918615850622,0.0121045926883373,0.09548411440238809,0.6965713010144544,0.08823454470755335,0.08833604906292067,0.03012010434512413,0.10500064206889205,-0.06107443039212798,-0.04712048449129679,-0.4799977955865526
8057,-0.030105921895285555,0.040956718690555886,-0.019733263190743793,0.01884811328562855,-0.24487567139348587,-0.23751837741655907,-0.21953778575968114,0.0628723192162595,-0.046549136015009776,-0.15360782197421988,0.9232121932967884
8058,0.025205674239039143,0.017643764117693285,-0.01864040463640334,0.019908769331209785,0.6502502906009231,0.12860284381245252,-0.014015402036515502,0.2040524937155969,-0.19501342731782723,-0.07651041094932155,0.08705068305040173
8059,-0.03666840223113961,-0.00029561891570393985,0.0018552293341515258,-0.07623595934441954,-0.007061604079577255,-0.1419103806387256,0.16991928619711946,-0.11175443643352267,0.4675480413304949,-0.006561650960268831,-0.028717526809835293
8060,-0.22925774878941427,0.16704772658228068,0.576054504720026,0.058641676365934106,0.14202288133678317,-0.07268645685576841,0.08772105976864172,-0.07082292068276227,-0.11254333627636262,-0.04320971696176995,-0.02841671367674893
8061,-0.014059393028489516,0.02074351798611405,-0.021225964248001144,0.07132567730972143,-0.07535243914513146,-0.6550113993325629,-0.008605189194163584,-0.03966987173097034,0.04747813484827719,-0.020745381998446548,0.08747904603685976
8062,-0.07052020572819569,-0.13556857586141657,0.38294803641126185,0.015482812643127463,-0.07684174754803495,0.024591511851587478,0.1317754790318094,-0.047692575609302,0.08779925255970666,-0.012402190995333002,0.05519787355749235
8063,-0.02835224872765705,0.6478220957425367,0.08304679247744243,0.03967052517136837,-0.013886018629031185,0.04116534926785873,-0.04573429328409982,-0.0018730120129032291,-0.02008487332037698,0.017748608965627546,-0.025386479497929597
8064,-1.8469286852498046,0.0992982453712258,0.08240794499907504,-0.03399903258119077,-0.005417328767499928,1.7796406361399948,-0.007811727271128381,0.16995256042916618,-0.039850037302386954,-0.0861426372225317,0.1214265564412626
8065,1.0688495093231147,0.05050579624408643,0.006618029589149643,-0.0964622108981536,-0.00767827400531672,-0.055240894466825674,-0.8634279609505844,-0.034694769017207534,0.012652006123720432,0.05721382052831677,-0.10794890625926941
8066,1.0363905995770106,0.04734727155817193,0.05942295169621087,-0.050607211186609005,-0.09034851334900723,0.016327197422234794,-0.007561134670401555,-0.030648376454324538,-0.13705428814156637,-0.03763142010483585,-0.11770093063705007
8067,0.5513265961314948,-0.05785576514884608,-0.07602376528952194,0.0381262006512819,-0.03662252085653164,0.021364132108369033,-0.0023239878489548903,-0.09512630651669184,-0.061146464019985684,-0.023075665801682452,0.02215363310812742
8068,0.0297873597890441,0.12577776294544293,0.08853613781308406,-0.03723106051192924,-0.12065313584440349,-0.033322819913464335,1.3137962870167141,0.08547613217310035,0.04650060687892224,-0.96239344509429,-0.01078109517365803
8069,-0.05117575288470436,-0.6531439342098911,-0.18653915931966109,-0.030044583186314554,0.07434253693005335,0.033493690358523134,-0.04177599792913775,-0.026167160601032934,-0.12723913952503013,1.0437677690726626,0.0022561266384145025
8070,0.1975288535944569,0.9888777360888662,0.0887274082754497,0.0008604593498670061,0.00734975143994836,-0.029337775584913642,0.0604014967462883,-0.5769582361980128,0.05635829980683549,0.005247483255811045,-0.1402175125561948
8071,-0.20165022404244168,-0.029883409662859902,-0.010810461268525012,-0.5660710018622708,0.044994459141709874,0.09674993840995613,0.008423001131188662,0.7862851127375465,0.07193045979878618,0.08803586617822187,-0.045946620881287696
8072,0.17842132903536684,0.16265028297179424,0.09058988758615968,0.8024936687585716,-0.06235346554512298,-0.09683316275458327,0.032749115683641174,-0.05681101422170453,-0.07175920958313299,0.05674300884803102,-0.5420918538058471
8073,-0.20968323631036453,-0.16167000448045238,0.05986133016882181,-0.05546738845520999,-0.5090078880885777,-0.025093181405507942,0.12738019285082772,-0.12901511026520196,-0.15481318399834443,0.15626123953745533,0.873578247589183
8074,0.15203299111461907,-0.1481641057172333,-0.04237360456478734,0.07763943025367102,0.602735600335066,0.12443353616669538,-0.06177526991139948,-0.017975348851359013,-0.4633674134902702,-0.22153514434741883,-0.035611885749860024
8075,0.026564134674845696,-0.11122357048496309,-0.3150556788219861,0.02912006957266511,0.023275680898388214,0.04773052462195231,-0.05910640452384183,-0.0471151666715271,0.49018753493166145,0.10088247729368463,0.07261349302608942
8076,0.013077470862894848,-0.009518013628828615,0.5631852421621353,-0.18480092976921836,0.054017853284104494,0.005633231522400483,0.2200324286600413,-0.025199674390348585,0.034138192641805086,0.0704151170332437,0.06524784583557194
8077,-0.12035077761460711,-0.09004435177173173,-0.01286528003768999,-0.03228423072262823,0.006876461531044547,-0.5918664927472712,-0.012227792699842713,0.011660632226398435,0.01791750977755651,-0.01455535222271162,0.05241250252628961
8078,-0.03714047936706939,0.09595251445237664,0.4132045514822323,0.051196700249635296,-0.09014318069976322,0.003400941959887459,-0.08813518294240948,-0.16849744456523036,0.032623407973805495,0.09526891020910744,0.053123694051965875
8079,-0.01662473245537384,0.6901787331530317,0.05187565764976318,0.011295281648966437,-0.011451188612318138,-0.029444625717788747,-0.09509028093550963,0.0008065350231920114,0.04457765967719031,0.07393301801932017,0.012062534048011343
8080,-1.8541267480513821,-0.09679653101628269,0.016595706792306927,-0.1641052430823503,-0.14587916897885897,1.6288537774823117,-0.04053417371126809,0.049351082717304234,0.028459466814148307,-0.0673388481595262,0.1111864906703367
8081,1.5450582046638208,0.0898953524400452,0.013677487653627734,0.01416868840953088,-0.03934114087543907,0.27904688505896375,-1.0417029964913136,-0.020417977500145776,0.030641580901428433,-0.09688529802990936,0.011045873129156537
8082,0.7656114781898543,0.013093641375181425,0.16192802383690544,-0.049739701529595726,-0.06282370183836829,-0.16734716714014952,0.08243063636165904,-0.01751845889065772,0.044251810223272015,-0.031124230465150775,-0.05296794423040254
8083,0.5789849017568814,-0.03627486865012495,-0.007821101446100556,-0.07535537503724447,-0.021851177136290704,0.009246352411768632,0.0005375035497353787,-0.06314024941674655,-0.015892317961378053,0.0182939222704736,-0.03409187448041156
8084,-0.020715122287421124,-0.011125498646676106,-0.049850702119557895,-0.002141135281606524,-0.0008080987633289137,-0.0686733230326621,1.3990356499099301,0.033531880173727886,0.003698860858009223,-0.8638654918142609,-0.04020288438845564
8085,0.08502142836841278,-0.6485797570151092,0.11677216079817589,0.01888875425143944,0.04001848608948075,0.06420926145870727,0.037377905399760186,0.02294995170336905,0.013404621214808381,0.9373484498751352,0.18415801923504005
8086,-0.05850611023193196,0.933802650259517,-0.0860745806002753,-0.01600517541145531,0.004265380900816,-0.05194693621786958,-0.028432929178570487,-0.6902174915603104,-0.038066800602626766,0.11328514464430828,0.006547905017965558
8087,-0.2473930655679292,-0.030159172956787075,-0.037170196309414434,-0.551405899200317,0.06951625456757803,0.10354916162111902,0.13169007868522636,0.8774577673268524,0.05267328067914584,-0.1978874618469883,-0.09961728200250003
8088,-0.19509409950255224,-0.04507888721368693,-0.16771906382732865,0.7282828848033367,-0.007737075229502603,0.010056332752441369,-0.06276520594082458,0.021751447652842204,0.05382341163381092,0.010980454284632724,-0.4559411390257259
8089,0.12246962040978154,0.08584753373848039,0.09049934382052799,-0.042626222495410815,-0.5754829944710924,-0.012275070300575338,-0.08202261287831987,-0.07195314637922308,0.02010629801852593,0.055446236078163715,0.8696145644248682
8090,0.01930236177485221,0.06102568294256025,0.02537118786627379,-0.08123639528718478,0.5774710520339968,0.13123630588717727,0.09843270053187962,0.03296408126355995,-0.12610230769470065,-0.012255767157161701,0.019800112104958814
8091,0.2193439506575746,-0.0690562816313117,0.02941437104381324,0.007799608254793316,-0.010289965150369883,-0.049310410708979624,0.20543618656258236,0.018931043599243115,0.4859887431295601,0.06377486693619659,0.03664262803014143
8092,0.09713866423813981,-0.11686240488069598,0.5486813645325513,0.023977516081401605,0.060298953882414325,0.04729815217454707,-0.15693423465477235,0.09688301781868236,-0.1869179193672474,0.05988316752079569,0.016546422664829946
8093,0.03714454830245215,-0.06336418854764202,-0.17143251135102716,0.07024129921383228,0.1519402318371052,-0.6860303661602277,-0.026150899983677065,-0.0026999972667556675,-0.041117529792442487,0.04524112178127089,0.05254948308110334
8094,0.07698313203422653,-0.10145321764661161,0.414770165857973,-0.0746391453491965,-0.06439223893021362,-0.19806156705030672,-0.15684856491069443,0.03173325578284343,-0.06751368932630632,-0.004317371497506424,-0.09604029136326797
8095,-0.021031307886332812,0.6341062418866589,0.02535302773061794,-0.0037512364297266365,-0.057076767612591214,-0.04609031741029898,0.03687038251671107,-0.05530339365521751,0.00897804995540026,0.011007331224604141,3.4333001998029236e-05
8096,-1.805322208485772,0.0486046721926926,-0.04954725709218222,0.02785467617889609,-0.04643063727875253,1.834570194227033,0.03812035175567374,0.03711829977912581,-0.04121563522397543,-0.04784367805404747,0.0047529884320546365
8097,1.4085507142842697,0.062021349312227185,0.06559122020070432,0.016391924810796977,-0.06996971834230767,0.10143677852131867,-0.845730692931951,0.003747716362912813,-0.04241169592954926,0.020857604525479335,0.001143294078001898
8098,0.6783213848431877,-0.018277647667552133,-0.015307548266766363,0.06692814677484182,0.15675539742175748,0.07594142596948547,-0.10957669879054739,-0.09029129131771632,0.00879725433205683,-0.01570013745778512,-0.1291271783283568
8099,0.5899049056728247,-0.0376389115300849,-0.0625929104174054,0.009469891990744383,0.10982673993568014,0.03355104949750913,-0.026281079696010956,-0.011206444305689319,-0.10052828971997449,0.0011683309241233304,0.0015591284491649378
8100,-0.25714732721006117,-0.0017458225130938736,-0.06335777413659179,0.028134317661990683,-0.09329646437074662,-0.16118924157392678,1.2214238668314055,-0.07986467450626371,0.013165456651584256,-0.9846062129924644,-0.006155680274898054
8101,-0.08304083881213069,-0.6649474988770484,0.06891373905644596,0.10326169899810095,-0.1296183560650496,0.22779715898515504,-0.029646180227343357,0.06014962828719816,0.0477697453230673,0.9008852941191037,0.13927429466167385
8102,0.06833554506086685,0.9879743171051564,0.015262665147888007,0.006703276482463022,-0.029437868404401896,-0.035873400501493645,0.0180411371942861,-0.4854664607326046,-0.0980499874636552,-0.04624523438168962,0.012455070412506129
8103,0.052880152638639946,0.030068206605038696,-0.04182017624630615,-0.48175681193803654,-0.18475426437433956,-0.18605751760936082,-0.07250421765343064,0.7645282954799857,-0.005175902390505683,0.036737812960165234,0.04204419477128612
8104,0.014141461316143304,-0.012378325983739984,-0.20586870668204535,0.7893207204218989,-0.04012540389241638,-0.1202931802041381,0.03253644578793079,0.014756655436518693,0.07757383698729997,-0.24522677289900197,-0.5471049878577642
8105,0.06423223045409145,-0.04061066861246026,-0.0036733813161074096,0.09160773204869754,-0.6036135096888781,-0.2144284740529689,0.14949127170379298,-0.007225619993065575,0.013405939825966683,-0.021207193739534974,0.8405748520568184
8106,-0.054771387724961644,-0.06703691121679141,0.18552215370560898,0.03750364909777634,0.6118246674976643,0.20858712238096525,0.02806175104338152,0.030922889408099445,-0.28990117979485025,-0.02180266496692155,0.016414981923564012
8107,0.017607771471640003,0.10874892806563535,-0.24175653080084425,-0.03828417465952649,-0.023912611386733944,0.17407412668032116,0.08334359697737921,0.011572974708810427,0.47552451756816205,0.03737365037381083,-0.04724981215445835
8108,0.028565466801206644,-0.12928537383617897,0.599143079496744,0.013186691830923513,0.05751631186892965,0.07060182839920277,-0.1131270406031501,0.08414188106304746,-0.007126053239274677,-0.1879034875240136,-0.034757034795781495
8109,-0.0836495001559297,-0.0030264945952528702,0.03119858687401552,-0.005362515847244361,0.042416162772868374,-0.6688951924690497,0.13839883375926693,0.02663527932408523,-0.03514507847334641,0.005104710109279062,-0.12140501295442326
8110,0.11534294582533958,-0.00448979023011193,0.4307836067160913,-0.06100627887900106,-0.029160646790106676,-0.012614007969203143,-0.07951873407313013,0.10357396888472066,0.03891199240494532,0.00865747031251893,0.1138212226315647
8111,0.1938956541940757,0.607889996833662,-0.009721763673080508,-0.03370584956779285,-0.0018061385359703268,0.2452612726074434,-0.025091671891505164,0.010365014725054186,-0.013354863023342793,0.1061265941683487,0.037303110940806315
8112,-1.784787433693559,-0.10917937544928598,-0.10895808645675537,-0.08019370571970207,-0.11723562223932182,1.5958805004362775,-0.018777916000812876,0.026623682365304185,-0.06591519926393498,0.0858944001069206,-0.08839168622933444
8113,1.6494303715536656,-0.04582876292950464,-0.018309212736844802,0.05394305034586967,0.13248398168707384,-0.17667053370785826,-0.9602781567403413,-0.0034229136002583435,-0.025785834141106745,0.007846973732454193,0.017973021501585345
8114,0.8320948093509384,0.13278929637704037,0.11504842705753791,-0.1431880827178595,0.09374782366521252,0.09910358592292752,-0.03450382634626876,-0.01665707860208156,0.10687243010949166,0.17421491580608406,-0.012187382747470315
8115,0.5763004486897044,0.044148735810425235,-0.0010050271285793454,-0.0022848512099958116,0.011333790503524146,0.045324193552741074,0.012058208025575041,-0.0018470040724043908,-0.08541638734735904,-0.050655317805761324,-0.03347917152777182
8116,0.0885075624713446,-0.18693385790876266,0.029588001725139028,0.044663531135538385,-0.02543270227076485,0.039884876019866705,1.3959457933868513,-0.179891240327788,0.013149106254673226,-0.8522774779460182,0.05554988661074213
8117,0.026710758164548595,-0.764163936491249,0.01956587346976081,-0.13019552027828474,-0.12757368039550424,-0.12040376553105293,0.08407833443568294,-0.06632048735172037,-0.015856682576433738,1.096144817452303,-0.04518803397436251
8118,-0.0022287058804414638,1.0459815446805296,0.014486458535821518,-0.07326825622291135,-0.05712115348139833,0.08121406581774235,-0.06285625395228528,-0.6128038223734507,-0.014682057327670858,-0.05691546817617516,-0.05041029008448112
8119,0.0808105718976588,0.18317231339656243,0.0970728784813133,-0.5701235208930424,0.08388007662579851,0.0057098795430068055,0.07939019647897098,0.7625493045633029,-0.014413964842517996,0.07366325406462015,0.06372743024109592
8120,0.1619030696982744,0.04318978099379863,0.006718780009430883,0.8783249140219085,0.056547260426958984,-0.06441917844996141,0.016794915189929552,0.01594084344704112,-0.03601728837981705,-0.0924844292873795,-0.5416946551152269
8121,0.07319986381702696,-0.006662290535209506,-0.1958801364317696,0.03760225032319903,-0.4886513724561401,0.007688130153626538,-0.03737459420008381,0.008534442763823504,-0.015460559923243071,0.12498584679974514,0.8589913326245826
8122,0.01628985739835784,-0.049046535250066185,0.21240938378794966,0.07668599607161401,0.64863160022439,-0.08739007027213147,0.1169715383521005,0.06595596273868803,-0.09356950639075476,-0.0665136059164266,0.04512478334635354
8123,-0.23742441103994907,0.17146507544066195,-0.1569192857314005,-0.022605642993542462,0.011703993783950059,-0.09601396612952467,0.1318988730109432,-0.07527641811149058,0.5160061011951287,0.0010684693442784571,0.05671526596473735
8124,0.012504034809746701,-0.029438273729101017,0.5601489897127799,0.15084741007227903,0.0252558746274618,-0.028649061600986313,0.021238090908884955,0.10333685912452885,0.0327526242689816,-0.12337094000935456,-0.09643487877238123
8125,-0.05775365519703092,-0.07441588408862347,0.042681615388745854,-0.05885387113475626,0.07694981742132542,-0.7021780218370706,0.05717192582985233,-0.028990624757334323,-0.04251101327605038,-0.0069394292438018715,-0.06693814316778143
8126,-0.02505550012258775,0.00018972905349828179,0.4440259802836402,-0.06985984260840282,-0.05298512448524081,-0.016595330077818785,0.09177895750745187,0.08160220369870597,-0.024290465588229587,-0.019926487620262202,0.014761771549552613
8127,-0.2647298267759152,0.6284620793172981,-0.04444724135815838,0.006127566852877008,0.012087155306572717,0.08176130004303478,-0.10026707682641732,0.007906211280206594,0.03613322634008956,-0.014424747638042865,-0.04635063644099466
8128,-1.7382598414121904,-0.005620837600879518,-0.04951720357265679,-0.038128198465461546,-0.05281708777363544,1.9353397655137112,-0.07037050420678455,0.09377378969871288,0.11303488419801219,0.09835969901361864,0.014739704118271262
8129,1.4398186401427921,-0.040399237869935045,-0.12591662391663594,0.01861567116454821,0.12808166032311324,-0.07720667544526658,-0.9167760895834123,-0.0015421134826903767,0.12684531600102755,-0.04631661625507612,-0.012880445362200493
8130,0.7987840881381576,0.02894530177764079,0.1486956740527279,-0.07707597782430198,-0.019208084189548783,0.025410186271245055,-0.04322861020880846,0.013202484421001557,0.12800733941035425,-0.1543346243167735,0.06476231001451305
8131,0.6256531026187421,0.009413677753086389,-0.020457454386864686,-0.050486977033872664,-0.0005723454914844895,-0.004350434047897478,-0.0010718642881042209,0.022310200887750258,0.02951381909379982,-0.03744058435835621,0.00869091583160812
8132,0.06083462025934741,-0.07266788388935003,0.1718860700647113,0.045885016753509054,0.027178556957961987,0.10337007210006191,1.2517429032741612,0.03581685264868708,-0.024003202702130296,-0.9042240193932264,0.00026541649364088303
8133,0.021523669587086024,-0.5774000493133751,-0.031175502468051886,0.0877924003296645,0.12313130978455697,-0.07443123820504492,0.042401127252536544,-0.03394983014151699,-0.045947026035188174,1.0082484781745382,0.025992418026799895
8134,-0.06281480148915425,0.9685363072979225,-0.09201636905388502,-0.03367248683172955,-0.16636803566436145,0.235098846028732,0.02202512254481743,-0.6096789806214702,0.07044476527376024,0.042947937452840035,-0.00015533870004074942
8135,-0.008588763538598953,0.06388252789573519,-0.03026791931282516,-0.48221199273476,-0.018930543032095497,-0.016646540428061674,0.017001713946393722,0.8419013947552926,0.08488497548949486,0.05940684176388134,-0.08922305912735212
8136,-0.033233397633772206,0.10874717130248023,0.11134343220941059,0.6963308188422367,0.07396347821877806,-0.05358478605935084,-0.07902462750483971,-0.007417550326810445,-0.019738476159243245,0.0038436892154136834,-0.4765669696336573
8137,0.21111761443564336,0.05564829905483258,-0.007651894248170227,0.07394796744162016,-0.41723333558419895,0.2207981293507566,0.01195643044401146,0.09626813946511625,-0.008463098051864,-0.024232479408809106,0.9434665148003446
8138,-0.1527386344657198,-0.02249784712684766,-0.07261147748175079,-0.00979491546651616,0.6247646385684219,0.08037102767732943,-0.079324889951685,0.03222269849570037,-0.22809519509875395,-0.138860407455636,-0.05755503679607386
8139,0.005074909017455103,0.026795133892688793,0.06765596680014759,0.05118851569640109,-0.06718775624906292,-0.24378340034531798,-0.07650540036111696,-0.028806192331600103,0.46090258674770246,0.1120759581243121,-0.04164002551484294
8140,0.07142043010606088,0.0006612233334611934,0.5937979396272878,-0.05013559728616471,-0.009334283762060462,0.13660629189344833,0.027771815628470684,0.07057689608882374,0.04458879867727328,0.09117887656169033,0.0891736125502105
8141,-0.06418305416884655,-0.014969207996591308,0.007964383482840938,0.0455045321713338,-0.08826970646706334,-0.7189485549874476,-0.09102751186223923,0.030621854267645698,0.04987608977001909,-0.004594019195356073,0.034537873224128005
8142,0.14508732919312559,-0.1497824854403955,0.42574668468501486,0.07761481002617165,0.1477808515310307,0.0994126689824326,0.06703714123714535,-0.10607366101611375,0.04390577242074903,-0.11101994249098965,0.022076343827002007
8143,-0.04502338697011612,0.6203681321671424,0.0041833592484103906,-0.0020235115075058086,-0.054912674116518054,-0.09184263968564442,0.013850364954160588,0.08932513982163956,0.03770159855568284,-0.02306335632413862,0.006469650926985726
8144,-1.9322420425255744,0.06990799245075702,-0.11708206551830629,-0.048219349020196145,0.1240280519337365,1.7366579656584564,0.03445844311980375,-0.07789113668135755,0.03462241166703154,0.07307078721759833,-0.043872720203744574
8145,1.1463449086166244,-0.03449611396883027,-0.008643521142416677,-0.06271825848037293,-0.03339841467906438,0.058002634607477475,-0.9539299058611085,0.03647979060591598,-0.11465180712811347,-0.024079404616920597,0.00893070089862354
8146,0.9504115102246163,0.038905716395795584,-0.0357503468508118,0.10604122453026237,0.0347231256006484,0.13098190637183757,-0.1400652788519254,0.084364884304349,-0.08704948382868768,-0.0792354345529839,0.020679694778951256
8147,0.642531723761716,-0.002854996126115248,0.014262752121524072,-0.005312641903221529,0.004306867867843974,0.04313630610386224,-0.021668217614115404,-0.009248137183823365,-0.09678497988307627,-0.01428137359199242,-0.03325218979586067
8148,-0.01889884779855993,0.009506500059192862,0.12540398732605773,-0.14607284009418925,-0.0546577834830741,-0.07983722835374926,1.3544962303337544,0.06822948066988156,0.13620087139751608,-0.8215591261616334,0.03756333765234218
8149,0.1979015763888347,-0.7027038347112352,0.04751689065487328,0.04628244587407737,0.03600565336826139,0.014090658794970411,-0.051326289639270745,0.10941471595908916,0.09087388914264943,1.0308795062152647,0.01613181103285271
8150,-0.07010126862808637,0.9551629794356803,0.033208840462664445,0.009201857557037932,0.07536340305851488,0.03598450196658372,0.1534753769529495,-0.6895825139795836,-0.05989069961126833,-0.03488658143399016,0.006706797711474828
8151,0.11786261087031004,0.06883053559050578,0.10092465907485969,-0.506135926781513,0.05824642616491369,-0.06645148558756903,-0.025764082645696615,0.7717072635974324,0.05222978390025314,-0.1473688567688299,-0.058788142387502136
8152,-0.10733274675953998,-0.0197483765567849,0.022514732890458324,0.7548889262729666,-0.11031704148435442,0.11040840696857737,0.005893659363750986,0.03835700177391522,0.10473201994648416,-0.03877673243267051,-0.3962834290650309
8153,-0.12061125824200007,-0.10144379322269409,0.02130291927403235,0.021350989603342932,-0.4757830384517052,-0.13525716447273295,-0.08194583025143784,0.03261037260295063,0.09552436150304322,-0.180987866277973,0.9027759079469898
8154,0.11559534406034241,0.05882685906057712,0.11398088470961092,0.010059885936001788,0.5760772925446128,-0.16629098057910327,-0.15781637297370923,-0.16068201446426345,-0.09736839026738883,-0.1909978941500996,0.012884569160208774
8155,0.14908482770968065,0.007261720819232995,-0.232111051277281,-0.03697445804804951,-0.02578357630411511,-0.09613130581916496,0.028718969849358324,-0.027446915711275596,0.4648430002615449,0.07441759984163261,0.007824733947115024
8156,-0.09582693152821817,-0.13372223985396142,0.5995948996043285,0.05785446759858613,-0.10422350739674684,0.08702502309477002,-0.00026584973302204527,0.1828231288673459,-0.03293463370109215,0.1930768305247091,0.044676569418357286
8157,-0.017785508713478317,-0.030491259583735636,-0.0482330185487002,-0.02539233926790411,-0.03639526328502082,-0.6817292903806196,0.054615912296772096,0.0010856633295799577,-0.04405798003020055,-0.050144284354744544,0.01067850253626126
8158,0.01733347071857667,-0.08946339905644858,0.4395868047935098,0.08936527744497581,0.06806023090296309,0.18630211513927955,0.13498502200488238,0.1208190372044157,-0.08565741751644863,0.009683752143231207,0.07716890779783155
8159,-0.026233693256788614,0.653669248964767,-0.019668132065718,-0.004787925497873574,0.05667435314618566,0.010233672340687776,-0.04413991013013931,0.033396147805889384,-0.021143167012690794,-0.0008625556329474732,0.03325566327916008
8160,-1.8395650248385622,-0.08426861581567344,0.12655394964279776,0.025870752541634658,0.14873961875963346,1.6114082534944325,0.05114687689357452,-0.055919089785343594,-0.03714426897382487,-0.07375190013735013,0.2296618561125143
8161,1.4916121655543868,-0.00014180577951905353,-0.066681745646577,-0.02884616169726807,0.11102709755585428,-0.02450501351493735,-1.0268828817332112,0.05209313403714896,-0.08158913431524611,-0.005572746520021499,0.02368761743731029
8162,0.5820719240615826,-0.0399515992625671,-0.234359950183469,0.03390142209713205,0.10652791331414946,-0.06507656093063241,0.07351352340625414,-0.08766634895967802,-0.1265734282183725,0.09888978261764406,0.0730726886477285
8163,0.6532073968515972,-0.018981543624195737,0.02023110144112474,0.020372748994162165,0.030443930350092862,-0.016458413797484493,-0.011149495448084232,0.0052237314715926925,0.0006003541258322587,-0.011928956556046928,-0.07553748277633215
8164,-0.21934082045436246,-0.04558284079882792,-0.16417749410176122,0.012745246173339567,0.023435809826491374,-0.03497423631772536,1.2982331367137248,0.023158711108101516,0.008276397343049881,-0.8710420235831158,0.08771920703952965
8165,-0.136180669064173,-0.7514311553307366,0.13257529001179313,-0.07919665935462006,0.03374375892573888,-0.02449689302826237,-0.0015105438447920415,-0.065144764110179,-0.15899922331134786,0.9519079084827609,-0.008795974547813962
8166,-0.07277852065569834,0.8817387019300356,-0.006576921395600174,-0.029996043533353244,-0.07803238897262252,-0.21568607433737574,0.13087750196400472,-0.5688678243772024,-0.014192837093141026,-0.018534088410958893,-0.03429616541772199
8167,-0.05284861924438414,-0.07219051639821854,0.07800872441059094,-0.39291251895270796,0.0815138111228342,0.07334211568189455,0.1048964621974367,0.9183397746273688,-0.009024209569221227,0.06439777341637237,-0.024898909068505365
8168,0.026241786633360516,0.02693819198694974,-0.0956856477869738,0.7946441429752826,-0.024771633763992003,-0.12276757966783625,-0.02239470533341701,-0.06915682888074351,-0.35568938394717026,-0.03987675332283173,-0.5010247242670356
8169,0.02782033176493501,-0.0392196035990587,-0.0031482920241427707,-0.023962814567778424,-0.8102328059677603,-0.07871700232255611,0.019844331247492686,0.05736481777837938,-0.1275715938127594,0.08110055347383666,0.9433956395013539
8170,0.03844263278539796,-0.1515803470498776,0.04731420129673544,-0.07869333995457678,0.6277226833231921,-0.17856905885172408,-0.014460208779952261,-0.01483583068826533,-0.20001130602146863,-0.01547440767183186,-0.0009549369576645501
8171,0.04535811287928166,-0.11728185364892418,-0.06284503068415001,-0.07089794996929652,0.03841269044898088,0.14037631567666473,-0.04204986448691743,0.15698075864374206,0.49787190444753465,0.032079297989846295,0.07133577320666863
8172,-0.02408456902937785,0.0758168830754386,0.5961921515975079,-0.1959759849342189,0.09815890870465366,0.09626926516526882,-0.1126103302087501,0.08561303684370053,-0.08776077215267078,-0.08821156662881878,-0.03641921911426917
8173,0.026484930960573236,-0.12600126313546203,0.06416156357618223,-0.024256094926605812,-0.0854653256991608,-0.6787543976732863,-0.06040090921166924,-0.0775301589458436,0.17806953895045197,0.020611865993182793,0.02400951607370109
8174,-0.0030769137216185016,0.013886060528682824,0.42433696828569484,-0.011123718638739509,0.04301045762979845,-0.03116703102103869,0.10581619108991724,0.11752196602461967,-0.11047868006566135,-0.06363879094065149,-0.13814052609424216
8175,0.12639704018676776,0.6922425320361096,0.05653811336701606,-0.03285129508732109,0.1017276925595591,0.07108298034604146,-0.028210770975743357,0.014042276759533907,-0.08853839950805512,0.14674532644424318,-0.011316963640612248
8176,-1.7752404371039685,-0.09565526907800335,-0.056399194811721426,0.022022531809240086,-0.0018008239345807548,1.6500731392528645,-0.00874375603838883,0.08681377562289078,0.03186219482804835,0.11091361946829144,0.03535628980605744
8177,1.241846233273003,-0.06890723614768658,0.040869045095959636,-0.0308751761242118,0.042233911768003625,-0.040047981204052945,-0.9757550792912771,-0.017110922698696792,0.023468238957651818,0.0745957775545677,-0.028701270416514203
8178,1.031225248931091,-0.0325994814375664,-0.010168263217686054,-0.13742457537963268,0.028303656714203554,0.20290478764247533,0.03037070992285629,0.04810980783307398,-0.0012007504061666667,-0.009843348544843433,0.07028536625910613
8179,0.6705075172719902,0.037910144467437304,0.04186990274610278,0.010759851627918222,0.01839731715607958,0.0738061920906041,0.057217128596130984,0.03042207602453762,-0.054805888184677756,-0.002502463536294695,0.0295603820290951
8180,-0.028301191430331763,-0.09833201841119116,-0.14155091128823813,-0.12690550810815532,0.036266640930765044,0.139926639083902,1.1334927530834946,0.023936563665624452,-0.01985227443679434,-0.8262205213240619,-0.061079731669877374
8181,0.08212980585061193,-0.7879940886184198,-0.14234085656620857,0.11513581609026749,0.0998705742832861,0.14506669132170757,-0.18313364682259026,-0.12932089566000815,-0.03713106130169807,0.9657451177159501,0.08969498324613814
8182,-0.0750546750647665,0.9707195703354172,0.031088410024306286,-0.05448686902350783,0.008655607633800081,0.011845474479373567,-0.03385889283547713,-0.48577391070428744,0.08820154870909469,0.07584016941908517,0.029637569700420516
8183,-0.0825659742852693,-0.033756108939475296,0.016144419265877334,-0.5198018411065359,0.03334892060035632,0.02136491878593639,-0.005625207936467388,0.8009326491427949,0.12446089165558298,0.03749455709250124,-0.06145191277942428
8184,-0.0398428401421052,0.04570653549686257,0.07727649325036305,0.8461587273358079,-0.004210909369404117,0.009375400075718507,0.095801044965729,0.061807818482344706,0.028028308752949548,0.09326272925675613,-0.4987344382138936
8185,-0.22122518081580594,-0.03459968173544673,-0.023676854511442923,0.04528829214671422,-0.36125897939340784,-0.11925520341567096,-0.11811214325278557,-0.08021188912596076,-0.07239655874701507,0.07776914660447201,0.8562622519981596
8186,-0.11260176473107503,0.030963528450888962,-0.018067929765742143,-0.0072526661866330715,0.5690571241824478,-0.05606258373430734,-0.22602734792367116,-0.04918069730201567,-0.36149199131604576,0.05476678408365226,-0.005290789112263088
8187,0.008668449097564208,-0.03152373219641102,-0.2646787165529158,-0.059354104012866296,0.1115723963503393,-0.04744873250481049,0.004912845686390096,0.17199080602710035,0.5233879543736025,0.06684733215500795,0.021702127293576068
8188,-0.11966463993953912,0.07037885849610195,0.5355481981793869,0.10578129276766285,0.05245621860963294,0.006701897558009175,-0.1315441923371142,0.0288583139600423,0.028604651077563333,0.14878463416787613,-0.03075072691537819
8189,-0.0007979570326744842,-0.028540652051011833,-0.05082279983174524,0.01502891051917412,-0.03054577519184467,-0.7317095921221832,0.03897692745864587,-0.014356733121485788,0.054906892315487184,0.10550374258230837,-0.05303737436652981
8190,-0.09464523693459788,0.03553581685372452,0.4313932109348605,-0.0803016046293819,0.02056796899484277,0.03402423959001614,0.05329459476171307,-0.043102860681711395,-0.04449248207004796,0.025383658005594348,0.0014513357852408044
8191,0.04398975775209055,0.617901586766446,0.033766685831321495,0.06705883301302129,0.03811569455306732,0.21198708527946208,-0.11144231184944757,0.08279595977347547,-0.0806171559032012,-0.06977203389183909,-0.010602405186901186
8192,-2.0380833726238494,-0.04108079174616202,0.08662150205264256,0.013765769707347565,0.10007212147731666,1.7027685350186847,0.034291349536997175,-0.03608367568681473,0.03626273505374764,-0.12602644742179758,0.03856071369517189
8193,1.3890123017189608,0.0003459232624242435,0.13665497410923663,-0.058250485585802717,-0.10335368091590066,-0.13043855519606756,-1.1068257683746245,0.09666895153575177,-0.020575956949348672,0.10064056529339019,0.0596382212412312
8194,0.7421894814610445,-0.09980855687237523,0.049940690478459455,0.07255106833329156,0.019182250632420392,0.04814680723551257,0.030410371520973537,0.19296540298368717,0.052535606868638327,-0.12043343638133347,-0.05807264433242125
8195,0.6646410879042797,-0.008803382607173229,-0.001135968882596595,-0.02126264727536037,0.00583846758823258,0.08127939760058903,-0.02791200467760054,0.02754921306020764,0.012315122977642964,-0.021613427879618473,0.02069868832087848
8196,-0.14243385023467342,0.06463704634712102,0.24615537138298343,0.05446302412964859,0.016150450780693663,-0.18171848818566028,1.1050503637975937,-0.02933631466374438,-0.022989879148283904,-0.8539479532971489,-0.00822204195525942
8197,-0.2242191269977517,-0.5600725795514614,0.07339768818969866,0.10338373766533429,-0.08170546213146081,0.02765959298136249,-0.03301605625637367,0.03228266976959002,0.04902428083511799,1.150228292434185,0.09757976146919692
8198,0.020165322793055034,1.0009946373593634,0.023677386812141044,0.04966496063564656,0.04932012147067488,0.04594139547176296,0.19235013834073275,-0.5831440457062415,-0.011410429031092871,-0.07851967408165457,-0.07512535458172742
8199,0.10279766309472352,-0.1287739432998719,0.06456921279585368,-0.5762209628551811,0.07440142549011693,0.1105208467297312,-0.05249099209921373,0.8401832715970822,-0.07537846748818103,-0.15112237011248775,-0.05873579906917522
8200,-0.027545081981477728,0.12318041675695335,-0.09000805765283738,0.792346288131339,-0.11910282329896345,0.009725309526053095,0.1322079241026563,0.03698269404962265,-0.22471673630209688,-0.05091191756838836,-0.6554256527453614
8201,-0.0035028402075989165,-0.10216942332295811,-0.00606678551654017,0.003999240076931461,-0.6490162569975936,0.17860941191397536,-0.21311060095778492,0.0044835794729142795,0.07546430443478247,0.04646897077709672,0.8564243315562416
8202,-0.11729716821353517,0.018701266491762153,-0.029538458079927422,-0.031147711588838015,0.5560126461679994,-0.04993674667444648,-0.06495733150659269,0.04082124342720222,-0.12319047673230751,0.06544373234380386,0.017233253763761038
8203,-0.08256579169073772,0.020282612820670516,-0.262521915375239,-0.020149348871552883,0.0011674729854469043,0.004075396428852625,-0.09124977359692385,0.1422637068102089,0.49427608561248004,0.12594311316117912,-0.0061421777556648245
8204,0.27624093614891837,0.1670123006868054,0.5940788829908761,0.08988030226433295,0.01750261256570315,-0.20657948940789744,-0.12143198998637436,0.10134135876219412,0.006008931514829301,-0.041257437493256596,-0.05258119686476737
8205,0.0034404296735414167,-0.046919830636105685,0.0056655587431716,-0.026225824232505027,-0.013691485498213321,-0.6122844836297243,0.009091129607742297,-0.026772138869964855,0.043902640336345014,0.03604867438198897,0.0826378772766521
8206,-0.06747256520238498,-0.07637329735327116,0.4427912933482446,-0.10107474736940077,0.029942132928328626,0.0264473030176105,-0.08484501654430673,-0.24970791586760327,-0.08129865713600812,-0.09615479065254857,0.11883301044636758
8207,0.09985942013976946,0.7137209088756308,-0.03525847440608182,-0.026125759903266453,0.0282856246903021,0.009571394622220418,-0.08593422275873709,0.05972797221348182,0.01685540709332857,0.03738877734177179,-0.03857547074066684
8208,-1.9670760190097678,0.0062655877785568696,-0.15623684999854842,-0.002534795223625765,-0.07480642872141054,1.7055151090457057,-0.03299692397694843,0.003021528316286817,0.06078009857627356,-0.13758920583159887,0.009807755103518964
8209,1.4804662634837562,-0.022232036680649107,0.08740187921856883,0.02938735301900854,0.012818081540471302,-0.1150111289844041,-0.8997142516690727,0.06650775083811876,-0.06905922809756945,-0.06839382278392178,-0.09593432575776362
8210,0.5975335587684973,-0.08816275456220107,0.10286301722136382,0.18837318159368682,0.06347140897346254,0.07554145645855695,0.0885445236039537,0.07774246096285942,0.04962976734324978,0.010059023302724561,-0.11453112248986068
8211,0.5693261224354403,-0.08537870269816565,0.01213950712511739,-0.04708227185264302,0.03237346375062094,0.11350802127611997,-0.021905087256619594,0.06067550066493873,0.05416319423147954,-0.015428252570629112,0.04922867505309526
8212,0.1351067306612105,-0.03631124559457299,0.0994456049858613,0.049126069268930615,0.004528739789698991,0.031032624669508617,1.2585546039766329,0.06867955062373614,-0.055558106272742755,-0.9405336342768038,-0.039279173805732245
8213,0.2009494224364765,-0.6554389516180268,-0.06221628721305419,-0.019320034205127734,0.018070314839734786,0.03442017013233914,0.06587205322283336,-0.008639939540764027,0.0012600940590740944,1.0773040481312544,-0.03303283994299824
8214,0.1348459004144323,1.0053087018851843,-0.12075347959126627,-0.07383070601051744,-0.00012525181553666234,0.24712513785730222,0.11854907011080916,-0.620068605615154,-0.1734423850390795,0.15125076575206078,0.032126273156715686
8215,0.05505466594675186,0.03695306998963432,0.03754883756352549,-0.5009083416170625,-0.04432704940748949,-0.21797971144411843,-0.07362394374886218,0.8521132826997663,-0.03147840715155085,0.04088203781748409,-0.030737818524200697
8216,-0.04045115049935282,0.0718068274320743,-0.08572586556044359,0.7959963039454324,0.027628356523130053,0.2640952239928149,-0.00567417121323233,-0.05003726727872413,-0.07189032362668096,-0.18419858897563418,-0.4355900892326183
8217,0.07853877585694215,0.23100058346881466,0.022345457197340046,-0.12481893441368583,-0.45689444528549994,-0.01788317850813768,0.026525097960015544,-0.018583735260290793,-0.002868454149139854,0.07198469107773266,0.8895597763447999
8218,0.1484711461876184,0.07601486952923686,0.043608859647735435,-0.09875162840205076,0.5858630759803483,0.029021927577655766,-0.18064826390946376,-0.003396987284656868,-0.19842932504873179,0.09934130142426195,-0.016657292503557665
8219,0.049056219059876706,0.08967574374897083,-0.1815022414153347,-0.07564958351325929,-0.07079600247179,0.02783989349743219,-0.1975857117549673,-0.002047932799846478,0.5095741948965167,-0.026364290811686914,-0.03710347363440129
8220,0.02732614833696361,-0.0014320829527029264,0.5578098700787265,-0.047031117846379686,-0.03199181903644657,0.0573510918587592,-0.05902917335483415,0.1026052997915647,0.0368487180076768,-0.056087252949163446,-0.22070845027142189
8221,-0.06656264972089178,-0.0635216537764407,0.08810063278589239,-0.13628795848030062,-0.03155078725048606,-0.6828555574439918,-0.02662020708739591,-0.020314154553916598,-0.11365031136113908,0.0206550371880325,-0.056727460128368656
8222,-0.08096311246518466,0.08857962841276969,0.418123758882044,-0.01510720935311244,-0.13352872985956427,-0.06528247303395633,-0.02700909046890255,-0.24036162481289436,0.1398155876993932,0.0010485568236652063,-0.07477918211423121
8223,0.15449412174297003,0.7110179979397029,-0.10863207991276509,0.0035162306109042737,0.00903363387084817,0.01964951864172967,-0.05180398432285113,-0.04410588180663247,0.03659668542310007,0.04748756410388433,-0.008620261052723663
8224,-2.0143246715599794,-0.0025606207304430337,-0.10529802278570931,-0.010646958283387404,-0.029458619667816783,1.7393537902409308,-0.013693136915883244,-0.0026889007438409794,0.0010131247074631386,0.047391131145038574,-0.17027011099607822
8225,1.376130247957887,-0.041374312341240324,0.11229157839615928,0.08849097941020313,-0.0024375585571125694,0.030446643082611136,-0.9865514401701438,0.07055197086123251,-0.007719475614848322,-0.04056739889709899,-0.029780770503045364
8226,1.0814982909451247,0.015406630294604871,-0.03147517102927014,-0.08558234829353992,-0.09059375603637139,-0.07407716153477935,-0.07006315609175094,0.045648535563748836,0.09787513754719329,-0.1096408310746741,-0.06515197570162787
8227,0.6435156684236117,-0.018642675094102903,-0.011105933103914464,0.008606946144515664,0.035552329741641554,-0.022752735508853462,0.0010793040630569168,0.0020036324675986664,0.005664845023215157,-0.031511189737508265,0.036107890503205495
8228,0.04000329664474664,0.07465934020714685,0.07349578922291669,0.008486664490584162,-0.13066680183329313,0.034262030482689,1.2556701039439402,0.11336417233918777,0.042648797872974,-0.9839869157975518,-0.047122533624828974
8229,0.06583181459534546,-0.9139145832703698,0.1436108073648357,-0.05957489675176755,0.05541722256228111,-0.006430819903323961,0.03422727190282203,0.011702391207960091,0.06965695012429596,1.0819904512039067,-0.1034469445066342
8230,0.06236831087627477,0.9619156359728185,-0.03505706128010582,0.11601792752563407,0.17367847785585522,-0.10334110261653127,0.15155572447802632,-0.6143275661326457,0.08891845052413634,-0.15085478297029187,0.08468197310641044
8231,-0.05607258534622855,-0.15852838701008856,0.107519605951272,-0.4563148491054714,0.08794042455719465,-0.027322466438468467,0.07213557480774081,0.8499097061953715,-0.0995482139771976,0.08701836264633722,-0.004377122231536136
8232,0.11964833912492598,-0.14296584381372365,-0.1827867172687219,0.7471339754632225,0.18411597448029351,0.015339917595044066,0.019730457259824863,-0.030112483940643225,0.07906219270989762,0.026497752618114268,-0.6676514025681477
8233,0.10907924369289712,0.032547508731762646,0.15298572377430886,-0.009918715713669972,-0.49201662713526034,0.08910320941560923,-0.07073434637492876,0.052417494540623985,0.005049821938750338,-0.018826056712221702,0.850989432346087
8234,0.07445272431588111,0.08529968076996505,-0.03829463056172751,0.0193232703909366,0.6181717657559292,-0.10063012737952366,-0.075424431398465,0.1108454349982585,-0.13830240728005372,-0.11132540021655775,0.01100527593204624
8235,-0.012498998225579027,0.26672074076252184,-0.22739064137093917,0.01256040668841027,-0.07540301822938211,0.08087526025406701,0.08100198753930149,0.22931989315308796,0.45096459801940364,0.14557302520953624,0.0950199405939404
8236,-0.1692511904015028,-0.05984788639361737,0.5965709917885337,0.040249112476671706,-0.012966684851849004,0.01599895081250035,-0.023176915223667053,-0.0799770119752288,0.10644911197518289,0.34196793202413384,0.1091096839221933
8237,-0.02834665612838852,-0.0427833202182038,0.048039135735150895,-0.13671944879977602,0.1221325428171657,-0.6045740393041188,-0.017576179859010155,0.040824624555644826,-0.07004097377166452,-0.06690231129083937,0.022576614887005596
8238,0.010683887180165325,0.11397599713017498,0.41233613223055754,0.1169690906778363,-0.014872772694649927,0.052827687102196666,0.03753481582384526,-0.11268172792886727,0.08862340961161976,0.2272354596175776,0.020778563996168398
8239,0.006982862654626013,0.7045721924359314,0.01246068461716783,0.06767553317456686,0.05207386763313954,-0.08282155610281443,0.11438277749093964,0.016696866913434527,-0.04586717745161076,-0.05272740125727138,-0.017878218951555787
8240,-1.8492115010864323,0.06996212349524153,-0.1293250033454239,0.030490056741558785,0.019052433650139013,1.7735765736345943,0.08789301664359095,0.08270387951622298,0.06849043800134114,-0.06078869970832818,-0.055912133646415396
8241,1.2678257220542135,0.1297717178126758,0.08988154956483156,-0.016278145919218945,0.001128625910841541,0.10022131565487949,-1.006638290953563,0.0769269787007706,0.0054089834105425436,0.017322021872854854,-0.00026759672735249783
8242,0.9389050912448246,-0.028015840000921326,0.06599520447971048,-0.06165967417302698,0.05252018627151377,0.14903848748722306,-0.03331523336524377,-0.00040004972907979565,-0.04719905716079954,-0.07321167015424011,-0.13653712328225234
8243,0.6092099265295078,-0.03356030134818971,0.03005168573876903,-0.016198057033756503,-0.014146409613204089,-0.05288514059535812,-0.016522812447010416,0.06837394731483425,-0.015887402951729877,-0.03696515107063703,0.02499669495402101
8244,0.1350095402920501,0.022491612061063232,-0.03404454696306828,0.01878477245089711,0.04793926109172924,0.05009755798683765,1.1744291132680142,0.02087379104494527,0.08092918069335953,-0.8069370911282316,-0.051044401588249355
8245,-0.04309784475362243,-0.8383992272415428,0.08314038709110903,0.08824377307914198,-0.011670490713891774,0.04506038935847763,0.01728780058418891,0.09243206487885315,-0.04617742849000893,0.90305255431997,-0.012944151420974433
8246,0.001702807857626293,1.0077619479524478,-0.1276220723723611,-0.04025630390878679,-0.0018223188731513484,0.3036127455269149,0.13213717468569028,-0.5774499207387591,0.04217664552862961,0.02618531930784471,0.025733192215737773
8247,-0.007043704841337293,0.0544912958965743,-0.059730440788477966,-0.5301644516440615,-0.027184608027383136,-0.03454896896018382,-0.08379811376440559,0.8512199610943302,-0.04331978673892963,0.08752093770521949,0.04750474093099282
8248,-0.1387941105274635,0.012945114577032388,0.03875575672486735,0.7733993843865807,0.05765159114221243,0.14786164507919433,-0.00338990559112712,-0.027778189697758287,0.09105208594165283,0.08524353178651888,-0.45692793693755784
8249,-0.006109509206940014,0.15849199095695687,0.0764801807835164,-0.01402996432930636,-0.4736681853539564,0.04102750886554577,-0.0430632055889386,0.00649510377371637,0.0848251462759404,-0.2578837149315159,0.9005423376798298
8250,-0.02902162034174911,0.017525573521819902,0.06527374641846186,-0.02589927730814863,0.640674129312804,0.024715542140885352,-0.07297657148645245,0.13212242597744608,-0.1698923571323455,0.03881962654645414,-0.04316420578176867
8251,0.05964231582708887,-0.00168121201182906,-0.011652514929702568,-0.024877204824708354,0.007153631110177585,-0.022972778612511027,0.16299012281410064,0.027028649830185505,0.498331957537899,0.056727990385283325,0.012753374608404545
8252,0.14414421769708527,-0.053932098927600945,0.584735113131662,-0.033710330240178055,-0.15859788186390714,0.19985746661392975,-0.0025287902604781464,0.016327058310768326,0.07032432659118493,-0.054616108289969933,0.09110748876929387
8253,-0.0034101991787137626,0.08980486616401599,-0.03930441814054276,-0.009704105688631894,0.007601799819572484,-0.6454777199541829,-0.0966663651661508,-0.008371050892310992,-0.019340576254492547,-0.025454499236959097,-0.006044429415554661
8254,-0.0032644085945633446,-0.009216014351974755,0.45692123710318044,0.032852294891668785,-0.031792510216714996,0.09383737359590391,0.033730039287585736,-0.12886336431095416,-0.0225848267875908,0.04307140619261326,0.0866116715615145
8255,0.16520637390249654,0.6700217351221371,0.03143306331693901,0.00016088310572599546,0.03114276510567629,0.03323072212384029,0.018510150128229923,-0.06127533453756394,-0.07681485827251217,-0.0013311755024664283,-0.057307083091419325
8256,-2.06410799793652,0.05042184559156702,-0.09393480736620666,0.046457826089701476,-0.09560888911859129,1.5726206798841567,-0.07382297107728922,0.009619272487402663,-0.05636044615739986,-0.10412378782603841,0.050787635952027885
8257,1.3228435931453557,0.11070166669633205,0.002252995810916365,-0.007231639712358425,0.08430581460079498,0.13749760049756146,-0.9914252678913112,0.023638397826454636,-0.16522745474572145,0.025047400489441863,-0.010117959317571097
8258,0.9217606599237944,-0.11047528622352754,-0.09643762788891891,-0.11807308079304484,-0.013872191743341006,-0.03666303741425053,-0.0731819365743639,0.1653289566687895,-0.09325446408927791,0.09190072958206434,0.011287711997426631
8259,0.5980424073430766,-0.023177633687921678,0.04806381931905848,0.009358008525215587,-0.009801356930766787,0.03992087875806219,0.06527526263041547,0.001655439375901937,0.052604993341637235,-0.0142224073486789,-0.00012116273076930202
8260,-0.08381070633610527,0.08683934437846161,-0.06937773456924864,-0.051645806563327526,-0.05760041717824499,0.06275928978648812,1.2670624547539464,0.043342248837690056,-0.025808561196279278,-0.918656547730713,0.15069845795909773
8261,-0.1300339691387225,-0.6885101812521944,-0.08879364444647664,0.04074721007047658,-0.17876621203506923,0.05298570083593149,0.08234146942172824,-0.11102390901196452,-0.1434775680569656,0.9315764222321662,-0.05942093866444956
8262,0.06021846795794811,1.0140098995009794,-0.011620294466705754,-0.026559379314219672,-0.0978016675219333,0.1282295061751899,-0.09493943999182804,-0.5945632865710743,-0.1238249696208001,-0.02763766190729501,-0.053564465313351226
8263,-0.09226432212884922,-0.08059686026063193,-0.11252320372695127,-0.5282410420997422,-0.0911735221136176,-0.04205853450281526,-0.10228804080807538,0.8565226158141896,0.09607760992764838,0.15556432699622408,-0.05584529512631952
8264,0.28420971023502556,-0.08703858920599992,-0.11001907776047583,0.7497531512007728,0.004511222518234694,-0.03537850934756493,0.09561741239611893,0.13576396044719358,-0.06856398739972602,-0.010047278608806439,-0.4490411157117631
8265,-0.08966770312938503,0.050454067615753585,0.1067835266424402,-0.0406857049985312,-0.596638287037986,0.019707774159305413,-0.2320001132249923,-0.027235184265426125,-0.01444598900636396,0.027829034802164122,0.8619465789810555
8266,0.027452279050774995,-0.16244428794331991,0.22650255365601432,0.06776981897367863,0.6858883697035322,-0.0476250816347252,-0.08816559242853753,-0.042530495200300354,-0.27331423174418973,-0.025819731627641635,0.07663325479476149
8267,0.15636861672894842,-0.03412137057850026,-0.023508446784034534,0.035760668390518696,0.07465012074742441,-0.03072472676763348,-0.1899922734462772,-0.006602898636544468,0.4574764238570386,0.09496507682634645,0.15163957229292716
8268,-0.09678190951384441,-0.14704658556667932,0.5502905116460624,0.15986349264908092,-0.0904544417268324,-0.06141968199145494,-0.018261929309761105,-0.01864602014070621,0.023600098231775675,-0.1685732266230173,0.01265449455054026
8269,0.044634628915451176,-0.04808132859915271,0.20285568388481023,-0.029211770143987407,0.1849233477366886,-0.6718795975274492,-0.10660880854960551,0.004114485543238994,0.01254552244549546,-0.04802534773186178,0.03330319322813784
8270,-0.10711029344501352,0.026262523950968023,0.43162819973611033,0.1190529721266352,0.013442736115669141,0.18241814536151604,-0.11072569870995383,0.014125322070203531,-0.035685436526475926,0.13641656203265712,0.042542646140561274
8271,-0.09202813520699785,0.6973043101141376,-0.11165582623352538,0.006379649822210953,0.019219036071646746,0.02778141910280068,-0.011988868256391394,0.06577487089375177,-0.04743950410414896,-0.05903818420937114,0.06745602503665599
8272,-1.7763025994464159,0.013037961754391638,0.0674269456570921,-0.0786599557518759,0.0016075912600419964,1.522554045136242,0.05522534485389531,-0.01804831928469556,0.1583177785543611,-0.08076479968344362,-0.00015713136130044748
8273,1.322153736437702,0.008656680992058838,0.018590172067595258,-0.02276852353580464,0.10249467181417452,-0.12282954038809153,-0.9936933862136171,0.029715701721367477,0.0017066265372747084,0.0566824483947393,0.02017123520937277
8274,0.9763741090901172,-0.08214769115894252,-0.008687485513142034,0.016362085840184528,-0.0868905495328015,0.18688466265060716,-0.042036475197829756,0.05024105848759801,-0.05984336447248555,-0.003313152612995793,0.03357450601700246
8275,0.6139038329083448,0.014450174999649129,-0.13678306767924384,0.0464214873055322,-0.10528724910569559,0.05025121117477739,-0.01712267953917636,0.022337998464296856,0.0030061705676447965,0.026628506650531493,-0.03840341989798688
8276,-0.09494912140968079,-0.07252592728475649,-0.08765046171720121,-0.059436856265835086,0.004551627322077555,-0.023907103652978885,1.160871755133901,-0.0620738686081006,0.1755125365224787,-0.8164783142892011,0.06024059376915229
8277,0.06360481258949088,-0.6225501003173068,-0.09455565621011479,0.00849238442591527,0.0845227006684077,-0.06631713162656076,0.08532758853417359,0.054313108466477994,-0.0601359211210609,1.018653980709814,-0.08218433694812248
8278,0.13904099420789678,0.8426471606954715,0.04951575320793013,-0.0617750847076568,-0.056323985867387,0.10121766200533906,0.03566369102098009,-0.6919535250438055,0.06492406320214408,-0.0034973871922667826,-0.049819899522332914
8279,-0.11662536928262228,-0.015347339809916235,-0.0858767985802508,-0.4317551080575526,-0.02498114104468034,0.08865563026272263,0.02979771618718513,0.8634853119516891,-0.0619762008635356,-0.11045515755310556,0.06552318942756005
8280,0.0876387436912199,0.0648737899400465,0.016047993678470266,0.7519446728213521,-0.08255674667471763,0.03651750085599296,0.0514535489626366,-0.029233137049017106,0.04581928104854242,0.11352801781060617,-0.6606473687255796
8281,0.13720922504246377,0.06783980040615363,0.0335807700724152,0.06789318477013674,-0.4816907703869909,-0.1368350619066284,-0.05868776658091274,-0.13877064495423422,-0.053110973349085995,-0.0390836725100576,0.9025161112934895
8282,-0.04811447680994812,0.02652090898962961,0.006667295368189063,-0.09022365047545491,0.5800658804895742,-0.05025767380309669,0.3056947764643316,-0.024199606357904573,-0.3717441390641312,-0.041614795175201925,-0.046273732150015186
8283,-0.008263928628083676,-0.0003390095593953646,-0.15216284611096237,0.0697684154420131,0.05547491211212377,0.032949716639765876,0.17619480559191586,0.11163825161212408,0.5039811264519285,0.01828642265892572,-0.019961054223550333
8284,-0.0296617335763363,-0.06371509464561811,0.5925751228942033,0.06288999505958834,-0.07049318463984619,0.05165807550608985,-0.040235688370231046,0.0541511518567316,0.142136477857418,-0.07692875630170312,0.16199049715331856
8285,-0.1282735238118977,-0.050459230231735555,-0.06632872470156564,-0.06601312049535088,0.062164598104298405,-0.681713485686181,-0.018336427348356464,0.03681808211834547,-0.016719311281594405,-0.023872636830739577,0.02923750805665696
8286,0.010270308868125992,-0.0447622719973451,0.4407906527394774,-0.0468824354356358,0.026122568515198664,0.07064796404708101,0.072711243922989,0.05502748978246274,-0.024037427053430153,-0.04884707540731686,-0.16778918796864722
8287,0.012241487498352018,0.6667602820270129,0.07801629223077276,0.05917536520392126,0.027555992457013075,0.1587369506717824,0.04208322049441916,-0.029677698385542826,0.05859670783304629,0.0008302908032077009,-0.05467926726816989
8288,-1.9717111482195433,-0.019033721556033938,-0.036590592981168166,0.23474364710046214,0.08061919514785726,1.7504571677478606,-0.05687181850996243,0.044427700685974264,-0.011955688943799137,0.06407399724407749,0.1621886310595313
8289,1.6374431511238619,-0.03836238217603467,0.16812367704602177,-0.06377691451112834,-0.09536178367110121,0.1832915716818548,-1.0141730120108656,-0.05601103104671921,0.055054393623599825,0.03767742215384057,0.07273027054457266
8290,1.025174608807345,0.03264065511979947,0.03171301112494564,-0.056625512861478766,-0.016805286267946612,0.035174831854130284,-0.04778870900300913,0.053728844404795154,0.008241861553700401,0.03681306016369129,-0.09232323376597645
8291,0.5548097191763284,-0.008675431932714323,0.05352843464555258,-0.028147604948984804,-0.025957830290580186,0.054756246253630084,-0.007569889257599149,0.059039816196939134,-0.040320299214991695,0.0011944943156452677,-0.0012861638662631644
8292,0.08344187222998034,-0.02007209538432486,0.051759724689238173,-0.032567112294998646,0.05177431448120553,-0.033484277859190184,1.3882506866009838,0.017120797009137736,0.0557492204916936,-0.9617270050319644,-0.015059995830650147
8293,-0.03965535196319638,-0.670133905770726,0.060468399313888255,-0.03669692802759113,0.07432278725731792,-0.08502052731755597,0.0031852874646253215,0.002663878174973653,-0.008789195922751862,0.9438641828197541,-0.034259452793137454
8294,0.19127358670224553,0.9362222679359262,0.04185742479035792,0.016214891207813453,0.07112562889532359,0.11687978933173859,-0.03565415893315196,-0.6603592069171391,-0.08152629608155021,-0.08325198303291503,0.023268049435095195
8295,-0.045690625185941684,0.0038575924419207096,0.08534773777225817,-0.4809095174948359,-0.11073383285755672,0.1716972653647705,-0.13485761503621754,0.8673836141095642,0.01815510602082158,-0.01881611380795608,-0.08088483233356641
8296,-0.03956560520944915,-0.07393324026484537,0.05317437391421344,0.7938198506321444,-0.01755628005898691,0.03791454116593355,-0.08122415086620755,0.03633921507706389,0.05494509661217768,-0.07629305548542772,-0.5443709067532887
8297,-0.08619437618175735,0.05184662369898318,0.1487089476607995,-0.066549565047759,-0.6389972219596899,0.002198765997367283,-0.0829587827295604,0.00011938959324773839,0.09988588934737615,-0.0948617499469624,0.9140092644089584
8298,0.0034358081052745354,0.2432447984320858,-0.2088206823220706,0.03297218345687672,0.5558362823639726,0.007151097690849712,0.16548943147009884,0.09973978374168349,-0.20097861057513144,0.17599377183188133,-0.027280995566208686
8299,-0.0018631527513634756,-0.0580388372907976,-0.07668141685679684,0.009640044325585606,0.03930615806586595,-0.12059462400662474,0.10854825440690179,0.06654213064122241,0.5246073079475645,0.1370869456306286,0.001778596865092459
8300,-0.02161776669903277,0.21248334815886077,0.5557707255906678,-0.023172684464789626,0.04809084969433247,0.15164181729408474,0.08243531029143046,0.14928804692900577,0.14721409493247617,-0.17868047986816232,0.013176037766227047
8301,-0.05731792215079309,-0.109534469519444,0.009076926363899906,-0.00984911967958246,0.07860627835417808,-0.654013216220614,0.018008688227227815,0.00041352586836041014,0.005314556909178106,0.06243183778366504,0.015955314267434708
8302,0.10102598124418884,-0.09312224832556279,0.4097771838851972,0.042531277626569636,0.20555501711729707,-0.11327254468103867,0.05760222457302382,-0.00527293288141201,-0.020923779057802197,0.041923981178913876,-0.043553165373343555
8303,0.08594902138557156,0.7464220332998109,-0.05155781610712177,0.07744918312313206,0.047301000641291766,-0.05232462130374731,0.055453471172317734,0.04027915852971546,0.024469996018840645,-0.018881265693164534,0.04051399196535242
8304,-1.8102427089738504,-0.010339931221338266,-0.02208230269706918,-0.04920513001262634,0.1276833684956995,1.6196913825349848,0.0036299003253023143,0.12619853695615207,0.004066176866606914,-0.03536728418769195,0.01391697820571113
8305,1.374342538900073,-0.03026077677973774,0.08960530955669778,-0.010127982714982896,-0.0493743299216471,-0.11914446094742898,-0.8910868590694146,0.069386936261694,-0.11594055553026855,0.03449205989760843,-0.017133796025166893
8306,0.6189191892834024,0.014703809095918218,0.08505426686690175,0.05782728761552443,0.09783707148175547,-0.044700527530419754,0.08234005358257435,-0.05647614020304194,-0.01870255063500964,0.1091358497930683,0.041598579185628544
8307,0.6272313277730445,-0.04472458035564886,-0.05194723363943906,-0.04116423100599774,0.04127497568122732,0.020426303429306642,0.017261973490008024,0.007784835961359298,-0.012466208529699457,0.016494695201495838,0.03660358171574751
8308,0.1733395184095392,0.05345381001135301,0.013727736056313004,-0.05174604817115807,-0.017405291467551334,-0.08074872482918674,1.3020699814467618,0.022412969830390195,0.024005156205344148,-0.9096073408191182,-0.14211751774957174
8309,-0.1274670069462142,-0.5137417538920407,0.04760404724812302,0.09810027031586029,0.07802923498931363,0.18418038494190456,0.03590965721693702,-0.03407008399664388,0.11129053629725032,0.9987629291091122,-0.0648398648056117
8310,-0.12790458234540864,0.803077823389184,0.056159032914266084,-0.05002998210061002,-0.12257508064040626,-0.3213869368085378,-0.06799743081351502,-0.6481543124175949,0.01384538436104454,-0.03790903016408897,-0.07102970856345016
8311,0.03073123418812874,-0.00462415414531735,-0.14033513363263933,-0.5531136806942093,-0.011127709325578888,-0.18383087757207048,0.09939202064773948,0.7931243953361703,-0.08063752018772934,-0.03821254966118768,-0.07517851734674319
8312,0.010470503184131352,-0.0786116897609487,0.03560522926085589,0.752590243270691,-0.09100535605191151,-0.03309184748979006,-0.008109938458179818,0.05245386559716375,-0.004617409710843224,-0.018390854294783588,-0.3445398790523374
8313,0.028715834942712775,0.3620954436141575,0.03905159277457029,-0.004287269258067934,-0.7581282166691277,-0.15640835626872626,-0.15743001395267248,-0.0197261424712448,0.0016286352916281633,0.06767660269509582,0.9463340029771757
8314,-0.2138465016671623,-0.026905618342971734,-0.052131435024721534,-0.12678390760839406,0.6316340858846476,-0.1744282671439414,0.09756372436084682,0.06508024746980838,-0.32322321333104914,-0.26860010949580176,-0.03996332276224111
8315,0.13168880403442554,-0.12456786273666293,-0.1207994122802579,0.13245047159684967,0.004681425588627222,-0.03703069629753821,0.06535406494539556,0.08632844865376932,0.4959362715176713,0.06504073317316854,0.10016813127731614
8316,0.04476842765349433,-0.00583554211744367,0.5950222780146601,0.047577452608995555,-0.05132673585884295,-0.12886377198057763,-0.03294873550500415,0.012539034927914916,-0.04719653015804906,0.11445905069135952,-0.005405527780395278
8317,0.021391158135345527,-0.06967260891253334,-0.03891723020115431,0.1067633423667177,0.007884899688281113,-0.6808934128189928,-0.02266801161502715,-0.00981249394622781,-0.12464027202300303,-0.07538608554204725,-0.07259620135900775
8318,-0.15180212759686418,0.13449851514535055,0.39120325448609505,-0.019247626187209554,-0.15894560747238606,-0.2115493274036135,0.04109128133818804,0.13135435793174094,-0.11100581720524792,0.05172756259965712,0.14388356273175304
8319,0.1677918570629035,0.7073066929595913,-0.021859838048792032,0.03322863904282191,0.019099256446452828,-0.05526126342876393,-0.02723081386241287,0.04355550914356364,-0.030612184885166895,-0.013069772284159413,0.024034054656504853
8320,-1.7555966699301542,0.030970675726419684,0.05740147196429479,0.05800916463737953,-0.0838307627123809,1.570031203457547,-0.07463434197431286,0.035884836456396604,0.05401496385372556,0.061549962123545396,-0.001730667854975632
8321,1.526053554339268,-0.061954532386877266,0.04809118898553609,0.005355100539719954,0.0696136850057361,-0.09897110142892997,-1.0365334625688525,-0.04209582508781909,0.12211654296692107,0.02721034924324393,-0.0025992274082239416
8322,0.9303584451437974,-0.06376478095603498,-0.006080029498240614,-0.1629135636360446,-0.031269343254358595,0.046428047014768034,0.056334582499688486,-0.050687543690702046,0.144124707077318,0.04500479471255351,0.0458611252700874
8323,0.5536633880140535,-0.022984263645672194,-0.042685234594036774,-0.05454755666488527,-0.0022697003286960187,0.06375232128383718,-0.011410362893129744,-0.06055480010219669,0.08901897328459751,-0.010832070759885218,0.0060939274448890786
8324,-0.10878017943726262,-0.055716676444319116,-0.16009154832684463,0.026275424831834388,-0.005505904386570075,0.11066611752015415,1.402349949370453,-0.01907130948955733,0.04791791637253911,-0.8237152949786472,0.06195740663855065
8325,-0.1362631200962416,-0.6257717487883149,0.13135112034435711,0.1298775934892853,0.08375883982166892,0.06767951749501654,-0.039895581616504056,-0.006742386888614048,-0.08472948780443643,0.906970157774993,0.042050917956026
8326,-0.15489243334407382,1.0399180853390129,-0.07669971540771345,0.039160220149670896,-0.03309416054717492,0.013328482166818352,0.07982594439664888,-0.5478412636036296,0.02286441323514235,0.05399539119737449,0.01011676025217267
8327,0.03940684902581693,0.0035176869070519374,0.003859355980658002,-0.4605851901680471,-0.012224411449807737,-0.08647270356189679,-0.12109931973219035,0.8407326020439974,-0.2421971331935852,0.00551068020706146,0.14089505458675194
8328,-0.11062492003433337,-0.08211365272950864,-0.07687734862628512,0.7696193761511693,-0.18866790678008136,0.017979812891691406,-0.04946028811221818,0.035185850030996384,0.023618142184807876,-0.09932094159220668,-0.3472299713098125
8329,-0.008878047000166096,-0.08909459740290882,0.08441827868869786,0.008214269661565202,-0.4259700647432786,0.16639491880945334,0.13723442426848004,0.04739623841006905,-0.04108149340071067,0.02356303949830506,0.9286692448084599
8330,0.05157954812737865,-0.21416244154706063,0.013698085902183563,0.012346678918642717,0.6115243314259844,-0.1833647475739821,0.18525546678001167,0.07092620724616402,0.03850774920263658,0.06962008014211703,-0.0821029774574582
8331,-0.09008698469382145,0.13246489559534058,0.07727212926718711,0.037671684580063286,-0.01906990554709047,0.056563633201637875,-0.016061917871328497,-0.117074399509518,0.5030549895783719,-0.0507847824066339,-0.05805680100449141
8332,-0.14764486057506682,-0.0384655470143337,0.6011625218212455,-0.06073122361245162,0.08560471879305323,-0.05105631543318082,-0.0069684707011570405,-0.059333437526408586,-0.1262265501467636,0.08332841871821473,0.0037298874644991833
8333,-0.06670790119670214,0.03278137650880452,0.023303957168949126,-0.030660270509478522,-0.08086415579791412,-0.6761817214059856,-2.393142142203793e-05,-0.018392557359469926,0.17829160459113055,0.02889111479560189,0.06481475840729665
8334,0.09787270631173553,0.025431771466079237,0.4218467982415754,-0.1418971278034103,0.11729526897374787,-0.17474789686536107,0.11670787820218308,-0.008153833195586924,-0.06906412237784819,-0.02074306990590214,-0.33235908450363283
8335,-0.1053529434730258,0.6031514308427821,0.012888185307321286,-0.10329173464145268,0.021342623034510334,0.01925155938413641,0.1447816245289842,0.0013287098245568498,0.0008572854899436633,-0.028575330585007393,-0.025618216601358403
8336,-2.027174653583173,-0.0756428541031058,0.08869792743974966,-0.05183165914551433,-0.010680884559029002,1.6829679316334127,-0.18056202659817935,0.06338049714015222,0.03689412664391967,-0.11830120160675307,0.048568337605761264
8337,1.4794394560593442,0.00029196631512126876,0.0064112523239877785,0.04451446783318924,-0.06535312498017844,0.06672380994499867,-1.1046556378689427,0.022283558038594074,0.04725111716260727,-0.028351976214222252,-0.011593942030508994
8338,1.0447897527680314,0.039480345702264184,-0.031330392344086425,-0.07396973584336404,0.023963457925241557,0.06702446861734107,0.02389608193196225,0.11518788683081226,-0.13703152165068064,-0.05918178091117242,0.015078107173062688
8339,0.5705493145204658,0.06343664729036337,-0.05112638697841462,-0.06275494119806285,-0.019314517647274345,0.10374706318326156,0.028270078801589927,-0.03651702136460181,-0.08883913607679725,0.026316645083420714,0.03466140028533042
8340,0.10019889724086783,0.04205364587457698,-0.12111408019708156,0.0179122062256134,-0.03949684051614304,0.13395341975350294,1.0887469995376953,0.016764698242168034,-0.05540746995338779,-0.9314738553795651,-0.02048456469403353
8341,0.03217670133339831,-0.680736656489408,0.01276994368379938,-0.015646331888341414,-0.0013610799955523726,0.023633016962086934,0.06784697117365866,0.021986877295943997,0.03879853134073127,0.9363283008393454,0.15062517548522322
8342,-0.010719649515442591,0.9228894663678235,-0.11355905811410628,-0.010924935188605702,0.06936223120661172,-0.15168865426218808,-0.0756375608649521,-0.6118033137530964,0.013729024661906009,-0.003101902380157174,0.05198641740842894
8343,0.09944943292388998,0.09756741311151391,-0.18395011828540847,-0.46579291538056194,-0.03914153995524576,0.2575332764563425,-0.08003355420768896,0.8499300776537753,0.0934237237006594,-0.22675735696437332,-0.10842192263708023
8344,0.07030774098964167,-0.08327702428198268,0.13658116383741464,0.8141347214488258,0.0934054896037816,-0.09187645229425816,0.09145568593290229,-0.048652160489089935,-0.011355289322654338,0.06240546609793408,-0.40458489358604893
8345,-0.16150568705710125,0.011396727882142299,-0.10697376270609474,0.01858256748495729,-0.4609910267652342,-0.08651132237207616,-0.20584816829425825,-0.027667163212228188,-0.18744291152037418,-0.132033096077758,0.8556166712250115
8346,-0.027322234326036636,-0.1489045624884579,-0.044302944225755696,0.02799719673888809,0.5757277784852785,0.13860421281917748,-0.15623354407443454,0.002085222038180687,-0.3583464329484165,-0.008538596580074408,-0.078780640809172
8347,-0.29857364657399604,-0.05849138590989259,0.011550571734443224,0.009884486291039522,-0.011241692001349916,0.17851647305057486,0.21859378805651203,0.10959388052168867,0.49046907484509755,0.01929567362364512,-0.0403707392814978
8348,0.018327333615954428,-0.044085156445135915,0.5994595666691136,0.05379152195174669,-0.09487843719310536,-0.06574981599038009,-0.10016763217870123,0.1651547588123406,-0.05767382110924544,-0.09841950663222856,-0.009848289251109662
8349,-0.07803862492856596,0.00938663375397093,0.22340987515468375,0.11133537663749317,-0.0061423358993864426,-0.6603038722929088,-0.0061914480078488,0.044393888921897155,0.022942624506580845,-0.02721136805350797,0.013416511145432627
8350,-0.05665261116779745,0.0026901981390640047,0.44006677135841465,-0.10731008160997556,0.09545559774484257,0.1601214361451367,0.12250348469728553,0.0038616887252502442,-0.0014281470939553943,-0.17156263771242736,-0.08076351083284301
8351,0.09966621468425348,0.6468706338239212,-0.04977499348163497,0.03133039330883196,0.026695844886515878,0.26253041764310003,-0.000511435662389207,0.006483386762626436,0.09227918243136862,0.009507780336883959,-0.02629638082367907
8352,-1.9858834288055838,0.018330757214695,0.005167369042664037,-0.039726023515885986,0.054972858808998146,1.5984859633758655,0.13389224108011236,-0.07369142184949845,-0.018925295448980774,-0.04297669960756435,0.11225102785396615
8353,1.7466397407420022,0.13088328536078975,-0.0686820317366833,-0.1289511676012474,-0.12657777075898902,0.10645122197114086,-0.9236992034551735,-0.06116641235159889,0.08856560676027489,0.025832401756459098,0.021858120630153247
8354,0.8401813140367541,-0.0919577452280443,0.15762372565667093,0.04215100411821211,0.2037342397483888,0.0681634165072109,-0.03683508376556101,0.015812202552196,-0.016783822272582415,-0.10649722916169947,0.022405725701228042
8355,0.6217169321473612,-0.00702630973517694,-0.014209591726649493,-0.07200191382085551,-0.03524986356781246,0.004382563752539391,0.02090105026040942,-0.023334410040892088,-0.013034784329549277,-0.011429285136673333,-0.09299393963371864
8356,0.01956825617967061,0.02680824779765207,-0.10724362564185462,-0.018693871231048265,0.05257467222533275,-0.03809000989286089,1.4288920627813004,0.0771940902946213,-0.0954998044931587,-0.8827036976697261,0.10886820841328708
8357,0.058911763212050376,-0.5710162067663589,-0.009396243594642539,0.026041023890636547,0.0853263337102461,-0.05583687815388785,-0.0023969408529410673,-0.13045292190265464,-0.0462243271601878,1.0065783349733413,-0.10774156752493975
8358,-0.20065079018398568,0.8921011039292008,0.11045720536172197,-0.04865741074972678,0.11021910894766339,0.0933750226098847,-0.01404082532062704,-0.5713826930798969,0.014878522266549989,-0.03468641853950078,0.031121659980108293
8359,0.11522149431859115,-0.043838760935052457,-0.009595938759871503,-0.61212281851253,0.023953616346835377,0.01609123165296744,-0.18936871232039673,0.8240896990552528,-0.11093354013854943,-0.03709786478887359,0.015767538120546872
8360,-0.004190086854404047,-0.0462684866933441,0.059299725730938106,0.8119204264829202,0.21560032505454216,0.01868362927776778,-0.1602509484749244,0.009666000068351601,-0.017361245619959807,0.012555026467281512,-0.6611372781225923
8361,0.015156250853864062,0.04444024044371064,-0.07720179070114519,0.06738463373795088,-0.5231736180476857,0.22855674244754823,-0.12122113414215871,0.11843715184333872,-0.026610706039719278,-0.07048285645404964,0.8866308870243534
8362,0.13783753854886677,0.04042525751967008,0.08473688285028778,-7.50660876207474e-05,0.6269948333200935,-0.049302293822009,-0.19609435177201284,0.0070680560812841796,-0.17137515680043164,0.16934866479392638,0.0176809753538928
8363,0.19500538554170166,-0.10871593078141287,-0.0026096835782592614,0.07205043879457652,0.05817267145877309,0.11875289639484256,-0.10259672365757425,0.022286414238543724,0.49628658321298136,0.21026156721808562,-0.05877260164110666
8364,-0.24799537675667702,-0.023584103714158776,0.5819195182078091,0.189336929240346,-0.01975407635057031,-0.056543769253096544,-0.14034898141186586,-0.15113602523213798,-0.10819693425214252,0.09823930363003636,-0.0286236938436613
8365,-0.025889110344666198,0.015032606905954066,-0.04760697362794352,-0.10841433170961783,-0.06420757545238973,-0.7634879269107687,0.012666471636877041,0.127454471108177,0.033809989864430984,0.02636392175413827,0.019577314546567103
8366,-0.18144852358217203,-0.16859668850225903,0.42507233331012506,-0.14521637856924646,0.036126102740715274,0.06658291094458545,0.032749077610938225,-0.04253524813144843,0.08311056529140909,-0.021776326495956844,0.02229546108168914
8367,-0.18345410351737634,0.66854544251477,0.010198116726966987,0.041790211068687,-0.017504584921134363,-0.043495170563155716,-0.007047996660643686,-0.06329016233189719,-0.09722763499704459,0.0009996735224074727,0.0882214120953723
8368,-1.9018719371045392,-0.11709411334404063,0.05072777877991522,-0.10540659054324852,0.04859338979479876,1.6045285327702226,-0.1368278562203283,0.12410374252269497,0.022644966172931557,0.12027213114897671,0.08968149054673516
8369,1.6445486591786826,-0.02336214316702702,0.02670378356574551,-0.16129493100493592,0.11647884242324581,0.07052665609459885,-0.9740739254784039,-0.044158276521714404,0.08964337732681177,0.01449696842093292,0.05851360267487813
8370,1.2598559609179156,0.047197801152171225,-0.1194421074766887,-0.125146061968619,0.0035320352537210158,0.13300204048037778,0.0683316143606302,-0.0292014273892954,-0.012168985864057992,-0.16406668835467242,-0.0315809096843761
8371,0.6649210969248843,-0.053833283791182275,0.03719279804652692,0.012901197256899581,-0.008329608766818278,-0.0334348640988049,0.0016366043323150024,0.05440697202058008,0.007480224397761845,-0.009458849230465787,-0.0327579133992708
8372,0.058982758560329265,-0.09832923176827604,-0.0625887940363816,-0.13088541798383688,-0.009151909151845172,0.08068669815639354,1.3277518807591284,-0.0757053509838086,0.0037408907121433102,-0.8427702482526165,0.0009956315749391877
8373,0.09416339814252923,-0.7357199865992725,-0.12364704274061009,-8.1281095988219e-05,-0.02668025579100057,0.03616892260816476,0.015728228652806736,0.04330227733584463,-0.036064643186116234,0.9903013092354483,-0.04174810250772738
8374,0.08030193235666076,0.8945983438423013,0.19411571743814948,0.017124262738439613,-0.05306127311068993,-0.14440379442915055,0.03533878314367674,-0.5879596546364785,-0.011694415102285659,0.1640763101037356,0.020243480811073362
8375,-0.15828187094564997,-0.0646228364856114,0.09346121673702291,-0.5242981688404745,0.02359185619879165,0.056053785639951,-0.024898858143235947,0.7484642468692579,-0.06955285446534457,-0.05570774946588939,-0.03632705581937563
8376,-0.13091912329208055,-0.030550068237753605,-0.02821466458741621,0.7497432569751653,-0.11762803196015538,0.015700413678276376,-0.012138563144039022,0.06550198905695899,-0.059820995984322306,0.14257739128323607,-0.45695975660361404
8377,0.016942874146239427,-0.13065549358081252,0.041248207229355204,0.038952441140159354,-0.447254594393284,0.18695729245309184,0.08216577088416499,0.02455191812437935,-0.012538483904290888,0.03333689286262075,0.8141609174326562
8378,-0.34667169459329145,-0.047392605755809905,0.05728359030629539,0.05927781361784138,0.6041542713434269,-0.01804489385591629,0.10709700120196464,-0.0053550172521901265,-0.11406232527896565,0.12696744829698925,0.04946538132715762
8379,0.16918518796013163,-0.06944454966065322,0.05808275124022293,0.0594165731665479,-0.07871563227542215,-0.06619422511723483,-0.03690703931582773,0.1327758599354645,0.48725320929216465,0.027622146198044657,0.015448940786189623
8380,-0.018759419284585636,0.12908203643157967,0.5496546202212221,0.02133668997247362,-0.006538376137239952,0.02302208711622023,0.09157401374475727,0.036779062799535855,0.08224015921953301,-0.09270749367029775,-0.004200766332624091
8381,-0.007918683578421194,0.024952045732747827,0.09744475624066432,0.0005306300256640133,0.02402994854024313,-0.6341584389172347,-0.1123540264669533,-0.024018179463738718,0.10403896824170797,-0.012965234540132785,-0.12426072084497834
8382,0.06644686943044212,-0.05842473403469867,0.40469212097722584,0.0033729185957598676,0.21222095446664957,0.18208822428624538,0.007680621071874822,0.09017884862180682,-0.06674860380953566,0.04941494578126472,-0.03016854924194368
8383,0.08142938164827722,0.6883624890291987,-0.035515871418241196,0.0448563175622757,0.057691149847469675,0.14195351457828143,-0.20855391743680068,-0.000558996585772931,-0.040062405081332776,0.0034426523009549554,-0.06687560779737785
8384,-1.801651592439388,-0.07222967535474432,0.2669706409198333,-0.17315904101859786,0.07143179213598837,1.6232238298593433,-0.03226115188542416,-0.027353116337106603,0.06850840182718038,-0.15776479455145082,-0.015812266844323724
8385,1.1426788333716846,0.028999126850380707,-0.08773586012666834,-0.0013470153925418957,0.08614705697513637,0.0891326742637735,-1.0133003528116322,-0.097679356843294,0.03778895707033658,0.02743274670301203,-0.044052561711013405
8386,1.0037960185089254,0.04927004352017214,-0.10375743940400613,0.13627964945200083,-0.045712890954873714,0.10905371237106928,-0.15964228901601826,0.06821775942970712,0.06973183675131459,-0.06728498050541327,0.024519104745430093
8387,0.636345325855513,0.03760776087886335,0.011715200228497327,-0.02502717350950264,0.10754226008050323,0.0032570453322474935,0.009613967624230793,0.014625188145169997,-0.03195601744822554,0.03372623776683764,-0.016267224540346445
8388,-0.03356988199329341,0.12289625181367052,0.015201264583482709,-0.03456113901264266,0.05279251982078433,0.08744131804412442,1.4539279880846752,0.046097357666545664,-0.0926206956545647,-0.9479813633239336,-0.01592063232712805
8389,-0.07186746186286064,-0.5547324439867645,-0.057659668633408524,-0.066579627226206,-0.035056537374925825,-0.04916093539901316,0.0150127141320265,-0.04047950453319455,-0.07922255762984567,0.8504754282625504,-0.010843526713209987
8390,-0.010114159362505048,0.8922149196600038,-0.004863471495547878,0.011656218298666164,-0.05714591906886808,0.011886980320406849,0.16596235641116916,-0.7168706891996357,-0.02023465296746271,-0.020650607345279723,0.08475708191848114
8391,-0.06327935915035357,-0.03343235047886539,0.07807362369169292,-0.48722401546960914,-0.08989519070729968,-0.006647849569387186,0.03883565707699196,0.8491968340297735,-0.10610656852038113,-0.028225875018213865,0.08266129384163223
8392,0.0470940130629572,-0.05514046137937533,0.028347314769447688,0.8297221242374745,0.023370352363134738,-0.0342830146410771,-0.018949979548921726,0.1338713528082473,0.04334712588879562,0.24748134384243797,-0.5190038542578717
8393,0.12953420685127887,0.016792397071695896,-0.02840283263968476,-0.08519061756603721,-0.5295384994520874,0.03850490736280482,-0.11999722311434033,0.004267653729863191,0.0379191184151841,-0.029824232223048662,0.8677562050288214
8394,-0.06482054203893092,-0.03752934283109113,0.08310498897290712,0.12939958413242422,0.6138736256998728,-0.02107002326692238,-0.1660128220863362,0.0031704729566095517,-0.4109174107269281,0.0984916814456626,0.045707078644180936
8395,-0.14422037483904226,0.008391995333447285,-0.015992374330316195,-0.03276254400315798,-0.09079886686700075,0.0073373147776338386,0.01921373697929994,0.07384294330779723,0.48614575272850236,0.15708249548342887,-0.005825328987801751
8396,0.14459855228910648,-0.027851449875234822,0.6208700268470287,-0.04877630384537371,0.0015181493983268766,0.16209075820935787,0.026509987854468644,-0.07751082598909324,-0.0640458414298451,-0.13184954373377902,-0.2116702946333239
8397,0.03683798275891281,0.030684647755385302,-0.133747169252165,0.08790614578120386,0.004130205922434833,-0.6691097839308788,-0.10257563543630313,-0.05426171302637402,0.09876217351463218,0.05189585478126038,-0.051733167975450356
8398,-0.03155022381563179,0.09235083128877326,0.44537164011970154,0.03082160400994,-0.07582823285945156,0.05779788658208553,-0.1920515543614707,0.10150185179042788,-0.0006730442433042307,0.021282884970065096,0.15267265908795102
8399,0.06708778608196653,0.7400585591136594,0.05706244590064127,-0.05213605868470301,-0.043055945953597574,-0.046610702300274726,0.06710250743939554,-0.010598935542670235,-0.020765156863342626,-0.057242462454046045,-0.10622783165521145
8400,-1.8142203552534264,0.09963604913898312,-0.14401750524081622,0.07505635712375028,-0.05867901651771828,1.8697533710717342,-0.027374198653261184,-0.10593957779959656,-0.10858794469962509,0.03310003542394793,-0.20607716963846667
8401,1.2946528345109876,-0.04332663101353148,-0.24374744767517992,0.04147130957983335,-0.034935056761521595,-0.14383512247052513,-0.951140718312869,0.0560020980070008,-0.06198819161279272,-0.03557045146624424,0.05517419825204513
8402,1.1190067716830394,0.1257969356411385,-0.13810687692454632,-0.04262122551980464,0.10846017955581136,0.11230259612987763,-0.042276666090092944,-0.037621012935649234,-0.0606654482601994,-0.01961003353661972,-0.0016889353937587016
8403,0.5874997634992498,0.012977196586834662,0.008613671112537514,-0.07540950643583978,0.040801296628401144,0.02240452209920893,0.04909460718167617,0.00048580588386754227,0.021874132280520694,-0.04557691291754118,0.060470780272682205
8404,0.06583813018826762,0.04278047828036252,-0.014517289513583945,0.13270606156413742,0.029683528987990614,-0.10905776007426898,1.0218144339965054,-0.1431199934794472,-0.050573827145696644,-0.8891366113840067,0.18008427166297167
8405,0.003050774736807908,-0.7014132858207693,-0.15550504435744053,0.05549473777396456,0.08372385741415048,-0.03864793315847727,-0.08370945646567246,-0.04823245835872566,0.11452468151783603,1.0365682976595554,-0.0018411648216317897
8406,-0.11287319440361022,0.9948189458380281,0.10605027903444945,0.030517588910356577,-0.11240003148921587,0.1733417563114747,-0.05111248684354025,-0.6185384564384632,0.012933688872439786,-0.17465157057025882,0.033615301584603935
8407,0.14905743935607088,0.053665370972398596,0.17970719442837751,-0.6254039393158524,0.19295724119249105,0.10806081296623782,0.0869195659648838,0.8335587402961463,-0.03665864076469859,0.050578247945292,-0.08012139140562541
8408,0.06181681692711814,-0.041887864803116785,-0.12091495901423609,0.698510677218538,0.012547999589989901,0.1538796165086779,0.02772709372544284,0.11233967355599905,-0.01030561408097073,-0.09545681422187861,-0.5951145762545234
8409,0.2349369177032575,0.02515117725804216,0.04695311961359859,0.08996243070000678,-0.36273549816723233,-0.2230962407760026,-0.0686877468378244,0.08797891261315799,0.0295865873965591,-0.007641738658367212,0.8104564712322085
8410,-0.11925827354240406,0.029216056014790444,-0.2510831578809399,0.02855842933193499,0.5837161062248672,-0.0841415887131596,-0.12869601615601112,-0.024865477023651238,-0.26720718613103916,-0.1435519903955639,-0.015681098574369626
8411,-0.025160522577815012,0.18109459883778614,-0.13327759339476222,0.03013946234734708,-0.030807286745000738,-0.04315865536952052,0.05079375407438236,0.0017184010973700795,0.4522355434461158,0.06984703367397159,-0.019731286407048246
8412,0.08671804746315925,-0.001839859118505682,0.5478495012786017,-0.01772324499326901,-0.09885798267881041,0.01580305054002943,0.07690643081196676,0.16780452602238743,-0.0027492162962251022,0.08807679999203744,-0.038222090080914456
8413,-0.07894398472280684,-0.08051601447764027,-0.07217251224933063,-0.030735322904519132,-0.02244069918596702,-0.6884196653621014,0.014395226673801676,-0.08372980603856973,-0.07451387187991158,-0.09047156913040484,-0.10103020925054883
8414,-0.04051447891654948,0.18567028164921626,0.40711590627535876,0.1648287968960869,-0.031727849416277806,0.06557327718030605,0.07973541571619687,-0.05954981392685054,-0.041450870467491095,0.15389702219881157,-0.03177500123435792
8415,-0.10943483689174899,0.7539262180468481,-0.02931658011558879,0.05436175251526424,0.000961186615887654,0.03640742244028586,0.1890072151109612,0.020209967286897047,-0.004204399817349059,0.02370137170447166,-0.004426170551102896
8416,-1.721787970609149,0.08107164271493021,0.0021396533954247945,-0.22091536230206663,0.07989307927831352,1.9286647776515051,-0.0052850132721906015,0.02249514410928029,0.1062596123364426,0.017054789679973276,0.04732301668094029
8417,1.3269020520313093,0.04167363111289055,0.10101673599684902,0.019398931105063792,0.07600286282047618,-0.2316962168743737,-0.9440643145259783,0.02390022122654863,-0.11978818750591694,-0.007186493395780846,-0.07211104325478844
8418,0.8965875293591019,-0.03068087925141174,0.0791812940208,-0.005543588720757614,0.07849218015419732,-0.0814095526730016,0.043832015334880604,-0.09742147131369362,-0.03949800922292594,-0.0425288799457787,0.10320510258466209
8419,0.5549561278837121,0.015123100309782646,-0.01822291393445012,0.017332696007057394,-0.02192243782188461,0.0717953027334047,-0.020150149268327772,-0.020858053412665466,0.010077959092596483,0.07144042388893997,-0.015585738793356878
8420,0.1248966037535664,0.08773295838185222,0.0894633649407174,-0.10242870843992233,-0.06901510155369248,0.17436790306246502,1.3493759065926705,0.05125627597301008,0.07692512229200946,-0.9444756946428576,-0.004406697562662479
8421,0.06640952044685439,-0.5893682048543964,0.013684470476989789,0.06232751359187024,0.07766092609421248,-0.05871689816732828,0.21709763591570316,0.012643432707616727,-0.1022753319365438,0.850635536864446,0.1664859144609573
8422,-0.00029051043020724907,0.8248157885577438,-0.03975864619819508,-0.09787081525131379,-0.005867663519182856,0.12155561149134246,0.0461438514997067,-0.5441312987592588,-0.07541734994375389,-0.007578600239055854,-0.01863516074805966
8423,-0.03953477522363748,0.07806164669694222,-0.05013827886437114,-0.3075647588349044,-0.11358420626961423,-0.23744922496632856,-0.05903517626435552,0.8644295584116196,0.026026120223321545,-0.03631885891162588,-0.011983183909678648
8424,-0.09817090592120983,-0.010883894739664375,0.016722359809705486,0.7813657377574048,0.040562811694231427,-0.047634711771705,0.13328687771577627,0.04248324876952889,-0.020348173066521806,-0.06979654627864262,-0.5017274286812221
8425,0.03151382788397314,-0.10304780880904045,-0.007057320553609077,0.13893440146582312,-0.6586850247958382,-0.16292782146735624,-0.12326112027403686,-0.016942407878088227,0.0821473693771091,-0.003180372783812891,0.846151111954834
8426,0.12499483379046668,0.03137313048682836,-0.17085057680527793,0.013486097252731952,0.5861250998351472,0.0060949635630407955,-0.05268227450142751,-0.10479712367116101,-0.09304570295358833,-0.07636460716753515,0.0008878272558074142
8427,0.205957407427403,-0.03192167722153344,0.09354690779559731,0.019803735138976875,-0.03680985323600865,-0.07546639686389495,-0.04193981004940827,0.0835551030431693,0.5229763280077357,0.012520863321255474,0.0017404343403165604
8428,-0.02772054427216858,-0.15069797061399626,0.6051144218785739,-0.10147230023046025,0.0274407135271776,0.06900701667132549,-0.030846296508012253,-0.10418649369631719,-0.03586850984113316,-0.052699337058527064,-0.04610488142951946
8429,0.02150518280908647,0.01530620428304022,-0.08857958180480288,0.00033874409016700774,0.014065516644362215,-0.7331976251294644,0.008627581134899143,0.08695456674893033,0.03023019323742316,0.02870510601825692,0.0021802918447358603
8430,-0.16394533790290047,-0.11288363329906047,0.4068722644655038,-0.1868815586011601,0.0031768476538795026,-0.0038342995200698077,-0.23713881842089707,0.018553676821812214,0.05873538397987092,-0.0441675154277595,0.15026733385298813
8431,-0.0040578487065931045,0.7303030673854047,0.022008133691978612,-0.00986463219805247,0.010895506380486707,0.008256196715080565,-0.01859126073012214,0.06004893843723365,-0.009712989857444594,0.0301190434459033,-0.043418098614676034
8432,-1.6547245930471246,-0.08901869831737048,0.02969776114992509,0.028585974366843275,-0.0533441690855554,1.811628348957909,0.13611678597013246,-0.07166820596721328,0.04278114014295177,-0.11967998379416221,-0.08631610371271425
8433,1.1406359158092902,-0.07486179538747943,0.048839559586329344,0.028757191580764906,0.03677939237058304,0.042234587025187946,-1.0270294331940535,-0.027413889924203072,0.047648576883880564,-0.051904160223080476,0.1580853479689599
8434,0.8843939443567573,-0.16961573817941683,0.1230810007497548,0.05081362590648662,-0.13141745480528064,0.19144869149648464,-0.042642065023387424,0.05557599254620387,0.10139557089684476,-0.0064893298394040275,-0.02267686086587343
8435,0.6201954520307268,0.05257284446747918,-0.03878536751856173,0.04790622646642989,0.04715661949141271,0.003488744758718125,-0.05032745763663469,0.024094072733056207,-0.027488584936162973,0.013779824229020294,0.01429583718420522
8436,-0.22060479399064506,-0.022045382397666118,0.13444010109700325,0.002617250181746498,-0.015159647484448252,-0.23559687102856025,1.1506660203937595,0.06369742542235679,0.03028585966492129,-0.9558552664533817,-0.07827759190794378
8437,-0.11124793897998943,-0.6076119177146607,0.057071383167377136,0.02497537472418785,0.07052821477238659,0.1636234658538339,-0.02417929432947118,0.019699521591370096,0.10954713140705152,1.0506869016149465,0.05378840353345331
8438,-0.08794363034639278,1.0708646743669912,0.11627155474438172,-0.08524248192390589,0.04607637288090169,-0.4447224992724696,-0.06621394408324789,-0.6535704220070161,0.18540889235982777,-0.051316640867814664,0.0007727418324307181
8439,0.10683055369865181,0.013013683298333542,0.05329014241349081,-0.5145547986138279,-0.034195905876153385,-0.2313183428421648,-0.08382816008993944,0.7756968344692321,-0.012399895511334509,0.11241699659005505,0.010813854804167532
8440,-0.1370966579822433,-0.05447085008479826,0.11313548878466508,0.808146809137434,0.1198108662556811,-0.2978519950566638,0.04071228531962009,0.06092547482668484,0.011246698598101141,-0.14320748019311227,-0.49654108702680017
8441,-0.10916031420364453,-0.07432250039981836,0.06855863559445508,0.0002915020996167566,-0.21826854522418415,0.09577503714702956,-0.10748192510002182,0.01937628687911216,-0.08234517065615539,0.15398839113984156,0.8817403239780165
8442,-0.137599621194542,-0.011463376517976576,-0.03357544294787068,0.0034970145839125014,0.6129407970345443,-0.18810262987060308,0.09552074243529789,-0.0916845390448889,-0.16711139935083785,-0.05420062891471019,0.009206276577544917
8443,-0.05299030368197884,-0.03698054655595801,-0.29795349480365646,0.0028954335601074615,-0.000925962508800395,-0.17840644243859638,0.12965148321981906,-0.007987275454373602,0.5003752576216994,-0.05795039793329194,0.08508614398573094
8444,0.17220856982992033,0.12892221888671312,0.5563848022875756,0.04179731817650525,0.2770645217210012,0.03593884674349615,-0.031747775671726486,-0.06807169180197536,-0.04990801764698218,-0.17593210429458983,-0.16867820864359667
8445,-0.02315083734417539,0.024421929452928662,0.13422998000528436,-0.03297509557570631,0.012725092667543571,-0.6756221460053494,0.10254562119293144,-0.037866443813785934,0.06848909894846085,0.0661537259851381,0.04285107904424598
8446,-0.00926432804282212,0.010617934042048088,0.4074442833308321,-0.09217279767203976,-0.07114671696189466,0.010195935245536409,-0.12528945327543067,-0.06935775766684689,0.04160312614562396,0.10471138132273132,0.18364788878978802
8447,-0.14326291410375555,0.6466620390387128,-0.06394649613364978,-0.0667733946473377,0.02199766578123567,0.06173352766756618,0.07768312164147345,-0.02654777183378097,0.05492137441212284,0.07513249154361065,0.017780123796833653
8448,-1.5381941156657748,0.14273444804478042,-0.035460340714561556,0.1547367693681974,0.10441277478641578,1.7587980073274345,0.008647785513630966,0.04888852920887187,-0.009619587677154443,0.029218929041260826,0.16359916931464574
8449,1.5340820277309413,-0.06516686451826105,-0.02444997944577559,-0.03207960801580354,0.09388990134373827,0.002395141998573529,-0.8724908109090368,-0.045871111534052836,-0.006589579324104792,-0.033129570470752975,0.12012796802308817
8450,1.1342415019270042,-0.028035708134524502,-0.03544742841717395,-0.020323548306599618,-0.003331898758307167,0.08545844413192377,0.04697825335038186,0.14083379440916866,-0.03814905219188417,0.03374814153394338,-0.15026429543722397
8451,0.6480526085404523,-0.014082847110251043,0.03864278025896761,0.005499160681418202,-0.04261655917256972,-0.0651981265161496,0.01894487796735118,-0.011456016838752414,-0.06448274541430016,0.015428214810220673,0.025134365114545486
8452,0.01703204753080128,-0.005984317787334035,-0.025434432858768632,0.025663164090153016,-0.024149310670626704,0.26294537228450515,1.2554236067766917,0.014111949144169968,0.09788569339002773,-0.8684491055598177,0.06371787346143243
8453,-0.11491501014006936,-0.5976884596257882,0.01250540013146553,0.013536678872463109,-0.07089609574450227,-0.2276774271413581,0.061550217067857314,0.1272892045873235,0.1408038851706028,1.0239785764001765,-0.0717845020689516
8454,-0.15544459113958284,0.9763458063162369,-0.021668848313656838,0.015193716813200944,0.01592909967218632,0.29925566878652404,0.02208159310510311,-0.6199825323099359,-0.15378035467934784,-0.01464029089017337,0.017358029696132402
8455,0.12835233149127626,0.002572822381874224,0.007492555819893195,-0.4947026737363087,-0.0814761642407697,-0.12202250675828175,0.009452926910840407,0.8095153089727127,0.025939811063326993,0.011420747971584782,-0.0652203263734883
8456,0.030672004554558218,0.04447271106234765,-0.08392556476253257,0.8336337097619869,0.011571961414793528,0.15361319092351228,0.08541972582080945,0.025340034142326717,-0.06631038030410397,-0.13382393974442916,-0.45013804664434304
8457,0.2056411390435312,-0.18255619022912226,0.09490578483850301,0.0020636942469629592,-0.2986216465963651,0.09530631703829938,-0.04916905400588259,-0.08840140591702336,-0.153255626182668,-0.13777807321001057,0.8709498603619671
8458,-0.17311855687116098,-0.07395999248188732,0.12137741590661248,-0.05338100373631362,0.5955335832352381,0.007416526539317122,0.059246106742393785,-0.000780369346471957,-0.2572532146784941,-0.10167561117419305,-0.05427793889041235
8459,0.04682398475222501,0.04762794677581829,-0.059162132513022075,-0.012689719064189888,-0.030672923991551596,0.003728379088469422,-0.1040673264120669,-0.11827676216162342,0.47370817364152273,0.16574896510404138,-0.045232497887185565
8460,0.4766639658656898,0.006809549622570393,0.5845019644394852,0.07785021661293015,-0.010393447525764297,-0.3011647920333957,-0.00951154454750967,-0.05581963383931081,-0.05482219541590994,-0.15143519514172504,0.049920076641357315
8461,-0.018170430551391455,-0.15882148163114793,-0.0014182238966161387,-0.10600683481719085,0.060647180398077136,-0.687787292238749,-0.08028341562582227,0.02002201595171813,-0.007538891313850871,-0.0016293214231495714,-0.006541070639214884
8462,0.06948669380919736,0.04987015195399371,0.43507874636682076,0.09149460785423807,0.07748693418658094,0.1880163092777274,-0.24507368780588099,-0.12910122908538488,-0.057387828956455986,-0.09587755339799044,0.037241721270317774
8463,-0.14936436611644957,0.6448978563802493,0.19850799194700558,0.037161247031546815,-0.08201656579288873,0.19870128475165455,-0.028749170195731172,-0.0029070054451313405,0.09622193886202074,-0.11771352917201831,0.04444619990720003
8464,-1.9734873311630643,-0.07744927015920125,-0.0647538915221867,-0.12539570828718102,0.11532479348814403,1.624438338923692,0.11550202145740184,-0.14105103239423397,0.16125179979233756,0.0072924184298814605,-0.047644085218759846
8465,1.1370727451364038,0.05805409689095533,-0.018896395873741118,-0.019037623656657253,0.053662303432919285,-0.1017774163175947,-1.0217609311593874,-0.015699651897519196,-0.08203419518194553,-0.034606474268507645,-0.13483675691628702
8466,0.7554564202596822,-0.08215086806453956,0.1220962351607217,-0.02592330499765421,0.015276495792127783,-0.13583112202222225,0.05630603872640048,0.1096771144457208,0.04174792385316094,-0.15344969648476667,-0.05762615050385647
8467,0.5700828475036036,-0.019646207920476326,-0.06316132064101775,0.01778759022196663,-0.013572525137869693,0.12245792899845577,-0.05481473298001433,-0.03802258293042745,-0.009156366566077231,-0.0028601724860862904,0.07203850105955759
8468,0.0022022050949766434,-0.03635871407334114,0.11205532944668534,-0.07329078576720471,0.0172949132677866,-0.0017706148744491904,1.407262981544169,-0.04684329501858116,0.01614881632458495,-0.9799134498018237,-0.07089563083049956
8469,-0.027908075968551382,-0.5971394682555303,-0.07033423689659404,0.00621231824218252,-0.0017027634724492658,0.046346366475829695,0.036547285715616835,-0.032868716903904985,0.06753763133625972,0.9920603717521621,0.1516139789054696
8470,-0.05772794195112921,0.9495640460926394,0.0923238224335868,0.05834998759709674,0.05566484069047395,0.001400912012768018,0.13112769913656055,-0.5789803944487155,-0.03682042315904986,0.0642809332933034,-0.06325601966536672
8471,-0.03805070394964687,0.12090665156572089,0.06581012513814156,-0.5462559714404898,-0.0221467738655583,-0.052531437937751724,0.07412954623383772,0.8484454340088369,-0.11803840918048224,-0.11803538964040608,-0.04261982568200355
8472,-0.2370441128291362,0.11603232986663287,-0.013312459256910833,0.784648774190182,-0.02018955450914949,-0.2653378081546948,-0.062256983319479035,-0.04456550841643263,-0.03830504127977914,-0.004906600293072719,-0.5656557454206875
8473,0.07770165953380062,0.17369952924186804,-0.06532508081481717,-0.012306692845460312,-0.5894104919659855,-9.606574144520666e-06,0.005084628751009216,0.01920416633740245,0.08707911439451334,-0.049420039257496585,0.8193834309202002
8474,0.0830434545621075,0.09328335442928534,0.013833211349176016,-0.022546008470579415,0.6162607984367207,-0.22499838459821095,0.03276681008684679,-0.08906656153516657,-0.13186367307044095,-0.060091156778289044,-0.0006496963979072479
8475,0.11546136718200777,-0.04474231560254267,-0.143346623571609,-0.055014919389303085,-0.0632780356050716,0.32341012427986054,0.0112567094372284,0.10508487175683523,0.5018199605106298,-0.06304758536339518,0.013882335631810256
8476,0.11016645444359766,0.04581121399398534,0.5632475816803446,-0.04338641284549609,-0.07875388894734921,0.09596929695873566,-0.08490824744784682,0.00889370854552634,0.04680754247117586,0.0974135758051486,0.023381170136111695
8477,-0.007982773581092848,-0.0013696042886835453,-0.038953085208317174,0.13286488345531597,-0.03890074354832565,-0.634708494652062,-0.03606672233449757,0.0029780949874450096,0.06081646096032827,-0.026110361828404045,0.005845092945315665
8478,-0.04803156133827241,-0.02154076046948137,0.41900071663052696,-0.09843679813186976,-0.07567302095129386,-0.13333085797145489,-0.0701458468254687,0.2205319985611861,0.09281627613688626,-0.1562765118345983,0.07824233343764497
8479,0.07786431882538687,0.6650121404079338,-0.0263451605592904,-0.028620283429059652,-0.020534988063830455,0.01604226820932394,0.13907036843165918,-0.022249919480549368,0.08329684187887809,0.07897147752823742,0.039948578245770375
8480,-1.9095764063298803,0.15832122178203784,-0.01446326067054875,-0.06455693503321279,0.06990158005460806,1.6546319433803967,-0.021753449313353733,0.0685017951574789,0.0225774224186924,-0.04588382279063897,0.07094976703234909
8481,1.185480799438562,0.11491510439840967,0.05062952113809748,-0.007478700050569518,-0.14393484261544381,0.07284084436693555,-0.9573308178809207,-0.06855950888890737,-0.1896967784829088,0.004179580590757508,-0.14126978369871163
8482,1.128275756530629,0.020418940180713413,0.0514685923607574,-0.17131897848216893,-0.01852705835312397,-0.10249187305038478,-0.15475390399130556,0.06768240567251284,0.040956259181904694,0.1573850303408859,0.0615567781359616
8483,0.6051786226775714,0.033907487753671015,-0.0801013337829408,0.003569224821202948,0.031161859747546105,0.16408591504457348,-0.012706437598023824,-0.03489061354443425,0.02968809952476492,0.07082295790568144,-0.02370336232386623
8484,0.2543560867325055,0.04147888452274156,-0.040164994653816746,-0.1075505986122789,0.014279618352068727,-0.03344029290745822,1.296894190455922,-0.056447164589274415,0.08988168869301283,-0.9621700801818593,0.03248549151308526
8485,-0.05966466586020206,-0.697545638923843,-0.11265935741902416,-0.052796215065697115,-0.04903132286803421,-0.09105690488813104,-0.0917531647582041,0.08103559585651557,0.0014408129105056393,0.9244833659947957,-0.003458155192745697
8486,-0.009347966981964266,0.9142880287687871,0.11102319989137857,-0.06076035824285128,0.01456980843039939,-0.11132456623997833,-0.01926038108213049,-0.5421672665170265,-0.06375498411778341,0.02104000687503536,-0.021181175634393434
8487,-0.024267363840954955,-0.014479524162912661,-0.006706832829470274,-0.6310562906291326,-0.09232148137482232,-0.058561647154401784,-0.22020714830790977,0.8590145840873602,-0.011191233152787942,-0.07683002042944453,0.04041922219179275
8488,-0.05744198522174622,0.0676715104063525,-0.025963576697303658,0.8497561449752801,0.07822503671807485,0.28222993848746375,-0.17512336311414592,0.04002230629954357,-0.05410296856168789,0.10991596814388352,-0.45650935288399785
8489,-0.04974895801997829,0.034329000315123606,-0.01219012573953735,0.011130630670187984,-0.40767472432195795,-0.11379081157479655,-0.0002832104179431071,0.06398212684015653,0.04988251052469892,0.16906846589401006,0.8251435875570035
8490,0.11748914429147227,-0.040804337598517225,0.02297213003686224,0.08766898728024151,0.5903029569998658,-0.16851738477706008,-0.14006388858813318,-0.04869427275762856,-0.09460617990121498,-0.08094803240297523,0.0180384673062937
8491,0.021953906850620646,-0.15270369168548348,-0.10140922138164496,0.03684235929366733,-0.0037470232804672175,-0.048289916767722825,0.11018675222131039,0.22238905566504816,0.47795845519100477,0.008715702090263538,-0.12597219465609427
8492,-0.340558260070273,0.003635202192053954,0.55500125717635,-0.01554189537834651,0.04872582794754354,-0.08948348927330947,0.047855862858211154,-0.26036634833232325,0.012944975799145626,0.020609186540654436,0.11136066579853486
8493,-0.08316662553046997,-0.07381263351439715,0.05908429622588257,-0.013538348485330053,-0.06294915728383897,-0.6374319425907997,-0.035611978757239544,-0.053223654790356706,-0.1793210376053993,-0.061342871380854314,0.014359039537494948
8494,-0.12372354531997129,-0.16662842555863833,0.4236286611661233,0.0680242751677541,0.09349660085823223,0.08581811504347645,0.06161488834282785,0.008390787271710878,0.023594583636158396,-0.09622318320835557,0.0036927762161601757
8495,0.09098622935823665,0.6465679676377731,-0.037942181795681915,0.07782664753681642,-0.043114382619953706,-0.10682323594262426,0.006091682485666931,0.08862453868030526,0.009540090877404117,0.03086517309414572,-0.03882891574010702
8496,-1.8950826090095807,0.01462954479907259,0.04534342455816688,0.006760360982499748,0.12678638577454027,1.8393773117524965,-0.08009578377944328,0.05536763150558983,0.08899935368690821,0.0003381724226483463,0.06852714338394023
8497,0.995353238105288,-0.059178616140171635,0.07803531794161873,0.10906112820574441,-0.02861912472958222,-0.026231568728913253,-1.0120538568743178,0.017048298493476242,-0.05257331854294221,-0.027147172678306162,-0.02057279261120729
8498,0.9893242801244356,0.0029225243474798775,-0.16635604546403923,0.03300924180205299,0.1681502911916095,-0.03430575105120433,0.09105137431155187,0.03700365200774297,-0.07119824537427209,0.014779086105394752,-0.08940764417480693
8499,0.6448683389130021,0.003867261395673262,0.11767188827308096,-0.053154000961737016,0.012769197817067313,-0.022452597413200312,-0.007750342453286717,-0.02252528432858949,0.052728531430376514,-0.04095885430673625,-0.015886561229700842
8500,-0.21288758234694746,0.007852933996165289,0.05616648016048539,0.07027624440153661,-0.035297782210336956,-0.09769985261924627,1.1836224898848744,-0.018708439096500572,-0.01296947252296303,-0.8380559026578043,0.09119692276954801
8501,0.2253752979230703,-0.5642558036962367,0.044991276913792566,-0.1293293439092302,-0.06286195564399748,0.00880506255942199,0.017870968234641918,0.012742082446003998,-0.08930417302227715,0.8803584853416586,0.03802485503499495
8502,0.022272360839370016,0.9724996512692834,0.13160181283366496,-0.026181875797820244,0.0031509392993593994,0.01565672233803706,-0.129304185115249,-0.6236844604431381,0.039158956554401686,-0.021609001634172165,0.15549293870232972
8503,-0.08225055125755758,0.09530536984951515,0.015448856904626204,-0.7063679916699329,0.07384688904253735,-0.1732217942098585,-0.11751771254180192,0.8287195992373472,0.03600667997200062,0.11892239019093712,-0.05404592494736077
8504,-0.012926143689636235,0.08507432324524589,-0.01599297709336889,0.7223469448336174,-0.02879316258286093,-0.037707457186337924,-0.1185550321562677,0.022823649765518088,0.09596379488899799,0.12417881488279206,-0.6103396508276279
8505,-0.06652082570698964,0.014766702015799316,-0.1217829966439791,-0.042406539412785035,-0.6836012691477689,0.13773156004665982,-0.061374472782650055,-0.14631241893184274,-0.032189675379478394,0.017329653211768867,0.874371239555639
8506,-0.0354277736946727,-0.193645467871977,-0.05434320575037177,0.10640328966823683,0.575230401446893,0.1769917720007993,-0.07465079719413853,-0.06956116703643937,-0.31688490625173255,-0.15546802701350787,0.044278340784590246
8507,-0.006908974116041439,-0.07942807105845029,0.13103768217582995,-0.09194476152145041,-0.00355064534166713,0.28043979501960997,0.2065858558934475,-0.12015518553991295,0.47524933102726696,0.039659667262319086,0.1385648620128
8508,0.097617984612639,-0.012411657395307125,0.632292883129057,-0.045186534127848246,0.012482592247946338,-0.09729105064287157,0.2515049250830493,-0.12692131267667286,0.06180526507840852,0.0020279141441542268,0.10991250713819639
8509,0.001451506859491182,0.05812921705945135,-0.08954621953334119,0.0641466678754345,0.050254264331225165,-0.7143336390229386,-0.029647618657558668,-0.05460585776481857,-0.04642908065932869,0.02621988967830187,0.0841832051538912
8510,0.10761264675224554,-0.1819700307038039,0.4400974928224088,0.10742587840293069,0.1412256127465551,-0.20237878149795482,0.02496926298758636,0.11810537509510877,0.05171763020997197,-0.2557425921478137,-0.09138606162446636
8511,0.05974034323353799,0.6570786988306118,0.003483354026717735,-0.028687425265752926,-0.048168723808858976,0.043342853809668826,-0.1410046695266955,0.027396385963725574,-0.0265225857033218,0.06880805231715098,-0.013465970450328438
8512,-1.9128006641507647,-0.09331386644129355,0.1308032258557756,0.14356070727072331,0.08188827959296846,1.8061964775422525,0.026976318169036645,0.08529259562936999,-0.0839399352031487,0.08339664793535417,0.23526463388405508
8513,1.4777604215323707,0.05428100198168528,-0.029285461997028465,-0.04171882670992477,-0.0747033501495996,-0.000490597382653766,-0.9935746822163302,0.15949469492940216,0.04002643591859146,0.04924785842231098,-0.08794308038585391
8514,0.8456164106265891,0.1604891587513722,0.18701007857714516,0.004058690740122117,0.053900166334519904,0.004370466660203291,-0.06697801459511238,-0.03729888700106766,0.01689030409602937,-0.09657261823197061,-0.1604150164303921
8515,0.5310912671813757,-0.01657749827882208,-0.10983048633875159,0.017285488333856024,-0.008184630024713766,-0.020451808039042854,0.000700714295538003,0.008339762677361272,-0.0038512984795332945,-0.01523509349387678,-0.027510884598262886
8516,0.10210204637421921,-0.07394020615916982,0.05675732804823834,-0.06319180986907286,0.037970809719493695,0.19430155581934155,1.3453680679456168,-0.03946432837682544,0.007267746285232003,-0.9233464549210703,0.01310998108763339
8517,-0.30830139344767116,-0.5673653630078763,0.03623102624436714,-0.12031184678684409,0.03804561019117015,0.03025901125289215,-0.12627519631885536,-0.03333935236451461,-0.013213262548761819,0.9330691461487632,-0.01441818059558338
8518,0.10346043722072586,0.9047748646844911,0.025746929123255543,0.08227388196058501,0.03223476579838864,-0.07269520444730732,-0.021395505066985503,-0.7693863509883503,-0.1280627614204622,0.08951543207278001,0.04441821132051323
8519,-0.032951213058628,-0.062474601359771315,0.15440773348411135,-0.5052223681408181,-0.11388382780701455,0.06277132063631469,-0.03583503016162626,0.8254991232910014,0.04422319343667837,0.046493610385058726,-0.12107897123587555
8520,0.034664821340097615,-0.0371355304360421,-0.08930980848367938,0.7867915745966265,-0.1353438548442614,0.10442369320965661,-0.11783687554195305,0.004107880437844752,0.07812516071446063,0.22763486220525805,-0.638207336160616
8521,-0.11803158501745176,0.07995310490457586,-0.12026924096110575,-0.004122128094777999,-0.5109512606598288,-0.14437476167237295,-0.05139932894200491,-0.04244815847859387,-0.09890455462803603,0.09107028553983715,0.9442263290948218
8522,0.10707735694020185,0.08207880061259838,-0.026415113387602676,-0.018613196157193035,0.6042228120038966,0.031849642849007875,0.0510746857403893,-0.02282613463731628,-0.3300608295760253,0.1486045118483223,-0.02819288628303849
8523,-0.056759368846188936,0.12518305423897927,-0.04116578493356224,0.08730970661631583,-0.0126182328242076,0.03304494248908196,0.015442625186083091,-0.017565570190387493,0.4879901683045072,-0.058301828650316585,0.015570454058212778
8524,0.17170804183616772,-0.021696263418069253,0.5363449724549323,-0.010185673634776366,-0.04417914663433248,0.12438649726767273,-0.27833999598950987,0.009328899411984223,-0.099215358636316,-0.08238818208280156,-0.05814691073053276
8525,0.0767650194864923,0.06836817949607914,-0.013161059750383041,-0.012327077763454226,0.04522941065630093,-0.6928492611103491,-0.002800219474909998,-0.05142986954680209,0.008009482529542396,-0.004532179447004965,-0.041981106971740276
8526,-0.060348381471557175,-0.08589755493314655,0.4351148170800104,-0.016469474724748846,0.07584387961534887,-0.013071724448795051,0.102529159191296,0.061195851554985255,-0.015357252393708914,0.1563032558082217,-0.009307381589670986
8527,-0.051179919659571846,0.6993619232315946,-0.011438643379262535,0.048602293923702695,-0.06139624631450191,-0.09671334708396402,-0.0559757132277213,0.10499390048448327,0.05254486153120765,0.0719650582087068,-0.0011042447947001975
8528,-1.5266735829623859,0.02595241750385195,-0.16414509550777687,-0.008030543152634767,-0.038097743305826486,2.015250933978182,-0.03610000664483211,0.0802207685483185,-0.045895813383595954,-0.0034293973654502758,0.05809013514701806
8529,1.1509029881806954,-0.026356149875634206,0.003428067882588667,0.04686599566984724,-0.03968175844700926,-0.14117601210231082,-0.9517187297180678,-0.04460813136457173,0.022427388076681768,0.02807348920844466,0.0706441533802205
8530,0.6325817867017905,0.16795935291978567,-0.135831470245225,0.010176858334903435,-0.09684232302363564,0.17318362311184093,-0.07674396559647445,0.1947062422848877,-0.11158006461860304,0.10653650373925373,-0.1292447573639881
8531,0.5557618754396352,-0.025031521521680936,-0.09403437675239747,-0.009390124096490223,0.0076052395742490534,-0.02988573640932106,0.023532836361082197,0.020055102780184672,-0.0074617625638538155,0.034288857290362566,0.003294084593648816
8532,0.19184761204789288,0.03500692835362809,0.08287172409774163,-0.09003533640514802,0.019373059275705786,-0.05502856441359693,1.3927477658752498,0.04416978063655311,-0.07866747344339985,-0.9800176692110658,-0.03877940009925175
8533,-0.06608729672917485,-0.6337378279405169,0.18719323201618498,-0.02323795778419588,-0.033815592263786005,-0.15035452654527434,0.026388895007883356,0.0069664556225152805,0.024161728921526047,0.9731226388986782,0.07704109082972892
8534,0.15948201983548532,0.887576021677474,-0.10736151406918604,0.13226590588162834,0.02935809738193656,-0.19281769690227746,-0.029514706043798772,-0.6013575229895295,-0.07040169315076696,0.06185751476437646,-0.0029714347374966464
8535,-0.09958998517365776,-0.10126806326168758,0.030945707824084023,-0.5160107671281581,-0.02190224856958172,0.0567288085154376,-0.024979708655530612,0.7900142921862171,0.014640274034096012,0.015553867623050046,0.011266539103610446
8536,-0.08422254178534203,0.030121313226236037,-0.1755670528358445,0.7376702631082867,0.05152773874494814,-0.03891569516740691,-0.029437928662970722,-0.12227883473950615,0.05884821704947629,-0.0422420699025402,-0.5787277463642114
8537,-0.053486996036091,-0.12111952601400304,-0.04190300216524948,0.05339087182322882,-0.525216313996004,-0.03947446618546613,0.19167447310202337,-0.022259211428111842,0.24603232370681483,0.15593343994168304,0.9063377209200173
8538,0.1945110596497571,-0.14814506825707324,0.031517534112545154,-0.004387501131845586,0.6077538763126801,0.012701048577693788,0.003712521195063532,0.12990136117244477,-0.004260554673687078,0.17811496399390406,0.0006000300241430718
8539,-0.04413143129157623,-0.16831541300831426,-0.058582885124903755,-0.002004895483796539,0.014764269877581214,-0.1395628269642092,-0.004742357079824507,0.09707889976929472,0.48912038139141556,-0.001889563942040799,-0.018098541664564406
8540,-0.010263048425681539,-0.043206477134360675,0.6135274810965284,0.0026038484601050432,0.07520783873864398,0.06783125518629986,0.1344895961362987,-0.08693880634730136,0.047450696079528114,0.041268203192754635,0.05199855909321519
8541,-0.026246492392068076,0.024284272051930067,-0.0236645356930441,-0.14779536131630178,0.08025840659122534,-0.6865975029187891,-0.04055404725260631,-0.002663949473078153,0.1376437842603626,-0.03200697988509489,-0.011696184896652152
8542,-0.02320553554882396,0.1320979126742666,0.41232694495029526,0.014453760430084193,0.052425234952720605,0.1394840361962505,-0.2688150357014786,-0.1693054536567682,-0.06640819396257071,0.020710246838785404,0.12219446562201716
8543,-0.07294729572296704,0.6666869746955503,0.144830472651094,0.01189949330172563,-0.05351270342418138,-0.05749341561503542,0.02807588381539299,-0.008360221031066352,-0.06407312451891442,-0.08767847397069116,-0.06363497699149315
8544,-1.5679009548180358,0.09961051432128352,0.06842769689287753,-0.008022205472519056,-0.08317592093373986,1.6506027300111568,0.03379901916690761,-0.003952298337959539,0.05229512326740437,-0.13097157241999172,0.006644337216755526
8545,1.1327567511503762,-0.03903846491471574,0.0662296101497523,0.04203197007883293,0.038070324421814364,-0.1750471323578826,-0.9765604783296187,0.047019367681057134,-0.12986087699793272,0.0447550726848901,-0.026574514841093088
8546,0.9921794964207604,-0.15183823645452818,0.02324561707150219,0.04375137860480831,0.08690644341563562,0.1780488553264825,-0.048711170442065445,0.1481760530049443,0.06577766106807376,-0.1148578975949731,0.011239568012429613
8547,0.6620662966305396,0.04241001229677982,-0.0693199201152475,-0.0005431416187016468,0.026681707894587497,0.026883641896157544,-0.015335971612933116,0.00704955928850827,0.06593154183808385,0.006707166311139526,0.021286400353592843
8548,0.1177277029671694,-0.040622074261479076,-0.1565525887075857,-0.16667162097911634,-0.004244679014399735,-0.22546790047195442,1.3349587110437766,-0.06118076371866579,-0.10613446199610452,-1.0155508151985326,0.020995618223935135
8549,0.09637725261357327,-0.6348963449477989,0.03766523822401138,0.05331952172317113,0.0848560117460411,0.20280742644540448,-0.04201708442973236,-0.013065856416511057,0.020705060454839386,0.9496448796062185,0.05800539267811866
8550,0.018996095938921542,0.9437997236557762,0.05312411142668821,0.017555357587500393,-0.06463425830959078,-0.032918194434867896,-0.05447066589346494,-0.615127234835863,-0.09202002598403954,-0.09321340274612458,-0.00011016294213178407
8551,0.13284139927198665,-0.044618103210178506,-0.009909370206150113,-0.541136369968267,-0.10628137923915587,0.09190716189394671,-0.05350023345664501,0.8734977850468846,-0.018431643580761024,-0.1336241565106503,0.001307436342754013
8552,-0.20627243420903232,0.16825301963385716,-0.16324321062503372,0.8121275225895439,-0.020057987364305304,-0.04327965102899736,0.09065884863367094,-0.15970121687083727,0.0663915623473029,0.1200681682009966,-0.4378349463720331
8553,0.13511557848596548,0.08698713862211406,0.030678172599678255,0.08271095536360538,-0.3961317643781756,-0.06804305476895642,-0.012915927910550178,-0.14332466758434728,-0.05285477979509599,-0.07831442719322101,0.8532454336329468
8554,-0.07426688073863208,0.06091467005948113,0.2482663600940503,0.07218197311123031,0.6399770372047855,-0.06723058729015892,0.04374926759647328,-0.0724431707668698,-0.29902445901140684,0.02642905937628769,-0.03102358855626758
8555,0.013951796984967794,-0.08509710402275669,-0.16525692768307287,0.01338967407594871,-0.020290555072742775,-0.06273585439022909,0.1283139923711305,-0.0842973607515527,0.4526552075095009,-0.1450421665990938,0.0668204786599762
8556,-0.07206311632484413,0.04012067699427158,0.5512878538828783,0.022791031885199067,-0.10601437819626683,0.0665813396873935,-0.05584667763933064,0.07781913443062277,0.0800017262569466,-0.0021862232289544137,0.2044564596372178
8557,0.020844294824825305,-0.05200543652643225,0.059188636889918975,-0.06484770548829034,0.015942202673663704,-0.6786642637428686,-0.016899378796385946,-0.0220911124294297,0.15703323530227717,0.04796895835632945,-0.06492930073190854
8558,0.11619880484787908,0.10589656422020953,0.4183476344954585,-0.10076807013176166,0.013839439975514373,-0.06613851713102069,-0.19060839575769045,-0.01356412669312729,0.0802609566062385,-0.046820565674681604,0.20170503379642796
8559,0.04143673563726963,0.6581783894285578,-0.1974038660397462,-0.0006440311944279234,0.05304432980557647,0.10366737065376885,0.07056552433271143,-0.004215213142358247,0.07431575602965168,0.04052026176102559,0.01599667295573295
8560,-1.8387285501722312,-0.09531123680369602,-0.019379550267916774,0.06575760610229907,0.11134179646480094,1.8314020465956151,-0.08193691232236316,0.15173014446991562,0.1358717324968357,0.17471196670619496,-0.07013057207476453
8561,1.1100357254637767,-0.07897742397335908,0.021697396038421597,-0.0366476528768058,0.01381621063984274,0.1532369883690666,-0.9571392386138882,0.04240825007395351,0.0468881987122728,0.08418025408273352,0.05613114605618484
8562,1.1002716530933012,-0.11519631351178464,0.09806839129496807,0.003395674151156134,-0.003227498990277833,0.07947239415524576,0.10676442977369871,0.08459864090129039,-0.08765750635592896,0.04662893663621483,-0.0037429282694903536
8563,0.6001476569651631,-0.00554074083799344,-0.1664757763119039,-0.0412295753163679,-0.08823831194785425,-0.03630038140695821,0.0023857103756612,-0.00641215976059316,0.057423620886491736,0.03472184449784129,-0.01113727103620252
8564,0.07515857140318034,-0.009242882118145312,-0.09553960902371031,-0.15965080528972828,0.01647588834769561,-0.2067594943732282,1.2176412403983028,0.097781857575351,-0.002821943525495635,-1.0542374447568643,0.03139990808329575
8565,0.05140780928041118,-0.5945559561707142,-0.04195321830316996,-0.03465109344074293,-0.08542408464781058,0.1486458307098167,-0.0404191803373803,-0.001240744970051589,0.09505216583849692,0.9708665431491885,0.04551010372437711
8566,0.21008917906703567,0.9625864507188676,0.03886818984148181,0.06391574107076099,0.0033000676696478435,-0.11165846468220991,-0.0230282324204057,-0.6709072422770452,-0.025623463809761396,-0.050475537768563054,-0.07844827421515659
8567,-0.1001132329890519,0.023563318541009494,-0.007020730637563457,-0.4930887227348214,0.08083702461783997,-0.17220792544009983,-0.11528212359595637,0.7225576687588863,-0.010622040968111953,0.0744263943601425,0.08601031506908235
8568,-0.021047224061924205,-0.00031305822019074775,-0.016032368221200004,0.7709868665530465,-0.017212153057177427,-0.05379875932747687,-0.011276905597007928,0.011489825447818878,-0.1405009083856102,-0.11043845409523924,-0.32551410495444444
8569,-0.09411216176803708,0.14128179347898187,0.07784809498415315,0.006807278016759538,-0.6030123387339708,0.09075737739143454,0.03392405949939521,-0.028744115116669834,0.06366597690003928,-0.07715477650068506,0.8532135260773602
8570,-0.15466592754663458,0.061507116797464276,-0.05077001028117094,0.017355851110483614,0.5737180277175603,0.08893531482713074,-0.10524514422719898,-0.11264868750985799,-0.46957188785791626,-0.23965979694115785,0.01338512052031881
8571,0.1906163032746947,0.0873094498777629,0.01637494063800439,0.004437505025224754,-0.09229396503226929,-0.2603494390488888,0.08270310196869544,-0.12575419148209047,0.4868987225691127,-0.10424580710337414,-0.06971673705095388
8572,0.07281614749749399,0.1447193544486938,0.5618871171435766,0.17345949303639308,-0.030505346841218004,0.1037105735913414,-0.10135499311690481,-0.10755981838151304,0.11000514837625178,-0.2214745806023194,0.023441625148720748
8573,-0.0837097810677215,0.0936019845017171,-0.08910933862282258,-0.05378343993832158,-0.035006915468190354,-0.6427501703821921,-0.07280792844224279,-0.008753629862818765,0.06901434656878647,-0.04434284789547929,-0.057927478374140765
8574,0.019611095375663565,-0.006191654563035208,0.4015408680136904,-0.12695336098649324,0.06089446232385535,0.07301728942347559,-0.19487765513550626,0.12317713052931452,-0.0466497283963393,0.0658847884021214,-0.003685231976733209
8575,-0.14864096694654258,0.7086550261839412,-0.08876678738099451,-0.061588902046667046,-0.031312345927232504,0.05228574742574721,0.14364295203003835,0.07056236591750663,-0.035130586645508916,0.04375287747100178,0.08131357085489434
8576,-1.845894690084627,-0.004346586244297734,-0.0658389346115518,-0.018974511992394354,-0.27003825293378697,1.7646686279762638,-0.05894489857392578,-0.04887835623683179,-0.06117461217516057,0.09043149762105936,-0.0225801426595617
8577,1.785227057894629,-0.020402844936072154,-0.03673268651493528,0.003409770613917279,0.03717869042391292,-0.1265792374928919,-1.0074923755388157,0.05314157542350066,0.056923836763114896,0.007379825238994489,-0.005520848441834735
8578,1.032551534747646,0.03551668451269083,0.003837615883087473,-0.16276353200919247,0.03963729277710088,-0.029335391494442906,0.05595888593833799,-0.0762814376094205,0.09605024831242326,0.05601556442016501,-0.016984288710334944
8579,0.5549772792052542,-0.06537302849296502,0.04450135876356358,-0.04107593299114643,-0.019634362400987867,0.023670583226832576,0.016769115057101866,0.024967599773680876,0.005429378258237928,-0.022591075281403278,-0.03037071329755184
8580,0.03590353187116254,-0.002853551136717082,-0.0013112352038886623,-6.62605401038855e-05,0.15669669947234838,-0.03321427309885201,1.254681308729615,0.009225578324955014,-0.08312243280115962,-0.9620563698406067,-0.059773713307546744
8581,0.038999005389390856,-0.6529959766538416,-0.059195746981535645,-0.0581696802515075,-0.053032650114917465,0.19185275133270902,-0.055419656640077065,-0.08631734447407613,0.16579599568748543,0.8690711937856953,0.04889425639049094
8582,-0.09317641432376776,0.8474972951303362,-0.06110205018521854,-0.010599330196943403,-0.039302459869320155,-0.10911899565771126,-0.18595933845244367,-0.6383168288059156,-0.028171590791797606,-0.012183652264038624,-0.07143590988056404
8583,-0.037267689943680855,0.129441963939329,0.11891229826635209,-0.4928847109153425,0.020597850900152384,-0.10137337430303994,0.05040669577550153,0.7949662629396194,-0.04506919112701387,-0.041325218276206756,-0.04604026532727937
8584,-0.038000891414725346,-0.09284058808783409,-0.014692399167203156,0.8535390200172053,-0.08205689610698709,0.1618659361740752,-0.043720703855532735,-0.03991792751763218,0.03201021787748698,-0.030713717670441926,-0.3352521859056833
8585,0.002055489087396694,0.03819898099137631,0.02626731736768036,0.050089306429970164,-0.36263112083228044,0.22217789387093395,-0.0023871946744742885,0.0016859784403708573,-0.1776244313527698,0.025737762657263373,0.9235061500684429
8586,-0.18482794475306769,0.026004624805398897,0.05205329444215452,-0.010388998011903013,0.6308249740276651,-0.0742158410839599,-0.12015974935351603,0.05880205885524137,-0.5618055957865524,-0.07971704127066132,0.04435347802465319
8587,0.11004370351162517,0.08175176258002373,-0.14191612178597457,-0.040228528558756166,-0.031993381016641884,0.059522565180934774,-0.050013513626218836,-0.019510008561305837,0.5111200256048595,-0.11916085896421837,0.002445427322580637
8588,-0.009232077584330688,-0.059273468226505234,0.5719328403080726,0.22616860376205836,0.11576371852294565,-0.048945982115710995,-0.0707612663637567,0.019193291450617673,0.10906800615130824,0.13057841040386084,-0.0404254404859184
8589,-0.0001871984824036258,0.04811225270636291,0.08999664604580837,-0.12160232193349352,0.07953827557202339,-0.7010352380871543,0.09121307264565463,0.05778959315568697,0.1920324787046027,-0.06564649165457906,0.07544746447939184
8590,0.1007097830217871,-0.19907785022900149,0.38148991042529723,-0.08842203065152919,-0.04505819255018528,0.09221536780099204,0.09031220263112015,-0.061047837265847796,-0.11079597240712598,-0.28564950996836136,0.1129059761830572
8591,-0.09538023585411948,0.7114717759217781,-0.12176028455879577,-0.01786776504908235,0.032261347393994055,0.021360894648553293,-0.06959833426803327,-0.07056826299044294,-0.008994920747741459,0.134381769380462,-0.03487920287940421
8592,-1.8267272394224998,-0.05948239042367356,0.026820338621631405,-0.01546950452436662,0.006006340313015777,1.6625097972366116,-0.08026358504168854,-0.0678754906155128,-0.030378737117102747,0.18055178496474353,-0.015785468609131905
8593,1.4575690744134782,0.004509341141768736,0.026501395408345754,-0.001786553699168989,-0.008368398590190016,0.0027129022306894247,-0.8817260181423487,-0.055764580192037,0.015531241469769537,0.02559950304305466,-0.09641201599963561
8594,0.8293032785583405,-0.1785102405513679,-0.01557889753435068,-0.008399879154364992,0.028130238439596084,-0.0073918635464135934,0.08681217061367616,0.09483387191406259,0.04632604755743261,0.027700666497414775,0.058948572166523404
8595,0.5926004206999562,0.04574758533194494,-0.006959694121017461,-0.038014956076946424,-0.04692365888491724,0.058752563342997756,-0.005641755199717704,-0.00025034406438755345,-0.020152565307347874,0.020586983245901927,-0.0368769403690532
8596,0.19357569505161734,-0.06336886475909823,-0.10168090951279254,0.02614587748254041,0.07709038189411002,0.1075161934680613,1.3263834758225805,0.0062196212875813145,0.15696250839372955,-0.82457794559396,0.18717127197212455
8597,0.0008324351712309968,-0.6882571515067398,-0.15303401399555208,0.054668753684495745,0.0041465756913991805,-0.26825079926597906,0.05268204230756088,0.04264045609522694,-0.04103603586809451,0.9474987370831649,-0.047277259890260756
8598,0.15119192080279537,0.936817211883638,-0.03720327168660205,-0.06821497935402053,0.11034737654351676,0.07571705846651208,0.013239885028776004,-0.646784329907271,0.05626696244176088,0.07655641502290314,-0.016169603936942483
8599,-0.2205393428173891,0.008474973276461047,-0.06266746118111846,-0.43972194922578206,0.07464250383811902,0.059275627903163444,-0.10340951830456355,0.8176889664923503,-0.0018579114689749147,-0.04316405571370331,-0.033799266345437166
8600,-0.28009219415465075,0.006911611733663083,0.06701362137805424,0.7968243282029931,0.058486740367149154,0.06089767630664487,-0.04250625498731494,-0.025280840599465473,-0.032904445881190666,-0.05842314567864909,-0.4512822236458623
8601,0.06974919106923909,0.05904858532170275,0.11942058308083747,0.021290010602113413,-0.33287420321262434,0.07667784950047545,-0.03807100552462246,0.1208982717805582,-0.12706893652894527,-0.0918263308100157,0.9391354009620597
8602,-0.11375948517975175,-0.013119603519325375,-0.052390784284609734,-0.0009575161595211442,0.5448947132847587,-0.11903797021202445,0.18274619997812827,0.09189978915245436,-0.31675017852447074,-0.06201665220590995,-0.031716802432609104
8603,-0.05526511235332737,-0.062434253103210983,-0.24436305562802074,-0.08140118242393157,0.10301195398066851,0.10318721184171827,-0.11774166399514699,-0.1272776368577067,0.5079246748974114,-0.030501212426618556,0.0210602957215731
8604,0.05151154517813066,0.06006118594351133,0.5605908594948797,-0.020118329609925985,-0.03532330826703971,0.008750555853471837,-0.01913937810807201,-0.11750866310245393,0.05003034398354999,0.1879503766792077,0.13001986199628435
8605,0.06584736890825764,-0.034991110036170905,-0.04701465497911323,-0.047228615637018016,-0.06993832548358081,-0.670272524662944,-0.007779099115016905,-0.037488448219504165,0.01108941356718819,0.06078600182807503,-0.010266698585824333
8606,0.17762141183412353,0.19385607621336737,0.4403024571890871,-0.09570085198682383,-0.1464892063829824,0.15197378259732947,-0.03736229864679608,-0.11560654417759919,0.06281065142686702,0.14381951540747193,0.043033448848147166
8607,0.00711705929651597,0.7468501627397394,-0.00213282704660977,0.03759643197663515,-0.04681143405244273,0.09622115966553638,0.034496651721462206,0.04197355016298224,-0.010387971642289892,0.04102738194736625,0.030202800322287136
8608,-1.419536635129774,-0.025544572903628264,-0.09082202927934371,-0.05636880046715941,0.034781028332530654,1.6702226508582791,0.23432976175020925,0.036726923099454155,-0.03960314362694289,0.01842452235282638,-0.1505543927209229
8609,1.5177615754192233,-0.1101515893612179,-0.023871676478050746,0.027454309407852626,0.053755424040128896,-0.15058787295489726,-1.024285900081571,0.06319609219305909,-0.09590861694654158,0.0341613024551394,0.09066464389510863
8610,0.6474577386683991,0.025937352953894446,0.04047479079550521,0.05593108720456996,0.047577726402328935,0.04493975296270701,0.005865477527280238,0.07408158784967224,0.030401851870027103,-0.10291553693250825,-0.10720866136446032
8611,0.649754957996088,-0.0034137013054003247,-0.009336680390131212,0.0008798121998356521,0.020410538258691366,-0.012160957142653327,0.0037474393888702632,0.035525446691990197,-0.055319570731422456,-0.06365912554507817,0.02933064913165313
8612,-0.06796341355933422,-0.16557520123952685,-0.006778069330408417,0.07036714388053726,0.14323567886558902,-0.031234386873319604,1.1532607303844558,0.11519259993542477,0.031689652475563226,-0.9109119372293154,0.05653497330938671
8613,-0.02517197214714712,-0.5610930327553446,-0.07920833580269446,0.0603622866971117,0.0319280543610489,-0.24178842416196414,0.042781848819752916,-0.02938030611713445,-0.09083344177658595,0.9508718660336141,0.0477071187876725
8614,-0.06220894522075662,0.9421557614700806,0.21272610871561853,-0.05755210445551874,-0.10670743066535353,-0.08202100154228668,-0.06340491829491678,-0.6404065056877243,0.011848546799143284,-0.08187255876432706,-0.03821941456698561
8615,-0.01997400541341529,0.008791410417807385,-0.03713700253410929,-0.4203335525582354,0.04324664766802431,0.24515624422844093,-0.08911479682654172,0.7976778937691548,0.07928057686742394,-0.044782400072677996,0.045846346943760476
8616,-0.01798923692301055,-0.08055840035563303,-0.1307353399727535,0.7906504382220673,-0.08167030483878136,0.16083287586766043,0.1458990531050477,0.0514238647281605,-0.004786543605959378,-0.11030082051055994,-0.360236973602639
8617,0.08206695444504863,0.007503224635679812,-0.1279116971834243,0.03869542352808654,-0.7279052631028702,-0.1602636611378297,0.026897599989759744,-0.013223875676275972,0.05713651249231431,-0.00280510700178722,0.900043570792733
8618,-0.13193521932364122,-0.07897797685718917,-0.20619365887784882,0.03496334514950778,0.5602240637392877,-0.2046095077692706,-0.011085302787498238,0.057915008697451684,-0.4233832468754055,-0.05037109796787192,0.04137862769659561
8619,-0.2828476663796555,0.03398579672445056,0.23822625420051452,0.032038195982872046,-0.09709102623550928,-0.1526286881961578,0.09241376504539439,-0.02714667288177005,0.49058893868167647,-0.14228020870567723,-0.026745877108188248
8620,-0.11677257610895367,0.03576395663312924,0.6067610094389629,-0.014837212258799682,0.06108095068518883,-0.00834688652401574,0.045975626690982124,0.04693949477477014,0.10882325376056515,-0.06273419021916547,-0.06715877391571584
8621,-0.048534104114376364,-0.010119973694687132,0.0024327207515661793,-0.026241466611653795,-0.1405858701758869,-0.6502029670420735,0.005847233015014955,-0.09448443557977952,-0.020755246860070263,0.005018613475310897,-0.029697217507562074
8622,-0.03363450471190395,-0.019884015087086593,0.4002731195353973,0.148718957063285,-0.11483890243362145,0.00245020548858391,0.2897929544681323,0.14141656425712595,0.006647910390894766,0.16084766345838866,-0.18705618130797505
8623,-0.15426201076721763,0.6897523799811596,-0.04363439455756285,-0.04264056182190974,-0.00642832332600856,-0.18586016323822507,0.24110925062350874,0.08849387063099662,-0.09811478471340618,0.05067050606934795,0.02341850562411354
8624,-1.7566329669661298,0.1692089454244814,-0.01896721881979633,0.005975818295791208,0.028488794655721697,1.9302052327208437,0.021732888201079166,0.030008226362994897,0.00410613914901221,0.1349362592282171,0.06366874636215758
8625,1.0513120056407663,0.11229167332091074,-0.03076901895525654,0.0638766877464552,0.047944609908934364,-0.034608625539929806,-0.952454924210546,-0.05583429328298899,-0.19090046215568188,0.0015240581830279027,-0.1492340189718314
8626,1.046997147035318,-0.03285866284992098,-0.14091316525192846,0.03267295853751595,0.11436690760387641,-0.045245395952335205,0.1614840867697471,-0.07691042096772113,-0.012596018478342188,-0.007042087616874562,-0.0007560375443665106
8627,0.625051333661092,0.0030865255858781773,-0.0018207125922660872,-0.010481431800067182,-0.05151612728090553,0.10755358351059065,-0.004907972802502273,-0.046050959934432416,-0.020965599345114546,-0.013595945138375354,0.041008604294653056
8628,0.04228932565804314,0.050279741760135936,0.08139770213416976,-0.058252209539611174,0.04523884214752423,0.3381535149747725,1.36008594247977,-0.1026609710868727,0.019015496769877363,-0.9201164159918194,-0.010446357114835766
8629,0.08912103422525967,-0.676625048239814,-0.058657342001096686,-0.12166697021606931,0.021293365644605485,-0.07419598521540732,-0.08714977338367276,-0.04111681808073814,-0.08815204354392564,1.0425949413167959,0.008170431700769159
8630,0.09290878789950487,1.0017442952621085,0.08528445396124891,0.07706687400024068,0.07279546714529041,0.05855446019340866,0.09781006304682306,-0.6019299504771565,-0.09862051879022944,-0.03127123144302364,0.04686463774673634
8631,-0.16109302705097547,0.22164717207492718,-0.04096686982982146,-0.4167428602543649,-0.07909372498092453,-0.13581375218482392,0.25921172196102515,0.8325028454941169,-0.11037860559035448,0.0384072018459834,-0.1505304298055572
8632,0.001257840154601609,-0.05058805705890101,0.05499104581362427,0.8154691007920094,-0.042219007917519286,0.118080848416781,-0.10493744525915294,-0.0028090957349872895,-0.060175554856263955,0.0016767167728320596,-0.5091920912266604
8633,-0.02315068330736045,-0.07078281465556543,0.003865630361302692,0.11964962762691495,-0.40130852604640754,-0.21155474815690758,0.16273369703537194,-0.038764828243357835,0.14493428402107486,0.10268568270700316,0.9562347804376685
8634,0.21555260842842933,-0.0881324935762904,-0.16162386498507852,-0.02281029848270759,0.607243741606822,0.04067240464730967,-0.03576999255185377,-0.05430151283193794,-0.15619326292554997,0.04730508159583515,0.02947460156810864
8635,0.011878351971931943,-0.14855857403689074,-0.07881816658036425,-0.076397916535412,0.016912159136077146,-0.22047289939294604,-0.12511162096447537,-0.02410435516376526,0.4604316710843282,-0.08796081642779038,0.03167072426060633
8636,-0.01352384422243396,-0.169552362286318,0.5424483636984769,-0.07177634101493352,-0.05597582113894642,0.19315776512390584,-0.06380137933816717,0.027325848946231194,-0.02477955768261353,-0.03235045504482455,0.031134965843878072
8637,0.0003352896692727332,0.10835146750801776,-0.06120203830415572,-0.00032661173381914616,-0.09485335914290334,-0.6977305417831574,0.0289205078818281,0.09761743809283378,-0.07439417887469078,0.028251761178414162,-0.042303830735831514
8638,-0.18187497292296984,0.014529039600283419,0.4162890540433798,0.1414291154426563,0.07270135113443663,-0.13740590640170566,-0.01876362697390599,0.10118552789465035,-0.14671840573724504,-0.02385652076293534,0.009992575221040627
8639,0.23565002905299992,0.7107995267306672,0.06181663786079984,0.0034971013065571597,0.02917405211382273,-0.07419512601005274,0.055520840149810735,0.03376916798247992,0.04022821414233019,0.04009165148741063,0.0029431769722065475
8640,-1.9531233653519002,0.018322984258066142,0.0016088945037127421,-0.012820240557102784,0.06696884594154297,1.6478449917969986,0.037682792556848636,-0.008621331402042591,0.040281554192030306,-0.00868267183965887,-0.06870154703067652
8641,1.2414621980555658,0.02561039204838219,0.12739118926609785,-0.048839335431840325,0.05078325749003972,0.025186852601287904,-0.9705791968485225,0.02571224153365046,-0.00369289586511461,0.06824430360875539,0.0015065193286312763
8642,0.876823940347458,-0.016769047582064142,-0.01006133978462349,-0.04063922462166614,0.0003349142160029347,-0.1277583768867414,-0.1188123272807006,-0.008567705833650874,-0.034461817941052034,-0.03456181342640028,-0.2084896370699639
8643,0.5661938669887028,-0.014703516920168348,0.0030577727468650397,-0.014543714933681784,0.0029626925871574844,0.029175491661838908,0.028194799176909306,0.02296595639318274,-0.0872314233139,-0.0070047832106722085,0.02435191593357585
8644,0.05407366549656134,-0.0028076326105698018,-0.09696065043549493,-0.017864993074727817,0.03675639989209528,-0.30559605553952174,1.2839285470313448,-0.05917032365105111,0.046991079005420704,-0.8280321014249568,-0.009385643271080225
8645,-0.03716956491463799,-0.7411743201996558,0.05138758972986331,0.07434144613436681,0.06776173090768127,0.13480441238318194,-0.1322227870884647,0.07164907511669821,0.016391067584770807,0.9449731137929593,0.10619470535271829
8646,0.08334152036619218,0.9637150012050975,-0.018504401346516826,-0.03272440630678851,-0.017801727064053044,-0.040760066056232606,0.03152964654054123,-0.45730492107852705,-0.12090163098646696,0.09118992608975979,0.006095064849653356
8647,0.05451825628176299,-0.05694263058224576,0.15795933121385977,-0.4781508897700686,-0.11126811504799214,-0.07681736441664724,0.0171766349101389,0.8487589443258186,0.06210040640209251,-0.11999274187329537,0.0344283544488784
8648,0.028816620785382677,0.05990429717170444,0.07592304774579753,0.7452414843239936,-0.025798557064361464,-0.27786936329617207,0.04557283531840044,0.028145335847616228,0.025520675564178284,0.011211848316281768,-0.3322343078249924
8649,-0.07860647569535527,0.06511143871485726,-0.02196596799964342,-0.024057061054673468,-0.4626980944091228,0.08768290812500264,0.10477161081228702,0.14820002282966713,-0.013923964672371569,-0.035032959542650635,0.81079990198398
8650,-0.08880770214751263,0.2083855079138572,-0.15578474655297667,0.0056747954127416,0.5943148092863197,0.07180967301251971,0.04972964650113124,-0.08351523538567232,-0.2259373335971451,-0.03099395095983602,-0.007153980570280716
8651,-0.17020292000287354,-0.032866341475092674,-0.2723652367079591,0.08817130769923377,0.010204929713385085,0.13030394594423778,0.1130501939914538,0.16106133907506962,0.4858967516570198,0.16891592574237374,0.028089926587825508
8652,-0.115164456814161,-0.008226420700653573,0.6132982885166263,-0.02444486869298738,-0.03699462870373933,0.02694223039385478,-0.003076053670445586,0.16724140295349452,0.03835154241968267,0.05858773095024153,0.17684177338142876
8653,0.04164319524906448,0.1187917771412115,-0.017924708003170153,0.17826794386418446,0.10001645205804792,-0.6645368201588615,0.04934484775147986,0.09667226669995582,0.03799030529496736,0.016046487014341065,0.03693867630798885
8654,0.010799227778076827,-0.012507412780825232,0.42360530671235985,-0.02328610196032064,0.022240448079094893,0.1852165856178066,-0.016382114784217736,-0.11469329379671674,-0.02618883033764619,-0.0008484683263775931,-0.019028983968269967
8655,0.03392720815154532,0.687003489297436,0.04847307402722678,0.017142060600431226,0.029696991614215986,0.052207723417828644,-0.10435198626018007,0.026221638603514414,0.009343552997298204,-0.001521432729341658,0.006688094543715349
8656,-1.7388987422182178,0.11140845147166317,0.077215648192184,0.04954477141027929,-0.23503246081131818,1.630965530148955,0.15210757782060738,-0.0224242468772018,-0.005258274561405241,0.04547595044467882,0.008088220051253047
8657,1.1788210059867081,0.0673614980146128,0.08643509057024854,0.15264188283708374,0.047505284231232375,-0.0676534709966298,-1.0176115280804505,0.12859268191577403,0.03110113013171754,0.055426267610321746,-0.019036467883733935
8658,1.1950343889914683,0.1289396485726987,-0.04393964841876559,0.022187586645271807,-0.07559612565593408,-0.09996239686917087,0.02814781599323351,0.11895170186728767,0.00511727130796487,0.04188318986527872,0.047722608983319634
8659,0.6646485815708183,-0.014722935854070734,0.037920481179511314,0.04664510331564479,-0.035508646431719436,0.026205429867593354,0.022913644261761297,0.01805173104766225,-0.04395544602013207,-0.03819583421219778,0.004566296102948594
8660,0.053087385247485755,-0.027302544848032954,-0.04531035674908628,-0.007544872340413818,0.052656901832278585,-0.06669818860660434,1.2222923541273478,-0.06189157494678301,-0.00335127860801864,-0.8930692885609526,0.05716305480925199
8661,0.050675750901451135,-0.7920914994535666,0.07613078989703069,-0.0045322273450985155,0.04142360770489863,-0.04189314905821109,-0.07909926505150451,0.10169047435561385,0.02195986946643928,0.9548200864865126,-0.10553234515728516
8662,-0.13136042956394084,0.8840551883657783,-0.026600792777409756,-0.04261071917886279,-0.02860820676390581,0.025041484006621664,-0.0756048108701675,-0.48593706727983577,-0.05993277138794169,0.045343509473415845,0.045612360505525265
8663,-0.16574468607942036,-0.051924460101173756,-0.0916823275378973,-0.5798559570354397,0.11666448474949984,0.07039058436223991,-0.07893564867561227,0.8522197107746138,-0.020636946524051455,0.061562824234151686,-0.07734030518452142
8664,0.15857231040858422,-0.039522597410805174,0.004456945468218956,0.7586557358121446,-0.0155232273025117,0.17962999175823005,0.11702928393002493,-0.01941815093621596,-0.05275694375574229,-0.006335631654943975,-0.48146507863335897
8665,-0.16327000387448487,0.03394008082714556,-0.059762419821242,-0.018456979044128463,-0.5815909891257847,0.03324615836496256,0.09588021611667383,-0.12412510558729453,0.075851905353303,-0.074638570256517,0.8855735416686628
8666,0.10308381261157322,0.07576640712976686,-0.11981528686081555,-0.04607215160016015,0.631185631432373,0.0957847533528737,-0.0997634940011273,0.01319080095102793,-0.292743914897848,0.16932926836373874,0.02413686809487605
8667,0.030255542796567607,0.09330469726697496,-0.20977029465342895,0.05385600441803391,-0.04359519459390241,-0.11095967117713366,0.03307650837197083,0.10211984757460656,0.4796790978540332,-0.00010573095522970182,0.014574087008130477
8668,0.004917358576092636,-0.0117210931771268,0.528618814876374,-0.05567103403688846,0.011721001034936753,-0.03569333588590142,-0.030253533833286113,0.005440780647563866,0.10766217785271556,-0.11091816160832967,0.043621113930267234
8669,-0.04914381951872377,0.017608010545751417,-0.03650440230360773,-0.09768772530793204,0.06752876284072543,-0.658518285361757,0.05017438612073525,0.004935286190640767,0.023767098464014223,0.019031791183227124,0.020071484322150238
8670,0.09489654828577683,0.2023751298904638,0.47241366203090557,0.3053509569689607,0.13001294432500704,-0.00741610428056611,-0.011405170022539202,-0.014919781466246956,-0.039217171237192046,0.031841080972674865,0.05906621802808598
8671,-0.09250755444741011,0.7099346926841674,-0.02911142907333255,0.02421672952721621,-0.009068541944517535,0.02601272042820283,0.2694851759139406,0.003921173184797998,0.025820528602859463,0.06736488406515233,0.008226408086202659
8672,-1.8355269602875277,0.011936113402522828,-0.06502525588317815,0.16261195080801272,0.004887506775442726,1.8550486702947304,-0.12501435047994297,-0.04445572998294778,0.06148966840386717,-0.19379810746360412,0.011175256102371887
8673,1.1426677658230089,-0.06579340410598525,-0.16605949762937638,-0.1595631622294807,-0.010869007579809822,-0.11596920581276916,-0.977633613456168,0.044676706275359405,0.054766418672096834,0.010320089595739705,0.007531039205136008
8674,0.8210056646882431,-0.02195561936515908,0.024190029483814345,-0.0019042757497376647,0.07088436359543858,-0.06901764432898157,0.00877372312165831,0.002795085833945756,-0.08267804751490594,0.1115289785555426,-0.055886746920954994
8675,0.6167334608095939,-0.08334995108239661,-0.09589243586670824,-0.022046222854167498,0.029494672069321087,-0.012213052966462766,-0.012162676404705634,-0.022019644934367907,-0.03456881134997797,0.00571125323373743,-0.02579395249451184
8676,-0.037259336846795936,0.05687008110415074,0.16755982532120736,-0.015384635256455007,0.07841177696638336,0.13958017361502786,1.1667265955798818,0.04679606892058952,0.10769297607949381,-0.9138997760772742,-0.0907912737459278
8677,-0.2827584245653856,-0.7310012124956684,0.12317771587729646,-0.024120942192786057,0.07530673184737038,0.08272715312940249,-0.034673867292538976,-0.10022343523129973,-0.2013985843998326,1.0657991973723693,0.18774652619001778
8678,-0.0750509382720931,0.8609734382509798,0.04041659665871597,-0.01557932033647433,0.08472141160319754,-0.0018317805665363212,0.04758496274095704,-0.5964198316899649,0.035035214917790256,0.011560192588388161,0.037684048765287394
8679,0.04317811630452305,0.02955501648075898,0.05854408537528879,-0.5120579055568432,-0.2183785822629821,0.10862112342892408,0.13420487725800975,0.7312464302758434,0.008856860711951731,-0.08187950440388383,0.009188504696785983
8680,-0.062283398286712956,0.14872797808456034,0.03350984610323681,0.842279988946986,-0.01609006272983912,-0.031474489065928014,0.06052202349047492,-0.11483113923697114,0.07708021793963427,-0.0621617913942823,-0.5116411843893232
8681,-0.0377603829761506,-0.0809877125268965,0.06792946638845856,0.04272735664695405,-0.4361862450773304,-0.07220129851377433,0.035717786544065794,0.05596271626572069,-0.07612960104955338,-0.010010633661601924,0.9417072146207885
8682,-0.06841853663337888,-0.1181260711327957,0.030605522633702687,0.03359897989871931,0.5687878976712545,-0.10473287166183197,0.05839197964237578,-0.04094303365305422,-0.31852225139054985,-0.19390290133294683,-0.02842619614951522
8683,-0.07646578288928203,-0.16355429564552057,-0.10432897280920117,0.007901579828824444,0.04616951699491787,-0.011298210910106684,0.24830869115435705,-0.1509275766092921,0.49299703828664426,0.081453722262284,-0.03879930220694275
8684,-0.12886880992717925,0.10150626782489117,0.6694399429502415,0.060561487233261255,0.11498713279652926,0.10410506507880321,-0.03835979601653744,0.008674126339345152,0.1347721793223165,-0.1449639359540889,-0.011781591710052918
8685,0.004147871394445142,0.03820877455152072,-0.028114305667905508,0.0511350683564747,-0.009130881854858948,-0.6561890991608469,0.06075620441424192,-0.08607979246715518,0.010230455056222677,0.06384340116885337,-0.05123365606653792
8686,-0.08237448438416138,0.06849634560384674,0.40011707240394334,-0.06321296406573053,-0.0009232442844775103,0.23157603775396493,0.0056102948535937825,-0.007459505485054177,0.01781025694539513,0.07909331202418744,-0.1720441334543533
8687,-0.13549298953989672,0.6502359704867638,-0.06239201160999944,-0.002818910909437151,-0.02757804855504147,-0.11002516932322932,-0.04216412317252792,0.02226166728434052,-0.020238422510541094,0.18926096498136805,-0.008002283341713993
8688,-1.9936438142051986,-0.015632032242680567,0.11253918239125878,0.055195015633882134,0.022340484782610998,1.8377878734886077,-0.046220191017118904,-0.07443148480297063,0.10942607035385786,0.013945526428157301,0.0350536791099564
8689,1.1690320179346592,-0.056871208389822764,0.14396740953273632,0.008160931627675626,0.15876746008164971,0.07982283071149822,-1.001129954359906,0.06015113780025322,0.02549638960316441,0.02788193382174418,0.04766413321377846
8690,0.9086830222741544,0.057251927671968454,-0.13078044081578527,-0.11186009349918104,-0.03533999789815126,-0.24900146159884928,-0.00030676802226800776,-0.0772407032264226,0.08873921756249112,0.08443986552401153,-0.06243222193557419
8691,0.685834442113207,0.025939593321462215,-0.0407887200481426,-0.04715031406899915,-0.032633242338682374,0.1018176673310858,-0.0044589297281494664,-0.012159828110800679,0.058438518869947775,0.0381503570669756,0.04152674611799484
8692,0.0805540989448809,-0.030056008361144644,0.012832381289225944,0.06013599006106875,0.18048643918776025,0.017127252851031272,1.2619331139303684,-0.0024689440160497677,-0.08335202268901695,-0.9216973700478579,-0.04554002965188984
8693,0.2062242850809995,-0.5641491087355727,0.010428704639286471,0.14610171411961906,0.0190114982156093,-0.06738001862104759,-0.09388383040543186,0.010287813052249142,0.021405394689808673,0.9534004117495829,-0.04042208850872844
8694,0.22741185022531432,0.9515758155027543,-0.037876882163345026,0.020937879578378452,0.03620337344970776,0.04052210341194742,-0.02289028127928202,-0.6676590278012214,-0.007714258453337735,0.12247827188923148,-0.09299541742857252
8695,-0.1428061209814426,0.05763675238596403,-0.18949844851882833,-0.5725065827942654,-0.05073214922562862,-0.02891436018065001,0.0022378957374430343,0.8434367053406242,-0.06870126950955933,0.10317800962200988,-0.07333675136283924
8696,0.12444570582638698,-0.06497051988834832,-0.12589803655119883,0.8018002460880406,-0.018859735883160426,0.07057697145396402,0.1468553687282923,0.06994499030117958,0.07729323237467568,0.14986388111852691,-0.6542175120590337
8697,0.08307390542201099,-0.0300712196452799,0.0263720844064359,0.0404307312752864,-0.4148495391828212,0.06919625821383693,0.0020956798528665097,0.05536091612165212,0.08182092649721656,0.091314133526725,0.8825299355784175
8698,-0.12882785813316072,-0.09333579389096408,0.026677270531009527,-0.0848659112296007,0.6093892821701923,0.23967542465258215,0.02949308330282552,-0.08008328795066241,-0.08287773363527126,0.17134788254294642,0.08828067774072004
8699,0.03292410891874939,0.0006159241710519811,-0.022428069658274652,-0.06963472144828478,-0.003478389878209604,0.14399710847324573,-0.005555602153762223,0.1159012978582236,0.4308692926234396,0.07569880289524768,-0.00164352628029333
8700,0.09615676070316308,-0.043060967624068885,0.6263674497760321,-0.10223587939195737,-0.01672537151778682,0.01826565584301656,-0.018419286964420575,0.05947070324668009,-0.15566068784869502,-0.08801867758758708,0.02883649863622153
8701,-0.01443352552234994,0.07085849781604042,-0.007246933476469769,-0.11398093070017253,0.13445350349224908,-0.7278875532222582,-0.0603034771388662,0.011876221426432665,-0.1318112510486017,0.027388919885594987,-0.0569279181247698
8702,0.015315869463914432,0.011420315697550145,0.4368192413528263,0.04177063844294909,-0.15699050250931432,0.13149493970271217,-0.12832900241788034,-0.17961389621754065,0.0065988173301240564,-0.0113162729972654,0.1911998683993098
8703,-0.18473786853853497,0.7638865397173684,-0.05315987501928762,-0.05543024262289734,-0.03255280511514465,0.11393165653718854,0.0743062475096709,-0.000881278636031893,-0.008783644884887918,0.15986186171958897,0.02230617586140829
8704,-1.7772261395232831,-0.01084284864490326,-0.06499088343987892,-0.07925753697145856,0.0323663783931745,1.7510353252491366,-0.1309446647347276,-0.08905373416051737,-0.022787806210619065,0.09755109927674827,-0.02179003576394582
8705,1.8050899892182546,0.06391926376270245,0.0005185699092656459,-0.03865343339455101,-0.01546278362650387,0.028908624318289146,-0.9380618117186346,0.016392168796905995,-0.04448088731703241,-0.006145867311357839,-0.041371222855052105
8706,0.8828885150695328,0.12944904235106605,0.10120624490879923,0.0005767164892538316,-0.0005582125571978892,-0.005557550184840228,0.04230251400671714,0.046434472864936516,-0.03525356712645049,-0.055244702322301574,0.01905760630027272
8707,0.5830279049563252,-0.03823017121425069,-0.09345539773457448,-0.008893520509909129,0.018782587333206462,0.04659507325574028,0.02024615254673436,-0.005136219482890529,-0.005025447940575129,0.03840261850957377,0.0016906871676178872
8708,-0.10465207043604807,0.019725745613395552,-0.12710948578712652,-0.02808740989941155,-0.05186247580137758,-0.1195308591283232,1.185652184245116,0.026778924809788794,0.09058475563545317,-0.8952406015055568,0.008511048379762009
8709,-0.14095485236630495,-0.7230823185335844,-0.10034246932584441,-0.000918721763757833,-0.08179793429330613,-0.10913818439288207,0.03469934908801409,0.1179163284225958,0.043782529191107665,1.0097712718123513,0.04288428504965683
8710,-0.015942892968069736,0.8805332314653587,-0.019403939766494998,0.0022761737109022896,-0.02301925124917227,0.08066067154019121,0.18676478930385068,-0.5240835737643356,0.1109175908019731,0.034697502969169534,0.07380607590105846
8711,-0.12269203797179352,0.05326198527123848,0.09528820098286592,-0.3733975391982446,-0.0884867065142975,0.0858109189880149,0.07321771978427573,0.7335604929779256,-0.09691397312611642,0.05138423193369789,0.013435407524941077
8712,0.07180438070410954,-0.05786346948362054,0.018271386287866846,0.8402930802350883,-0.048618638762551805,-0.1537744140913725,0.022675205891957952,0.00943048582037476,0.013809825974512871,-0.01289929309351382,-0.4413971041485809
8713,0.2316399067088522,-0.02354333093719125,0.010323311767932962,0.038556459644666814,-0.8605856942962901,0.2019577254123213,0.1844946615646706,-0.015147822846727322,0.10743791193752462,-0.06965522592667574,0.9546242621200476
8714,-0.056452651611277285,0.0022083473294224575,0.04241841528365893,-0.04238088093680256,0.6013786407188701,-0.055118238645585065,-0.016972106615146806,-0.019625867252969827,-0.339184522188969,-0.08599294634386442,-0.049186593268578487
8715,0.09273692249577921,0.1428512434901789,-0.13544301915199106,-0.10024241237482975,-0.013370815037292106,-0.3093408588122595,-0.05231946415673873,0.1285004592316471,0.5293812560823266,-0.0007750404116878143,-0.06735994698414943
8716,-0.049402094254724874,0.00852885375201559,0.6161901382839379,-0.23444590149891345,-0.112829233231666,-0.08248512611426942,0.12828468581081623,-0.1912976461494476,-0.14251017801961427,-0.012111289449838518,-0.1746931605427403
8717,0.06813287753439913,0.06769577838468399,-0.021228128427732473,-0.0393487889136306,0.02551856828072964,-0.6533208936558145,0.012105785534533628,0.03325041299857408,-0.03139833013116285,0.0002427722509545688,-0.0326552306226626
8718,0.18306155839888538,0.10242334813523749,0.43060680882185465,0.22363316415563844,0.08715711960507329,-0.1007131746201482,-0.23758972691513855,0.03469944880602464,0.020066712693525016,0.04786660219838565,-0.18329166666038502
8719,-0.039146000977919114,0.7137729271085848,-0.12461294765116125,-0.059102798300890984,-0.028863679369203806,0.03860429000060282,-0.09414331813660366,0.013817690052216856,0.07754989000389845,-0.01310474667966796,0.0236994146202171
8720,-1.914901128151881,0.08945760570170704,0.13843886619401288,-0.08623592764149819,0.03023262117805712,1.7994029855549791,-0.016416503729038755,0.1046856624420614,-0.047942538267619524,0.12561964669506312,-0.12437898587297508
8721,1.682068777767256,-0.025412336019721624,-0.04690137656014657,-0.08275635422235407,-0.04241653208715362,-0.14613999804060634,-0.968195183924551,-0.07441655573095544,0.025229166025127932,-0.016129857024921077,-0.021684584677089926
8722,0.877693628045553,-0.06233548292483006,-0.06916110049447088,0.05350642499947875,-0.017980493271629094,-0.09819978304492337,-0.0001545153205399978,0.06185384808790003,-0.06678925321079718,0.09583651107921232,-0.1226846845355847
8723,0.6279892179690307,-0.02414905943388193,0.013667585086222823,0.011361283516875154,-0.044551394420084434,0.0016305383449818425,0.019925850675262927,-0.033384947657221456,-0.0748086054989798,-0.10640334930474313,-0.00660284409666935
8724,0.25065416554858677,0.01860996814065024,-0.04910050004627913,0.020965883862858352,-0.07844034834333219,0.1586212284462424,1.2136255180573734,0.049536320610095615,0.005188673877491529,-0.7988668338151914,-0.030635078418462854
8725,0.09209348038921723,-0.6004649703051445,-0.034130853554534664,-0.009110340041837464,-0.092232436432434,-0.021176506355253737,-0.005320612602089355,-0.032327523648205674,-0.007548886723071286,0.9442169790226081,-0.06497334227611237
8726,0.0413358053885229,0.9414438561133636,0.08335183285855606,0.016939094050227123,0.02814033561984406,0.09846297650369563,-0.15297774900194988,-0.6271015972963553,0.07432761011962279,-0.019843864596535078,-0.07022508411608767
8727,-0.25519315007433235,-0.006750161308669187,0.028189363120043543,-0.5504977263461135,-0.057730493543667265,0.01279841970008578,0.0814440352555683,0.8433376430433823,-0.1412581350481414,0.1338796772113502,0.07510872922840825
8728,-0.0941740326396919,-0.2141090265754703,0.046760723252090436,0.7573895239084072,-0.029390838104407846,-0.07425881667571245,0.02825419460075454,0.08795449227560542,0.13260478180227386,0.026356437476903336,-0.5684267282498713
8729,0.14675705040258194,0.04115788911345725,-0.09931340503634348,-0.02230692735073292,-0.6996574131545947,0.01697623238997837,-0.11390782716411317,0.028973247742014374,0.16129922863009025,0.10850537001664014,0.8914554451973686
8730,0.039606456463890445,-0.13368643197606808,-0.05036007081351132,0.005863082411555584,0.5758666742169133,-0.06284660060404837,0.19018370274650748,0.06831282276057786,-0.07167432575634086,0.08766389801635315,-0.02449506195034716
8731,0.11916506742286434,0.07308972798112717,-0.11175977705002503,0.05523201040379301,0.0028934552277857218,0.08562228204222898,0.0800716504062668,0.11864771082404252,0.4735071542458988,0.1255523468666003,0.0063461882964111265
8732,-0.04088745466780661,0.06259424671809669,0.6024527649321935,-0.06616236701320642,-0.06053765009066524,0.19806686075875007,-0.03655359593324601,-0.09338155662284338,0.14846622144159444,-0.008992662550086239,0.014464964535513243
8733,-0.09387419009493606,0.06685129052866735,-0.010984517797972633,0.004762316096783782,-0.009651514933209624,-0.6466959723641491,0.03168512729624654,-0.04541205624957647,-0.020510962586669238,-0.025709206619637454,-0.008267720201654009
8734,0.13202253761634308,0.12839854181923463,0.425187257772541,0.023134376403271407,0.09079319918419082,-0.14214663381155637,0.1372506195997739,-0.05934442206097538,-0.10635011274166484,-0.027021245865734594,-0.01627933261915205
8735,-0.2642128379433322,0.6764229949942231,-0.01184509736152748,-0.016007937931569568,0.03529794865678397,0.06786074408974488,-0.08453248629263778,-0.07327407962725066,-0.0059263923692785304,0.018493849372025875,-0.003215042398349554
8736,-1.8805103447057867,0.1806165577792789,0.047372611767070985,-0.12090739359648893,0.12862573908895372,1.6466487652879411,-0.10379592868076123,-0.0975071450284136,-0.1919392306125366,0.017337516115685642,-0.014859847328115412
8737,1.7267878523493863,0.0016608496671593675,0.0862268243086383,-0.0004709655103910513,0.06466275696926736,-0.07341426377406751,-0.8793874668023985,-0.01901407480206487,0.048869710912845254,0.01906454934698282,-0.04352847957065388
8738,0.8366068657994191,0.0945582922920625,-0.18462656434167454,0.0637846824721631,0.01726778962609897,-0.0031444544711706907,-0.14447856310340437,-0.03431853230955651,0.16426437562766555,-0.013985886485727857,0.021681439504910145
8739,0.6016503895578411,-0.023541579394635945,0.03712230979754513,-0.002959814170494529,-0.0028861746462003545,-0.02741035832721969,0.04412643303993374,-0.049986272310074145,-0.029204762111133414,-0.0028165957328866323,-0.01327510028138561
8740,0.0837898637968539,0.013155564882967504,0.09310182239803692,0.04995040823911427,-0.07660900283642919,-0.11020477024930317,1.1868654652583739,-0.02485605351146486,0.15383731069133977,-0.8418873512893508,0.13016406867762004
8741,-0.07294400168761811,-0.504527943930093,-0.12261686925654763,0.0760735952184987,-0.028551647450878147,-0.1788364251568901,0.05869949719239397,-0.02898856778612292,0.026127552219526597,1.093660801620804,-0.08963168490629221
8742,0.06359467846840018,1.0956047985723856,0.015067138966755947,0.0122882605038315,0.022891969878199414,0.18346713954945723,0.03238558594874093,-0.5711604334294784,0.017817782622096302,0.1304258159707041,0.07161894869718737
8743,-0.0725816107406105,-0.07316742462780818,-0.012411148549078198,-0.7765932967527525,-0.012685645954955117,0.1028061721116566,0.05925481228246201,0.8142324282856621,0.03642178322240332,0.010625702773498731,-0.10035053351240295
8744,0.21968951591619526,-0.2053832988616571,-0.15824025191381688,0.7165820317849984,0.12889402597012614,0.035529626329627,-0.023453250994924606,-0.028296899118179727,-0.02137418128730245,0.1061221557353462,-0.5851022267261915
8745,0.0895757516655179,0.03630707070818233,-0.0017905397560260077,-0.002558418387438759,-0.33564816762070293,0.05296270674639117,-0.05156120362388439,-0.10583670576484304,0.04187116781619611,0.035667706367123665,0.8528598366714357
8746,0.06535246948283,-0.028313524347395126,-0.016856762650384605,-0.0853318775170458,0.6073967040926436,-0.1048075598944479,-0.09189091827776781,-0.021756351982960925,-0.3212467049829552,0.21736964591834243,-0.0866086018476843
8747,-0.12276899347807428,-0.07453131975538446,0.21770724826472576,0.1820250173513467,0.0344976971918485,0.17195567597577377,0.30678845750813855,0.0626719912203298,0.49170038029295854,0.03957344874552871,0.038246941590255844
8748,-0.1814949652602131,-0.15951384333742183,0.6006478439752775,0.0033871501366394344,-0.06016842371240873,-0.04620944153648184,0.17951207768368943,0.05475212796809648,0.02364068381494256,0.0793933275475208,0.025947998566003026
8749,-0.0179974031568007,-0.016974704430515592,-0.09918235079517708,0.08075951227402219,-0.0617193177396623,-0.6874213280404052,-0.07500375190730336,-0.051635913797097005,-0.11779451991391772,-0.02134726086820679,0.019735147503749318
8750,-0.13811889188334067,0.014930272535583879,0.43992345131903005,-0.030206558842565755,0.00554511300416514,0.08855742843797337,0.03797090388914907,0.04299885428123553,-0.026466554909752086,-0.09540810449860057,0.019943206133317015
8751,0.017126640004285865,0.6648415057522294,0.04106928384020478,-0.004664022219384223,-0.01322853867810218,0.015312150523764771,-0.07192364477420109,-0.011609156214246304,-0.035646318109130284,0.13669044633612046,0.002872145772329397
8752,-1.7405955634745287,0.18951685829064469,0.09480743629706342,-0.002736967124481896,-0.14832624057464303,1.8218925207607757,0.2685386091822914,0.1370428098667577,-0.04651450797113829,0.1294399908943407,-0.01965419002345195
8753,1.1957492134987249,-0.031955834656618234,0.09858043757257985,-0.0649248008046398,-0.06125501072650385,0.17719650424163993,-0.9798037641450675,0.017827745017789706,0.023737269767079457,0.03989677222756314,0.09413714395754026
8754,0.9166609788805111,0.07246242644627776,-0.22711946449659187,0.07946458906272351,-0.010605592997308014,-0.14028949371680854,-0.1437899334749916,0.08635560488203925,0.037379613082771365,-0.07309082187139061,-0.029666442896778465
8755,0.5806563120816148,0.019280910941674695,-0.07072141168140214,0.004744997284176392,-0.10637761316025938,0.013812166816204795,-0.013497448345155328,-0.035230027590112,-0.004295326305321543,-0.03252893577207605,0.025837402221402954
8756,0.0006127575397466374,-0.01708702787596223,-0.1099070910528132,0.0720452767822547,-0.014133008207708748,0.11856583156735986,1.3923840409050674,-0.04105241254304342,0.015596022376928977,-0.9810021141503125,0.020740129425815112
8757,-0.15318746592419824,-0.5336168519116136,0.07662468356237193,0.0606933159114543,-0.1624105741992534,0.054926855352255846,0.10862869066621916,0.04986614616264878,-0.16586184373361545,0.9753119279749424,-0.08658040244842637
8758,-0.057521308129550336,0.8365859234074741,-0.25613268931512034,0.02693296441789296,0.03196531908654256,-0.009879294341407352,-0.01882296239920215,-0.6306744579214644,-0.09130869109684697,0.09648094574299572,0.031432843543113737
8759,-0.04559606754969665,-0.06187564473126564,0.010883655590005014,-0.5089467719320556,0.049209919051925254,-0.17974560527802788,-0.14506171026206052,0.8963501529970211,0.1107999728612017,-0.05806677730114591,0.045298806104807354
8760,0.037518141882131144,-0.03420732618069967,0.029811013256440703,0.8221019696436287,-0.069859817867881,0.06083830369961822,0.1999247637798375,-0.06214858658939907,-0.10076536134987471,0.026690574851197656,-0.5256732913081394
8761,0.18675808084616005,0.04256544498789164,-0.1098725187547592,-0.07922880663381097,-0.5943203603855359,-0.16814316331412946,-0.046617177216595,-0.01187237687351837,-0.02191531799536145,0.0901703070834274,0.8384029097640942
8762,-0.09955996045456027,0.06503358039063059,-0.19850475608997573,0.011057564874639995,0.5444311412329538,0.029334252282184184,-0.22272999680874858,0.09175652214083393,-0.2830186586406813,0.016361403451350322,0.016925359875185217
8763,-0.15098727276095386,0.16933637367480125,-0.29347788215616083,-0.05395937459189268,-0.09401881373529626,-0.03194928839266316,-0.11487163814070167,0.062006621608667004,0.49000177472724515,0.028615449200651778,0.018661977177274584
8764,-0.10968179454047756,0.06087794442562715,0.6017256425792089,0.045526446705117775,0.013473917142879602,0.06074322374396277,0.03125072247225329,0.12866879981079196,-0.008487455439677945,0.20403544589577355,-0.13372075235214775
8765,-0.07992285817312139,0.0802886420649258,0.001998789458711195,-0.04914704727990154,0.04570306760540714,-0.6890335028361617,0.04870565838190112,0.07073893212467829,-0.048175716632744184,-0.1042444895185989,0.035537305526187564
8766,-0.12533495011769563,0.10474604150617542,0.41626652468738834,0.023698236894867577,-0.0869473372550866,0.04376790099656966,-0.014186007254258767,-0.11244680023308315,0.07872987237373452,0.16530608823947546,0.017231989868348646
8767,-0.007754422941361845,0.6432984610680758,0.11094801927167286,-0.09370095578786616,-0.040729313334870634,-0.06954248948001013,0.1928978491269736,0.00896393078030079,0.019902464698686517,0.010511034063029412,0.01754353550940722
8768,-1.8578498232629987,-0.08633403776713165,-0.028446437720087318,-0.010457049320522216,-0.01015438607650411,1.7871044577862094,-0.14177067880115318,-0.048277339041931426,-0.02317028247551868,0.10263885912780732,0.0912985408355679
8769,1.4764666797564974,-0.011465509835126758,0.08478764251944011,0.05752741975963277,0.008857897263951791,-0.16145457895790127,-0.9442828164100934,0.04210521786996134,-0.23451180754704654,0.11879611279188748,-0.16258667075645714
8770,1.0092504256076114,-0.02398325831807193,0.09284592792813201,0.07444412122153816,-0.07025612437795135,-0.06328404438517506,0.06433700903560467,-0.09827062973057557,0.002776388396675789,-0.12305034202234551,0.07378697139380086
8771,0.6268849485123033,-0.02100165122587312,0.05230108622634915,-0.013632722231109996,-0.030398443858780082,0.118800385324578,-0.029300174227015405,-0.0014557775652509998,0.08782882306803744,-0.06536495993158345,0.020928398692416448
8772,0.016315806447271257,-0.09667357066145672,0.03937371470691853,0.08106091888684476,0.04120090056345102,-0.21854058714306715,1.3353258780971642,0.04887144296382545,-0.004560691436342136,-0.8760556543267808,0.03517523111720759
8773,-0.0011032514155788964,-0.8029921759999723,-0.02404351075738761,-0.06693601212733896,0.0749722500397749,-0.0696369824194203,0.02823673144845613,-0.044543273773795085,0.14579481690921156,1.020488375403816,-0.0800907795173313
8774,0.043811365046698594,1.007299390408398,0.017322249833883682,0.03840247727453039,0.04754008369340661,-0.10218931968182636,0.17174117326031751,-0.5387285361086172,0.10838044311925207,0.0022718887196403704,0.015600756875275183
8775,0.05743699012322289,0.009964753835283321,0.039655833863523414,-0.2082462430119965,-0.06169718646463534,0.12439652677429616,0.11607694303597924,0.8358002429675891,0.07737209584268494,0.07569447273640562,-0.001990533087477089
8776,-0.022541261329339743,0.028412574789072883,0.032565300424500176,0.7946498064437102,-0.08374679914402958,0.05514452210678836,-0.05597748959877115,0.0017746125144402457,-0.12293631716806994,-0.11846394936296688,-0.4783850531109995
8777,-0.006058458006745864,0.10870649302044882,0.018015252012165524,0.004983472118789488,-0.4858127356429447,0.02022399824624106,0.029409610268854722,-0.13429097449214858,0.017243123209929278,0.08027196238155634,0.9333290387414959
8778,0.1310624124373707,-0.0295208376507764,0.04134840846086925,-0.07335214116930541,0.6073449249338069,-0.11488472841139968,-0.08099631621104851,-0.008454701011473395,-0.15311664464939106,0.17985984885896367,0.07195936273116199
8779,-0.054914611420542464,-0.05551258762802692,0.01832559729837388,0.07496368768384071,0.03664489438109043,0.05551170284207274,-0.01074251205215847,-0.0229124295946977,0.46597169074799116,0.06592467469963699,0.04921782605041438
8780,0.20232299123947203,0.16871929983474937,0.6165547220323612,-0.013731778350514937,0.0901445979055842,0.16088990452448512,-0.036693984160405334,0.00329987030326415,0.12253605470942944,-0.2352231281872112,0.0985557077780673
8781,-0.009395356890262148,-0.08134451026154321,-0.08970606353924891,0.11832050860081077,0.07282217245157918,-0.6618242412816008,-0.08277389603474912,-0.0063285663442121335,-0.029229855644591848,-0.005947411019906201,0.027082334873237697
8782,-0.08290494544577312,0.019602289988551916,0.41678185440516674,-0.021486110321604555,-0.1362270780847641,0.20857538806606923,0.16877127623124985,0.003982150733632757,0.004681103576158224,0.0514028854911408,-0.007799401954737627
8783,0.0572772813521482,0.6931130387348363,-0.06810633764727554,-0.03645144718409052,-0.07636651618825813,-0.20004858573648499,-0.15909401661270817,0.02259962566583698,-0.11890279905758044,0.054861980519425396,-0.005847467193718998
8784,-1.7658524593151486,0.06675009478654283,-9.501748068465113e-06,-0.08875380021692104,-0.01120816479706278,1.7385755912289549,-0.030028683036626636,-0.0467846378433395,0.02488045643166811,-0.07625730899899259,-0.006071511451546557
8785,1.1723245505922224,-0.004836991318796041,-0.014827361106877624,0.02614593943912397,0.03368635590010263,0.12268736106081479,-0.9471606975094663,0.02060173963796134,-0.08614119789275493,0.016332476803952518,-0.07598795850657535
8786,1.170875291779656,-0.019671776588551064,-0.030561340732267624,-0.0286957911591847,-0.058766992820720586,0.05318698392842389,-0.12451142068376972,-0.016460266963616868,0.14819315070564473,0.12090302051867315,-0.01438598309640325
8787,0.6096608317865506,-0.038940219518783306,0.022398550956562284,-0.03327747122271378,0.03668078160257391,0.056819342111846666,-0.02222268445754832,0.020569706781802304,0.05895663627645428,-0.010923743972307456,-0.05310436959534335
8788,0.2057794582981309,-0.03564455513791742,-0.027433795278914017,0.03861645721442348,-0.0627033711362137,0.03761559495917974,1.4333609377179048,0.08103506264329191,0.10617209160459305,-0.9724645861821692,-0.043116819637325624
8789,0.06908727072909948,-0.7152737979918692,0.1550550455202465,-0.1277032645183673,0.06108780240170764,-0.19380657541073618,-0.0017863223601252698,0.049525448248114126,0.026896800869826473,1.017017330087604,0.009428250072240081
8790,0.0709976095190812,0.9054933165582155,-0.017467937523494008,-0.034921729722002,-0.03759386757782423,0.10833733571703212,-0.11669140193165714,-0.5180173506438439,-0.06751065885014554,0.04740728254162222,0.12207324419028034
8791,-0.1252186260380211,-0.08603334074873217,0.060476072273690666,-0.44837764256742835,-0.059730641300044525,-0.03370742973839824,0.15180216845404507,0.8283226355960844,-0.13718455391966922,0.003492087891460056,0.06722748463748324
8792,-0.10670313855022162,0.001987889029191571,-0.20685901523852163,0.7853560384549135,0.03783210046146641,0.27194153088950235,0.1751743617866866,-0.08606809250898662,0.011655927215431287,0.12318511807077852,-0.4827066613728379
8793,0.098558874789493,0.10320865580460716,-0.04115210190503891,0.06783123327095587,-0.6813056788917742,0.061763235130407504,0.15476625378183684,0.07727499033157166,0.17434827809091172,-0.061355002145684484,0.8574502165237256
8794,-0.084928638126289,-0.005359238666432738,0.1491009573393409,0.023160225861266044,0.6256634062866502,-0.05982095237572864,0.005448968585103064,-0.0022961139753978907,-0.1368468753336986,0.04752927825496322,0.026730950565297305
8795,0.04513200347920382,0.1089953118827699,-0.10475132259559596,-0.09760362394907683,0.12087251649384873,-0.05368455528816965,-0.058428032221202075,0.11739000225753092,0.5006507645986585,0.10564255520580472,-0.07844110496493038
8796,0.0015106999868095372,0.1343374919932587,0.5612447707909886,0.04034535150458661,0.08725634065531113,-0.0996332470681474,-0.06013107351683275,0.06246979278541621,-0.03368472408197326,-0.06791070379305505,0.021150426448946106
8797,0.0575883585970962,0.014785941141850521,0.05078901201311695,-0.02953104472512551,0.054287246452542376,-0.6279396061856024,0.004079457395514061,-0.06909141981153417,-0.0030822510212427123,-0.028264125590600788,0.04842463186024547
8798,-0.09779601363081078,0.1311038721898995,0.3918250916053194,-0.0022785935369298697,-0.05035369351094295,0.1262855633254511,0.07070243822051675,0.05237072716998825,-0.06827791784723714,-0.04340137278304215,-0.046760157664976945
8799,0.06257958524267072,0.7408669390374272,-0.08498231398252172,-0.030325969357436165,-0.008813004463376876,0.08787161280459183,0.01600445876682114,0.028493328012129678,-0.02832768052400172,-0.005672172323991221,-0.04213956824083868
8800,-1.8896089713945123,-0.06255675148665353,0.014932622152606443,-0.01844304099194903,-0.052804799519561046,1.752605345827467,-0.001244262841664048,0.1612680148182789,0.030404088587563896,0.035277453245982346,-0.023449159689824688
8801,1.654111732758307,-0.03365324866887692,0.02877249694374311,-0.0055912658351037975,-0.03676302636160069,0.05682415046592958,-1.009761128661661,-0.08092414538960867,-0.0789739757084262,0.0036722728745643826,-0.1237760632330514
8802,0.9431033876896349,0.08693278410445493,0.031425989171544204,0.05505055235787329,0.0007628861654340145,0.05068149413423809,-0.009382824005916113,-0.010059329700517221,-0.019204268344033742,0.002638143651565947,-0.050663280942207914
8803,0.6304412289589869,-0.06015238438060442,0.004373440929720927,-0.004307458577593113,-0.026220681291071666,0.07866401812912152,-0.07220233440229822,-0.03342563850715513,-0.012021795480087902,0.017366505945911166,0.06325596737890632
8804,0.023247370006281947,-0.04428914727291285,0.07252084105455057,-0.04426007519824845,-0.030279438901036546,-0.06785627740788981,1.335674880236008,-0.026759705640573346,-0.1122289172338854,-1.007261361963614,-0.021112867821824907
8805,0.014212824376129042,-0.6690908022203161,-0.029604801344345007,-0.05266997090671947,-0.027663861553172322,-0.10499819206433093,-0.008763843701370191,0.07078047527008745,-0.051077958137381425,1.0091558428113914,0.035330763678401905
8806,-0.12124546574724317,1.0142528233782302,-0.04057554337234615,0.001197799417083061,0.09695018914675818,-0.010424224287976146,0.1449191765085574,-0.7256406984489163,-0.047075814102882974,-0.055099606161029296,-0.049476104759273574
8807,-0.10533269088204604,-0.04568746795183588,0.10122380602831353,-0.5481599518894303,-0.016176293830823675,0.05933260442686195,0.020981499783529645,0.8559890096756373,0.11439458379835048,0.08345460991669051,0.04331829376291245
8808,-0.15641447084450813,0.06425525972472128,-0.09786216851371705,0.7520494421187237,-0.013456350846181398,-0.26785539704754596,0.056456553739072636,-0.07542728095279007,0.02076533222019181,-0.07997254975058558,-0.26787988645530125
8809,-0.11575495684853317,0.019561897234652022,-0.08442123899880691,-0.03491892576793225,-0.6101745423305676,-0.1875766380307481,-0.09658922143120376,0.01977675100673105,-0.07614524817119273,0.10249659633682322,0.7776781879966538
8810,0.0697685120052107,-0.020496223185298153,-0.13254022460774237,0.02919697947945875,0.6259871558583393,0.04961319292865721,0.01758078188870288,-0.047733760045641234,-0.026371145156138448,-0.058849646625751685,0.0032719163579364215
8811,-0.11305335045450832,-0.0025706031415871702,-0.0012692149851527973,-0.020937906499845827,0.05039775029587696,-0.27594667666765293,0.02192383380775875,0.026994560033189896,0.5306786548118632,-0.09474361758000231,-0.016427364235586474
8812,0.03523819382619963,0.0679172715511743,0.5313180231856112,-0.08404318891705957,-0.008839543716564684,-0.1399668672584127,-0.011118158629541457,0.10261067527520638,-0.033015125457484654,-0.1601675738479817,0.09275615924579568
8813,0.08460220941757599,0.005831417073156553,0.025462596746793843,-0.04595197763752638,0.12883932757482128,-0.6780755532784223,-0.054339806016436724,-0.013298065547891648,-0.02253297093275517,0.01662251617991602,-0.08489528970244752
8814,0.21409849112372292,-0.02961444497784517,0.4180415675188656,-0.1853146894120741,0.1346180459907155,-0.1242445871374503,-0.07080158591134388,0.17342697053795866,0.021535710673818823,0.017398904120130933,0.03140243047075223
8815,0.025684416862951816,0.6438026452531376,0.06929933119943212,-0.022536186642080756,0.02858329788201465,0.08355604180652165,-0.09536451480342947,-0.012186369125768367,0.003338468096448468,0.05891324308037722,0.04888281483232337
8816,-1.9792611486084313,-0.12182417305819021,0.004789324694975862,0.0878650425729806,-0.17384949503274544,1.7603957816214029,0.03763694531747486,-0.040646599148720076,-0.1160950287405061,-0.13156299604458008,-0.02285251703233866
8817,1.3791004707400978,0.06939375399179434,0.0677108300918234,0.003479514567474643,0.026438394333205537,0.11238949660070593,-0.9054925439410292,0.043831071207105055,-0.1129615540938694,-0.06657499094870636,0.02681213893630695
8818,0.6727932104469749,-0.01807704393971159,-0.17939419677025792,0.10680511832514078,-0.07183121260301499,0.04948121725462092,-0.045348130973348694,0.14138384737854318,-0.1359859475290937,0.028240595953165776,-0.05028593578330981
8819,0.574244089922519,-0.026591365037317197,-0.08878851687776455,0.03477890346267641,0.024263396474348987,0.09310204464169755,0.0007527772198138996,-0.03696577205776072,-0.015395948939529485,0.001576702518769361,0.01921040088702963
8820,-0.05773683399220924,0.09240157909025143,-0.0358638234356463,0.0038029557669416224,0.05066955502246868,-0.269316115580367,1.4521986415050119,0.08612649529274007,-0.11689058785521948,-1.0785707038039507,-0.041258081164599975
8821,0.006433386325624525,-0.7063527084329406,-0.08365891091199172,0.10487867404863643,0.08191665769153601,0.041186419735115304,-0.007462700940898346,-0.19211703866446206,-0.05912602984790341,1.026329817335844,0.1313968983394775
8822,-0.00395720144057354,0.9397123285067984,-0.11810648332448022,-0.02758177353700184,0.0917437781987956,-0.09037228778840639,0.07640215311314454,-0.645669944253045,0.010267378822810638,0.13361084673123594,0.014133687910148796
8823,-0.30223957191595996,0.07797709346013575,0.02612597330727468,-0.7204064939462885,-0.026104239254563386,-0.044873429314311986,0.3259717452776727,0.736367099216801,-0.16950897263262157,0.12796702657815634,-0.09978095979974863
8824,0.028567661925240496,0.018623467619914198,0.0054553691396613474,0.8532162621575251,-0.14737583035010132,-0.04291481763935985,-0.12021453595699622,0.06705667801224258,0.0298419935226498,-0.15633605987576962,-0.38267567158304305
8825,0.05886634737838112,-0.11204439320420335,-0.01746965088141066,0.04180730017122303,-0.6962175835390984,-0.07947948108924276,-0.03107073492416389,0.0005848184913615946,0.03332912300697048,-0.09970881706149462,0.7932695768832582
8826,-0.07243521062213479,0.2076863994632593,-0.14810698783460838,0.0018557804641313519,0.5821353503647004,-0.1621435276607735,-0.1713581409260704,0.21043142753872832,-0.04970053123049012,-0.011479563097231402,-0.007378875083012765
8827,-0.12106172626094758,0.1654364114016476,-0.2425631232747314,-0.14215986677014789,0.028499378230129446,-0.2650810499416564,0.02872553872757006,0.057887260372918393,0.47764312947074344,0.1678008190914482,0.12423021304364468
8828,-0.01963663564673731,0.20778898664234413,0.5446584768898338,0.1460973176971445,0.046573825049355866,-0.1019036241138067,-0.052054861761640966,-0.027928137601798984,0.09051462142829306,0.0620456744683742,-0.1335336909608608
8829,0.04948521717358317,-0.051422528231209,-0.052786455688754834,0.0033437203375493935,-0.04161735125591898,-0.6620068903148436,0.029597104299522323,0.09541675670426547,0.02272498404737406,-0.05234036430704874,-0.11901989180890853
8830,-0.0015635566898493294,-0.20553006028800705,0.4067771491183167,0.039907467396560606,0.046720140014294136,-0.033559059784413106,-0.20429016200749275,-0.11201347062255512,-0.06935135822629725,-0.141580613375191,0.05411736925760846
8831,-0.005113481304714585,0.6689689671019151,-0.09622561819716101,-0.03330152414763989,-0.04087581144256128,0.010764187190705342,-0.05320096003958155,-0.010847421239544141,0.10782498195418444,-0.00438895745289746,-0.06387860543063538
8832,-1.5435239949212047,0.0580216559241527,-0.14658948344969203,0.0009540659245729989,-0.07833425616644396,1.7920887401892307,-0.05001306758310374,0.017242453538949848,-0.0019665235174600474,-0.03673549506096456,-0.24352285902116244
8833,1.1810905779529386,0.1177008376407729,-0.05404782470890629,-0.044288441743759135,0.06210690805930968,-0.14416944242677898,-0.9124971242290842,0.01283293412087368,-0.020687102757567633,0.0036425385561713267,-0.04522063081867103
8834,0.8284900927459145,0.052071108947804,0.13655722472055934,-0.0774037074230222,-0.01905807810060766,-0.06946469013737826,-0.11603580279738562,-0.16474671941801025,-0.010880523505009678,0.10870990582107268,-0.03804686355164385
8835,0.6058528289231423,-0.0020183456228758667,0.022144051719929836,0.04663060318665326,0.034484772200186455,0.06611611408974104,-0.03350701635384894,-0.009854686143107402,-0.08748565689116765,-0.07852713726519948,0.001479515055230858
8836,0.025921025717174483,-0.09017304447946761,0.06142272025581562,-0.018412375887768978,0.02764672218823267,-0.012628283570065364,1.3365281235898967,0.0972053101657267,0.12281482707128771,-0.9542035778481484,-0.04752276374068548
8837,0.15152385597732465,-0.5502023915746121,-0.026990952213992222,0.05258905881580493,0.04815187670682456,-0.2089362389752707,-0.04119926072306534,-0.030829087756877833,-0.13257686311099487,0.9834120335911309,0.05964868852473748
8838,-0.025980566235157057,0.8928795969483945,-0.2491825364968538,0.00397306126600139,0.057719503369216135,0.007459840248171592,0.04558395515410081,-0.6343706646392611,-0.0279469742385351,0.03318379672267415,-0.05459861552844749
8839,0.008660084278758503,-0.030932076030405525,-0.07293228485675628,-0.7971476222937341,0.03616918404929071,-0.007944557101352301,-0.08342742773323422,0.825616196744729,-0.13882094460937355,-0.09662211963540532,-0.03239782432403754
8840,0.07519494272202641,-0.11037248560188621,0.044743820132433464,0.7775945346278824,-0.079026282470961,-0.09714220345021012,0.01334277617821244,-0.07312094836201563,0.08404892166985507,-0.0771253970602937,-0.5902363467656275
8841,0.17572782765577524,0.12034566905844829,-0.10686429022909605,-0.17725351190944147,-0.5817483010909211,-0.0010887980996840685,0.1355627317650926,-0.01234409175267633,-0.0022903257715344008,0.037759324736556715,0.8868785909585187
8842,0.12429139513750782,-0.09417477622809098,0.013303278769126774,-0.035081170527748236,0.5938119067505,-0.009585694101687428,0.02618918557983641,0.16468032504878174,-0.3094146465423656,0.06367367615373108,0.005650096539026877
8843,0.08369146123540527,-0.17497042573029,0.02034440226153869,0.07903869348773787,-0.024176496419778093,0.07569526432783909,-0.13009454225652164,0.07100071575110062,0.5182655459909016,0.204836487463534,0.15999550005574345
8844,-0.14815090889076069,-0.07850454748670034,0.640909901693667,-0.034996703643416366,0.02513410482205122,-0.011123947218932067,0.06403143394881083,0.039225434361463536,0.09708155979730454,0.021599987576908772,0.0435228845970527
8845,0.034508845240286294,0.018931116494242135,-0.13566707210085235,0.03159743748998875,-0.10934661930271182,-0.7407908923165405,0.03898498188993134,-0.027497446104663727,-0.07674425917071767,0.023628961497978544,-0.02884480607383883
8846,-0.021065227584475866,0.12406731977908675,0.42342178783062,-0.03788880678498204,0.14568773879802005,0.05455083369290577,0.03942640391524005,0.05981178452445355,0.06603475246733821,-0.06913105794418535,0.15017244741132918
8847,0.09445425522061779,0.6479813168910424,0.008500737161234548,0.04694395247561655,-0.02783574167206607,-0.00962326127536247,-0.12179556172606913,0.029963142486001897,-0.07016621791158956,0.11012356504478146,0.03143743399351873
8848,-1.654452800938919,0.020655818785306795,-0.09393717729725032,0.051921247637977105,0.0973459077907423,1.5168058549840264,0.007646254716302488,-0.06510956904924847,-0.099985917521412,-0.0017725337241580336,0.020663200390622555
8849,1.4626432155863147,0.030533529615830505,0.14446556080927728,0.08723275802405647,0.0020194391543530933,-0.024839910648701113,-0.8884037561827198,0.022680349532346482,-0.022609127789162062,0.040315263967553173,-0.03375049405874527
8850,1.0337528749535747,-0.059180891002055265,0.13315252574371989,0.03966297129208382,-0.14606402096252752,0.19045613162807729,-0.22058664809368916,-0.13238173853062446,-0.12340188456515798,-0.04390673794382597,0.12045576729086413
8851,0.6167049172425273,0.018256434082109634,-0.02174574633270967,0.017870751318130557,-0.004482730906580154,0.038875821606346915,0.05210281631106267,0.037418948227031554,-0.0949465874100055,-0.0045102574990906865,0.04422315884953823
8852,-0.06692290179928409,-0.0577742092966555,-0.039636103431419586,0.006271810734275399,-0.005952758663006043,-0.10657261960825423,1.2159994181548954,0.01992166949283753,-0.06009509958138806,-1.0596436062908687,0.03431825680728169
8853,-0.017105879471133456,-0.6973389182274391,0.018087967139922553,0.03026025687809039,-0.010322381770341192,-0.03158304458792527,-0.06088245519816138,-0.005159562677464977,0.12895605783485456,1.084844019852564,-0.04661247457658564
8854,-0.009360846908244968,0.9255492599733091,0.08907994606347107,0.061348040008186486,0.04555905895745553,0.02207708296745134,0.06468592750767578,-0.5972718828753698,-0.01566885125269355,-0.12956625013545828,-2.5802803026187112e-05
8855,-0.21592786278664475,0.024674050347513955,0.09394203853352026,-0.5560162099410249,-0.006671759220584524,-0.09934677312087917,0.08024004833180108,0.8582271069783918,0.024848079246995194,-0.09454244772175793,0.04884720032916713
8856,0.08998522816762043,0.08139874368189393,-0.242933862586151,0.8284725625636343,0.04476485428385942,-0.10194027072274316,-0.003630660174991189,0.07593133475220454,0.07346273261628802,-0.1477435603713224,-0.38370837882500713
8857,0.11137466659646654,0.1098016363774458,-0.04779380978836977,-0.0666064691482271,-0.5472351974294164,-0.16081011112427854,-0.22678935795761887,-0.13222309437462235,0.0914809751069219,0.0921087469879687,0.9072513831830902
8858,0.0458611048376252,0.2153098463023614,0.1363591273045839,0.004323028048440688,0.6015753735936064,-0.03534028420360534,-0.06358905017939835,-0.007416182129681643,-0.19431306991911562,-0.002581767082664313,-0.0008141363584680062
8859,0.11616550858733003,-0.05625091697809979,0.030792692442390135,-0.07918664365480546,-0.035417555572867666,-0.02987814386473836,-0.2519937805376153,0.07733519045207733,0.4760984087454442,0.1197167291344064,0.09361576507640976
8860,0.10885409143101589,0.0457258211373019,0.5946731857729286,-0.062180326225423244,-0.02228476525556282,-0.029898689673501726,0.10843427577609215,-0.023097168068789573,0.17151961419396908,-0.08556470636906072,-0.05509890105425699
8861,-0.07391698065021868,-0.0931466921007407,0.009501793544579785,0.00788451438316786,0.0577863187276023,-0.6377027382262339,0.0468878583558588,0.0597818971995608,-0.15025577943219812,-0.05572044840975673,0.07991507018715445
8862,0.03176457480314291,0.13973812324714918,0.4158977376125225,-0.03288952988679452,-0.04299357644950852,0.021095919137407104,-0.12095730509826133,0.01061158514923958,0.08753657024866054,0.018119956693061094,-0.08399928683595766
8863,0.026994979377431505,0.6199929273571037,-0.05735982005317117,-0.0037678733870789532,-0.020274981553836852,0.06474348558513829,-0.05722968452123839,-0.043015688895847906,0.05875710262188474,0.03293335299207951,-0.012723008000547799
8864,-1.7426871267821116,-0.06819302837550228,0.1237996103357595,0.012016141046872575,-0.08822108305845736,1.8194254675808108,-0.0418324545718098,0.19077364981874548,-0.11240639488792731,0.06465489693801885,-0.09178716565549266
8865,1.5946430538108738,0.15891402784908604,0.10825638571407467,0.03404862386413055,0.02527805119623162,-0.1243416578595741,-1.0842132793216797,-0.05112791733404904,-0.051821559661360914,0.049614798519983815,-0.005436989661615485
8866,0.8761881024096928,0.10875358195450388,-0.06080318097857486,0.03337424849376559,-0.14330143606856863,0.1727529526451595,-0.08283274260299679,-0.07922808985296002,0.026974051245118726,-0.10216019395501139,-0.08225061510771442
8867,0.606915345488004,-0.0034856872708808736,-0.02583960846668571,0.008416795037401791,0.07405870075800526,0.0020137773238863912,0.0727557821481078,-0.02642880804512754,-0.10926189980725709,-0.03272706768847654,0.04094754018331629
8868,0.005591035084594409,-0.07118019974330231,0.1168063105483251,-0.10390923879811349,-0.01364051503270903,-0.14343144623980258,1.286568887144471,0.05850062257333441,0.10176294393113619,-0.9423688844339683,0.06026291390250242
8869,0.0930278470383291,-0.600213837655487,0.06597276820696098,0.03303845178395626,-0.03589673262082306,0.15274525831114807,-0.03806706556234001,0.03798459061933067,0.13830437716794208,0.9532035487666224,0.06347387405860963
8870,-0.1728031364033686,0.9638618519553646,0.08377599559593042,-0.016004566445692762,0.07975468535657539,0.15500534428043425,0.11835467138581811,-0.6258313100014101,-0.03147490418700395,-0.015327506224647347,0.10830800488732192
8871,-0.1219126671711524,-0.06155092262443407,-0.015928605832791817,-0.5320537833054486,-0.06228736440539296,-0.16732742235115214,0.11159750497318456,0.9115835064763557,0.1294191875565762,-0.10815761272893454,-0.04259924542564274
8872,0.041785015546683624,0.1118040891742152,-0.04686508933622541,0.7653351768248441,-0.04721265673109005,0.16518085593334386,0.18733056464584288,0.03930471986116691,-0.09383061970242655,-0.05163715101364856,-0.5124209006569718
8873,-0.12853756305370342,-0.04339959810652446,-0.16449698335092855,-0.061077543578535905,-0.7847211549041524,-0.15265012885708953,-0.14158337074201774,0.05921730012618181,-0.030845579936309677,-0.13732653246806,0.96406467636796
8874,-0.053793256875991416,0.07155305989661315,-0.07344299381476505,0.014471996870144485,0.6031595307424061,-0.0983519348632248,-0.00351233679051971,0.021319227031543708,-0.2991570723744781,-0.09062186273343897,-0.06993103781521263
8875,0.08305307690267384,-0.12832426316420958,-0.06282766221605865,-0.10012095699248089,-0.057102954841959826,0.12239418031493104,-0.09674698325277761,-0.04942940469798432,0.46872146634217965,0.009419919963005632,-0.01729647118014706
8876,0.0781490112214893,0.0705706937289956,0.6271038829118547,-0.03705614058583401,0.04093738223578608,-0.03653189818192314,0.1728318796616344,-0.060507392309381916,0.04159549055291424,-0.25042716245427293,-0.1175702246549013
8877,0.01444159413259452,0.010268237421939767,-0.0611028641227198,0.0008703162802515107,-0.007184292447511868,-0.6495128216161938,-0.030219546332670644,0.03656031870441858,0.06425864004086063,-0.018494624871213526,0.04707944400093537
8878,-0.0636787475481892,-0.10096154613615171,0.40905801033591077,0.020817757156205683,-0.04488480134762985,-0.06535462495851053,-0.21427090742848376,0.14810046891985476,0.0739404569640089,-0.09612562531431153,0.05465600672830512
8879,-0.05948981979322443,0.6561488107925912,-0.05112490537101864,-0.041156734162047785,-0.02237088139861935,0.2217918128103223,0.11527270833228279,-0.06489443860476805,-0.03231427624067198,0.09291551254911615,0.028579704768973927
8880,-1.7605433161492012,-0.08681617142962476,-0.12254996265544578,0.0047827945478431475,-0.12375015911651092,1.917724133769131,0.0006102200421340743,0.03941468360679915,0.07749938707646876,0.07480189979308415,-0.04400155024944278
8881,1.2732824032278671,-0.05938642884984011,0.21806515407750157,0.10875081482076301,-0.020839081061285434,-0.0375444870634343,-0.9317420775303247,0.03078921343523043,-0.08571663961246748,-0.01304945385739799,-0.0930976262603957
8882,0.5942070359638087,-0.05202702725902889,-0.09789902032384877,0.02764947257672674,-0.11254618880175318,-0.06679944901992932,-0.01968131106939068,0.1138713348215712,0.024205822239857577,-0.009216905705489591,0.049992684079942284
8883,0.5444198039338797,0.0105354038076399,0.005344673265479167,0.04855988113343949,0.08224248395517027,0.038028517183313744,0.030377180729715868,0.03051984672827708,0.03223382265046149,0.03497186366185837,-0.04147320149724262
8884,0.015391231468695726,-0.029295697409061308,-0.04859302483904994,-0.0027410749908770363,0.03458763522676807,0.13717168604454746,1.2840272650649738,0.12224185459016498,0.05472527585220552,-1.1012707210351054,-0.00017037343068259997
8885,-0.09095902685836073,-0.8017389529331077,-0.1012813997099863,0.004437812381438321,0.07259674607397365,0.08260659183386279,0.05408675729764353,0.048775257583925924,0.031438521312332914,1.0035915049858384,0.04035032318018131
8886,0.01803182005065042,0.8913115985853632,-0.0713269173776352,-0.011312635680323717,0.1595595961765305,0.022461446395172724,0.004297684120020049,-0.6767272239111499,0.08285444886581515,-0.0349626849916814,-0.07456619148385803
8887,0.11690287051292372,0.02533632844984563,0.04173953080812571,-0.5750180406599045,-0.14346402315365683,-0.014184964927164517,0.1982946718419841,0.7574001701768993,-0.038621714723128815,-0.09730748638380257,-0.038263059226613425
8888,0.14273981870742583,-0.08168970273636554,0.04020831847679409,0.7370352380858926,-0.1209854330565198,0.16239783161450824,-0.005263872608785497,0.04435737264216472,0.057241168238467116,-0.08909706180220243,-0.5572745576680486
8889,0.09967070685024304,0.1216271854578498,-0.1428637962929927,0.008546935816301164,-0.630328639893608,-0.17808309732892438,0.062235522362070125,-0.055692082239203425,-0.1319466777456433,0.05880027628325377,0.9057903902523469
8890,-0.29896064561554575,0.22867553504869123,0.04045654240815838,0.055955079801045325,0.5758953003994023,-0.06237090098526636,-0.15966601672196556,-0.043467759947723984,-0.25501726569053845,-0.014630662040895779,-0.04619409574801416
8891,0.13354800162692884,0.024772068027223402,0.13357326232550448,0.1043390509293873,-0.051788294181761785,0.0070227645210344785,0.016436638364169986,-0.010732080080266484,0.5193332513436751,0.11476618699796307,0.022382117417223475
8892,0.19088804013880448,-0.01117803798642168,0.5412075795474046,-0.0652139540515847,0.03522367518698846,-0.20455311629764214,0.07482192373593344,0.07790099247383382,0.0873101238816496,-0.047451967092539425,0.22121322523201792
8893,0.05735918548299682,-0.00582000408706162,-0.024717366440241424,-0.14113174845266682,0.06163424493625343,-0.6923763760434412,-0.026595082636309934,-0.03462789775755241,0.16538854770063555,0.027679297473865716,-0.0521219360304935
8894,0.07354059091732264,0.14269428615431104,0.42587309862427825,-0.08216835311440128,-0.09851317874616308,0.028573152318480226,-0.2218140782998823,-0.08578953556076178,-0.06060271675940097,-0.13900403544156958,0.17094145319457174
8895,0.0944733365831052,0.7044763898806781,-0.011047144221449225,0.013050011022933492,-0.025708800818932818,-0.0789123371019526,0.018307771355886404,0.026833101354261424,0.016641398995377164,0.05438435309398139,-0.07469947208658823
8896,-1.64169990572018,-0.09368858219539922,0.1344410534185765,0.09450172856834556,-0.048187002641272056,1.8400265492854035,0.0724231428779168,-0.028026135528938532,0.03963809190407704,0.053392360739144794,-0.01198041548822179
8897,1.7326353651754083,0.07518626327922145,0.05861782923270954,-0.061620853655709795,-0.07255773931914465,0.028917962738167477,-0.9447252564736738,0.07574208047245232,0.08896480440254687,0.026076618402232608,-0.07192921764879522
8898,0.8606146677773817,0.05632466775391542,-0.15378364164746142,-0.011906121341668255,0.04265702966304993,0.03413140281456712,0.1224293302490738,-0.00277554266491242,-0.04824916216662979,0.034360285064736595,0.2632914873461061
8899,0.6080787053248674,-0.015123253899896646,0.05554930796323634,-0.045665186384856525,-0.029100385314001796,0.021435265157777206,-0.020788394558379802,0.03990213415673169,-0.06195347251718872,-0.018621871223158032,-0.026009802794397678
8900,-0.12391359422021661,-0.011109413211713427,-0.05109369249190504,0.08600648872055015,0.016692439642687868,-0.16469961729996271,1.2218020249692687,0.1450749075367736,0.04187166625885517,-1.0161177946795306,9.636861528061497e-05
8901,-0.2355770703820261,-0.7416635468440268,0.10506396618383562,-0.19395081376588286,0.04657946034195773,0.007988852871243481,-0.09737822598658628,-0.05503106345561438,0.09591092634288859,0.8776577559889575,0.15975958314699398
8902,-0.029502081728032092,0.7725502867622515,0.17212408708313517,-0.038149380560270243,0.035776016001809414,-0.028626412188444618,-0.09469553061185805,-0.5821514840973495,-0.0044247327528779395,0.07801989356957077,-0.06671708319210418
8903,-0.11279976414268972,0.12899077932821804,0.17415296471190056,-0.5969709056563439,-0.15731420253565256,-0.16924510301154552,-0.03382205153154626,0.8005314766986741,-0.16611515949739455,-0.040711348794244324,0.04250569959342134
8904,-0.060625652873510676,-0.18082534154570773,-0.017943267994190278,0.792644103539265,-0.17107651611719213,0.34925263597996237,0.0349221714813889,0.01894159387140599,0.10340612986905007,0.060427396210024166,-0.4722734200257571
8905,0.15666862804625087,0.16347828560237795,-0.03891273794838693,0.08394358990818818,-0.4375374405793392,-0.043396615856941004,-0.018142586894436444,-0.11097585819203075,-0.03682721765167,-0.1112684559808716,0.8458706614216729
8906,-0.020900575031893267,-0.025063921057000428,0.18460465108011898,0.014076637873305323,0.5889946183199032,-0.08549313413334814,0.05666039012956215,0.01786247641402556,-0.006493322035661359,0.039137749175539895,0.02207647315985091
8907,0.03406645053360376,-0.03776452320173379,-0.12902633059048044,0.07039924915130645,0.026997329511125257,-0.10526459153587549,0.08049623781198181,0.05547247796415103,0.4871446360553928,-0.07117100484636854,0.052944160115371855
8908,0.09341769104532428,-0.12858147697602496,0.5677371216259793,0.10469597847629955,0.014880660580601137,0.04416213756437988,-0.15876068422219455,-0.03082192603202956,0.028150337217518057,0.0424884321644102,0.054123157441287456
8909,0.04373613149927549,0.04469293243342459,-0.08458680623974663,-0.03423032258663396,-0.10327996796049152,-0.6788345847471987,0.026821038040366226,-0.009967980689964793,0.024919910855984467,-0.053864200378586406,-0.03018701754140335
8910,0.12567444225095692,0.2795531019108813,0.41745489485874,-0.28428475464777736,0.1406234587474703,-0.030188431634533767,0.08499657440374164,0.06203972813930853,-0.046579604735446166,0.11213841144589795,0.06518017554707616
8911,-0.1914936317951299,0.6514129652576116,0.022787415627148547,-0.03939489954001455,0.02326532483140772,0.10853174728337524,0.1336928776848204,0.009331872154549418,-0.005944146278260262,0.015496076572627644,0.01337515435781825
8912,-1.9825956509344522,-0.09255544602061457,0.03204139318673236,-0.03085267479919925,0.09261033866535814,1.76307264652406,-0.24667166834556237,-0.09274071099879529,0.12030047140095361,-0.007019775702516229,-0.07611803394497155
8913,1.4426813284445896,-0.053276559740755035,0.1220649384870672,0.012952419533443268,0.009866624578180725,-0.11912886500662931,-0.9420361937703631,0.02408777390528968,0.11647906352100695,-0.014033118105903991,-0.19513801449278093
8914,0.49989721654582,-0.03575909145774479,0.1316575644135899,0.08314996421457957,0.02805672881374347,0.17521689734172585,0.057393764039420925,-0.14636056538818232,-0.16067346796574772,-0.002198632177973849,0.1142228570079328
8915,0.5909593162226884,-0.05712308216933856,-0.016554662858753694,0.03946115488045439,-0.009200837677719386,-0.016082717952205554,0.004455232602435799,-0.024932279850804227,0.0170635636118012,-0.0001372679339557521,-0.022312430068851873
8916,0.09434643603075124,-0.11677108047807792,0.030621427733847253,-0.08186574301426988,0.01047057118205004,0.03339857504111417,1.4133770473828873,0.04897394480333122,-0.07747958047995412,-1.0303957414414873,0.008462230017052237
8917,0.08813999702716767,-0.6237218724451136,-0.04952649165596108,0.13597104129665463,-0.17845949995367585,0.0834406484851205,0.04132845796861095,0.00770261933184838,-0.07391982075959594,0.9817903978614309,-0.012553081189056996
8918,-0.02378784031837762,0.8373554490322381,-0.2698871633022722,0.1118627073778316,-0.0827590874107454,0.11191285250207518,-0.055616263938089126,-0.6185304257991772,0.13202999039006785,0.07313099802618252,0.047089738837044856
8919,0.059034438799019484,0.040883375059828635,-0.11207880131691662,-0.6381296011520124,0.11558210239672395,-0.05156756909759078,-0.021471646034998425,0.8648358945463827,-0.006335141531862359,-0.06893345973320597,-0.1938385659716743
8920,-0.0740552593200095,0.09700643884412538,0.26534432008074504,0.7829890393877834,0.018739121895568294,-0.08642885766975199,0.013005015010223213,0.0686804477862365,0.10413788588794717,-0.004098964054600173,-0.2758486139808233
8921,-0.1834472622828855,0.01811842972461179,0.04866428405865621,0.07548114624393408,-0.5492723732211685,-0.04247331440257854,0.016681149391361758,0.09224051054814034,0.031221525733263537,-0.09399050654827532,0.9173008849526859
8922,0.08834791720655973,0.05827871281470322,-0.14577810527968105,0.03644807962613541,0.6595339282306574,0.008469760003796385,-0.09607373663891991,-0.09286725020624435,-0.25037472490949053,0.0595727174568826,0.03687688650586518
8923,-0.09047449151713781,-0.15479474907124546,-0.07567195534188773,-0.11636041014236127,-0.0015279128199778109,0.2069615025907937,-0.022593291441673324,0.09559471005265927,0.48772109297449406,-0.04589385589256554,-0.013023296611322302
8924,0.08949746980972069,0.25320669136447904,0.55185098264652,-0.041515723345296504,-0.0845559918851468,-0.019761094287248773,0.37023212158988666,0.0537284530419162,0.06905250805045002,-0.06133383884566904,-0.16632687003372468
8925,-0.007583873261252035,0.025588640999517364,-0.05768699868208245,0.0481012327279726,0.04075736787144811,-0.6533668426277789,0.057844169425718024,-0.014359323721652764,-0.07663521243929715,-0.08655856833192259,-0.05530008850159495
8926,0.27031242242718584,-0.09306730498809142,0.432619931338225,-0.013689895633121075,-0.02835144243914835,-0.02413440189748415,0.2641248206292454,-0.2690305893043869,0.037171865083963425,-0.2645029588349194,0.049017194962159824
8927,-0.03929048100054076,0.6510726415488438,0.07028073211143056,-0.048805191282773566,-0.002938839205570201,0.043187785124540266,-0.1706073835803833,-0.010078126563558765,0.006564617273673541,-0.024718309747831353,0.06473853411888211
8928,-1.989173858317549,-0.1068048857087509,0.05170352411377853,-0.0260232079682478,-0.021862608112944035,1.9049424445827086,-0.06002751687882061,-0.12836109382277475,0.03558944801345873,-0.08994554871546048,0.0024485978452233794
8929,1.5587235462738134,0.07476030322935322,0.12728297236994907,0.015672517592402364,0.025840267971883463,0.0323832748537497,-0.9397606837497045,-0.030676676990505643,0.03259192207200429,-0.007865588086581218,0.07684981313298513
8930,0.6277556725884693,-0.09226205140946087,0.03418477309426402,0.082503598310479,0.012345559103128052,0.09138048498357773,0.008510098130558816,0.15885514543816956,-0.14214901938683402,-0.025425979499902704,0.0031571455822619558
8931,0.6428569441203623,0.01866785050301565,-0.10710243636881765,0.014174485067591336,-0.04915556577292102,0.08208489205985423,0.060224001172527734,0.046977799991467166,0.024462877231135917,0.020591018171902092,0.06007627326287863
8932,0.002094438957437085,-0.009443925191045194,0.0164040072601269,0.042834948206074426,-0.06918155086600729,0.07941618630182118,1.3428290182075069,0.023851091081279717,-0.04145387721663083,-0.835872182893526,0.16940074957030543
8933,0.10994725075762718,-0.6107640298444772,-0.09620054243777336,0.029138367949986643,0.10521835821828747,0.0371424052823134,-0.078273995363442,-0.008985063842784089,0.08495828847012984,0.9993034749004237,0.1119229189039899
8934,0.03558892198380618,0.9167046098053124,-0.23797934093535533,0.015509453882774967,-0.10836844818257375,-0.12264074285644663,-0.006933220617162958,-0.5668358005604519,-0.13172071525343332,0.05183822764433371,0.04716679160728185
8935,-0.12564170999837207,-0.044482071447604465,0.07314830628006777,-0.5963975016592634,-0.028642430233565233,0.03893415359196646,0.09389633122240805,0.8948341765099623,-0.04689143362702593,0.2445950623351497,0.0025891792164795986
8936,0.10321167471966108,0.16541293229829032,-0.02358591791371364,0.8428344510433876,0.027568895328151093,0.18839939654572616,0.027186386334337943,0.038071335466947326,0.1588177620255512,-0.0016455747181714116,-0.34913801795630917
8937,0.1068713200179619,0.09312067943450913,-0.19593779393364313,-0.004007603462350609,-0.2146520438745566,0.07747682620126502,-0.25117853784531285,-0.10033422054878748,-0.05019513651326902,-0.028508935868870183,0.819118901331677
8938,-0.15995788063847735,0.05902014431176708,0.056489998131484684,0.07757526906774152,0.5710049576054818,-0.051849710137325394,-0.026075709235338477,-0.03595778421908485,-0.2467213787802469,0.01759834507251693,0.001354807840737506
8939,0.05652142830338197,0.005841725868356812,-0.1518384997810613,-0.08450028681222929,-0.11513816649267475,-0.0019071515586015129,-0.1106487439569163,0.08040799523188144,0.47475090136149795,-0.14772111854922182,0.06537483714147133
8940,0.002644337995557585,0.1070241033928372,0.6069721737226027,0.008729625194775992,-0.17431450970106155,-0.020390774217329863,0.16343190643698455,0.015979527200900616,0.1225266842419748,-0.14980169326676884,-0.06085407490183608
8941,-0.05845893316699594,0.034098899009228585,0.020686197856452527,-0.07102907496430123,-0.0576004324619558,-0.6440424793588504,0.010396141986053764,-0.005289353780352444,0.04772695322478068,-0.0028120930056082854,0.129018895226375
8942,0.13494970977193693,-0.2250041451513965,0.4214962682499002,0.03999440437646501,-0.0802985224122315,-0.1567318789591775,0.058433328464425616,0.07903436306080039,0.007584784874193515,-0.024002381035971194,0.03706830418464295
8943,0.07479879392221489,0.7102703811200645,-0.05155823606127235,0.05574073359306293,0.04100581286121047,0.263854209272176,-0.03977417149990879,0.02954222991065637,-0.01580253265200499,-0.025843708663731257,-0.06541320442719825
8944,-1.9602970450671537,0.059218847714430575,0.043734854751603755,-0.016425060273521887,0.034073824055943544,1.8007728441097317,-0.04298280830376708,0.009528431028982546,0.11959774925062494,0.06682518031755798,0.009174348175676375
8945,1.6562443798277628,-0.05335831339111045,-0.07339820095951992,-0.10705767883493143,-0.06295758782646346,-0.04940855360333131,-1.0104639821766466,-0.015445620728279066,-0.03219055470362564,0.06209902151942632,0.03150132816388176
8946,1.014788197108918,-0.17247755498656678,0.03265997994055336,0.14029408502019183,-0.169568209943424,0.025338216741972647,-0.0173402932530093,-0.1071004998542113,-0.006079095451278712,0.1779220379468496,-0.10343653311849771
8947,0.6498923194406104,-0.02944100838321883,0.055923066375045384,0.03346196893290749,0.06288335037996425,0.002940205478909136,-0.04557292411128259,-0.00704181035885812,0.06718755460598118,-0.02513395977568541,-0.027105099948061463
8948,0.02356927310685062,0.039061875134715575,0.09351038034851837,0.10860996696838397,0.14540311252301386,0.17942669972297295,1.421622289686464,0.045836819234586455,-0.09553398873532573,-0.9502293305888381,0.03437448126367221
8949,0.09568581859905907,-0.7827282281536937,0.04326235065464134,-0.1147351400601568,-0.0016080422963852163,-0.15463338225709022,0.17497606926110448,-0.0045097074385383115,-0.05697532389462286,0.9423873662784525,-0.006124779853891798
8950,0.03992155936006738,0.8680651513861191,-0.07601314895374371,-0.04264979245195025,0.040320938289743945,0.1754461614085571,0.039341976705407906,-0.6454680340653703,-0.005619757268575112,0.06259508979778976,-0.007066013059168043
8951,-0.11772449970061084,-0.1309890885304032,0.08406900431646232,-0.596630539279654,0.030064953111287013,0.005604146052629899,-0.1919388237926793,0.8156143943949623,-0.026398807439981763,-0.1652643889568741,0.01030860223415676
8952,-0.1313453746238068,-0.05050294821978018,-0.0975241969149998,0.7278011276688574,-0.041836807751093226,-0.13881548607473876,-0.044713361948772956,-0.019238889020870096,-0.035606201955544065,0.13075529147822673,-0.4204403216562081
8953,-0.08136942951913777,-0.10231676402371392,0.11988968044721618,0.044661008314414836,-0.37221814615396565,-0.0016501546022273145,-0.08694201866808206,-0.0005119013027064228,0.07204927539112922,-0.07933511719991773,0.8508046144351331
8954,0.15903556083862475,0.0792612065923002,-0.04986611495716506,-0.055326063975568225,0.6484129333072266,0.08263075628457417,-0.12851298965796218,0.11051625882735902,-0.045351541420976166,0.165439704971062,-0.04699341580096076
8955,-0.06975166477026312,0.06559822796053956,0.0041876212099582755,-0.07023211864887612,0.03262752902267864,0.014650435726418743,-0.022402418467590834,0.052971299187374456,0.47995164791149725,0.03133854871720233,-0.01928724781214958
8956,0.1562319671630126,-0.10086889834607048,0.6622611572916087,-0.20860238955864227,-0.027569785649783036,-0.09422386538989636,0.05951359303305846,0.17157585235916822,-0.01267590679486905,-0.0751010596262312,-0.06205262671787267
8957,0.11812951825472451,0.024603357427745994,-0.14527772829279698,0.00364616226620629,-0.06164738953048856,-0.6914146482147954,0.029208926491105496,-0.023195482847117137,0.053855340196792875,0.005973647041754086,0.041604900809165436
8958,0.12036978780689016,-0.007879866517332563,0.39783533735391463,-0.033957612895193175,0.04423291730550935,0.16238510555266145,0.0954948390977781,0.0013777985474782623,-0.1245150017958738,0.08610546643371123,0.08111229631879488
8959,0.05233546033054181,0.6488840928816983,-0.1691345971801767,0.02906610269079262,-0.04393414392729782,0.04831785508230559,0.048028706457205736,-0.09852360758528426,0.007220192596044218,-0.04613787496689312,0.03043418001757457
8960,-1.882809566469048,-0.03428925661716388,-0.039734568034104606,-0.06468476091094644,0.05241809433876166,1.6527989506512417,-0.13483097517484946,0.1436488219414411,0.055532536942969266,0.030625877667957165,0.04053228538051682
8961,1.3893642698997002,0.10770538644654347,-0.08878198373242818,-0.009170493335669005,0.06657415854651073,-0.09616380887543277,-0.9719029041814432,-0.10663958233797165,-0.0004781277190880186,0.022512955472083745,0.0010885286308464975
8962,0.8235804904984865,-0.02243826935287662,0.04808635392428435,0.1051074999946623,0.00476942242399922,-0.014679945624566787,0.012374677569326904,0.05999820364545858,-0.14826222376071665,0.19590605493610375,-0.03416597642469841
8963,0.642348857289504,0.05840313188178776,0.02980098836712342,0.03880944264131332,-0.003989329588724293,-0.0053454829785476166,0.06244290303976725,0.009002467092059725,0.04863917456782937,0.027841386347588724,-0.04034203753507659
8964,0.11305881619834637,-0.06908090643288732,-0.11729314357067783,-0.03229001067060757,-0.050894970963864646,0.0072786129316322785,1.3403815362540228,-0.004421223657723376,0.0045051870400235495,-0.9844307846832236,0.1465014862360395
8965,-0.1810150668316675,-0.7368885312321046,0.06553189361724299,-0.07069245224292005,-0.02955275509804285,0.14038490160889708,0.0017459954491824406,-0.027822624959407617,0.07257079394469418,1.107940932375232,0.07302028708732174
8966,-0.016382301644801728,0.9558952744856417,0.09307285343097617,-0.02664530146780268,-0.00986212187885182,-0.02930968408364272,-0.18291860443502195,-0.6819909488559572,0.0858340055004205,0.20565451725109013,-0.024194337984491568
8967,-0.052186827704426404,-0.011902743670970158,0.07610705411309522,-0.5318016948336085,-0.0711179380309908,-0.07468727051193749,0.007952546715934651,0.8639177169370568,0.08218848833358201,-0.179703161361192,0.038618928987488046
8968,-0.0730093887486977,-0.14677726782256026,-0.12159331440359718,0.8252069003031463,0.009112477726338736,0.05156713775476474,0.09956297992739385,-0.09817093154130098,-0.001488115062266017,-0.08951320812616102,-0.42925481546850175
8969,0.03126931753036814,-0.10966982454415128,0.020572793259214794,0.016078153426374527,-0.7011253283000299,-0.11860527625256906,-0.10279649631020377,0.027819262892684937,-0.07015514666846862,-0.07460875390222121,0.9062122286864006
8970,0.0020480226408782043,0.06436249452139442,0.08346632584948638,0.004900855664847927,0.6399533489464304,-0.10868659534693137,-0.21419644791651424,-0.09050184432623268,-0.31473244271171524,-0.002386303016524813,0.023585651345671164
8971,-0.13970645073838855,-0.11197761654519156,-0.19308840711305003,0.03676262476557209,-0.03417131521494533,0.04775007444743296,0.07447340155225374,-0.0728902529747095,0.449466388079408,-0.18093306101783305,-0.017922893782507686
8972,-0.07669350718887363,-0.1785922144246863,0.5672637994623697,0.055029377743972555,0.04321916021699372,-0.0034799170758741237,-0.031210671487415423,-0.1164761651981314,-0.028360708827942095,0.06648031858939006,0.12428728214708369
8973,0.04728144456490421,0.02457384580226179,-0.009965576664460735,-0.021805300611554113,-0.054059346451055146,-0.6642265760795656,0.06636181028213407,0.07363625146378198,0.050659321494789335,-0.06719313389412028,-0.11548884881363991
8974,-0.072062252373744,0.003187379329251985,0.3800933669660277,-0.16895596992566775,0.09854219842421796,0.010241696326314238,-0.06123855759198831,0.03267787224134642,-0.07327626219692307,-0.19868328483489436,-0.017440845738129315
8975,0.2846076272429967,0.6222799812606215,0.024317627454275882,-0.005240243919653179,-0.036459700015270796,0.03367501778416207,-0.01843019116396022,0.00437233191274187,0.06873886114008299,-0.09773555006509008,0.02319930424712079
8976,-1.759393975589615,0.07867960640547675,0.004795842784656796,0.06969565703358267,0.08473941800501128,1.5576719822030491,-0.002350785126808463,0.09663152455133724,0.05075559417693749,0.06335635278655297,0.08783029275767157
8977,1.0200175086294054,-0.04458013132992911,-0.12784793135292563,-0.06971033545017218,-0.07631868452772395,0.019514066061078084,-0.9673014104935234,-0.003393101360463376,0.026775937079958678,-0.02992857745580628,-0.05976290810013375
8978,0.9665007090596744,-0.1061963736612326,-0.08996701086398252,-0.08042771554293418,0.07810424668175452,0.0005982277157734264,0.17786134452906907,0.00031224449317119544,0.06950785749509263,0.0665512480490509,0.04662454686053235
8979,0.6247708736322921,-0.04728203344951207,-0.009655394473397683,-0.02546332165791986,-0.019093209338250035,0.05465207788632406,0.031264588484359895,-0.023016318660562203,0.02397112199482257,-0.020499616786737798,-0.0252525520535493
8980,0.12382397213148444,0.024130733032628443,-0.009146023380585394,0.051447414936410044,-0.04245983971149933,-0.024414611145896284,1.3039694781724633,-0.023793911126910452,-0.11748745872002843,-0.9246104804745225,0.11898722571444413
8981,-0.12272436681248788,-0.6336984093053619,-0.016161380762496628,-0.006426590976940457,0.1302910894159663,-0.02038508116152417,-0.04941784201931584,0.09309910896766858,-0.10687769040430962,0.945046713867355,0.022473157196049712
8982,-0.09071466021010077,0.9248063123715327,-0.014344088463230363,0.026295309671267326,-0.035597001835206955,-0.11562628571213582,-0.17803491719351194,-0.5875653089466712,0.06773229980634944,0.1451891554880782,0.014409656445638012
8983,0.12308884835445996,0.1634509927665252,-0.06291617021036527,-0.5456430904291577,-0.06740029264126836,0.026152412459190026,0.14196056645486613,0.7569725853953361,-0.07004770109728066,-0.014243273302932086,-0.0802425946668722
8984,0.10013922088892503,-0.11030000097810903,0.05658891837590168,0.7658912322584461,-0.024213162528705534,0.07696465364341758,-0.11050907651160363,-0.034863936404822604,0.09231912294953003,-0.038694680521691144,-0.5235158173201524
8985,0.04204767163031363,-0.10059520829935013,-0.04938882827229975,-0.03962631231767822,-0.43870498123504004,-0.14858162890035245,-0.045404891876332246,-0.047295966117217286,-0.03757124346489858,0.23517733406399396,0.915022881033566
8986,0.006102022393705487,-0.061435872620116946,-0.04514628503870653,0.022314550136080684,0.6067817385379494,-0.09712404260287079,0.010557009063017115,0.015271977644904235,-0.017611466838307832,-0.11007855577008607,-0.050310811879600265
8987,-0.015904442053126383,0.08997952089966407,0.039779328503348435,0.07141105080463202,-0.08317133303258707,0.11839700702245598,0.12253766130822588,0.015416667527384572,0.4734465584342779,-0.05471592054041697,-0.01643353873055554
8988,-0.2116875823401747,-0.13441715237176471,0.5537765745734475,0.06582015961071536,0.23407161694190207,-0.07175234621484217,0.06082386773341457,-0.14741324095960215,0.145619230284359,0.02134400152396954,-0.03462640704257528
8989,0.03568921235905635,0.08813134002813337,-0.08807676276025929,-0.06260997186767632,0.10530195684546105,-0.6995237400703807,-0.04973247212271352,-0.04094893975662631,0.10993789996902502,0.035956692728669394,0.04717101431548601
8990,0.03919691457006333,-0.12006771229471706,0.44404897383790964,0.02794345691739005,0.035096770694159826,0.02624653600735566,0.07207709477745497,-0.0680000523737363,0.05068695492002549,-0.025810909793376018,-0.1396021713997901
8991,0.04251679435252862,0.6553908502094149,0.08812936912408871,-0.01726347494193148,0.03299307075016726,-0.10301674241200635,-0.10724286121076744,0.031061904035769722,-0.07722688846827797,0.06629517424397385,0.024859584166363132
8992,-1.6886126299930546,-0.0007616352353893279,0.0453337988215389,0.06725879698543212,0.13252582824861076,1.7252205120702033,-0.13167277466801075,0.0010195481186800323,0.025246294897455005,0.10703716396401937,0.1107768067747612
8993,0.8919655828521906,-0.08951954282694766,-0.09427934352355664,0.04156780737029623,-0.00789878423847877,0.13575366429241797,-1.0046934983881044,0.07679230406150289,0.0780393029183279,-0.0798644562962097,0.00993105400353603
8994,0.9161514269173076,-0.06041901432494687,0.1261808770952708,0.12530615787202892,-0.009616232472519928,0.023915603769165274,-0.01204180588048661,-0.01602324732948025,0.10713910744016647,-0.07403882965241201,-0.030989885605616635
8995,0.5620208827620544,-0.010512254169994219,0.021279068858082433,0.025134104737417513,-0.013009840807076869,0.08976452484318712,-0.0310686504524278,-0.005963552527726311,-0.03643534526366682,0.008494881048492256,-0.016692280113227976
8996,0.028405376029384283,-0.04115162743547151,-0.03890722134465491,-0.07847349203913634,-0.03914754399906943,0.18545556284412845,1.5667785873079392,0.003995507784299163,0.035137901926674715,-0.9099052424495463,-0.025769833407762063
8997,-0.14435754336933143,-0.6030611021908159,0.03083495462666165,-0.05437373732949195,0.06968919986138146,-0.0826687107980091,-0.013452352430884326,-0.03638180888488986,-0.07815795960065,0.9502432569611751,0.09941651149794264
8998,0.1439088867260157,1.00820235335194,0.0187790711589749,-0.03417772224197725,-0.11584866222281809,-0.09376852147476047,-0.006041052814660932,-0.5825422389429159,0.04343310882746565,-0.006095759864891294,0.0452705005761748
8999,0.0643339835948127,0.09655161054958196,-0.09188590756750391,-0.5600406679359456,-0.0022436599709031255,-0.13448167724899635,-0.20807380947603488,0.7887602965450502,-0.0008974305397223218,0.02848993063216294,-0.041259834222896904
9000,0.1779827635874829,-0.0080854726652487,0.18739434371344263,0.8324773726001182,0.10537248233576674,-0.13313740761300583,0.045424116971012965,-0.07188182775720381,0.09905195694036828,0.008439692598225792,-0.3548289614550164
9001,0.08382552018286836,0.02877468648269043,-0.047319991240106794,0.01790529092509795,-0.5012896466313882,-0.25473288457590954,0.10155413974684033,0.11123154999392564,0.20892989344292473,-0.09059282294164542,0.8764309695614826
9002,-0.05529990410157141,0.006115160626286602,-0.1202973389605292,0.0014425055949886557,0.6098499979724152,-0.06549275542542499,-0.05884059153840891,-0.11116769317986118,-0.34146105370454005,-0.1451869719651846,-0.08123766583355321
9003,-0.044059897315137944,0.07585086736315941,0.1316045247863662,0.05322822232315465,0.050874278008533766,-0.08708576965254222,0.15265086963390403,-0.004877506224852305,0.4897343628637838,-0.08750216639366477,0.010384277417533378
9004,-0.07201351655417532,0.07460869397088819,0.588737449455768,-0.12433007591730141,0.17810397017155968,0.18765252071211322,-0.14370353421012713,0.07992028405233871,-0.096354285590429,-0.11424170024940414,0.0479721074279732
9005,0.04025954387015267,-0.04034392264384824,-0.1492245182857604,-0.10104063007781788,0.08774901119511924,-0.7178149582703117,0.07003826189497837,0.008395285256214748,-0.08219518437056421,0.040477308939032106,0.03885139503239677
9006,-0.1727718427799523,0.1117977801519293,0.42221734136180034,0.019679293999705364,-0.030606942821489538,0.01618515163235358,-0.013050970480025938,0.0018149234962874686,-0.02368748705763732,-0.16561756660284616,0.09185831565325708
9007,0.012182198256248725,0.64215161643394,0.040194330575315074,0.035107860575452746,-0.0502455692733899,0.10410350361786777,-0.06062914198045191,-0.08264581973440281,-0.03523082243744238,0.08733550371722255,0.033930621591577066
9008,-2.0859236527304947,0.032850296280793716,0.0862461623914325,-0.04959425560634633,0.04295050054167647,1.4795314218449445,-0.008801483264314467,-0.03564876416879061,0.00900479725223479,0.07464218213915719,-0.00038725907543169045
9009,1.3740775479399128,0.02575728046736539,-0.02025121222763452,-0.1217154212826447,0.10823436945942798,0.0674074773213412,-0.8608915663325952,0.005328316755625931,-0.06082356502444346,-0.05221773838470277,0.028036874280321585
9010,0.7044473060284997,0.05346311705418263,-0.08383749845894917,0.0005439547756388545,-0.011720346128069534,0.007166147346518083,-0.03347029500448632,-0.024234045075914163,-0.20964235545572468,-0.09085578872100877,-0.11253079782861675
9011,0.5681617024487617,-0.02871513427037676,0.030865952047948775,-0.04360427688501639,0.0070220799667887095,0.06602906328319741,0.002509191902725921,-0.0008427454052156932,0.004420681215686008,0.01364176646587358,-0.002566676637542285
9012,-0.028918534248969743,0.1078749044444621,0.038431738354970414,0.009857856165379719,0.00018930041951924345,-0.010048573261652307,1.3222733436096905,0.002637399923837055,-0.04480940513258537,-0.9577628652992545,0.08015847488269438
9013,-0.04067503588446805,-0.5963188096882968,-0.029497728976160712,0.07359225273128253,-0.05669579952170105,-0.08857935143640085,0.1763506646403457,-0.005052660672353602,-0.007155136482887951,0.8796385628884774,0.011104474064696418
9014,-0.018461477928298414,0.8581273443707901,0.017867342745919043,-0.03618201235725017,-0.059956369574251565,-0.15751063125411913,0.06630584637941735,-0.6281376816862055,-0.0606891998446005,-0.042087472900815166,-0.07883422199041581
9015,-0.01937155902583991,0.23181750226029396,0.03610482405902384,-0.6117849762807536,-0.014744654275027247,0.022270430889730023,0.15276069888494453,0.7569024610214288,0.08543800120906418,0.1267926048212879,-0.12986755072858816
9016,0.029611691616528487,-0.06817085131250598,0.09387595405388696,0.8124521458164453,-0.006054364523542181,0.13319442956537134,-0.02383565694160459,-0.0016729618065922862,-0.13138308721191566,-0.00458831839268147,-0.5218964973545821
9017,-0.05717915219890109,-0.05886040843143552,-0.0006575509366014796,0.048301852774910524,-0.6096487919670767,0.026362655929092937,0.21460677063320238,-0.013952163311277056,-0.15458306939924424,0.054382533173521326,0.9657006627969361
9018,-0.23303903787874936,-0.006780869897220799,-0.11191795132648785,-0.031243185797757714,0.660299334280961,-0.091289562046366,0.09793022799878336,-0.022369156814739163,-0.18734849127470404,0.13387659312764957,0.044955987699946624
9019,-0.15898290005459723,-0.08314697656177517,-0.06363654308518915,-0.0025171467282948546,-0.07632890775519485,0.09522074129285484,0.16894415475065996,0.028790235846609433,0.49294347937339167,-0.017971959514926042,-0.04174840172001594
9020,0.004391946660030303,0.1954856304554742,0.5775703329268134,-0.010594334988344365,-0.08455748971190573,0.19529457904377437,-0.14066374546796817,0.09225015104278073,-0.030472111332292787,-0.0575860508065688,0.033910309105617584
9021,-0.034290156717285074,0.013916748876399286,0.2144441086411392,0.027042119072200003,0.017385172873491728,-0.642858487121522,0.05484091909584708,-0.06168716567256256,-0.07317198283160445,-0.04033261960811933,-0.046285759217915765
9022,0.12483657138272503,0.05195110843963077,0.43757885493542614,-0.06060632890943985,-0.10796977339285842,0.04010322721968411,-1.361390124319465e-05,0.057928380021372,-0.008354494467641306,-0.015494111453962683,0.034854021244176955
9023,-0.15295898645048633,0.6573409519217386,-0.08443045339481635,-0.030589638733155025,0.01087495294303637,0.02588796017965404,0.18317534713796796,0.00299682606965175,-0.004148435218205928,0.04533559624365362,-0.03665306098190101
9024,-1.7551210483676194,0.24044346351991325,-0.06703162023014338,-0.08383601102201044,-0.03561413691947427,1.8068273591280863,-0.017063254587438792,0.08856500620120325,-0.033910194297865355,-0.04430357926431163,0.021983141644836085
9025,1.266952300216316,0.01759110396849761,-0.015890154366270736,0.024332051513168272,-0.04025985189066871,-0.10480939552298767,-0.9676013477829256,0.10516042597604078,-0.09688809120938302,0.048037664434712954,0.00726629591535505
9026,0.7651824614111961,-0.06858315435164489,0.07915785423112015,0.02399782553215105,-0.05498281816896992,0.03400893669178298,-0.09424114329456619,0.1333144578838921,-0.026479922028323808,-0.06490819466669205,0.11502973937631343
9027,0.6109177140030634,0.07220280535959579,-0.11114455166416981,0.0022991811476985305,0.02303050731389045,-0.012012795621142228,0.024086260224297152,0.06185955208300908,-0.016820110015061996,0.006378901179312196,-0.03050777546610868
9028,0.07796170640569547,0.028170820373859533,0.0611020211163853,0.015289348337071407,-0.02496501367252196,0.10169606502301706,1.2361136542835447,0.05262028914478561,0.0038698001751996214,-0.9384315556312087,0.06723149435574911
9029,-0.04328131665089587,-0.8850774997896875,0.01197600503622824,0.04846378559189597,0.02236438398286158,-0.01197761562971339,0.026092287018833163,0.08027211676800354,0.06758463132898272,1.0967228669069626,0.0187103262105296
9030,0.16372727421677916,0.8271815373524366,0.016952704586052025,0.018530917666695415,-0.01047169640985477,-0.06672667736169165,-0.02907841615421415,-0.6288838434077979,-0.052809761251060586,0.0025836012273680554,-0.0032782827846816005
9031,-0.02159600766458966,0.0071864860232596015,-0.08498601398204078,-0.5010710066229365,0.09962940081789962,-0.23510436462727874,-0.04062787565249851,0.820839902090309,0.07570380891052245,0.18908061235149948,0.08317043738166832
9032,-0.03957744156548809,-0.031284899893744895,-0.10814405015035043,0.8373373080980766,0.040611307382765804,-0.18243764809588878,0.06659525814164774,0.02126800011590484,-0.08444156562006314,-0.04917801081140541,-0.5186421909768328
9033,0.11195738622467165,0.005018683158422953,-0.14114467469330474,-0.005557692027337348,-0.6182290386666061,-0.1613865420902975,-0.07824478860921603,-0.03650463417028287,-0.16819658947490357,-0.17190213353927822,0.8502421660128802
9034,0.31436302727236537,0.0937109436001943,-0.3619813947542949,0.001009322944358741,0.5604889774185512,0.07654972811092907,0.15982440232744602,0.07609617113516567,0.05045103379986868,0.003584446297126915,0.037360836134395475
9035,-0.26459548921015486,0.040605095156345174,-0.3699988534169749,-0.00764498483739014,0.012622126764923287,0.2835744855340377,-0.012414674365356563,-0.09360990030443607,0.4625839071763239,-0.15917434665484292,-0.08120924025281351
9036,0.06649755530732779,-0.07087277433464173,0.5913923021562421,0.039925835955246326,-0.040336127391442225,-0.06064248317274438,0.06998824053755799,0.020644237039789834,-0.0322686115006266,0.12306607447607952,0.08964572035965934
9037,0.04224025752937532,0.07377123483078289,0.07887875242242681,0.025990573218857494,-0.03732485219383095,-0.6520706190245557,0.03856749792523397,0.022336758961400843,0.11705492333178807,0.04543568117370783,-0.20141971615277113
9038,0.11083113825960307,0.008275541669520459,0.4445725193544746,-0.12031404092193365,0.04395275581825571,0.0662698595277606,0.06214338176358118,-0.02350923948634473,0.08216361498994575,0.01282134226586119,0.0242426829217387
9039,-0.04457697092056067,0.6970985765789941,-0.11218314013220022,-0.04807177639950255,0.008550838132642843,-0.08791254736767896,0.025430165390444966,0.01576654028989864,-0.01856230055397474,0.15229474283361868,-0.042485101619158
9040,-1.9248219829382567,-0.006419385365253216,0.08667274779091758,-0.02660860837627256,0.0343646148037642,1.7431001235169703,0.013071223338373714,-0.021890060591960275,-0.007869847018473949,-0.187951744355781,0.083286233270194
9041,1.2831742058998945,-0.060515655705435,0.06741750988847464,0.028844291622264234,-0.014005859790884721,0.166856669138153,-0.9046301279323263,-0.05011265879472024,0.13553705504615093,0.022022859439016596,-0.03432435573352283
9042,0.9495573353521531,-0.023551865411085213,0.06488163344908629,-0.1010789535959122,0.09511141378492406,0.005828676585793727,0.036003239795182634,0.13741602089034077,-0.09409061900448007,0.004364699183236895,-0.09631857386688322
9043,0.6673450716268285,-0.027193025357042905,0.029789135231962773,0.03343233347191338,-0.04182193360249442,-0.033139306268698016,-0.023670408538193105,-0.05357912126328342,0.008474990746858677,-0.045877616115270775,-0.035777577733565415
9044,-0.12339197976567369,-0.002167892619986252,-0.0231089003330223,0.06943685304988045,0.04638083420781961,0.03739588649314965,1.3359110895703314,0.16390804246659801,0.019884242793384244,-0.9034800000207494,0.09611494669069126
9045,0.025455839319600427,-0.6865046695831716,0.11626724566871978,0.06329510987566538,-0.012761495860204187,-0.010899142826241914,-0.09006966715915521,0.08607019681724011,-0.012293057497114158,0.9287677867230137,-0.004263603707694064
9046,0.11281526646285665,0.7955884069620777,0.1347911557049087,-0.02314007666748329,-0.07016138329102477,0.07796674567138549,-0.144374237524287,-0.6015177508073535,0.12180392009619405,0.007866326095670314,0.0937446847509281
9047,0.028407867115642242,-0.09869681326876577,-0.03604862635217133,-0.6835168404913765,-0.1502764108731294,0.1259021857959475,0.08401101418418908,0.8227277157908512,-0.02247591308436265,-0.21687859410932142,-0.03391935099773437
9048,-0.01718827082269144,-0.16214534292132274,-0.061426427227229984,0.8443897388145618,-0.00497756412502588,0.06925108108452872,-0.1641591071883799,-0.027713487271065027,-0.005671941756657243,0.05055826306968906,-0.5853064482283511
9049,-0.039640007019402415,-0.07012022293072473,-0.14336743940435806,-0.029774303036216594,-0.5238443865963553,0.07731842595753997,-0.11634814222447598,0.03590153954472249,-0.021900517223634047,-0.14029957343270164,0.903064290135094
9050,0.00028555621187798886,0.06066034272258637,-0.1174312254646444,0.14782042350650734,0.6378565389825605,0.045059289389556355,-0.011707285176840502,-0.016363316429561906,-0.20276603061377294,-0.06093287077747376,0.020417311137569782
9051,-0.022526927221783857,0.08901205864179218,-0.011274877708386671,-0.03250645945856086,-0.06715724006346699,-0.14341206816082738,-0.03930122257942258,-0.026717009267886373,0.48496983077620337,-0.10404320759920663,0.01719008886296112
9052,0.20363177885618627,-0.031188442406669743,0.6078144614511514,0.1687111751388077,-0.15800626926484557,-0.09285608727329725,-0.11887867147701756,0.027963291484581536,-0.029128096142950824,-0.14842854607500344,-0.06865249136773154
9053,0.10182564733531477,0.048487258540572266,-0.09999216514060495,0.031427566999490605,0.02890379085185385,-0.7167058422828074,-0.03732348328049212,-0.044546440280815676,0.050942335787442124,0.04312988498509303,0.06722622753877677
9054,0.023944050144640395,0.12979943313693892,0.4340439516535041,0.009514132591827046,-0.11386227509529895,0.09481125677375554,0.0614859451045028,-0.07035841686219108,-0.03594976569068909,0.005744760616736773,-0.10936395641281056
9055,0.10721762036822288,0.7217012386912566,0.09402962243316469,0.036288810293598886,0.03011264982200313,-0.021441457882714454,0.09433287108941345,0.012671732014322569,0.12238242239282798,0.050467763165443186,0.0786842859584822
9056,-1.9449130522459588,-0.0915530936320285,-0.15419501002026856,0.029819009063433852,0.013809422464903496,1.8206314919495235,0.08974707476484096,-0.04112084741659322,-0.06153889252644527,-0.023184907754216694,0.176695921335685
9057,1.623893887292841,-0.0258776970254027,-0.07573382820955489,0.020851781270086498,0.028521936032046894,-0.16824319502829485,-0.943964055114415,0.050053018124115396,-0.14622258669177798,0.007667287420566285,-0.07307226778320973
9058,1.2316071425151978,-0.11926371529471044,-0.12690615026844554,0.061456646380312716,-0.028569036433762296,-0.0976550753115739,0.1190171872682484,-0.06834614626079293,-0.07545638104621549,0.028351394658805623,0.110065390674692
9059,0.6135413000339273,-0.007401644086329942,0.023390309600328667,-0.04536641850905847,-0.0046087061536469135,0.1346217027309732,0.031984791307899614,-0.033423533393164576,0.03511482710228634,-0.03591411519556537,-0.019137303457835875
9060,0.04991968233257648,0.02882459000589245,0.0332133714992059,0.021603022005005468,0.03956306363029653,0.03744265844742903,1.357812731877037,-0.04740986307807691,-0.06145971860441725,-0.946860201613789,-0.04518087168364747
9061,0.04966951839036173,-0.7641415445794546,0.05253753526312389,-0.031810793958868835,0.060458029073225776,-0.06951230189173707,-0.02146910428268864,-0.21800933478809295,-0.017454520430917362,1.00615971451486,0.016970319693896112
9062,-0.0062529712686917455,1.0444832844455731,0.009959150587934536,0.006123147063488198,-0.13344540170737457,0.0940564046544832,-0.0031177389684598905,-0.676377475782595,-0.060797427810800136,0.09338427160091704,-0.09814479226264693
9063,0.197183288674645,-0.0018620068277689803,0.07214331072177714,-0.6122843620346361,0.12123248538357786,-0.14473164365508792,-0.08430284269760911,0.8746227074767999,0.0032930475691550568,0.1630908670373574,-0.03174675705447706
9064,0.3017956543421043,-0.09907255603704533,0.032815238138227336,0.7540243234008027,0.02018115062693341,-0.08098809912704731,-0.007555712819383605,-0.14957028175143808,0.05633654435837461,0.18748027188781577,-0.33174759741489007
9065,-0.3434558674960232,-0.17098952317979327,0.09873070720971161,0.01115606123042463,-0.8528112604363072,0.08455939117725968,-0.019259605192106677,0.0598013921563657,-0.04207095573067764,-0.015738916916855732,0.8589126922503234
9066,-0.0598468879916087,0.17451623110056716,0.009562400632284317,0.06925622660657406,0.6127142193635075,-0.11440644470223553,0.07325938376900022,-0.10604483899395431,-0.26216692452464,0.10396235747224228,-0.05078083954969443
9067,-0.060828564425003034,-0.18633020942038808,-0.26563904961838336,-0.007216077247903432,0.015494549405902324,-0.021518198156572486,-0.09184742867386965,-0.062081172508630746,0.4763004581368975,0.12599170524344042,-0.048044155500669636
9068,0.2747180984015287,0.18114608126464712,0.5514228883977453,0.10526992469373057,0.22678941366834277,-0.06406373196500656,-0.040328686437899566,0.0026487197329756063,0.027035831464352924,0.026405131352485806,-0.1506355503272173
9069,0.04608192598141246,-0.06857614574138952,0.034600558586702676,-0.04988966690525309,-0.04177060091723047,-0.6433274798121195,0.004897219798238412,0.04554219559391063,0.010663398755010177,-0.059536008692282066,-0.02620660244135939
9070,-0.1317555615311271,-0.023265598486920176,0.40201056405252933,0.11890940839559812,0.01974655173923559,-0.06793350053620148,0.15536089754324087,0.13677806985803054,-0.042445401293167075,0.11306942716641337,-0.1330322003499413
9071,0.03799796703037856,0.642512909246588,-0.08400349911803483,0.02429585754892252,-0.047812423512611835,0.14906250126456802,-0.14219359351669036,-0.016872495200603854,0.0006260108693885882,0.12739554382141605,-0.08651224931411733
9072,-1.8564708835674872,0.05841600471205604,-0.026103287548806708,0.0405062064148087,-0.12280501483612365,1.6330200171078364,0.039121625951428075,0.029685818936086572,-0.028658894489114947,0.01055938895797676,0.10369065722125043
9073,1.2227104944749154,-0.06486537599326812,-0.04695394633909001,-0.046233362034964566,-0.10422438922424757,0.005360834957069323,-0.9289115264358656,0.05317105322803358,0.15615602097493758,-0.0007875645940412929,0.017861278671762664
9074,0.9855969618328322,-0.01087650026833266,-0.0224798932250256,-0.03526922713988678,-0.07343269174853059,-0.048726853281245486,-0.04754680279964141,0.018338586589513647,-0.05527886551508948,-0.21053373195500866,0.06596527516200455
9075,0.5791452054241935,0.037559985402255296,-0.05053948688947959,0.0198406706979783,-0.0003702718305779538,0.028282808901403174,0.04405348454621849,0.0046933620063879505,-0.06333250371703397,-0.03130201338686547,-0.0326924434700638
9076,-0.30169445563475583,0.0426279517418009,0.07075093431582401,-0.0009355716095561708,-0.16283422929672298,0.04759239703008584,1.4304213580795522,0.08390702340725188,-0.20810188365212082,-0.8287875541681724,0.036740933013126545
9077,-0.28316936606282633,-0.6664488811053516,-0.0426842449234103,0.02114899354491491,0.05519449923635949,0.025533326636289353,-0.0622341393687913,-0.04408356422343834,0.0043141477280720895,0.9356260390916381,0.10214232659512865
9078,0.07812491716132701,0.8974383747276513,-0.05428810721733021,-0.0530513620255087,-0.025053102302077284,0.14785837986375605,-0.01874396215659186,-0.6590456982816427,0.1026891075012261,0.0348408353701302,-0.09991450006217734
9079,0.1059191605749825,0.03425730094733834,-0.1124433555789166,-0.5090498877940115,0.034522105895177055,-0.08960136420072023,0.09583856467467647,0.7851014792679751,-0.014150193070685163,0.13007547810948572,-0.008285300978262041
9080,-0.12059826161434813,-0.04232875900394203,0.06675005343505845,0.7984831516631726,-0.18432084991306652,-0.007081835776758572,-0.31411785550956833,-0.06520773094921135,-0.15225717053506338,0.004957371616959496,-0.37699042853523956
9081,-0.04109623988526595,-0.2271321239619863,-0.11687217540595488,0.04396368692284042,-0.3478839657205182,0.06937145628818964,0.02468604295475028,0.2028072427316677,-0.022107340417393404,0.0061277246407002986,0.7731113084159653
9082,-0.017447510269783608,0.08427455085169537,0.18217312392223373,-0.056137500650637745,0.5663002728781762,0.10480609770306923,-0.03470463346225893,-0.04005205230189198,-0.3018024786780301,0.061785394180896194,0.0178833497118284
9083,-0.09391488631183026,0.13086554277340184,-0.26945501725922416,-0.05525206149412008,0.10254027264643362,0.09380184905409925,0.24002800802451973,0.02435069078510977,0.531888893893614,0.22746875189424623,-0.054637504297904996
9084,-0.025089087121326095,0.059854392692154854,0.5733016419359284,-0.02376353121116277,0.1851516681987735,-0.25238744986583345,-0.1742662083321506,0.06961283697706762,0.062363372046247936,-0.06958901594504116,-0.09865717267440997
9085,0.1008228306383924,0.030838255322228062,0.02488070287349382,0.01221736146466899,0.06695426170082548,-0.7216990226077491,0.01625162195011738,0.11313593416638018,0.06627578968219548,-0.11272282965586149,-0.06357215987165535
9086,0.011862270124028908,-0.05958860544919552,0.40459787097092825,0.22474149291247283,0.03850557957106111,-0.1186221846939408,-0.054026956309318364,-0.07092396505638075,0.034050252874092204,0.03241979944115461,0.08544076129683777
9087,0.023793942319389375,0.6961032355875523,-0.029871320920621613,0.08043085604292144,0.016948576442631206,0.056146110840670775,0.17516534533176376,-0.04693571818180385,-0.08616656009650919,0.03220192417594177,0.023094731870486163
9088,-1.736681124492926,0.1909290057573627,-0.03648211072027824,-0.026016981903766813,0.20466054093381644,1.8261522268896349,-0.1890327011390929,-0.021534735897572654,-0.061573460839159294,0.06819231017173932,-0.17606657203320936
9089,1.569256844919161,0.03287795044515198,-0.13345471682987362,-0.2022597784821738,-0.0958331017897341,0.0726866895389643,-0.9687717844121351,0.09148080223678186,-0.15534179317417227,-0.07686919976690545,0.06069674660749832
9090,0.9386639881731903,0.020083827166745796,0.008792375544465929,-0.23579106830757504,0.0030059371999188733,0.13364474703294915,0.07710336119668669,-0.013218841218198524,0.0021404552939519317,0.007841205823921144,0.03695057930055207
9091,0.6781541286046532,0.04456467111287475,0.05981289902388449,0.032665411061462715,-0.01792690574121459,0.019068215077357998,0.06453694212421257,0.03520398331458915,0.018018155079120003,-0.01484467381920865,0.006327789631205924
9092,-0.005031688149037759,-0.03850657888015661,0.0051790065336978375,0.024901646633535005,-0.07619152726848502,0.023553879732074595,1.2986056102984427,0.018732806876853865,-0.03650794664723414,-0.9681132725764247,0.023598445766108495
9093,0.1893079989415734,-0.6199682428504859,-0.1449287182564328,0.038751427943242385,-0.11122107358871347,-0.151367114573645,0.17727072194326451,-0.05528390135730528,0.025877636106214408,0.9819032913334931,0.038482483442176224
9094,-0.025027604741420732,0.9448729158776852,0.07303010032296856,-0.03752186680693985,-0.008070499491355,0.06743079989778705,-0.004085178024486975,-0.5887848437778915,0.10438613397797666,-0.12394506309294763,0.12142912204404352
9095,-0.09237683715491747,-0.001789004322707124,0.0774152278889717,-0.48982696541517196,-0.03146549814556241,0.002777176242078073,-0.02795034159408502,0.9529442289522043,-0.10695965778486875,-0.021791102612675778,-0.04250711302580265
9096,0.10271011770681002,0.0340399319640009,0.10317820489552942,0.8677611522695549,0.06164628377539429,-0.014963384317416702,0.14438603281999404,0.03433973566410003,-0.049387737637856755,0.07844422008873209,-0.6615093715964329
9097,-0.09062324085348615,0.10228856044536437,-0.06081574686692903,-0.023267754482522916,-0.5363762242150163,0.04524872228348371,0.13566383660920306,-0.14080914970699843,-0.13990505050267243,0.14127771792108634,0.8888698378924861
9098,0.16125204970412516,-0.031120447147070185,-0.04478362248718874,0.02768128540516646,0.5761193227207118,-0.023241292976086382,0.1733150166342787,-0.04237631840100363,-0.2880048275172679,-0.16149640900582363,0.046881834590189096
9099,-0.010682875216955776,-0.18173963718339772,-0.19059630027891095,-0.015099590801052963,0.07387548600457504,-0.0397147602156462,0.0922978257704515,0.13206550777929876,0.4847286891766103,-0.08577067568533772,0.05607896785084288
9100,0.09306145243564817,0.08803780279283495,0.5726078711276065,0.15018958170736255,0.02731134905600201,-0.24564362063828496,-0.19311199921890546,-0.045596926757845976,-0.006313094790724529,-0.13436595011427413,0.06633655313555537
9101,0.0806181165000779,-0.08769707674552696,0.007137688301077801,0.056884332374154585,0.031003907308170264,-0.707027393222004,-0.007254218806984399,-0.005507187816500293,-0.063442547987928,-0.10078820838860156,-0.038274163591954374
9102,0.12918474085148238,0.03505527750203292,0.41087593202470407,0.010221900079105443,-0.0386394635620887,0.02047283116675489,-0.02318204068152441,0.026515997101194008,0.030577088807220935,0.01476015186123398,0.10920130325812956
9103,-0.1488275642694912,0.5987136676857613,0.1070134904814935,-0.03314404881281806,-0.048331522086285106,0.0362028028572772,-0.05370787158662632,0.03421421547433948,-0.1457879111720853,-0.07949720023437065,-0.033209467986518304
9104,-1.9077780177664663,-0.08791039003925455,-0.12450693221561158,0.0069275145565168665,-0.15006933133108433,1.6722293405387658,0.08540975281418624,-0.008860611124225934,-0.15607383079826012,-0.08746447930438152,0.0019383504224909328
9105,1.5923448419060937,0.023877783637647802,-0.07018984781537932,-0.0418803025278674,0.030084552693027965,-0.01923416235624366,-0.9517004733018709,-0.04782251982536077,-0.001442527510792084,-0.030454747570524694,0.1727348126769172
9106,0.7821429440185352,0.04914495785158342,0.06165416914159157,-0.011823176802177855,0.08236931392520272,0.03275788274766067,0.1603266255044537,0.12017730450896476,-0.1766848688557562,-0.06874054971165766,0.14172374328253678
9107,0.6869533598677968,-0.04199530183023724,0.02612499247955147,0.0033973623053336266,-0.010874824707893626,0.052154000451008806,-0.08363786556538672,0.0647447190281103,-0.03781372444669191,-0.01617492528282527,-0.03247278021567714
9108,-0.03290422374768011,0.07512335484783075,0.07869975137046253,0.04096733078960688,0.09398366882459751,-0.1484276173644408,1.4608135159076054,-0.10499462050440134,0.0008548273064699946,-0.8256092669235555,-0.009806740508335018
9109,0.0662622057602057,-0.6826841913763846,0.01368048050728483,0.13100387151499557,0.027753565443620228,-0.07730109595117238,0.020827127375329095,0.06215306898871194,0.027422735970691278,0.9477823070185392,0.07364758257485202
9110,0.08894359653051487,0.8869650437669079,0.020812158410677295,-0.00917022369338306,-0.024500070475891013,0.015008164339511954,0.06925218238956958,-0.6398023547415449,-0.11770291667994925,-0.0035462686301253937,0.026645652636930264
9111,0.07514372934186694,0.04397066975572646,0.1309207167779562,-0.5669653551306318,-0.14054988166547008,-0.16639131669509022,-0.01426327076269828,0.9191600083811986,0.07365100807623672,-0.05182816912487667,0.05137105277981197
9112,0.0005754666305265569,-0.08963142570762557,-0.14286881982350835,0.8535332036046425,-0.15377268729185006,0.046801867882422125,0.021095263250777808,0.008567110530495758,-0.015003407377976237,0.040402054343186874,-0.5623265554080665
9113,-0.02505220302547346,-0.24865858210364075,-0.11439217724207018,-0.04713447526638077,-0.4969284431006088,0.2022834567605227,-0.09505634201352227,0.11260882988988592,0.15853494248737118,0.05522197143295701,0.8922952149293137
9114,0.1752873050775934,-0.20812322754484575,-0.06274384188005398,0.02333237541548459,0.5411526492977347,-0.06864379436524401,-0.08702179701730332,0.18534369297076153,-0.592345804554832,0.11050058734502681,-0.0706947138034518
9115,-0.045824103035548805,-0.09932099816610351,-0.24339413229479206,-0.02899077518215856,-0.010668136169067288,-0.05573046415479895,-0.035473070364882196,-0.058454835548023866,0.5125358961442178,-0.14330912424151973,-0.18737001398824765
9116,0.17150818494196501,0.08737342278525456,0.5898137184791741,0.17410933751556049,0.08201225870530622,-0.06526235901007439,0.2829176123742911,-0.012371227365200648,-0.016082183977498134,-0.05975972115914671,-0.09693869011218592
9117,0.06661456627042621,0.010974263782256608,-0.11247074798256035,-0.0016019572928982493,-0.010008170370380461,-0.6280226840449638,0.0491832266718179,0.07991829069076327,0.025356114283769333,0.04163881520411005,0.02622526358264579
9118,0.04985582191774224,-0.07838732691772608,0.3892280864382527,-0.057203058628063026,-0.1348058962603022,-0.12582386975254942,0.1875682928502484,-0.09262579895942159,0.04517630455858391,0.06436802485767441,0.008117415937976744
9119,0.0885221463897675,0.6183667233634638,-0.047197431380549555,-0.022617235349669158,0.04908456465107479,-0.26096265112833056,0.08322245145249776,0.030237483591406485,0.0057612566440765935,0.07710843535986373,0.040438400892656066
9120,-1.8882009189083067,-0.030310615078525782,-0.09138596922480981,0.011668831528276255,-0.11616212575754983,1.9020505409446797,-0.02338616623139776,0.11200866988710202,0.03229478306209721,-0.029072122283402328,-0.21729758986712697
9121,1.9635249987602172,-0.028735977573826874,0.04002723507008178,0.020555742527354034,0.021339568502704034,-0.0034862082081835114,-1.0352715302411044,0.022956156716250696,0.1336158078893853,0.013715936005266969,-0.027327496608774506
9122,0.723721783587913,-0.05446493764774688,-0.0005411622066278345,-0.04802754223226721,-0.15803667709996388,0.08921992627418424,-0.15268958300019092,0.01427221825701773,0.06681395140369761,0.03254015358926512,0.07249085966487782
9123,0.6066665896982721,-0.021604835799534268,-0.06457978692802142,-0.03271682705548426,-0.055214080068715615,-0.010994498054803653,0.016752213501573507,-0.0033297247597378656,-0.0043888660299669585,-0.0007912211551235962,0.08016063963772278
9124,0.07671829330759466,-0.21806543414312557,0.1440751457630012,-0.05831896161334228,-0.055264910661102,0.04623962590840047,1.3053894670660227,0.028836380851884686,-0.038327271536320186,-0.7868728566295463,-0.08547911199637725
9125,0.20927021881864005,-0.8187967498300246,-0.03269464997066392,0.044286333251672756,0.08514792851433355,-0.23769877489147875,0.004173980921504676,-0.17963558048583,-0.002607162129831845,0.9823877759690198,-0.02669180244280216
9126,-0.0918414059947361,0.9161571637049476,0.006395769636019037,0.002085903609160492,-0.08417122217825743,0.03566432401068598,-0.039882282286368045,-0.7861204362202915,-0.08746565552084856,0.09625900270957699,-0.06941467218412552
9127,0.12786375181772477,-0.12187761383353106,-0.014086592230320579,-0.6554404156574789,0.2178974543094285,0.1147571278459486,0.02835485878642209,0.8079050208566133,-0.09335451265049087,-0.1476939742297563,0.007820183892387148
9128,-0.08845117320315586,-0.02948268227883113,-0.06375512022751408,0.769154065146279,-0.06853653878117413,0.007993405414008456,-0.035353216830990686,-0.08259458549602082,0.12119040582234698,-0.0184104563469178,-0.5601424277280012
9129,0.1332118597314571,0.05775783658291838,0.09490938831803236,-0.10025346082194725,-0.5382452182718841,0.17538858929614662,0.04635512502689429,-0.07019449553678818,-0.06517655663331455,0.022875643370702352,0.8147986000632771
9130,0.02139941821134032,0.03901043270718675,-0.08849797597375614,-0.05531258265984438,0.5515735900462433,-0.13939533638505291,-0.09405398868494028,0.04446624807391257,-0.375767724572752,0.18321332742582644,-0.032257802959506365
9131,-0.08463085466457237,0.0822618921062622,-0.004256010562383325,-0.025421827320518658,0.017740605619390264,0.005429314427518064,0.18656425150079892,-0.054102475726740595,0.532773071544516,-0.00939507883350637,0.06846863581684348
9132,0.07322952867640134,-0.09164676593639476,0.6340674608210206,-0.0043525215651024456,0.04071920323257584,0.017674496878019752,-0.07834506549547829,0.09027671011115115,0.0320242493130945,0.0320074782422744,-0.03719349513961922
9133,-0.013897921646885771,-0.009942712440709007,-0.009615309885921906,0.003360686170543004,-0.0849905493660177,-0.7520508247491345,-0.02993625160382818,0.03651502809834833,0.2118388708718486,0.004878730320277179,0.0261485559803075
9134,-0.10878955171024765,0.00861225624709216,0.4215793833289982,0.07825552644391624,0.1420204714741998,0.2230668370088159,-0.13521715853152294,-0.09455171105737564,0.019395972284693808,-0.03339700740737387,-0.04918657092523486
9135,0.14221210918265045,0.6087136387323149,0.04474134568342181,0.1269376995026303,-0.0139144395448807,0.20268302187708803,0.08725160142276928,0.02478555120430008,0.03712003867603755,0.00860746856068531,-0.012933192876734771
9136,-1.9647999834271404,0.05351999729841214,-0.14078870927675693,-0.05861205495547798,0.03668833394057328,1.5936630772340998,0.08539721398221731,0.052980419063596046,-0.11874514942838592,-0.10988838934366996,-0.06257875775818161
9137,1.52759395103873,0.055429834986619145,0.003948007780607303,0.0017405568617810648,0.005187637686336934,-0.019886226260593103,-1.0686447776473718,0.013416299434134644,0.030758686590191348,-0.010343060857899222,0.04708443071562168
9138,0.8020911574532736,-0.04454577919916807,-0.10579062923005236,-0.10205767844350466,0.0772627666850293,0.21832730188152266,-0.12089826652229199,-0.03525112344317532,-0.05589927119877122,0.0822443788708038,-0.015010041850590832
9139,0.6440092494115744,-0.024997443966008823,-0.005180328394129816,0.015687849276324065,-0.07355881182470299,0.027567022804592747,0.022612507957632894,0.03713357338410527,-0.05622476636039167,0.04392550073174467,-0.003147334872565735
9140,0.03767246519212676,-0.07073532604638068,0.07868745561964378,-0.02742517332093034,0.046341502620450205,0.1213999244564967,1.0890869841950792,0.0015701795667848436,0.05517043907366341,-0.9681601370680007,0.08379546369483795
9141,-0.011758054184168415,-0.7045556401370594,-0.03228077249926623,0.0008048413456146434,-0.004484129590893661,0.019523552755459493,-0.05611520173819459,0.11009758497398942,-0.047824938941039,1.0221393924953546,-0.0150743324690038
9142,0.07228134918847268,0.7934134735374705,-0.10926558237467401,-0.01489520792476275,-0.01366965934529274,-0.17894445083210545,0.03696503131198732,-0.4975414204751736,0.11366297713355794,0.01181103776266388,0.08773878959395347
9143,0.019380089579560354,0.0605596933521351,-0.0534889834689259,-0.521363733910685,0.06798449433758608,-0.0368436919714827,0.07986059520688299,0.8245620032620117,-0.031179305756928333,-0.08219398650493312,0.013441369920589228
9144,0.04769119051766264,0.06746144321897833,-0.005748191557467992,0.783233908601682,0.08703261242326514,-0.04493399908731241,-0.07260302191497589,0.05691797966174123,0.07055350675956475,0.025396486299611807,-0.4377937736143453
9145,0.10050917456852118,0.09336224373984238,0.03690519760778855,-0.08338879245133636,-0.6614501983043806,-0.08538326774291477,-0.09360130644296222,-0.0044819002542752845,-0.04186262005613061,0.036864828233454015,0.9030378881255163
9146,-0.029727066690133527,-0.024830541679998507,-0.03393977577739663,0.0651669609686252,0.6254941688349142,0.2620991590565855,0.17725160801527154,-0.012603359488388559,-0.007401421339513742,0.08560537412329679,0.008593249515199228
9147,-0.040104150622366226,0.10897219916924086,-0.11713032171075041,-0.07870955208993853,-0.11398150023428348,-0.1001469404973886,0.07588087706094736,0.24457439678316298,0.48996682303895245,0.04988887350043252,-0.010015720963816276
9148,0.1846880057919694,-0.16453006665909184,0.6304592329189491,-0.1463361681282618,0.08384906637243919,0.14532312736971237,0.11815888737621075,0.20091561078543513,0.1528333324749331,0.1281246534046795,0.09932676037765574
9149,-0.014617212493549915,0.07714215634309994,0.044674525548695984,-0.012930750859782736,-0.12533336975109252,-0.6549155369617553,0.07827228211787797,0.07941576914017551,0.08428606531131583,0.012207778771152453,0.09989394200304187
9150,0.00968533038510585,-0.07832955484305663,0.3990797891238553,-0.04844429785761214,0.050300765010389145,0.02315469021384777,0.11232159239553664,0.07618069753678591,0.057413586360002176,0.14142468894310561,0.13934552340891168
9151,0.02618241800779015,0.6235371471498359,0.031108762346708597,0.030660029456436227,0.11103074759388924,0.14565819748637804,0.2859919689002412,-0.018932025607017573,-0.009091025017485517,-0.04353053379189045,0.02186973011363698
9152,-2.081542599871152,0.05640700792256278,-0.17415365669924585,-0.12372973509488458,-0.09606594594954276,1.61614224449395,-0.003109382888785246,0.000694107884407158,0.16173338152549147,-0.2413598491108136,0.06929954073286693
9153,1.2790768907270014,-0.02285256751536041,0.0354243609650352,0.0830673187650292,0.02817758967858508,-0.06647047730756553,-0.971943346139835,-0.03757955592301491,0.03981681900143612,-0.007274060061472413,0.004387600883352285
9154,0.630428010753366,0.00498830985978729,-0.05150992597202344,-0.058481407040994915,0.03760023866986508,0.021862783222404716,-0.06189527959036426,-0.07002159264027537,-0.14147523507902873,-0.11193136022112025,-0.04407337079958761
9155,0.6259452481820582,-0.04101520729457919,-0.052813180963780154,-0.016784547633562307,-0.011972653932088463,-0.05681451466502585,0.020783869039524328,0.05064941929428302,-0.005010391486912007,0.03986919258479339,-0.04210968591484377
9156,-0.0710942981264321,0.11814754975306715,0.011344265439667293,-0.11308793164774072,0.03698001426375324,-0.06849540251656551,1.3153083886543948,0.1059470778417264,0.030547401395672115,-0.9576626626222766,0.014178797253023623
9157,-0.139465295430184,-0.8150427485580347,0.01778376960680587,0.05937913274821875,0.086344533417714,-0.1717425070156432,0.04877373691611734,-0.19853374704971272,-0.06978839224983115,1.0513439923027432,-0.11899462990411303
9158,-0.11445256517223515,0.8215952643617344,0.015623334417466186,-0.07115320923136248,0.09206464324129826,-0.023798497035632457,-0.1445594126977479,-0.5774627074683781,-0.01261898892781286,0.025834237583137163,0.0971879115869968
9159,0.08953430111892619,0.023475859450580963,0.00033974700578377564,-0.6261180398409222,0.15991407887513512,0.1894468732112371,-0.1395127855722508,0.7757322721902705,-0.00029611120854272643,-0.12982866136869395,-0.06430053016626927
9160,-0.18014136775185585,-0.0710207938783901,-0.021707800802699618,0.7761212117320183,-0.0293848876885307,0.11547176100074145,-0.06177094533010823,0.0739590852104804,-0.11880068970953951,0.019426079450753607,-0.30326978077194783
9161,-0.1128592410170789,0.030038859654300695,-0.05936122388470603,0.012393409012324025,-0.628728636473027,-0.14549729128311598,0.0014241318403892516,0.0026347604335705396,-0.059039741965159424,0.08925693185575186,0.8959242787748856
9162,-0.09146497090231182,-0.003433789418994899,-0.10454509097949984,0.042950580641161126,0.5965000978184524,-0.2650376740016805,-0.07303761775167453,0.10445828723165958,0.04976127346316947,0.04886184387294136,0.012642778261956703
9163,0.018588952105464424,-0.13005798023049966,-0.07804664576991657,0.02344003181152407,-0.04984298408059362,-0.17624575289030067,-0.07728063077551037,-0.051863575197081735,0.49716679407816877,-0.0937348469205371,-0.07401914424598555
9164,-0.011599315734606751,0.023800481538338483,0.6413549690307409,0.007421879848952994,-0.1364795140099745,-0.19015003809509354,-0.07084346179511357,0.11431209522436105,0.06826789589793368,0.10231624655285486,0.014591403487983923
9165,-0.04045431867024692,-0.05715425156284001,0.009462404767732443,-0.0670832104871135,0.006501408772235302,-0.6624560991089565,-0.016152976429356935,0.0462303424147255,0.06218236766762716,-0.015478623974901993,0.004001579377177093
9166,0.07007587336316319,0.1824869670626121,0.417436512943474,0.03403363515505427,-0.1473229753997297,-0.04198614248258777,0.10132953847741462,-0.0083802032209481,-0.016748075413993896,-0.08673920697902926,0.12348933900728859
9167,-0.020210608663436318,0.6274016793818267,0.05583352622656364,-0.005635781287989415,-0.0016724031349170587,0.13699509736060433,0.06341265544726346,-0.047694158757803695,0.026678875129368257,0.12163306907833825,0.04243890039451124
9168,-2.047454882743713,-0.0007557888090416794,-0.08307327252893826,0.06099351391278705,-0.0005719892684614269,1.76713012531591,-0.0065783149816146,0.08961260535976906,-0.0027705769998554227,-0.08987879453152786,-0.05485994251689399
9169,1.502270192679169,-0.02959942708662119,0.06573506438486744,-0.010780086717494846,0.08818718156709622,0.05803787502934829,-1.0605775506517232,-0.053071683982359376,0.06863539429584471,-0.0010373901641264646,0.0060191782050998234
9170,0.6988416887635942,0.07075298622530166,-0.0029956105841410685,0.020136660109176367,0.021708285102774914,-0.039070598623759334,-0.04405785485165353,-0.09195794292505495,-0.043984063928135156,-0.12477874172291448,-0.06440094723926697
9171,0.5820799782223713,0.002951742781775119,0.08044214671866874,-0.04105306139616479,-0.011668217887301692,-0.003883130752239984,-0.021327293648437218,0.035675604143089276,-0.036846933457741114,0.022186751318660235,-0.05507058247200034
9172,-0.1324624436421094,-0.021007445466971135,0.023603477686482865,-0.12730851225698442,-0.022778693907563034,0.04631849458352861,1.4929780752444999,-0.023660862105031804,0.017231945176790796,-1.0752559661471297,0.018715107633362628
9173,0.13621411104861283,-0.7362141934619196,-0.013045564156754653,-0.0691002409190876,-0.08593243876097692,0.029986144216102534,0.012071918670399563,0.0697826929704564,-0.0708056853017591,0.9440428169160838,0.07444395747522572
9174,0.019012709767893307,0.9077654573429151,0.03453092506799917,0.0474699578759161,-0.05719224195492969,0.07993805984087056,0.16963427461478534,-0.4700315757804112,-0.006736903204401892,-0.05760328180608993,-0.003819683929440789
9175,0.1492615960370291,-0.005095849284805694,-0.04585455680404641,-0.5026210497914373,-0.07685322033769412,0.2090230536340457,-0.07695782476532452,0.9120158808502503,-0.17932282503719807,0.07933465584884161,0.019912191133784174
9176,-0.018494937464833796,-0.0689308258600243,-0.12289531316377361,0.7413586956532829,0.06027670416872081,0.10140887561405797,0.10210893827161407,0.08674802662171135,-0.005904364468968472,0.09262246558361212,-0.24603754242967546
9177,0.11282268579738151,-0.051215257884217096,-0.2015671369812318,-0.0724750252658512,-0.5057641091904546,0.16519704504279575,0.0448676749081655,-0.05864111254987547,-0.008214132574366434,0.011733698880740485,0.8922699422256294
9178,0.10073060058489436,-0.02830800176637785,-0.07921960571177122,0.025875964058585787,0.6349219458335023,-0.07280473161387863,0.021150594877649514,0.062430694198196225,-0.4696828765145117,-0.0024385858057195337,0.04307433340810895
9179,-0.049657081250300446,-0.03937559306966094,-0.08679279968883846,0.2139120968893739,0.0038936767599631467,-0.0038336085046840377,0.0817829904336959,0.045573291046096656,0.4958888802223661,-0.09506619754039179,0.08721246783983169
9180,-0.22124996101512695,-0.0534820582476551,0.5703066508551834,-0.01964652389862608,-0.01896603046985037,0.019821861344859797,0.22828277083852275,0.12284043956924805,0.03957649653901492,-0.17738284861740092,-0.03834104422982116
9181,-0.035766567181988874,0.01634840066102555,-0.14062458711718367,0.07873095289120693,0.19428054859931573,-0.6698906102472854,-0.01985907833845557,-0.041274491238810246,-0.08215256626614058,-0.019757184518611512,0.04910175754958173
9182,-0.11845167901227982,0.08544594229749501,0.43737896453044983,0.14623844478098227,0.08972184706630924,-0.014958520011860451,0.12044129714944649,-0.0012534940959785107,-0.09936247744213317,0.336309949245372,0.10370309812586002
9183,0.1050110914383477,0.68474668453659,-0.0038678972790839247,-0.0067491981389182325,0.01684172439919939,0.17122221768381346,0.1637972466962464,0.015469714157013762,-0.011346967248234,0.03967967780488963,-0.019990478027719992
9184,-1.8874650933299506,0.018633161264465913,0.09794375612032755,-0.13410552819336297,-0.038534072390817894,1.7428416775121913,0.024875207664427065,0.006441920516786088,-0.0025434803656893545,0.058521981692125406,0.11219430203718334
9185,1.3264505203129626,-0.0016189171972191864,-0.077572439759798,0.04819578154942801,0.08263582218730371,-0.04673728774553622,-1.0740323134325214,-0.05001958418521986,-0.16939028288612767,-0.022227304914727016,-0.07889613700574764
9186,1.0187244867617682,0.0028569567394775737,-0.0067469700169110825,0.019392625811840914,-0.10222435311788841,-0.07564076676517432,0.06864569452610701,-0.1208460536360763,-0.1408162127937714,-0.10616829711356615,0.033159595194404624
9187,0.5911656238015321,-0.09153807322898508,-0.0800039462501662,-0.0004835688482492306,-0.05374396484680901,0.04800765872122622,-0.027532868461011738,0.01337461156324094,0.009796522674276296,-0.01257035055651769,-0.003969291754491192
9188,-0.13708179539965354,0.06730262748589826,0.06732027713943248,-0.05924502244197416,-0.11722198739681741,-0.1070810056980776,1.194703211952454,0.06075784189158442,-0.13601218914152902,-1.034341990471788,0.048545889258815186
9189,0.028377848227185844,-0.8444796139056595,0.16894897519799268,0.10786419931655791,-0.08101627222423077,-0.04487967822646134,-0.12243313631292475,-0.06325067558601984,-0.0853197517243761,1.0033913093816718,0.020623191472769316
9190,-0.005934619854787352,0.8572692927914862,-0.06910356741723868,-0.06944037738268723,-0.07885370537947511,0.2111737320630592,-0.021473622592659725,-0.6877467301125959,0.008247964598462543,-0.09536585400992643,0.08845258371920661
9191,0.14096237547219787,0.02393723030549049,-0.041125169940557635,-0.5740956018779151,-0.0400908480869639,0.07896621622891553,-0.06996649189504268,0.766935991998555,-0.0061919562796119865,-0.13362980019801515,-0.05004166204591312
9192,-0.0456211919188308,0.07603866492926056,-0.01063242122404542,0.774688278804419,0.11112442191538975,-0.025238578224835773,0.11086308231341235,-0.0078058659819741005,-0.03731976231640007,0.11199460531170544,-0.3146515526197156
9193,0.043485934809539245,-0.11377161079523003,0.019098534492770408,0.09480819217992924,-0.39733709354548774,0.013671656212515069,0.04749142958428486,0.005006126955093645,0.01734557735296239,-0.12569818953242098,0.7690385790093139
9194,-0.06147526714513423,-0.06598638625253367,-0.14501939756218513,-0.02929679727725205,0.6034963983331058,0.10627785510221084,0.048055136055830956,0.02512237758267808,-0.2176472352142808,-0.2275494082673144,0.03352459354631773
9195,-0.04193646661730387,0.04317971504261901,0.06897942951276255,0.010981220420037793,-0.04712645907417196,0.11607748832614012,0.06934614179708623,-0.10407704305464793,0.5350315888851375,-0.005087113039597407,-0.09211298917119402
9196,-0.028912880029908185,0.08091096553063244,0.6410557008320216,0.12540767715920378,0.029484010861861244,-0.2525798360416941,-0.2128608899144069,-0.031375003009285474,-0.09060107582725474,-0.03204179807863523,-0.14420631627305522
9197,-0.046413558012421245,0.013150486337884713,0.040417101643465216,0.010169982851174788,0.058578111504594174,-0.6720135706106866,-0.039232881328971646,-0.15915697898527345,-0.03755824083214362,0.12660752437456965,0.09789768638647657
9198,0.2442249741773807,0.12323785902562727,0.3697039512181146,0.00432166062483072,0.02327143939478563,0.09203945850903253,-0.007114393947902039,0.12286590036827083,0.0077361397972646444,-0.020276983717661734,0.14200363675009675
9199,-0.03832789810823984,0.6688454967750279,0.17697932555360235,-0.02419031567873457,-0.10543002270238878,-0.19700723667954928,-0.02020887119346662,0.04633006119818592,0.07798396163360377,-0.05842873309302016,-0.007205990725203629
9200,-1.71195846891399,0.033916405533768304,-0.0629970312695224,0.019991285759665547,-0.12574855153056938,1.6449209727993668,-0.06551415658933646,-0.004807459895435063,-0.09428176675021534,-0.16407415138104997,0.10222958078405889
9201,1.6663201556576857,0.0027441922372168984,0.006536409647025672,0.03241461689433955,0.06582181906440711,-0.19590132624346432,-0.9016920558985531,0.004933481937480361,-0.04661307076274059,-0.11888859456718878,-0.058019905715293384
9202,0.9032534288306526,-0.11660435668068098,0.07937350007136008,0.046031905629916825,0.14127340522336185,0.0856030655097414,-0.04845291751884353,0.03773419520731674,0.0666997597036677,-0.22116123537584573,-0.14887411777049894
9203,0.5597030332745887,-0.007803018639612003,-0.00448141765317711,0.004036615674154685,-0.06833874234631841,-0.058751618628628516,0.03082968876315292,0.027220608188788374,-0.001241347593743421,0.012804314661827595,0.04428925137995616
9204,0.17450031401431074,0.0450403350722294,-0.00578770336599622,0.02022335436727007,-0.06960189041197216,-0.014343267043352577,1.2895762275658995,0.04099052136160085,-0.06647408405312077,-0.8675399951737646,0.0756272839644066
9205,0.08425808373572506,-0.6561352855805929,0.02896180465233996,-0.06910594503446915,0.05302622025460486,0.19577083254999378,-0.05485087034261693,0.023088878802421643,0.004791340343846958,1.0183067572001283,0.029562636513978165
9206,0.016940803002448365,0.8668317744137215,0.10629015325401865,-0.012912668720812944,0.0044569702622841165,-0.2579558019450535,0.09022323424071092,-0.6368030638473127,0.034924620068782386,0.12382050761510709,-0.044338129319687405
9207,-0.0836007155483278,-0.02446848461040243,-0.011215206553349387,-0.6391253367653998,0.05292121116674262,-0.03211509558860034,0.08996983337336982,0.7779669216823919,-0.04212229137736144,0.01869023646427597,0.02156416064643748
9208,0.08097647322925258,-0.0010675822605736148,0.02698201393585958,0.8090803182937739,0.03543188226883361,-0.1441687464353635,0.0172324597104865,-0.006003731948294716,-0.13081161980446734,-0.005496798096650936,-0.4888885128163661
9209,0.12950155124959267,-0.01820509596366811,0.017298864822674124,-0.021205901312784613,-0.4238153077319622,-0.18339935921347478,0.029769966276365387,-0.07782746099517988,-0.15170264333427172,0.16002563227077496,0.9408600992279946
9210,-0.15582271867056308,-0.08392564581575129,-0.04587404068872756,0.01701117999742565,0.6398176545362164,0.06754244894146981,-0.23448239967924062,0.25402547873624964,-0.1915599940553948,-0.00014192898351417943,-0.02242374224869289
9211,0.1080793563381626,-0.008518883431620876,0.18012268700044315,0.08275987694910186,-0.06987608733737148,-0.01284560676955861,0.11536981883051997,0.2734614218280901,0.47658426114212066,0.03245096665127189,-0.04903955566957125
9212,0.10537885510347912,-0.03560698847982575,0.5647439156664416,0.07585994418164546,-0.15067755507899921,-0.1210893260531151,0.031775947688421215,-0.044666161984999904,-0.07807289317096142,-0.16856247932064786,0.22131964850197233
9213,0.0316240943577826,0.05133355411709149,-0.11249304453924511,0.10957907044200133,0.039804883425054685,-0.7209722475440444,-0.0006427346790279804,-0.046051310266275965,-0.0941034832577036,-0.020905779599116457,0.02775557468384704
9214,0.13003643255278055,0.11743233925934259,0.44677620028631804,-0.13602582340108435,-0.0023986949499012946,-0.032113298413679714,-0.05038320896984862,-0.03968348894198677,-0.0867711055536539,0.03346752567486181,-0.026994771781199117
9215,-0.07729706379259141,0.6335387345445069,0.09637079420696393,0.03832006274606666,-0.04192350091311366,0.06029939849695251,0.14516274910413754,0.0812264936223668,0.03874530941396569,-0.1095973805266062,-0.016704846808169402
9216,-1.8933019725676927,-0.015894369418054145,0.14477406260125134,0.1504883350740948,-0.04928772736135157,1.7670908142880442,0.11306152407694631,0.13708070773491604,-0.07685506545110041,-0.008556113413012888,-0.043967836093608076
9217,1.394917326373935,-0.025053197427074524,0.011492821589845478,-0.009935216927035844,-0.0017503914427113277,-0.24772280463863208,-0.9588838423976611,0.01724669517682832,-0.022187906284056955,-0.05093732644677043,-0.10471992104465734
9218,0.7503339113525216,0.07994250854678266,-0.08883658450769702,-0.0275134738466943,0.012628792971609416,0.0685783509213124,0.003794540409001775,0.11768472665040239,0.17366893733898445,0.12350319280200277,-0.11802029815623342
9219,0.6751091150618805,-0.010092136086783235,0.015848791850981384,-0.057258832811363465,0.08914499335189563,-0.02438916585166416,-0.008505702533487825,-0.07172397829349278,0.013768529229588822,0.016434061887592444,-0.0007331927443842961
9220,-0.12262444072676022,0.011264500124959527,-0.13922621677773037,0.04358645468540783,-0.036358326333233555,0.25543845949514354,1.2594943593296688,0.0916845799302937,0.13766406678183568,-0.8812500835491325,0.07782393027545496
9221,0.09103095969715785,-0.609190132142201,-0.005706214025126899,-0.07325699985609826,-0.011928870824690237,0.0038698433958544998,0.06778290327483666,-0.04205865270204568,-0.08909899199360735,0.9859084460066152,0.012857111449848673
9222,-0.045503662238214775,0.9466675072715021,0.11835789589122951,0.09624226513148362,-0.013053220975078984,-0.06634163018281436,-0.006860858907948346,-0.6546570833687503,0.03450778729300098,-0.09087787428311063,0.10159070069472699
9223,-0.037954807929921584,0.007677824221517875,0.03266599782237466,-0.604977224237795,-0.029448192075884255,0.14048627730579535,0.05303878685868112,0.8918960216078028,-0.00476885015222696,0.14748019819264818,-0.011018330855292205
9224,0.130653801845621,0.06056723988778578,0.005497402709789161,0.8182717683635593,0.02620184558234014,0.1378608041651113,0.01977005557285183,0.07576836530556903,-0.005750464524043449,-0.10532924011302985,-0.4196141193094731
9225,-0.12851592916587945,-0.06905921173522865,-0.10495149569469775,-0.12397785737728996,-0.4798342316174783,-0.05853530895171606,-0.17806566055508682,-0.14538472422505402,0.10594712853517953,-0.1347304794932569,0.8590042765724037
9226,-0.22609425162054525,-0.007097886598368601,-0.017277392616753085,-0.10411000693537599,0.5927136080146634,-0.1491284113140758,-0.018998885862042066,-0.06698689774730619,-0.23536218801766046,0.018623156310444432,-0.020514956898816356
9227,0.06098078423822907,-0.10015004548577425,-0.2052698342796031,-0.05930438079966491,0.05513281040136082,0.09443682767920715,-0.14533921870973554,-0.053428687632971504,0.5170566194569443,-0.07122355361918246,-0.04447934548885904
9228,0.11288347537860831,-0.01380229080270009,0.6332834120886132,0.004595218813813433,-0.022472771832859346,0.031309919805473506,0.03221099317791329,0.0009121492460752324,0.019621244352344032,-0.023279711431428943,0.006238553134909968
9229,0.033671277872600484,-0.04353357537125966,-0.057074936804824346,-0.03600950983947519,-0.03830589600749624,-0.677178119623645,0.048974606027712746,0.05485288680865438,-0.010109269354928136,0.00035010209803209517,0.00784820810902447
9230,-0.03416613102458517,0.06746693615218818,0.43382418846266463,0.05612004383316962,-0.023114589910790184,-0.30326914318556364,0.030563770636279037,-0.08695633476416181,-0.07862341427034522,-0.17174073488735914,0.14388977611824727
9231,-0.031498533751368164,0.6178046202500949,-0.08335315408740529,0.08459328489280131,-0.04842606533522087,0.15468697195394643,-0.042391191026804595,0.058346145813192696,-0.05451800743561584,0.02385178494390374,0.017163041014660728
9232,-1.7844822438696013,0.08066052367207967,-0.06462282636516986,-0.07906012642519716,-0.20902791091463666,1.601467209449248,-0.10232867544330271,-0.04433161189818508,-0.05220856604604121,-0.03789237747757497,0.04540008981403086
9233,1.3647329025731312,-0.1276586599323596,-0.06266030697691825,0.0020682808016525,0.10728470161093644,-0.07427973005924307,-0.9955265701309298,-0.01866459915794737,-0.07588812615948652,0.004035073415271455,-0.07451288525530142
9234,0.8260565483508847,-0.05412043347552138,-0.11713167301792429,-0.13446811814455892,0.014868519460009931,0.02211791933650712,-0.12060508164662156,-0.021218333400195615,0.06661287919576635,-0.010724704481094615,-0.1532829741890519
9235,0.5588037217963934,0.0040912086099669145,0.05134013716178925,-0.0006969399013582707,0.04473649676576604,-0.014501872600170641,0.016695667230193178,-0.04710746886141893,0.04847188335906354,0.015475394080906571,-0.004260206745379316
9236,0.18781466539228786,-0.03501451795629107,0.015062097562767527,0.15359263083608884,0.007321678617642848,-0.029334174052479234,1.2674209569035144,0.06439815585560377,0.07472419829738268,-0.8886245153539946,0.007848762558365507
9237,-0.07214886299364291,-0.6520511607012731,-0.03399807777500389,0.03096949022966211,0.03216156592007093,-0.012991034689487053,-0.07191604600896953,-0.14230253934620737,-0.04482678644247758,1.048757647725394,0.1366170053590809
9238,-0.07121450448413132,0.8633599577300377,-0.15218419055235996,-0.01891810074451761,0.04099715265312066,-0.11169858238950191,0.05534726706527744,-0.6359442905956885,0.029036646225870443,-0.09587089872435593,-0.0073175432115189796
9239,-0.2485895427441355,0.0714813272517842,0.08093912091647756,-0.5371778787524941,0.02822768552657523,0.08845331969655063,0.06008748583484163,0.8880388102166087,-0.02774989401062514,-0.06454034221400595,-0.13141232793631816
9240,0.017032011973830075,0.056904207938381336,-0.11717563054349231,0.7465143656521962,-0.05683172843621136,0.32466386724023566,0.1349243926827742,-0.030642604612497775,0.07719692869651167,-0.009811837281487339,-0.2924203332694323
9241,-0.027362895162676846,-0.10957099630489761,-0.015607133781902635,-0.03710423577946445,-0.6593401111548673,0.11699281120403998,0.11097157991643283,0.08807303157456564,-0.03833211769415263,-0.1469257561626851,0.9197566048969975
9242,0.1840538979480789,-0.03957447258127967,0.20557832093104023,0.23014387303756229,0.6150734067909596,-0.07760693896319425,-0.053478306322534745,0.047732735161058734,-0.23739364514529673,0.09527549167366665,-0.0016804241322496971
9243,0.061954206961764596,-0.04268257694123771,0.10392075288896803,-0.021576002333786086,0.018434372284079622,-0.018087927406128503,0.0879101664783373,0.06557725802543732,0.4958407560546017,-0.10556450527754645,0.09445099996241779
9244,-0.012880850834109968,-0.11583906045680738,0.586678797712939,-0.10661935711540736,0.1282034733199666,-0.035843491208868525,0.15443649953251265,-0.04453977207567973,0.04397464899286313,-0.01064517420764326,0.16236512397109715
9245,-0.02713429549199864,-0.0874204801098908,0.041307128854815384,0.025664830476568038,0.06946205005773239,-0.6689906823108666,0.007060520806339376,-0.008813303849659561,-0.02411023097936555,0.060190067951582285,-0.0311492635337298
9246,-0.0369506744450885,-0.11880891961825256,0.3993333853700175,0.15624021549123643,0.04882325121664498,-0.04883891506186686,-0.17228434355883235,-0.08689444825725377,-0.06286216749129646,0.0076806724896902635,-0.01875106100683911
9247,-0.19435327012291453,0.707104186814938,-0.01122380468128411,-0.06077907744898273,0.03548382153373118,-0.10179304191454881,-0.13179034320008115,-0.060164957829977744,0.022110725243629153,-0.05444087041558403,0.07878419160747518
9248,-1.920641774109825,0.09184569425524712,-0.11592022490073074,-0.1409524863129757,-0.003786051400386822,1.7407064274804414,0.1855660252045737,0.05103846666464382,0.15113032814162447,0.21086317217387252,0.10549352879047219
9249,1.6805116402233724,-0.05827503014034172,-0.0413512779757226,0.12065757090838913,0.03231994274783631,-0.03535633884418185,-0.9527346878575662,-0.02990025359468635,0.034519481819127895,0.04158140521877048,-0.024572506009747672
9250,0.9235851823952789,0.13051932019248463,0.11843228726260774,0.05580692158383484,-0.0032143697565785805,0.08911563839045514,0.08843802491895504,0.026163839708629365,-0.11725053400267427,-0.02165584038428663,-0.00320991262477877
9251,0.6320809417990122,0.026948611338264157,0.0760560924864345,0.03039211924608378,-0.02468209362364664,0.0764693649074154,-0.04050142996676886,-0.02237219924940586,0.033908703813358795,0.04719146471646008,0.07751393542508586
9252,0.05262228265214707,-0.04368534449121072,-0.16534738192329654,0.09990488491422807,0.07568256875353035,0.036547332294271366,1.1975995051597774,-0.08260678780225603,-0.0421042379597334,-0.7683992956112741,0.06825524291913475
9253,-0.03978324276267373,-0.7180367788959083,0.10148966921214612,-0.053792056807183845,0.050275804777645434,-0.07143870672994707,-0.028590324170182757,-0.017710808638261435,-0.017272828932730373,1.017025307411909,0.049721094656355574
9254,0.0652467877105463,0.8818299530068477,-0.08893715991020555,-0.04454405060246379,0.04575758462983188,0.043820334037026,0.0457878564269503,-0.685801138960436,0.017672318739237296,-0.11236399337874746,-0.09244439288220274
9255,0.29109080839245394,0.0610263969975082,0.12898860894268618,-0.4624558513712227,-0.061995544693626316,0.04404417697073724,0.053794995685623015,0.8500734556132515,0.07917318520126893,-0.06480573747959553,-0.040005997273520236
9256,0.0625697986184178,0.017995939245993034,0.03332484948119457,0.7890677594920469,0.05594549661955985,-0.12131312079302914,0.1426029233060975,0.012241743759066892,0.07476079272423111,-0.05732578676960935,-0.3112074713880211
9257,0.002608435660340103,-0.03900670887190252,-0.10690413047606259,-0.10250317615619167,-0.45036867432645655,0.10421862844146647,-0.00970325599194136,0.1201593541141093,0.15243136658496492,-0.11279971281485814,0.9198475140378766
9258,0.20372794221034582,0.012802349035252557,0.05945708684290528,0.017296517390488333,0.6071706145013323,0.14566385793862496,-0.015263343983535026,-0.018507547875214497,-0.2520111341501736,-0.08761388458452742,0.0028353409100526526
9259,-0.0856288833782569,0.026351719346177343,-0.0759612759682564,-0.07741336478219878,-0.02073511051306422,-0.20080747264168206,0.16306601038796412,-0.0782295909120942,0.4762647436877732,-0.11012470727881167,0.05711284526994792
9260,-0.2961803404741938,-0.018987296242832026,0.6314287288380416,-0.024769983310217094,-0.05790402936923511,0.0873031110522986,-0.12080714185459371,-0.12275118372026854,-0.043493708403220914,0.050807762326909464,0.024093738096457425
9261,-0.06910018801683224,0.046022000967736815,-0.0006208232913413507,-0.08844001819692285,-0.03960202386461745,-0.6405933942335366,-0.025050382410267646,0.0432528527168735,0.025607415016206274,0.035320978106497654,-0.09375372162140613
9262,-0.04863952423852981,0.05511753858280235,0.41906004409335984,0.22605998141449465,-0.00879962491532232,0.11853723098438622,-0.0007712534281775563,0.07480840826227278,0.021765660033826836,0.07490641342237503,0.02634108165529825
9263,-0.07044734425963917,0.6637738839252896,0.03255608126790491,0.01030688719574125,0.07740240840082077,0.07140059254857217,0.05945392316221725,0.044218000051257284,0.04406107531811483,0.0871133441103554,-0.0021778776361855673
9264,-1.8881233039820644,0.034372232231858514,-0.03650236926003686,0.04366077506037316,0.1576883313272636,1.7529401223806158,0.17214072503119976,0.04961039168322906,-0.09835463156982527,-0.09415927973114635,0.06490885521914891
9265,1.6567788084586843,0.04779562955177363,-0.10852668872592428,-0.11350747831581086,0.15572050193826784,-0.15255586362259516,-0.9883741934981071,-0.028937400366545657,-0.04903110146057116,-0.02389906720218314,0.08884468266254299
9266,0.8841852397947485,0.06225583454653486,0.022291004985089877,-0.053337871946339446,0.04250113998343094,0.07669898968219226,0.05105524656607829,0.014473749708117638,0.029564249407888297,-0.06776749196747038,0.08039168109229922
9267,0.5772517745218857,0.007041129349325943,0.004962312084989584,-0.022713302367555838,0.04117038398185574,0.0633654062704376,-0.03922052909791251,0.06900951608339866,0.018425972681937394,0.012624084645004861,-0.01861080433543533
9268,0.19801025596836425,-0.07122297557223264,0.0664775664265777,0.02669638520305597,-0.08979240528796856,-0.03616743404877234,1.233917038579177,-0.06950632268058424,0.062011615771248654,-0.989976837188943,0.057753642411162875
9269,0.20057872106807573,-0.5423587727942472,0.0966236476588426,-0.026435860900565655,-0.06769709593539991,-0.07153784910504198,0.012497641780177161,0.06685407805636603,-0.06618343879362262,1.0835196644982605,-0.04906108365418442
9270,0.216633932564445,0.9020368378660606,-0.15588734325735712,0.04846570569710304,-0.016153495907898125,-0.027631940128456163,-0.12042515948788736,-0.5784559278872664,0.049265785773532786,0.15617176742859046,0.07496272645143258
9271,-0.24046683490642326,0.13782873729006487,-0.058985665778694976,-0.3822643116576171,-0.07189608007981096,-0.020800252504259435,-0.042922954415246684,0.7981829941990145,0.0025004035868284695,0.01643397193814313,-0.12261042148279352
9272,0.15070974744862423,-0.041958123017495276,-0.006571593276849662,0.8183810193060326,0.08142481511859921,-0.07684806013459373,-0.03664363768166381,-0.034241932847350304,0.024234909344341363,-0.06772428193130221,-0.4714066982974709
9273,0.24469955857862669,-0.12108559273957724,0.13498950104224702,0.06955938969420414,-0.4415547249465264,-0.04749517985969711,0.03902157888520007,-0.09858497912942389,0.16395380837149204,-0.09597036356370205,0.8183467393244247
9274,-0.009613996289414497,-0.17465861660848397,-0.11000792350442495,-0.02675175197608883,0.5806044172581657,-0.018767531353851435,0.23902044370509565,-0.06295735479357505,-0.3152421852982605,-0.028916506517610643,-0.014567868610735479
9275,-0.028968922810090652,0.1218193034434793,-0.2569915179484633,0.05988796650532187,0.018273306949875067,-0.07729680598751015,0.10264185698559171,-0.07244583717305404,0.4963485914887368,0.00022060010470616696,-0.06811479266578253
9276,-0.16147225803814594,-0.06883658497125242,0.6371470578948235,-0.19258216720052931,0.1636990296863567,-0.018700142004596285,-0.0022784515268232637,-0.1907154469752485,-0.11361086943198906,0.01499233189333747,-0.06397506232542845
9277,-0.07982211015083651,-0.009001994706461534,-0.1918865363967518,-0.008939096370347926,0.08030713436850315,-0.635181466540349,-0.03402651884136747,0.02503650616697099,-0.05760342727757251,-0.0026386857225803462,0.0900656412116505
9278,-0.18820908307580955,0.24632842730107862,0.42181232351176645,-0.03629514027123507,0.06691759933236074,-0.08616682926801314,0.183357236000148,0.014372297850005966,-0.005045815139782647,-0.12807660707692808,0.02900783416091951
9279,-0.284342690299493,0.6176729112529148,0.04567619306160288,0.008293737551893696,0.01987664741193254,0.06470257442167582,0.06909083763812593,0.0220106703591079,-0.029089739801194423,0.1136895594622096,-0.05638039720064303
9280,-1.9020353940809909,-0.017407163495842343,0.017138251499427083,0.16326714730976571,-0.07061301685719118,1.7174334595962566,-0.0714938881488336,-0.08385012892834841,0.15942524013600873,-0.06788252107516803,0.021472584497322575
9281,1.5508111150624344,0.017585791103652756,-0.1298043142048683,-0.038296498065982926,0.0543684003019866,0.04828315726351638,-1.0727771444318872,0.02550978763670331,0.022450163564374334,0.03556864889793699,2.6128282363691718e-05
9282,0.6278244445476414,-0.05006629196649802,0.0521534368110215,-0.20809222407320463,0.014135983647247758,0.13421028295280354,0.0008172859531019405,-0.19556435410210962,0.1137614230466299,0.01378888894310451,0.18207004422347875
9283,0.568814930570588,0.03620417306883471,0.07969584190907378,-0.029094057651788966,7.041620874124674e-05,0.01236233962121383,0.006102388794410418,0.0403141102387878,0.057147904486080744,-0.016866786348218865,0.01826507842199613
9284,0.017048584477932272,-0.0045447216799351185,-0.007399669059808486,-0.04172416674694097,0.036616014801892666,0.03480402974955235,1.3397288598262356,0.12932544878172877,-0.0698749595124962,-1.0757890800054501,-0.1059303990532536
9285,0.11728384312052945,-0.6880621116734296,-0.07137872014338861,0.019738489373853356,0.21742798789119586,-0.15753911473216448,0.02136079978073597,0.15340991901550197,0.023176707437392214,0.9865521744130888,-0.036126981281374385
9286,-0.07950198145471396,0.898841809624039,-0.11087538358222966,-0.06610765593339997,0.06885467996166918,0.14660955932044656,0.017872030401169782,-0.6854814510731716,-0.01075332173126174,0.0073947644413283765,-0.14381156686156252
9287,-0.09804825592516492,0.057816243162467924,0.009891051958827378,-0.417456720630949,0.04746183394850231,0.19161123651080164,0.08015749627360336,0.8933874408850206,0.07382984622713235,-0.2197616968170269,0.0167633375565781
9288,-0.051568201351737765,-0.10083925528489132,0.031063612578231033,0.8546172901332781,0.012965562344366454,-0.07455717447109088,-0.07161496700159703,0.03668526009886386,0.07670757490547819,0.045371938575081525,-0.5021171182518633
9289,-0.19851797899781146,-0.0728638452737158,-0.01556636122825688,-0.07486413559295498,-0.6701205145303369,0.07661644779385492,-0.1820451215898189,-0.10906602175805256,0.06724259991219608,-0.11232463887140401,0.9508004423731784
9290,-0.0276081792678656,-0.2629561174202541,-0.043233957250431373,0.07067609973924993,0.6032225148330503,0.1218661804064325,-0.14926113821087592,-0.10674569333992641,0.07704088889926938,0.07601039194206169,-0.08088299986330458
9291,0.09085844373875207,0.09454559646246313,-0.14136263812166502,0.000353521881298292,0.047087242393220485,0.09175920737930986,0.054045549302545445,0.0901949311970765,0.49746159320553096,0.09250521355001302,-0.040320277468014754
9292,-0.0833452957744033,-0.04895740807424258,0.5894473369683288,-0.06018969736282431,0.07432461495659554,-0.004016202116841918,-0.09997763178643607,-0.0979058775618816,0.011681651118118764,0.0667848092166856,0.09801314808614657
9293,0.01974652162289648,-0.005240622741749299,-0.13960055284511555,0.009456739159852328,0.17207212209426895,-0.7111285571869457,-0.022223272365683708,0.02081665007050247,0.024524235505292466,0.019581969304891332,-0.029064776449204507
9294,0.06813669244426267,0.03444857393094885,0.40676713282645793,-0.10581889989899555,0.08051350633792875,0.08940233651075623,0.029649108094548453,-0.06246996667304422,0.0639574391272391,-0.01759061468586611,0.1529339574720641
9295,0.20244420004825261,0.7316878629087273,0.010882020790388441,-0.03945479001595777,0.027634265798712507,-0.1680097013172765,0.06517524196126465,-0.008746236692318051,-0.013457788367836676,0.047600837271557485,0.07546335492406826
9296,-1.7661201221183276,-0.10434395550162626,0.1664856220217171,0.02424205086990138,0.012984048444505628,1.6745044164814824,-0.10164296595219485,-0.022683036363964806,0.03906541807807206,0.14050123963901337,-0.021712504939021455
9297,1.4609214245906947,-0.0836493745238485,0.053170619216412786,0.04022041083228163,-0.019292665400187044,0.21867413516888237,-1.0417065848563694,-0.05453530889496519,-0.05298460881969872,-0.05790702797110075,-0.001812895770765043
9298,0.5843055644629542,0.15906604173996702,0.12852959904649552,-0.1663178466301407,-0.07117516584743037,0.045662016606717176,-0.015520993376845028,-0.03793939671882092,-0.11486592239832057,0.03157168135452981,-0.10924019467583532
9299,0.6546332142308269,-0.01585086863929018,-0.0346121403708611,-0.03660575859332285,0.01210579635482948,0.0628325469966884,-0.06912105703824584,0.025975516283744948,0.009393201946626045,-0.013050903714395769,0.025412486164684642
9300,0.08335581335346266,0.11174547422827134,0.19305832426697037,-0.13995451632417438,-0.0305218222884321,-0.01853075016002625,1.3806723897027726,-0.04474824093042458,0.010864208470505577,-0.7874524060587045,-0.17784907173979916
9301,0.05121590059907324,-0.7273838848989677,0.017487426058143355,-0.060751402400079035,-0.04369247298290722,0.07246924560798614,-0.07344170603497628,0.007246034175850287,-0.06439893386557839,1.0596986683238643,0.18814707085640664
9302,-0.07902087409004883,0.9639728686985128,0.08300077100059307,-0.019152435639466642,-0.00978684540229861,0.20268449783564316,0.07377066335439526,-0.7278101453211807,-0.1960045387199165,0.11726018687819584,-0.015307426301526914
9303,0.13204697328566756,0.03003200474981097,0.04108935017154593,-0.4879855055682788,-0.04911667053192725,-0.05408815290599108,-0.016546463644516562,0.7962129602555413,0.09874003131293206,0.06216330015051588,-0.011377117573705875
9304,-0.2365074204570972,-0.06994140452032263,0.052709139409976624,0.7074084869527243,-0.1809880661588435,0.03206175574172266,0.02027687494841486,0.02840763106256261,-0.04188854476200235,0.018489979412339257,-0.4646819733454431
9305,-0.12726442934098772,-0.02769367946599469,-0.11877157712764444,-0.05633651000951454,-0.4808932054322951,-0.20050768931305746,-0.048903702585269784,0.01828506721271838,0.09364058575556382,-0.10947759040073166,0.8676836696957976
9306,0.05213869646043699,-0.038275975592773764,-0.011183886240269104,0.09216113069378079,0.5132564570019991,0.05627696310160588,-0.04183512182881117,-0.16277243967922272,-0.39681805380561364,-0.16353416946639113,0.04261186375905235
9307,0.16377572471812796,-0.19435448429311228,-0.003935128692598863,0.1571978598925639,-0.03492475117429427,0.08713763028066993,-0.05494483144420119,0.008708971872900637,0.48924713360343536,-0.1285224092208758,-0.03139153430765744
9308,0.26876063231173203,-0.03994521615059798,0.6750239220323289,-0.008865511854422716,-0.0973730303560801,0.08821494100792115,0.20945099126921077,0.05489822289799494,0.023777925633760674,0.1677739664733084,0.013538078998025239
9309,-0.05686797361108685,-0.11839843365721904,0.023882341422826345,0.010334320434033002,0.08771024658573848,-0.6846144349653475,0.014376241834578246,0.04877057577768015,0.13250719135593908,-0.02065866472115562,-0.0456896295927849
9310,-0.043474260262029676,-0.0503548436060199,0.42020460610911625,0.10909184206723643,-0.02234602807651877,-0.007114062987971988,0.14106929325643858,0.12471986348733204,-0.08082182806595202,-0.013922688159359606,-0.023120041407921402
9311,0.13571823894564697,0.697387277974544,-0.053507001931907626,0.012583079280818442,0.038271761586965894,0.19941127833631106,-0.15783955479138817,0.03767180253203059,-0.021258370065694664,0.12112475862262516,0.10256108274604298
9312,-1.8719679258261417,-0.006875865821080808,0.05142967250949482,0.1368053121122218,-0.19932817539181555,1.7462250442587595,-0.04436591211534167,-0.06144329943783087,-0.10891252634716803,-0.042248662414335246,-0.10189263182658528
9313,1.4249350884263756,-0.013179927134266085,-0.00765164274245727,0.13523376829977446,0.1289737050499705,0.11180500678311657,-0.9437573026276119,0.037017358263845605,0.0347537909698314,0.02088733359088181,-0.040389979959753165
9314,0.6685950411871546,0.14256712220486062,-0.14861478340573783,-0.027429948619937534,-0.11367800286670117,0.14606853676485623,-0.03758070277428844,-0.179584469839455,-0.027522976797881668,0.11101013062679915,-0.06876594075116836
9315,0.5920832432117265,0.030623325809259125,0.06700769468609231,0.002180522654626714,0.03349333441783874,0.08954109534684274,0.04775846199636958,0.011422123798820035,0.010647550786105357,0.006380127078842106,-0.0668576357049133
9316,0.06626181175910509,0.021670417803826114,-0.11517216779982863,-0.09106901055484218,0.05253877672783316,-0.06429437030617777,1.2147749155936056,0.022591042692432853,0.08318258199591697,-0.8471725650229976,0.030552764025504022
9317,0.10088892746846007,-0.5684124633564959,-0.081425728205102,-0.009473794147827898,0.10511903878807247,-0.18474692430419504,-0.17325174040994887,0.032081865168969124,0.08638000051171453,1.0251482115702601,0.03721494261290438
9318,-0.11556691552740131,0.8314423976150321,-0.07665105372908906,0.049198180092323254,-0.010461977088652152,0.07825375264674944,0.002360492748929793,-0.5579246850980303,0.0451440538328942,0.09573610361042137,-0.021184168099250753
9319,-0.028204973258197773,-0.1640246561217817,-0.06482503528626965,-0.6862727493461578,0.15200803236023655,0.013252739400732651,-0.08388895442280526,0.8276422804444025,-0.0037431349215524875,-0.06521296457992887,0.0033882552438667096
9320,0.23264895127277438,0.13642468126234064,0.024449006917665665,0.8116516726677722,-0.043760682398589344,0.09971539846952225,-0.24675008690202183,-0.017212161775189423,-0.09041913519196088,-0.13129645108631205,-0.33322663345777315
9321,-0.21049805197700877,0.04981021060248032,-0.006125869930768362,0.09048849817351716,-0.5351742297903348,0.003564497637869315,0.06828930410971946,-0.16810644316305023,0.03893985204858402,-0.041631868779496047,0.8161522540584343
9322,0.005823601093581583,0.0018008553679132143,0.05614635444370976,-0.05193734362520705,0.5878137513204157,0.067670916990422,-0.36627725472630657,-0.04907651060224926,-0.3059689279483059,0.08029153929884117,-0.025191021663065097
9323,-0.08935893270082641,-0.14420348314025186,0.061269116963487344,0.09846793013544808,-0.060607317269426655,-0.17479318924318013,0.13994906512502492,-0.0009524922238825905,0.5334841049621284,-0.14662131559860297,0.02088422195086941
9324,-0.06985779128053897,-0.29646365028155897,0.6090793311168015,0.14530376004214318,0.165961957503171,0.12537824411459741,-0.23797343530457368,0.12796312107539004,-0.17707001848394993,0.0018616036312576007,0.09245008227764116
9325,-0.05418936963820425,-0.13866789147896538,0.07265248716229997,0.021112898022918422,0.0206621601976252,-0.6651855672384899,-0.030501359556544257,-0.062060192850829865,0.052580195383558515,-0.057999398373517655,-0.09402096820063224
9326,0.07814940068654716,-0.20014176901096542,0.3856901042484191,-0.07018064445144591,-0.0977129825787806,-0.08653547176313647,0.1036101437936142,0.01781340236726305,-0.04997657957788542,-0.001834221185840982,0.1942878152014702
9327,0.08899245644865504,0.6698285052066304,0.08371433535296843,0.007118599214664213,0.03032284961343618,-0.16492423129437278,-0.011492778393779761,0.023198795735610594,-0.02549291262940756,0.036257105382361585,-0.0329033755458411
9328,-1.9607578968527744,0.01905090410347703,0.01609517438322831,-0.01012167990559165,-0.17608148257989234,1.8028919053508643,-0.0032599304127741537,0.070419739188494,0.1814123581740278,0.01597160735624269,0.0020827586619062283
9329,1.3067400146120076,0.027959874599302933,-0.030719288773676377,-0.07358048278942025,-0.020685720086779283,-0.08333256270733257,-0.9386396717608088,0.021553116839745864,0.10788794885728248,0.016797689383719908,0.030585034137083193
9330,0.86673385135109,-0.17283977158202823,0.04721966686658613,-0.027618908448543655,0.03684812585016617,-0.0649163410216833,0.05378687640848025,0.08405176373815103,0.08130172624442454,-0.15369468510995443,0.17698207124967424
9331,0.678278321342232,-0.02397862926731533,0.07252576276718788,-0.011890155703190996,-0.10071564557517358,0.0819067425399023,-0.024464244061912256,0.002769945001825952,-0.012699626429671373,0.0026905004928972805,-0.009750077457778146
9332,-0.0057842204013546245,-0.0636368691407769,-0.08232310616336568,-0.015314480423834376,-0.04213856647675991,-0.25772397128571845,1.3702772535320888,0.021330922044567678,-0.05528014324689671,-0.8893988648083568,-0.0018195671042704658
9333,-0.006053253944012352,-0.5743279442604434,0.09737497165134065,0.09668599525597486,0.10161858705886116,-0.0578150553831063,0.027289134694870966,0.15829441108490025,0.057032154741929054,0.9896084015994312,0.11147727423532498
9334,0.07056038185622501,0.8849049027816962,-0.051832839010725024,0.008652877094551297,-0.03254676516575517,-0.15764147969442704,-0.0961860391142903,-0.5100915335030594,-0.030912359053554026,0.002221057136857196,-0.026260458176323106
9335,-0.04468996393730407,0.022115822188929442,0.005264967787126641,-0.5008509582787698,-0.008193809448167451,0.012229636499306874,-0.062245100360624965,0.7837632221476535,-0.14582606795401834,-0.052427554896709874,0.02518576978290029
9336,-0.039863975013962466,0.01592289065546527,-0.08867710127885235,0.7597406311772528,-0.060614124218964366,-0.1612726041083965,-0.0003478870294002234,0.03320523794740211,-0.05326263987821388,-0.1599894437460065,-0.4541386025368493
9337,-0.07078996981343652,0.02362771650039585,0.19297059461199997,-0.07634072043376099,-0.5240815516115701,0.08344780547327929,0.1251462298828183,-0.09134073358453478,0.005199722684825527,0.0713477608062436,0.8792808771706562
9338,-0.041585442995542135,0.08597233868968378,0.09485587040121507,-0.029672059454699612,0.6142226270351631,0.04752721469028925,-0.11770809127941897,-0.0892844278916737,-0.27531445593050274,0.08630975736133858,-0.07361380109530048
9339,0.036092882146849165,-0.07655764494202402,-0.356831362769789,-0.0077904907211238765,0.018865375368336327,0.033858644199732946,0.030774565467508598,-0.034885306657773923,0.5057646982592144,-0.015932990717137687,0.09550461933364308
9340,0.014289350936141344,0.1574679559050178,0.6256252477871845,-0.07242296306755332,0.009279656061580011,-0.04401288194082513,0.08977392075778691,0.024368496099947935,-0.16380813128708466,-0.09574987415539281,0.07745095443558214
9341,0.08060545179149065,0.0678354580041743,0.14118373201099452,0.024119743796605312,-0.10778960854141653,-0.6564732989041177,-0.02706546551865646,-0.0484333446616319,-0.03530703116460492,0.05380110779092894,0.09030555919644055
9342,0.2440387212428618,0.028467391619069027,0.4525153296334966,0.10308467347637817,-0.12396809238480291,0.07817578132438657,0.04094550507496409,0.14317374745416683,-0.05138347778428751,-0.0373497541001861,-0.12534550632384198
9343,0.08538374691299824,0.6700275139169913,-0.07802772619717345,-0.027030381995073165,-0.045620010252288304,-0.025852466587567083,-0.022460253653264588,0.02809927875806281,0.01082089848707566,0.05823401756652962,0.004736697957667118
9344,-1.8003054167090564,0.05584461046098142,-0.038473697453275404,-0.01731855351883063,-0.029580963526830605,1.7529304598477835,-0.0003968971119163781,0.07332339178561989,-0.05846650958513337,0.040469981169535076,0.07116039549179809
9345,1.4266592212790308,-0.009124628121672987,0.061569481317791726,0.020049846710669304,-0.15829734902143003,-0.02286182415302776,-0.9097405334118779,-0.003961675620264465,0.12699092942756424,-0.05218881360697517,0.0048012163816550475
9346,0.8398543866278787,-0.08866635024627226,-0.02289355438208957,-0.05014634927118067,-0.009230442121584085,0.06052020082911488,0.1280720023581871,0.008702726174158532,-0.0715030260389767,-0.015115370450522372,-0.08192894793624814
9347,0.6048433763768867,-0.0860289482906308,-0.07058454263794402,-0.0028991036756850254,-0.009614259431533318,0.10000432801604324,-0.03186035725156553,-0.001412971638818112,-0.012150241334763681,-0.007806640274803961,-0.06321768379788348
9348,-0.02827532984473104,0.032312761443948054,-0.1612477597194723,-0.0213459836606587,0.023661584110087293,0.1336565473210452,1.3771485529407572,-0.08248894140261902,-0.18826844284834507,-0.8755013345749518,0.05905282369915607
9349,0.11571949517043086,-0.7372187686901807,-0.06678406878686877,-0.054051276371657804,-0.019987852491702957,0.008704191539879922,0.14671611418398942,-0.04247433960246139,-0.027548175447775523,1.008202967669636,0.05706372007595566
9350,0.03344595250771404,0.801170745515078,-0.13729931903495576,0.036134269215302814,-0.08347189568928096,0.1476595620427627,0.0004992476778350255,-0.6294216901578515,0.11956028265966129,-0.08836978790301016,0.04638590127362179
9351,0.11496357763878609,0.03788255138213651,0.1504692600729106,-0.4583238087547975,-0.0469985261944992,0.209554775874338,-0.054366420596841714,0.8086817470151313,-0.04775314155365998,-0.1644054028614038,-0.0026923651083668853
9352,-0.04119634028887114,0.1655450856999188,-0.07340293571490429,0.8003451284693675,0.027316766154934145,-0.052957978785339456,-0.030604889680353936,-0.01865629447802266,-0.005924460936209446,-0.1009829112431246,-0.3692325277243845
9353,-0.0616481582996741,0.19253657123004084,0.03693733777315035,0.1374149464088598,-0.7140153404623143,0.09578908529182871,-0.002655645364992257,-0.013251670946145003,0.06855152227688159,-0.0021177677567369374,0.9115390704716467
9354,0.05920406214706914,0.022394502899306064,-0.07312888206489047,-0.03582931754425729,0.6012996236944812,0.02627306635939026,0.05867152229206816,-0.05891499844483432,-0.1295583426254412,-0.3174330863172684,0.017005037739604108
9355,-0.019270569883516688,-0.05977099821791159,0.0778955150293557,-0.0027209578624062727,-0.0192891990784284,-0.251186302933117,0.25055358376347464,0.02544626659104616,0.4831843673486372,0.010995028693447914,0.09125642523014289
9356,-0.09369916390801772,0.09963456915347241,0.6284451914129643,0.07127914984955275,0.12012957189016585,0.10011443398288,-0.19024876365714363,0.1228728940554075,-0.027696094380613878,-0.04717411615942479,0.09310414977192004
9357,0.04030808316299082,0.009457659680230004,-0.10853745653775404,0.023937407733617584,-0.0407104260950095,-0.7265948311903312,0.006876426110812454,0.08034167838725928,0.02307679881275108,0.07147999719546468,-0.0699236757148811
9358,0.0038278715642061766,-0.0920901802444165,0.386373615468852,0.1404591237274935,0.09678263594112405,-0.016499746683623855,0.018885595925683063,0.03558233201362254,-0.05585282339376963,-0.060389966770146596,-0.05342139054655337
9359,-0.10045756621230337,0.6770305382102763,-0.009868361858289525,-0.037642723044333026,-0.04652339151453076,0.05112529888696157,0.18755446810879706,0.06711354235025463,0.07732041284664337,0.03391866575298866,0.03769218553307986
9360,-1.877325200580305,-0.07620208174981881,0.019310849862406082,-0.18417380414405216,0.12408608248707625,1.7926886298498417,-0.038564331952254886,0.127422158672158,0.04421174590217371,0.06525743201037934,0.03485911463085684
9361,1.3028516899007498,0.02512479953743659,-0.13618774686422572,-0.10273176609905212,0.026339483210290678,-0.015166649894415738,-0.9492753596697239,0.056453809798544856,-0.0765660626478899,0.02314465820985202,-0.013010191593815775
9362,0.8654170851004443,0.13717151269779942,0.04043963264908338,0.006107475157999805,0.00918568644267074,0.030696874157050684,-0.022140156535889452,0.029207896418101068,-0.02216615743076593,0.05690113997814462,0.011437034095383174
9363,0.6214896334303688,0.048898894966972854,0.13374397038997904,-0.024251967959022225,-0.043433957067378,-0.026619155557888227,0.008224140838762205,0.03812972026098564,0.010642296294808656,0.04784799699851044,-0.08111503521066342
9364,0.11731049264014887,0.11731986261046198,-0.033075303167935,-0.00659801320623804,-0.11432294700951809,0.06581132912453061,1.2009738645830965,0.07890384486627136,0.010607201472684744,-0.8989593400916809,-0.05538126054936596
9365,-0.21025754822210613,-0.5000063867702867,0.03159078560936747,-0.007179043510015283,-0.1081921036033044,-0.33812752910138766,0.06922476814070076,-0.09002439755412643,-0.10443806139808094,0.8786266631444429,-0.05782343360361007
9366,0.15647352764524403,0.8541011725379709,-0.06460756844569858,-0.05776347796714065,0.03913583188190245,-0.012916190817277835,0.03637498588989449,-0.6625028452335319,-0.06393891099600123,0.006400305461637626,-0.03649988975630131
9367,0.022195645781644412,0.04853663063742661,0.11156113314884895,-0.4162406602975032,-0.1650168787258121,0.006936275829733386,0.05434018343858393,0.7992829258080726,0.0899600967620107,-0.17727192453572593,-0.09190623709128726
9368,-0.0715662550454456,-0.04368954349599392,0.03287322689512241,0.8096409603515035,0.1075361479829116,-0.1107110351058144,0.06624903714223565,-0.020010087613444565,0.11736252423896008,-0.0837335638825464,-0.28979545283261016
9369,0.08730178565483503,0.028626594307972257,0.02256043712858819,-0.11534946689192199,-0.6750103575690725,-0.07534251913085718,-0.0696268905951814,0.1544503816527508,-0.08352935483280854,-0.2131807649483255,0.8125493585244583
9370,-0.07260967231860278,0.02234560199065136,-0.008834464766347885,0.030163752128181197,0.6386459934392023,-0.18310862210751452,-0.11518849331729134,0.05026402926357588,-0.320886796916539,0.02221124307465121,-0.001699500858005308
9371,-0.008957152355346169,-0.14483144341983534,-0.09170193823710407,-0.023705101715493334,0.005264516719771427,-0.061736698417760694,-0.11262739652364753,-0.01450504980677002,0.5398895880114903,-0.02593933569431468,0.06660513308725165
9372,0.047066969431216396,-0.09344249400590701,0.5454358219770674,0.0766935578966462,-0.02759989297833829,0.041765685797801176,-0.05822180889270001,0.19534636248092757,0.09597488600957291,-0.045880829313138465,-0.060595097746426525
9373,-0.05872215030680329,-0.034068765519798636,-0.08070446998687138,0.03134549870558411,0.08122429021909673,-0.6235818511345728,0.015095332476971568,-0.028306517185903827,0.054086267186314915,-0.08348880683542906,-0.06163416370002807
9374,-0.008194639918232056,0.10854704897988363,0.4170440125347171,-0.09116207385708074,0.04199021139330299,0.056612975906809006,-0.0815141100128338,0.09385179203704441,-0.03962480214394546,0.11810985175442103,0.11470010828427178
9375,0.008842706356896787,0.6943573955374944,-0.042483155169821665,0.0010376306453643849,-0.0044961580912734975,0.061799666368556924,-0.057620564059014945,0.04992277280267164,0.006308672241958893,0.08911046371602763,-0.023008454510140462
9376,-1.856303482884566,0.027814121702942673,0.04156499071269791,0.02535767535886176,-0.05105374016544124,1.867936604048082,-0.06498480102683543,-0.0056606889880962755,-0.038841818367647274,0.06002878928491428,0.05175683989186399
9377,1.2547695898037061,-0.01030680631576384,-8.81346558472853e-05,-0.0010250717532148687,0.03277929724988904,-0.06380027980442575,-0.9403380826789212,0.10844621119571295,0.0035389181935723477,-0.03149701821252545,0.011519529572571519
9378,0.6057312999781892,-0.08436785844088995,0.0948466904789108,-0.03772427442110818,0.01216368607819618,-0.11405387905122764,-0.16277086696266801,0.2196652428467462,-0.03826561513911682,0.07256215230075051,-0.04398309314819829
9379,0.6439013932571265,-0.023368358823936616,-0.09151828017064181,0.015242309733923001,-0.032869769668534825,0.00285178311757002,-0.02437953185295779,0.011026690008497137,-0.012155680517098137,0.048622874804605504,0.017710736592483657
9380,-0.011864788454916538,-0.00712279226005523,0.028808415940638057,-0.026382352494162473,-0.059300691868521584,0.15209852597889417,1.340186394603848,0.06286122245879322,-0.026529585324236046,-0.88241630501654,-0.12002793600502346
9381,0.20261725078919496,-0.7321869298973187,0.11627990562133854,0.027604280461708403,0.12586398575699376,-0.10110164087460748,0.19311482948115904,-0.008781762898412772,0.09108928056899303,1.0295689598343847,0.01984235665346257
9382,-0.01475529284020805,0.861688717830587,0.01903864531880566,-0.07778817919971615,-0.008317907593995696,-0.03525801137195599,0.06380668072368327,-0.533329942104251,0.0004690645518599006,-0.046652625724764876,0.013481553202997376
9383,-0.038744101285514226,-0.04796179160354648,-0.04747133359571313,-0.6012177512892601,-0.02289415175898188,-0.09034330245702982,0.12624904580061497,0.8594404702411338,0.08470029860923205,0.0442796773352677,0.012930794820151137
9384,-0.19819253959095062,0.10303379204027967,0.06653281791660155,0.75646926338455,0.1303040365815699,0.1455629155239412,0.16981532751093162,-0.0071749220935984305,-0.08838110471762843,-0.021527413064859523,-0.39965483242451266
9385,0.08884989429251036,-0.060860160963446236,-0.06252011543548755,0.01342665486586688,-0.5515534339073925,0.08734014289869045,0.2173564741120097,0.006043257509634681,-0.01707096405867205,-0.23249661478350442,0.8355368611205957
9386,-0.0971138212466605,0.1227762609166037,-0.09432909650958897,-0.025062276100808852,0.6065208095631212,0.08183524536743311,-0.02895933520481692,-0.07586960527208678,-0.12244125098278162,-0.01501768090678772,-0.06503146284510092
9387,-0.1064113385428941,0.02222356560605583,-0.17880966855272862,0.03678710473325132,0.04410070958556871,0.0027859223096736814,-0.13387162112007542,0.0477569677437306,0.515053345596595,0.2177164910724034,0.012366110061363969
9388,-0.10828825450788576,0.0448572917470756,0.5957266953090259,-0.026646291786543885,0.13942513190410644,-0.16855275693303023,-0.24421152841943802,-0.0016715448369157733,0.2296803630303539,0.2118172242055357,0.026236161430532673
9389,0.003410504488081096,0.007103520160393611,-0.04883516301690515,-0.045082322821921754,0.004836325741502549,-0.7073052893172762,0.06435405475452224,0.06630705858344259,-0.06957061476189892,0.005514077691939055,0.07197998357488775
9390,0.1691319608072153,0.010705169814399236,0.4135913296149093,-0.0925847465224731,-0.10223604819963956,0.16560001536235794,0.25425681845108433,-0.09375548389632389,-0.06965536125410024,0.23101380267353336,0.05291426047498564
9391,-0.08672415533935204,0.6040827324815026,-0.0748373669126842,-0.06866345317420337,0.012593573597796752,0.19863878791603212,0.05440329199397323,0.010881801765387207,-0.06411404637481774,0.031771146468724025,0.018451235174433058
9392,-1.9390828451952382,-0.0917922176723879,-0.02667829904517013,0.07841625207104705,0.12469470153864591,1.7759832542218208,0.014774222693218438,-0.03862165374249791,-0.0008260030769139969,0.19675498721807136,0.08887744398724673
9393,1.640197287767509,0.057359429009265474,0.03654919459064112,0.04831438550791399,-0.053366255572420154,0.09838180295579864,-1.0074466743453125,0.04088527972798015,0.05585807032168775,0.021631988641982694,-0.042540289784126745
9394,0.9387680294012131,-0.02757384775404973,-0.05360020879095778,-0.26896871016639307,-0.0773979294576566,-0.0341292190869629,-0.047671687567170315,-0.02944277347556614,0.13354660966712611,0.00870436847789069,0.07824663241073539
9395,0.6366248063801736,0.03095249395759292,0.01727710725086275,0.022323137968232182,-0.06257470660936844,0.12872777473166436,0.05898402261064937,0.049028081546358966,0.0028480185705095067,-0.016534793876030827,-0.015686946207609367
9396,-0.029309200324112213,-0.004031220517758346,-0.19683641063679908,0.13702002555262943,0.08688524368704768,0.11333848118777282,1.2937357194708548,0.16004611086839307,-0.059976384672498155,-0.9719166707962634,0.01861925325757357
9397,0.0631404035050556,-0.6976292366343846,-0.12087140825581225,0.17104288469614315,-0.024128009486670658,-0.05130490997865994,0.059741078733756114,0.08500709646536841,-0.07574363502426737,1.0035772883580631,-0.07168135043246769
9398,-0.24088683281401835,0.9428162291050798,0.05977756215148659,-0.050875761369638395,-0.024959600890412655,0.11624223534659325,-0.00883571397610127,-0.5673846963157199,-0.048657491400117894,-0.09795730123532692,0.0006607701873894353
9399,0.2530492878535571,0.03404745833775493,0.05372595164235331,-0.43621412149740585,-0.07701452875579289,0.07939164341613095,0.07833487538536228,0.8172248457839734,-0.07816901020256034,-0.012060342396207853,0.08887960639445633
9400,-0.022123022738611605,-0.004895933151842596,-0.0418172945462759,0.8021535205053888,0.028755238055510755,0.09570818463508504,0.0022823274743044744,0.03593621915311624,0.022387831456567003,0.005364895149389355,-0.6216293002724202
9401,-0.16100264051176996,0.007298246529916784,0.027253589546779245,0.025886737644687092,-0.5805384881451542,0.008882669364172367,0.037602010060379096,-0.05943453013659866,-0.10211683090802982,-0.003345490241088806,0.8849514728497677
9402,-0.0027731132519415074,0.03350249036717131,-0.048129756142355096,0.07821505467941686,0.5695524137419528,0.12023090467662835,0.031216814093090874,-0.09092545585954648,-0.09756087073014555,0.0719677944776268,-0.05813414978598433
9403,-0.03148052147994998,-0.04952199571754634,-0.12448508034600149,-0.0028580089861740925,-0.03676240460344641,-0.14235192088192586,-0.11983142295700824,-0.02737265706377584,0.449630878017781,0.001049094275071178,0.018604718032547374
9404,0.17674254874560408,0.19554251809669093,0.5488840723298849,0.029714709136382876,-0.029332321700397488,-0.00892784456424117,-0.1430193222016513,-0.15296972454617316,0.07034499689595089,-0.08878771203542071,0.008040723299748387
9405,0.03354584624625864,0.013335730555398856,0.0014970821597793714,0.05072408482582451,-0.10715536859902397,-0.7161164415404139,-0.02213214076617564,0.009049298285483754,0.04766437333080341,0.04485383172974823,-0.1079366077328851
9406,-0.12184207995731577,-0.09133773061554792,0.43756008530260676,0.01847220544829203,0.029672331126517553,-0.006431598640747773,-0.1508414223672212,0.06994945031605371,-0.031558697972658284,0.010884498303188004,-0.1131481136217368
9407,0.16868909021199333,0.5975151636728269,0.057564058771378185,-0.04226972594044177,-0.028621634546849743,0.19077405674149794,-0.05530678948610185,-0.0026828166805709618,0.012777353497355726,0.10042111505114178,-0.06535031146019753
9408,-1.6769353214646423,-0.14776580635831224,-0.011892310283932884,0.03868591092608559,-0.07039801654689452,1.9834612745815492,0.018821554799941433,-0.04054738136086657,0.05412092843074287,0.17411523616737132,0.04476068846902846
9409,1.5270545735335803,-0.08626175412224567,0.10286253472219636,0.10410800979394433,-0.009107065305427996,-0.0004566281644731666,-1.029904583077537,0.04009037107521976,0.08852283132881861,-0.0674394807229573,-0.05864796423241606
9410,0.7612600117717512,-0.0783586581925551,0.018475674060179612,0.08407802341933676,0.0934913291330419,-0.07711549387888268,-0.026158122783737407,-0.08534613533743339,0.036198571673233565,-0.039443582466752246,0.14028851832904854
9411,0.6063740444139262,0.049336327277663884,-0.0015169958950763422,0.0032487064423121536,-0.017050879330751008,0.039847801582339984,-0.03709107879015174,0.03529513703466572,0.04068138529452623,-0.019790514813463604,-0.01796569903634706
9412,0.0020506454120921974,-0.013804698106449288,0.10376534158943436,-0.038392055699098225,-0.0702686776399157,0.05745238849714563,1.3872886067074677,-0.0019220838514451386,-0.04166054819159399,-0.9660896685883302,0.026484810811478583
9413,-0.1415328613913323,-0.825040536585018,0.010190757523285757,0.02305137532613647,-0.1859459727367428,-0.032799654416306126,0.03185640260593367,-0.02324645150322507,-0.10741473562869082,0.9816105490017538,-0.06741570314750342
9414,0.0817343405567871,0.9710535237435071,-0.0589678073911068,-0.016682759433845208,-0.02546507598498846,0.15136161646954405,-0.1112431452455883,-0.6510972457085844,-0.011406206892969976,0.01515275990821608,-0.051181214795480566
9415,0.14766913387831257,0.09743788933772214,0.054417174036366166,-0.4257320244260178,-0.06760937820142267,-0.0024590659197425892,0.20969555162364875,0.8853953260687909,-0.1660501163580978,0.03243730722167526,0.03918477346480965
9416,0.1063175427805423,0.008601813872902169,0.07304287102700052,0.7355727238884217,-0.0210546117135472,-0.09968302915901647,0.2741038428652285,0.07518416950001221,-0.05087813572882928,0.09427625003652806,-0.7155395271512547
9417,-0.13629472365795603,-0.043219936351148756,-0.10641185866813643,-0.017206853831697694,-0.9164048318646096,-0.0849161119766953,0.07290779651594521,-0.06283628555616567,0.06278861538753126,-0.04806343154013333,0.86365780104191
9418,0.15577252578568174,-0.13559993375878693,0.002291708105760539,-0.041855689086489206,0.5693204584964772,0.10987240811325583,-0.057926539692577474,0.07789762947945819,-0.10004799640199782,-0.12693501754531475,-0.0422270359365227
9419,-0.055745333707647525,0.1510494027332107,0.027361317033693947,0.10086029266846598,-0.018396275572449782,0.016636352223454325,0.11539973622287542,0.04263263183361463,0.4519888050691876,-0.09066079503794068,-0.022483346849816354
9420,-0.24315383898841034,-0.03546076270787156,0.5604677712813634,0.02157615892741469,0.11528207401124424,-0.03589063161274799,-0.014963995644419026,-0.1269987735976536,0.017798913861268854,0.07853679128169974,0.052431713942327436
9421,-0.050922830647806845,-0.023873183343441965,-0.06879618888479191,0.001653072460377462,-0.03820561565560364,-0.6420998665362384,-0.048331153511810394,0.08510057178874889,-0.010254231348047007,0.07032011368765452,-0.04100065919755591
9422,-0.038297294762817,-0.032026528858125944,0.4332246404758752,-0.02888118428944074,0.008560579620993762,-0.05916759804646741,-0.042876169450232246,-0.014801562747107429,-0.042286072104975946,0.2400056106237724,0.015348068895849849
9423,0.015511437198353878,0.6838709751154702,0.0626391084407207,0.025646937805843057,0.028156786194004392,0.0651577009561723,0.046680859034058525,0.01639773492754627,0.14115727110115633,0.00025742624267968695,-0.07790245538985324
9424,-1.8294715578589344,-0.0514456506523915,0.041400468694437975,0.06606954195860544,0.04655319215458184,1.7097098306547873,0.04536260642393428,-0.022446464519396143,-0.04218505842957532,0.061604314671512075,-0.05082553975256146
9425,1.8692358021512039,0.01438964406700963,0.025088308369205635,0.0728040328697131,0.0564582381423589,0.07297896855478153,-0.8931912735026946,0.019420556025811123,-0.08607413617197214,-0.02877238639469698,0.08240776810205717
9426,0.7348772077532086,-0.03894243695767904,0.09914752418580239,0.10938016435648991,-0.14351436897810105,0.002226479264520763,0.0005435460528500728,-0.07623905260377685,-0.008661699416658309,-0.054985697074464455,0.06835893396322393
9427,0.6081158327315299,-0.06621139904792504,-0.05134243726279516,0.03528153795732876,0.021155010747550947,-0.030806786975703826,5.477998585346456e-05,-0.07668979910494333,-0.0304843714118491,-0.01348918773115416,-0.03085313379044065
9428,0.18033503277403615,0.062041096659105434,-0.008862983940450443,0.12790648729790954,-0.06674532263697305,-0.08655210114621242,1.3155755817278112,-0.13740916786177404,-0.004102072302072103,-0.8877509273481677,-0.21735892002761653
9429,0.06913371615516915,-0.6475266869876471,-0.046602909145801244,-0.0028435249033513,0.022008035485404087,-0.040415519263192236,0.19365701587193423,0.0005129862077242691,-0.003910019242255877,0.9374702714699981,0.03252944411757286
9430,-0.04534551568641492,0.9019553410211015,-0.10831942508459762,-0.04228875633402501,0.0011463900203528155,-0.01113417943890335,-0.1842436392287032,-0.4720538066844628,-0.0003038410737471143,-0.023432378158139495,-0.08425039526284468
9431,0.04455097071365893,-0.0013662240222035277,0.04102012605155588,-0.4460311479543634,0.01259096826352143,-0.32214037437543963,0.021948234544236528,0.8348424783163022,0.08414958877956123,0.06341006229862942,-0.07931969047745063
9432,-0.1595337176001975,-0.02241668728575958,0.06894142368218122,0.7338886080261957,0.07564041082466175,0.0019877556123390813,-0.07052090774742034,-0.0925296221880718,-0.10664143030045699,-0.09388778219576334,-0.31647546144693706
9433,-0.06183735555622358,-0.04347836381296766,-0.04954534001363517,0.027306230162083157,-0.717605494835028,0.11540263558390386,-0.0031648708448440248,0.06284332954420814,0.0821330207660273,0.0486195324489577,0.8715911755521027
9434,0.1397287264067262,-0.11966424753873711,-0.2124545176483788,-0.04922185353924178,0.6167362223496474,-0.10325267359494074,-0.23189053794130396,-0.1875215767474262,0.08419914503895345,0.18930429643202662,0.026752470368770764
9435,0.13929916367471104,0.22822735393766763,0.07334495611211732,-0.16431087366825867,0.04198823782188969,-0.11193139346209303,-0.047644903249808274,-0.046462887858997805,0.5222541882025096,0.053866175209174756,0.0274072519486147
9436,0.009100295835081039,0.03791687979401435,0.6167981454105367,-0.08796983926853073,0.09480362866446583,0.0571708893633649,-0.0827954250515471,0.18302096783851596,0.05878700447488343,0.009876529828543734,0.17364094190972948
9437,0.0715558885331272,-0.1274471562583327,-0.019000288226391583,0.03610941888095398,-0.12969026154054966,-0.6722839423751135,0.0013752880570755696,-0.045120387266591094,0.09121444262537728,0.08627001490490697,-0.04070636866882645
9438,0.12364160398413031,0.05423980662794258,0.4341756811032409,0.21854778178761305,-0.11961354051109639,0.04926296135974575,0.033324846992126456,0.14114319740758707,-0.04266916972552663,-0.04374412419334445,0.04376593417805026
9439,0.01845561994449929,0.7039351585881968,0.03611210147614454,0.01703878076781974,0.011702078802121443,0.02472052873750255,-0.0060094622517950155,0.04622079637331483,0.03843123733337033,0.12533742418929295,0.018802595049059057
9440,-1.933343437038359,-0.06777895455022263,-0.010010563312192591,0.038820262368373396,-0.00963756256202581,1.897582208330103,0.04971869134642684,0.05012086152774745,0.11063891425077975,-0.06085115802927652,-0.06841196818352879
9441,1.4976722782910177,-0.007062867994112693,0.012300705840095644,0.017883389192551932,0.015531771333291056,0.1351724326795721,-0.9620574105807201,0.07875918972729723,0.027557904472427827,-0.01625543046549983,0.05683602615016309
9442,1.1168441700004363,0.0251662194776259,0.0056068143758532425,0.034207584116243764,0.03519444173701493,0.02004322786130721,0.05910103396391772,0.011551750123615612,-0.024126389200590768,-0.032832554603891534,-0.05252149823862391
9443,0.6429189120750136,-0.05154520653096028,-0.11285975691702209,0.04973866731675277,0.028275548659770378,0.1171399721804878,-0.01703943534968247,-0.025685471484908164,-0.043826239340964,-0.032933878204727964,-0.020996555788928464
9444,-0.07455443347149307,-0.05033465196431751,-0.09579914438191414,0.008426466254027015,-0.07411784160477822,0.09359377169326141,1.2760527587176718,0.06994620626941152,0.06710090637022605,-0.9821364781312385,-0.2066184442865283
9445,-0.09410838186016221,-0.7582895246497376,-0.07603035302854864,0.011656920140018488,0.06124515119446037,-0.11155587214046446,0.015074739754171241,0.16176068274606825,-0.1609947606851308,1.0067204634882052,-0.03716713981335851
9446,-0.036003637295584076,0.8325896453272192,-0.003885753626703691,0.0011895877106282596,-0.007402239137591037,-0.0073711085294205485,0.14379970773237283,-0.6331352042370497,-0.06453054319820145,0.06951502106923171,0.06668481986738839
9447,0.20745594146519103,0.08750259008465046,-0.07414295745076896,-0.500369365363166,0.05088761908107035,-0.09987792198303086,0.06789524251312531,0.8761272174411288,0.02856362698883193,0.11564941965893527,-0.009819223033557737
9448,0.010682116603360537,-0.04707936459336131,0.022430004575200106,0.7849161205723729,0.007010391631390768,-0.08167671211308725,-0.10022241808987176,-0.11075620629922699,0.04679897122428242,0.0675849271664597,-0.4013943015308538
9449,0.1625850109114942,-0.15589201059351268,-0.1933664828990238,0.05704169414563631,-0.6032515547369538,-0.04950880192364285,0.033583255090996134,-0.11916234929640633,0.06339550892565181,-0.23410279722085472,0.9030848752962947
9450,-0.07305481978835626,-0.09838779973810527,0.04870853958394991,-0.04423915421650952,0.5990214585655681,-0.0035751604360777715,0.10930733162674104,0.11671129679795035,-0.19123420442121494,-0.004794338104523415,-0.02666737517431208
9451,0.11671101420660718,0.06333581139406083,-0.21992585688128263,-0.025956934444437755,-0.03440229253642893,0.013035757193748668,0.2421074364756665,0.059587070835825685,0.4569269367118042,0.03874520942440374,-0.03736018901541515
9452,-0.27290033543947617,-0.05133791248287748,0.6075262014166928,-0.03820661027928543,-0.018413170640918484,0.0498238719694935,0.05108697708111394,0.11625908060927552,-0.006219734788665651,0.044401175967953406,0.09971452409124383
9453,0.09511638477555762,-0.013159590886138758,-0.02235218610946741,0.027888780435963937,-0.023093706733485084,-0.6713333686142298,0.012352063637858018,0.09741426463525404,-0.15518112881155696,-0.025025801909302394,0.03346687982464168
9454,-0.08996318273640669,-0.05521310430208287,0.420217669927616,-0.048091040547146524,-0.11314635596184944,-0.19078887805886557,-0.021874588100698575,-0.0679239173250183,-0.12371019086910912,-0.110244320675546,-0.07615986349168577
9455,-0.2246905383279082,0.6861248961423831,-0.01860602146915237,-0.05376771322373643,0.020379656991531495,0.23973272823741149,-0.08229247847378612,-0.026576066986304752,0.0126502904686202,0.003686264373474117,0.016754073419635696
9456,-1.7919787449903168,0.01707073855218952,0.1008999125999431,-0.008293402501183442,-0.13150341930086254,2.0356969233608755,0.1289644649363193,-0.14824962989197873,0.0003296960569354139,-0.1368726012724549,0.06220500728398174
9457,1.4085132548115284,0.03455152562049954,0.06532262302431174,-0.0800089938593816,0.034855033991745554,0.03899858857313193,-0.9283342805929643,0.008377595922899585,0.12176810750470034,0.06785357166590711,-0.040676990395979475
9458,0.860814399948886,-0.018365412191074043,0.006574504865426084,-0.09816491899218663,0.0707576081624815,0.2001426085642728,-0.008098015137128595,0.00489139927393272,-0.05906569944027454,-0.08308144009867986,0.07929002511858306
9459,0.5858533063326907,-0.002871712408749591,-0.0005170224410483721,-0.0009537078132028304,0.04486853132322047,0.03178762712486861,0.02890271388305264,-0.019434519352366925,0.04314308418915854,-0.012328537787337402,-0.05852809397682107
9460,-0.14544091273106502,0.00034532343461522903,-0.05297820386193175,-0.050052706625049126,0.06613300982705654,0.10219314774732677,1.388084328602505,-0.0027931406544585077,-0.05627812392065833,-0.9634270350441271,-0.07762025203623943
9461,0.08910490974322419,-0.49013573640490277,0.0924017473519375,-0.07695281415339057,0.03603640376758517,0.03240848608170552,-0.010560134234380581,0.08412647063420549,-0.00316019674579905,1.0092135617154927,0.06316715808809521
9462,0.21385948120668477,0.9533214067618037,-0.09369215234777302,-0.0012980035813218748,0.09962578404298156,0.022674204802867123,-0.08150138960557675,-0.7183227930624697,-0.06598350262639967,0.05305069005505048,0.08568905066472567
9463,-0.21383892124039516,-0.10406018352201946,-0.02537125580065246,-0.6300301218111053,0.06848996837700885,-0.15620715475607883,-0.031374490776695,0.8075266471754589,-0.15239011047004414,0.0976364558766031,-0.14895973844251056
9464,0.07856416714287284,-0.14047541367398864,0.05800973808681512,0.789630416756942,0.14940484651930439,0.1858210235110781,-0.1538300570462352,-0.0683095047722675,-0.05381201163085218,0.01998507768912011,-0.5764272081937486
9465,0.1019719040885454,-0.06707913563793341,0.03278832787741687,0.014056199371632041,-0.7300936703400556,-0.16368113084715605,-0.0752188911185466,-0.0898218914599973,-0.2438229893855826,-0.027161963149030553,0.8354877349247433
9466,0.1274724718553119,-0.022709289151315183,0.035884502667454216,-0.07413605454467152,0.6070680315715843,-0.2678835575456372,-0.07352434079553209,-0.06424880054496086,-0.5380541852386526,0.12296413280645903,0.0583053888633352
9467,0.014247759497797802,0.1210035903417366,-0.1477555143097389,-0.04497007847273857,-0.01257545070510304,0.25234460458702473,-0.08241071849588366,0.012090628839857735,0.46068613593252683,-0.1911440809457974,0.12555819256717393
9468,-0.0706655319098091,0.011980123858575251,0.5480067222142246,0.31661620216277553,0.06981009380527917,0.050096709367371914,0.06293270217012496,0.19702699021683365,0.023475907329445662,0.08226596571769412,0.059081665423482456
9469,-0.08943691344768982,-0.06672354680400625,0.03220470694964084,-0.055733728993902616,-0.09941095346019946,-0.7106659817146641,-0.07742088542961857,0.019211802359605297,0.010266983671494655,-0.02235760010986283,-0.03393285163410303
9470,-0.060270348917958946,0.03323463131573216,0.4039843635569908,-0.04083368368064242,-0.010698860872204154,-0.22337720818912013,0.01916485402934872,-0.05742319726810182,0.1954398896197062,0.0850243867897069,0.03611094172274536
9471,0.11452683049349953,0.644257454766869,0.022316895210348277,0.03509392892961435,0.047712483436492995,0.08804144832274542,0.13282230738150785,0.008821259467444617,-0.02767912173510834,-0.04627011472002182,0.018738896498576258
9472,-1.7289026450648572,-0.24453385520055376,0.08675594409347188,-0.1005307218474471,0.0026063427878991368,1.9745291516794286,-0.18833885150924273,0.03236241193979372,-0.0021492448703534055,-0.03949685247500224,-0.02266723629406216
9473,1.465220129651785,0.010870462089815727,0.04361410200179795,-0.03499471747031927,0.21999268176886091,-0.007945100802062734,-1.0806051977351163,0.0709412073615011,-0.009294282506692331,0.015274666785615251,-0.01665795986854945
9474,0.785869179426393,0.20150051346359824,0.03592693833942584,0.1968200104446617,0.001676671919894306,0.05120061573550079,-0.1016162605233728,-0.018018581901044783,-0.10689410175341728,0.00959025655090849,-0.01996956889894943
9475,0.6843080839324786,-0.00863910848267346,-0.016441834921893213,0.023560519509171644,0.0029032504986516413,0.04169045922872622,0.0014324333214504085,-0.043311890331111554,-0.00639139321487803,0.0003501751240797546,-0.019774373849884366
9476,0.08979798519452852,-0.07911973153852556,-0.059613027705226376,0.03516095152733321,0.12072336455093376,0.11660575986525432,1.181128563271628,-0.051142141590042094,0.1247969552429293,-0.9361632977640516,0.10427455634795339
9477,0.003283262524326483,-0.8467469653882163,-0.04022818393415043,0.06368237517060152,0.1715276719583562,0.08929430396135542,-0.01716560127861328,-0.008390034771230737,-0.15773713473959297,1.0167262857799497,-0.06977159646288625
9478,0.00883373570219094,0.9320506468221486,-0.019414645045046496,-0.03570831801856854,-0.00923943266909651,-0.0237773558487823,0.09617705707418256,-0.6593372575269312,-0.04576624936266403,0.015669839173624068,0.022683801185888076
9479,0.014285143175325974,-0.09880716263274805,0.004692511908870311,-0.42597769495438853,0.07228677516659159,-0.18430740725475203,-0.0013020333936714468,0.7997017032644159,-0.014900983174176237,-0.05873596842351241,0.04678352344081085
9480,0.29356137002254656,-0.004008429488143322,0.04544254684127914,0.7798055620518641,-0.08353513770877934,-0.03154839552578931,0.20039939216669636,-0.030370508950478818,-0.04500350883864236,-0.14188424962705132,-0.2608642913488088
9481,0.06789081287495244,0.22258735060915563,-0.096932448015388,0.09250456975926297,-0.525350971740582,0.2031247895299208,0.06553242918156245,0.036830614790533074,0.09814355734818617,0.05401749962252604,0.9312671984916253
9482,-0.017977385378959296,0.003063177766476851,0.0390488307560556,-0.0034194773850914975,0.6167089471632762,-0.1788486536513732,0.18414476119444242,0.0634251466915295,-0.21385064955416344,0.11550954231040432,-0.0823420631128117
9483,0.054071372799920844,-0.017133671128821033,0.03917341801136366,-0.018845851589297528,0.002859952033992682,0.049853652837589316,0.17708876389326975,-0.0012897452936473982,0.4842571532228145,-0.006282582838577375,-0.005704158217948282
9484,-0.05465348302616287,0.10870403837567158,0.5295593777735378,-0.18189586782860276,-0.11163875533845048,0.0020176515307770817,-0.09410616117879189,-0.004228922004668045,0.02122202206343849,0.022409788541066795,-0.07832549399959589
9485,-0.051106132905853204,-0.03917257164498056,0.1408829184668477,0.04222862217352824,0.0030608724261517416,-0.639448313438923,0.10196614669294982,0.1557489685310338,0.09663081302488902,-0.010277458705038097,0.021090913378049195
9486,-0.10636673523613896,0.22403095881740903,0.4118868671682327,-0.03369310936376955,-0.009308764009093515,-0.03259562448205612,0.08733607409831226,0.02053963376420221,-0.03133297718592459,0.09311922608172445,-0.08224670466254055
9487,-0.0852151575307497,0.6549614124500709,0.006074682706354483,0.04751624801641444,0.03468091838632299,-0.11017018836616367,-0.013517651797226395,-0.029181912728299186,-0.005513205789036311,0.061861458303561975,-0.012881322301767504
9488,-1.6743897591950307,-0.0013418330945931239,0.023126231096245807,0.08884175612794978,-0.010802084034376554,1.4472887206999645,-0.011554396024777492,0.04162571824279527,0.04234999873219756,-0.2147824699089727,-0.05225365793224738
9489,1.2643177547730309,0.07172562229048568,0.16108143104014808,-0.058424170966258515,-0.06292655553964736,0.1609321992144889,-1.0837666727423492,-0.04457305572950333,-0.024379628795344763,-0.0547137047002996,0.06335670356894443
9490,0.9382872036965086,0.08392059914583183,0.09044863889883699,-0.02842683915004488,0.039949082226609756,0.08181259120936847,-0.04944719758267372,0.05022025207642559,-0.15132235602521,0.016023689335516924,-0.04538316459492356
9491,0.644306764966786,0.024868161423224996,0.004751488697630581,0.021790164091424865,-0.052082155757843134,0.046269414210984426,-0.033736284610399465,0.022843752543783097,-0.05001411852987315,0.01692942393308417,-0.07957026764824618
9492,0.13628012433599415,0.055338056548046785,0.11642468235387347,0.018678633618956497,0.1509964771263925,-0.004836172809683963,1.4775507607525276,-0.022854176567569443,-0.08853133545527361,-0.8807009769843547,-0.035482488533250534
9493,0.009048129781666704,-0.784361934140041,0.19995624639823348,0.12379108507730648,-0.07223672088788036,0.04819524256741023,-0.02312217645134138,0.04489273752914561,0.09972239883073575,0.9939124075989221,-0.015389154593042569
9494,0.021058451187315877,0.9523173022699787,-0.079610614516449,0.023620100139879575,-0.026370554876892924,-0.045115486772620575,0.04935521650768293,-0.6560178048298174,0.11048521391990396,-0.20607696158161284,0.06708444684591876
9495,-0.156713057658232,0.03829603154138003,0.009987122635603068,-0.6250449465112893,0.16966876630222794,0.11912982472491537,-0.019663795465640344,0.8359214640451902,-0.01236908429491705,0.13579055010049484,-0.04110833905305056
9496,-0.18963065624226577,0.004566878742459927,-0.028110039111555404,0.7973957910733546,0.2187224556244137,0.06270909534435852,-0.14550826344149798,0.08845531422640265,-0.053468589648213355,-0.026335176391574355,-0.3785555618016003
9497,0.003108821999951444,0.09588084787026957,-0.11221234531616014,-0.035922678360028555,-0.341749714130476,-0.1648341582865953,-0.1362162066008061,0.02943567806980149,0.1457855289496775,-0.15000771572904215,0.9209127103548448
9498,-0.12200772781418148,-0.0831495989301276,0.05575303185077855,-0.051458918723266224,0.5941327384618542,0.08475482473284601,-0.10800453599534433,0.04036335016875353,-0.27446008962978174,0.018942909616753132,0.02545648197710982
9499,0.07270429646874019,0.09724893883835373,-0.036302890665603015,-0.028083025605555204,-0.09135510931230428,-0.09661431980878243,0.05504527832680859,0.163258585513556,0.48138865592180735,0.12905820100853074,0.06681543158542111
9500,-0.26176125556410873,-0.0770488039119147,0.6413816811887917,-0.07680468925321363,0.08171457694611362,-0.0777067554957365,0.10996449853142128,0.03904670081460526,-0.10095776237714499,0.09788383886744988,0.014480702287147835
9501,-0.0063893296847436064,-0.009496201566818647,0.017063497101979623,0.028764693726297096,-0.02749579883327652,-0.6854124833215656,-0.05248153024457582,-0.06632407290745315,-0.06469617820743882,0.035981245936804164,-0.07097006289545858
9502,0.21990005721523861,0.12278143111158196,0.420876422813248,0.00037789281012379694,-0.007294007082166788,0.11849147259903244,0.05161826699104753,0.055215586201749205,0.011695890980395546,0.0821794213264754,0.16474581717147516
9503,0.09267437113003352,0.6507444871321842,-0.08016796409025033,0.0484806689038646,-0.09616481868134796,0.06785964183843403,-0.07279888657257776,0.056477992935707946,-0.09357469748620753,0.1014263531309045,-0.021195453563279294
9504,-1.774927911504614,-0.08172493456927325,-0.016146472957837475,0.05598322965754321,-0.12444435873959099,1.8441505672624257,0.09420459885088349,-0.12557729505064508,0.010080956741351012,-0.009278444395245833,0.021500572170663153
9505,1.4081289015055725,0.048075265122592074,-0.038394527590090294,0.1333124165671873,0.02626312452173796,-0.1666649781022659,-1.1300514491557339,-0.060463363793087185,-0.14935963331712418,0.13261040050363673,0.033067488323395386
9506,0.9724991996963168,0.0255186440754415,-0.06854864604279698,0.0158344406596852,0.038049506052700945,0.1706038800551376,-0.06196128945814523,0.11496039277028415,0.01420325244903468,0.15489419279966138,-0.01906096207154523
9507,0.6281290096957868,-0.042184031818530046,-0.041748938997786644,-0.07665803330827002,0.059569950101366474,-0.07572525483373539,0.002122960921039101,0.025917321683299382,-0.030468981569678505,0.0170677707094675,0.03194535755891708
9508,0.003430461403897583,0.02725973607931293,0.12248821400596516,-0.059560326717165636,-0.011795262537144677,-0.04124967286313021,1.2448368718981613,-0.03606919717070212,-0.01178861227622549,-0.8053051774556361,0.004274844158688887
9509,-0.06481005217465002,-0.704769771608651,-0.16626582460546352,-0.012687001571843265,-0.06714125943462566,-0.034840885274533905,0.17101392159727813,-0.07055099328991336,-0.10834160004402558,0.9530474453218687,0.0695441009296893
9510,0.09256426384940072,0.9175762192982208,0.01851423530377273,0.07075284804423158,-0.043732177794329516,0.010536383000165149,-0.2689092702798139,-0.6160707078433185,-0.09696172766968059,0.056566032317806665,-0.050416799891277134
9511,-0.01975827975800791,-0.01092703537724236,0.06424189375099847,-0.5849579950637331,-0.051671873916980915,0.058078548266800645,-0.2998458734276893,0.7914257853544636,-0.061438511058808376,0.1306031505160673,0.14722732173496125
9512,-0.20304671963461393,0.05271660975401643,-0.05458145074878409,0.7831520659116574,-0.03193461895999149,0.16323995922037646,0.10576611164383878,0.0029874170086915198,-0.020944876301971352,-0.176000453923918,-0.39864018513775945
9513,0.04200060740803996,-0.17732331672392473,-0.05804525615734067,-0.052908250358982827,-0.4667317488287329,-0.07538316190256461,-0.12815705992447848,-0.11346701359808366,-0.04008891155467729,-0.0019293617489757908,0.8610995749564733
9514,-0.012591832798487846,0.18393322646614793,-0.15808629816390155,0.027715399006684557,0.6272644039274279,0.2670666639065176,0.033550396360617074,0.007613119519347659,-0.32283513582569107,-0.2508507605667064,0.047157343594672045
9515,-0.17139564723455447,-0.26426719646849434,-0.027601053165337154,0.02533744322279346,-0.10363208117963163,0.12253372190733644,-0.252416461784894,-0.02827143826784209,0.465800649569598,-0.016333226974889092,0.011421856179807932
9516,0.12033733292151552,0.1139048147828674,0.6197274957175104,0.05492388898754248,0.047283030815077426,0.06277887601505322,0.028154434388121242,0.1831034864748048,0.02331306963825231,-0.005837285211320906,-0.0209917882208212
9517,-0.005909367609174886,0.022345448854217864,-0.15834483583486428,-0.024529158251120953,0.11680915486361466,-0.6571247305997431,0.031896480441368315,0.01687038883960765,-0.011816194257952184,-0.03932521346269287,-0.03476905870406706
9518,0.03809825453971443,0.24980961285834286,0.40063655369386786,0.06594886629549614,0.03331224991289741,0.020956687827251345,0.17603745563731177,0.16696056387366198,-0.08070087092193162,0.12548396982153637,0.10774240489614738
9519,-0.1326370363503594,0.6205748378983319,0.014416528505074931,0.034516588719021864,-0.046667356322650316,0.01949510229769995,-0.025488574889758538,0.026105062841573233,-0.003466774582757412,0.03636079873768235,-0.020161389591208303
9520,-1.941795691914986,-0.10042931581585816,-0.10507432610683057,-0.008651101210215473,0.06869897980456621,1.5382560850997364,-0.14232468379623883,0.060016357488436534,0.12536058107612819,0.17705380076432395,-0.03558463945163711
9521,1.2828284309236262,0.029242224852096054,0.08653091548366107,0.11689022667563458,0.050815164666241044,0.136347710846714,-0.8843393808366611,-0.0021946161080327624,-0.051836821352497287,-0.00315733941814262,0.013538562287541158
9522,0.6475677396054496,0.02166961258111593,0.05810499783835315,-0.0633632217987653,0.002204740909726291,0.0034965029416172064,-0.11985990840835017,0.02491005324314834,0.09483138258154673,-0.033483912441681786,0.10733977824717114
9523,0.6689642492604887,0.006557493042142979,-0.06382229998877569,-0.0382322835363289,0.011964871182657003,0.03126565420072547,0.010203963946096012,0.004092490823595639,-0.032389991863792995,-0.006867968696131632,0.013338408429493635
9524,-0.007853094421344022,-0.15420711086229436,-0.12271716233108496,-0.03851267409466739,0.036008811512820156,-0.11125627773880806,1.2538504465429723,0.06930066164798548,0.15339958680379376,-1.0009598767420653,0.0029200014114686354
9525,-0.09152162427771295,-0.551419805068958,0.06576169451408038,-0.05493485383200956,-0.10319799549065328,0.09115671944319043,-0.04337301241635484,0.08581152630129305,-0.15355536186719537,0.9649534640171663,0.03516080381809217
9526,-0.059884099594412446,1.0624183324587684,-0.028094180862159326,-0.02560286790637158,-0.03315216422171801,-0.023204542772911042,0.06991369677350943,-0.6353383583091484,-0.03293801182681344,-0.012907834938206342,-0.030490436554299165
9527,0.19090593103793835,0.12904790204030134,0.07782278906538762,-0.6248787113750806,0.02739533206547344,0.11107026696160388,0.12360748086661322,0.8732991651771721,-0.06101230129649972,0.0914065354749179,0.023489857824279828
9528,-0.0205653173093231,-0.010827568405720583,-0.0310846176609253,0.8278325011831842,-0.08974935640677575,0.1015400179354052,0.05358938611699981,-0.018408958505420455,0.06321704436670757,0.0679055936206452,-0.598375646430453
9529,-0.00803437548711943,0.06655898149161998,0.04318705576442244,0.04711515115053667,-0.38437260770222376,0.12297847670788083,-0.016397189473137286,-0.009767449092359751,0.005423319784238055,-0.010112832106209384,0.9330538160270102
9530,-0.07701866155407237,0.053759510072413585,-0.01150168144093548,-0.0753903930739506,0.6104741460465299,-0.01636674634094989,-0.20514234063409992,-0.023687425390691144,-0.204109444212534,0.04574572103401992,0.015418366663437589
9531,-0.007509400887056991,0.1372297366400908,-0.3929388556188134,0.030378410328152177,-0.05477473752490592,-0.09024891358779713,-0.008060531221214374,0.11103808101784399,0.44825148378668167,0.008154697869864712,0.07361791122272261
9532,0.023967934939833395,0.15140475101231327,0.5977022169878371,0.2114425841184555,-0.0061432626356519495,0.04103164226864692,-0.0916693760797632,0.0014273155486924233,0.036999516136652116,-0.2240922531702395,0.07736824160451458
9533,0.011901607475577159,0.017949045619208927,-0.11247418597783206,0.06378104196778507,-0.12636120371814136,-0.7001761683478611,-0.04320910265532565,-0.004166912796157286,0.06338119374618809,0.011072119684309444,0.10187925869470968
9534,-0.008016828519720947,-0.06134860706017836,0.45029947818973765,-0.04201826004354052,-0.01580992010439891,0.016054594745973625,0.11073084549001727,-0.10794127315083082,-0.028409621881190193,0.0863893225878349,-0.17193776072839148
9535,0.04906639896232235,0.7113420122265665,-0.11605502491238676,0.018818796759032756,-0.021226088464040935,0.06807954108828444,-0.04161951471855338,0.016885396738763048,-0.039512708633720674,0.04533955430828982,-0.0038707281585257307
9536,-1.971628446279035,-0.06541891605285717,0.1424578138166363,0.10816422372621838,-0.03584452264023746,1.8380712281924365,-0.06589964970633365,0.0734887713928565,-0.1945276594115688,-0.21223597369442562,0.07161875232946832
9537,1.2439967121610884,0.0337273073464184,-0.0590783845388231,-0.08538636774083096,0.020936302663642558,0.029025990397482472,-0.9447035789732565,0.036331966472661376,-0.04706580511784455,-0.0010453289803651435,0.029092875543425597
9538,0.6302497471912972,0.017600472629024,-0.09159743262230953,0.07770902717079063,-0.05096222407869135,0.2764567759580264,0.05700379383508843,0.11306442688617675,-0.011623346291302553,-0.0846146167689364,0.026445284857667416
9539,0.6090503140021116,-0.016999151683864976,0.04595763931840692,-0.009230124169359918,0.043373161342673924,0.001655772612302965,0.01006869847311653,-0.04595633855502748,0.028857409413449872,-0.005463530724273016,0.00014161825657823656
9540,0.005209372784833622,-0.05596747100466937,0.04524242966231776,-0.10788410365549711,0.2403039954215934,-0.04345177691982351,1.449994928001013,0.038358030464206834,-0.17089502373309315,-0.9106920549326424,0.012954818729432781
9541,0.004412530432588343,-0.5505925501334022,0.09439735913185794,0.03121133281398157,-0.14884359231641556,0.17642200434649938,-0.08979545962994165,-0.0200575102052286,-0.010367277030312535,0.899339639781753,-0.009770603024240552
9542,-0.2567972627791741,0.9106674575614461,-2.852878922717395e-06,-0.07504759137774006,-0.05263296549576586,-0.008666936679413614,-0.05291325359024982,-0.685787240323509,-0.08579143526023855,-0.11617223836323032,-0.011011981261181067
9543,0.3154884104495487,0.0029619970695936443,0.042034005230492874,-0.4796490383797388,-0.07651796796415715,0.18919496146917436,0.08634465168674565,0.8132179735678176,-0.08974239955476893,0.112868424006832,-0.0902688047066777
9544,-0.10047906955180819,0.05812152628503539,-0.11004284645903108,0.8199654284534779,-0.07523738440579947,0.26063929911388684,-0.04273083182377981,-0.03837142981769005,-0.1065596325814721,0.00030078187469318037,-0.2749803672498339
9545,-0.24985157948635744,0.14050717044426098,0.12803709506622477,0.10843543090251591,-0.6830738762023569,-0.11508749630309673,-0.05039413592512512,-0.08461544804053095,0.07412032954642124,-0.07719523135308759,0.9275816703152812
9546,-0.01978559196880652,0.0958496455956101,-0.11667389127142443,-0.04355365872825795,0.5994226996048062,-0.021743491002980585,-0.14833875412077582,-0.024395012044977554,-0.12274219143404988,-0.06970772429168841,0.03005990174468197
9547,-0.015587056858457252,0.030769704431376152,-0.1072986572958752,-0.06259254330508796,0.020857821337026922,0.11918751931918631,0.0614897934475582,-0.15663851212348642,0.4672099534471691,0.13218119705764905,0.0021572395057938743
9548,0.11890431079042295,0.07804222677325948,0.5746267713916974,-0.15174004706706176,-0.16008253972480038,-0.14016977342570353,-0.09555172478924678,-0.00023248335467218606,-0.13833028608635617,0.030992013246937743,-0.057560835316824065
9549,0.04905973309686456,0.024594970339466553,-0.0014498657464974405,-0.04775154473992035,-0.050439415207181475,-0.6841358624072579,-0.039174389029998216,0.0665492365904377,-0.015241040505209004,-0.045015964864079286,0.08878380846178785
9550,-0.05645387981049209,-0.12784958445422798,0.40002165773908543,-0.079389680101086,-0.03184641145077033,0.07667335365694941,-0.11590938142695749,-0.10573444851336562,0.05803749135345138,-0.06040150893948156,0.11266585951951781
9551,0.20379083706910922,0.7665891952423942,0.10276926629251928,-0.000306342198270182,-0.010728236703849408,-0.043494596889085524,-0.010745554212498273,-0.00309334850305581,-0.02906467975401481,0.026190892299520062,-0.025386618093465478
9552,-1.8139748015882249,0.09687730115688416,0.11802110169378727,-0.1299603578233192,-0.012625779467075854,1.6948700369935716,-0.06052793240975666,-0.06288052685968802,-0.04113674500164761,0.009278209168476166,0.0006917925653116925
9553,1.3405467176979957,-0.03941767086379574,0.008779148580681014,-0.10527669361047909,0.006546526448949323,-0.06138033836197797,-0.9183508611362211,0.053595036395144284,0.09706073048287493,-0.06323184276594121,0.03011188743825238
9554,1.0529267320406217,0.06496835313620056,0.15860238822921416,0.1319035788451168,0.005160087313465733,0.11151373574877725,0.052471945822654305,-0.09583388733384289,-0.053809699936784486,-0.05214286667146034,0.10413426120473163
9555,0.6064747735660458,-0.04128996243816123,0.016523593857496292,0.03988914549117924,0.026939127031033624,-0.0022036160786974637,0.059219983933466294,-0.0302837855481674,0.010835678977447121,0.02607394978720025,-0.03390781385042961
9556,-0.1038488014251079,0.09251591032748115,-0.03275581646834736,-0.06935565633270949,-0.0019276271268520132,0.05768462535249907,1.3934668771804979,-0.04516750286628837,-0.07306265881712565,-0.9103108884988704,-0.04667601019357931
9557,-0.04927453383953863,-0.7680661913164448,0.018704143536691864,0.013917076917326892,-0.1109382309533032,0.010910131142125874,-0.09507966147166583,-0.03808579330851529,-0.0739936797598977,0.9477906066509044,0.05901814531339902
9558,-0.2699558785910228,0.9400948590057302,-0.09071804805810682,0.02366490280251328,0.0051086175262854356,-0.14292412355281475,0.1038645741252523,-0.5652203086317398,-0.16523205201233956,-0.08241840087747056,-0.16791420957757994
9559,-0.12600449341787687,-0.043624699874939186,0.14309012385732187,-0.533802194045835,0.02703951541238362,0.010634141029022617,-0.14722348316616493,0.7935779766979153,-0.029989769465036297,0.0770542159185231,-0.06505598547416527
9560,-0.14166175591328328,0.1764172262791701,-0.06683631744754334,0.7398791333117792,0.0004286911436665978,0.1618021316965753,0.05641987122993237,0.06699676472768942,0.05886946559725678,-0.07112019987197535,-0.5538857881435686
9561,-0.21725219302584534,-0.03814153134330356,-0.020826604102494137,-0.012207334263865067,-0.5259984338453136,-0.06318947499879496,0.08748769578109271,-0.010563863735958023,-0.04223736413203504,-0.014823719456321684,0.8977153111717333
9562,0.1329439871159368,0.04012907268844889,0.16803007403468292,-0.058567803744459405,0.6162037341899897,-0.05007352972626779,-0.11954580061297272,0.15194314611271223,-0.2971295856311254,-0.12305261201373169,-0.016554472080513333
9563,0.05203066387102836,-0.06778921669155624,-0.007080688742940974,0.04062590921967105,-0.014470077725693219,-0.17190139291935436,-0.02127088588904514,-0.02147202066820382,0.44589821824262893,-0.07088739511610984,0.030074652329543906
9564,-0.03104118709950487,-0.11137259288586673,0.5890924629921197,-0.02213580660231378,-0.09227370210242523,-0.1430807731441348,0.1364322175151277,-0.025606057993567674,-0.0768278750316343,-0.13548494425974608,-0.0429692067827867
9565,-0.06825464144292624,-0.1161038600979999,-0.02685674026563844,-0.04573685930349422,-0.027108706472917507,-0.6521851229578501,-0.02829779674877156,0.09110844356425807,-0.08464439456112204,-0.0065041561980658125,-0.17130299596149057
9566,-0.11402282042106798,-0.01408938566342118,0.42584201530145355,0.09260288435891269,-0.11818852100095192,0.07815068342465978,-0.12618304986139994,-0.07914342413025754,-0.016920002196008005,0.124210834473816,0.09798180799559364
9567,0.14433492745495013,0.619297646375564,-0.06549008116169586,-0.043750027720903466,0.0801940355980671,-0.13510030635332693,-0.07517372087729414,-0.04874980258728752,-0.041185659368526244,0.002930480489149348,0.09320755538851437
9568,-2.0154423388779357,-0.03494458615935467,0.12295717415285252,-0.10684474814554874,0.03025584749984694,1.7323161318883245,0.11517065766671603,0.028650977211396776,0.1736586847914411,-0.08253427157542045,-0.12940873708590286
9569,1.369874635518952,0.04470815049419984,0.01129856471669381,0.04236904804013462,0.004508017662477777,0.05999485303941378,-0.9442288441143711,-0.032338426352561074,0.06046089138008223,-0.05927650236653092,-0.07626431387724728
9570,1.036227753708378,0.04792375751409948,0.05397042936233909,0.12117364208435905,-0.09999082032443886,0.06458734136906998,0.01879926730210086,0.04603910943673528,-0.16558154760202365,-0.10201777046366094,-0.12559250526790894
9571,0.5690937816711737,-0.007694794982511272,-0.036183792455722466,0.011901456821216114,-0.01395784613806695,0.04960207086866096,0.06582275495288674,-0.015580982643688733,-0.01391801363432335,-0.017517666540844225,0.004871583967139745
9572,-0.1687906368965574,0.03469940174492297,0.05195108599467255,-0.02860844181360147,0.10205672803410168,0.08093001849257367,1.4031386538204493,0.05603865407292601,-0.058424693192603024,-0.9507626144718646,0.1052130702936838
9573,-0.2574196036705277,-0.6609144329544298,-0.015631934932171587,0.031913919146527865,-0.036064559390223586,0.018966083004177174,-0.01933861464419187,-0.08526472867942853,-0.03248615691042835,1.0061108930820857,-0.057473916006594974
9574,0.037593023295235985,0.7716875918347452,-0.0003229238773026081,-0.0672047500441297,0.027399632041757396,-0.018202649985421246,0.21537187796804735,-0.6704262142274895,-0.08366796359810685,-0.08082831093923942,-0.02996703923553972
9575,-0.08953460466208335,-0.08333592383644306,-0.0949815487093009,-0.5214685969906867,-0.022271821483036768,-0.028066707465110488,-0.0366515483390567,0.8299240208811599,0.08352353698297671,0.0508704400254271,-0.046772372078356
9576,0.08454373732402239,0.021785017884513345,0.1551948530828096,0.7915635049100949,0.06599049395645958,0.1567400964621962,-0.1869850115902662,-0.07261746344839967,0.18465362328384297,0.029364665494949427,-0.7973018634029256
9577,0.09128148904226377,-0.14163724531125527,-0.011557265896328746,0.04176963341882376,-0.76241634990288,-0.07808905572267255,-0.1665463401600376,-0.1302727270516373,0.21625997826970236,0.16714661073325152,0.898935507356007
9578,-0.09232856370620784,-0.02895414436240904,-0.01645947042543637,0.16783484015337094,0.5887530346852653,0.21003399293015865,0.01010780012066563,-0.05198538347341621,-0.4366265301069422,0.16760618004280345,-0.05158530469326047
9579,0.05687883425165291,-0.04119052922240549,-0.054886479946491304,-0.09939219308581079,-0.05263727319818938,-0.034270098641372856,0.1039024451144684,0.013247306501260658,0.4971598666406482,-0.15757311248132141,-0.00016552663655654146
9580,-0.028131917950425325,-0.1022355225636283,0.5861245192198093,0.04162094884008059,-0.029961695000439468,-0.011415216955684622,-0.08163528495831658,0.10899617207237548,0.007247832663102497,-0.002669989264479046,-0.07580484037774707
9581,0.10887925470493964,0.07182441192347638,0.12361824856056564,-0.07937679233630122,-0.07274929028121198,-0.6755288595834081,-0.014732848657288987,-0.03500779459469847,-0.21527157784836062,0.07436296970164885,-0.00858908103571408
9582,0.10306096526323767,-0.018910079606990114,0.4019280767282653,0.1121978657658888,0.06461459205473011,0.1690075176312206,0.06532134557979306,-0.10753136438536202,-0.10514819955876674,-0.06088907891172322,0.022517065432168682
9583,0.16279947748974818,0.6239810157781756,-0.006943676607644062,-0.02443249746521223,0.0366582905751654,0.05909495327320282,0.026015700424781782,0.019931364120075346,-0.032357135895661304,-0.04158651187234068,-0.005190426702217272
9584,-1.7342690674111567,-0.08002698136406768,-0.03271365470514229,0.03338218395213692,-0.08460042105804673,1.939139442544867,-0.05227097665297876,-0.1651377021217722,-0.05568574497591077,-0.004897399128586441,-0.06279735207109235
9585,1.5218722531821205,0.032565598403222436,0.12533586813019684,-0.06122930230063717,-0.03757857359538319,-0.19322467920567396,-0.9359136306597146,0.11402144735522797,0.004741810426359382,0.044552331890197236,0.10695805786981713
9586,1.0870321307986357,0.1304130058467641,0.011963637551537506,0.0523555131539455,-0.20342777891837582,0.07153436713620204,-0.05386590008892265,0.06039087802959408,-0.07110398892606008,0.019322814256922668,0.03064293228624853
9587,0.5761050606902423,0.031731164358238424,-0.02787869800079794,-0.05398321265696281,0.025011100174247233,0.034611002985293654,-0.010048843641074945,-0.04519741130586429,0.022112478530170957,-0.003002032721262305,-0.037068474923435686
9588,-0.03651954914703543,-0.11494273130758238,-0.05305345041203444,-0.010216176612217406,0.15528500555408384,-0.19958624031881245,1.1909657517555683,0.01687148016804004,-0.008645126828077781,-0.9921511022039895,-0.191866554050597
9589,0.021875090995472486,-0.719153230196872,-0.1066974141851179,0.01885942465019628,0.12413570451057318,-0.02826609222325992,0.03512357972070608,0.07604160358584379,-0.055804294284325276,0.9139268577712876,-0.03581521219301119
9590,-0.016468914825740234,0.9551227798888395,0.02090017769687281,0.01975702908897619,-0.016724910766152748,0.20238596121175711,-0.026366973491360655,-0.751024791728509,0.02094190240321255,-0.051127399872551826,0.056200844352687025
9591,-0.13464410228258153,-0.12566758756550805,-0.08774196057623627,-0.5903101346021108,-0.13942404428386243,0.014942351786575634,0.01849364084214756,0.8407402328182334,0.007256468546842063,-0.024493237462174924,0.002855506378834683
9592,0.21225432179164122,0.003813426149610923,0.06733637707866497,0.8207039641091066,-0.01441229447717693,0.11524997947444199,0.08959718990946289,0.022805777313820788,-0.06638268075722062,-0.10280074679273339,-0.5691276497974476
9593,-0.07528647185746654,0.07567185674908256,-0.010826908946052522,-0.06358937283879941,-0.6148975645019145,0.12390207463631366,0.09403786223081854,0.13999360356375934,0.05181905871696027,-0.042431405062486126,0.9043374172382341
9594,-0.011462062750088951,0.018038702153724412,0.08033275349723032,-0.007333524012776949,0.6416949460368473,-0.06671404768271982,0.0032327591112943843,-0.043808091164663,-0.023647401490269282,0.1416974579512385,9.82870984144674e-05
9595,0.05186802876814118,0.11013046665680473,-0.21850207840596825,-0.010449738099381819,-0.03769254946473016,-0.0252243787686639,-0.06341545750476883,0.1143517900374545,0.456163452438403,-0.12724222282396241,7.918426334164357e-05
9596,0.007070377162414038,-0.14531970264754185,0.6658539789231037,-0.11694057889265405,0.09308647095698112,0.0750006269380247,0.10243504415111387,0.024096654793679853,0.08095479130905603,0.10209074985709601,0.03129329405721823
9597,-0.048582999183730505,-0.10274101012621879,0.10612676572365129,0.08164081439315746,0.14652310920908498,-0.7301092973593926,0.06059781907073102,0.08548767566442009,-0.07381335653089947,0.016877860443560065,0.0734587467916847
9598,0.0837666186788932,0.10802270015169282,0.4054951178795219,0.050698125286024694,0.024501182748705642,-0.1425056979260873,-0.16387720702485253,-0.12091796491780094,-0.03236516515621522,-0.02543321199902846,0.028889145532163308
9599,-0.08535703946112924,0.6999916499351638,0.00405412959691976,-0.020915730336619084,-5.524716600347618e-05,0.13263533054289478,-0.042648823107375694,-0.027169119208711814,-0.022495894045635817,0.003497522703032681,0.01616958824655398
9600,-1.9691639733643975,-0.041260269029098955,-0.06003901283345467,-0.029342321349531353,0.16162570214024902,1.5881256758000428,0.08572023980651533,-0.12339394307483917,0.04188138050383243,0.16044610770591528,0.005927087907941402
9601,1.3313123132243523,-0.11886573589966931,0.1204242491248454,0.07176155377521884,0.05420241039556775,-0.010133793599988488,-1.0306936777559006,-0.129354358943263,-0.0038902833653364386,0.015210889081768271,0.02838084203941221
9602,0.8340159323283587,0.03518519011818091,-0.09804039460527209,-0.008589069981383032,0.10003461187461439,-0.10214614695242773,0.1747194624316064,0.059004150183842786,-0.07426560026509471,-0.16260548734367905,-0.31919485866116154
9603,0.5856331302108535,-0.04033850062297004,-0.011802722825311121,0.007400947768278903,-0.019290823140612614,-0.013314472773874098,-0.002222398953509251,-0.07007772749806238,-0.040621490790626595,-0.009581740168113355,0.059843749266442765
9604,-0.14998946463830878,0.12304199863505778,0.08943392918825606,0.004143665510057226,-0.03603654513981566,-0.18439624624871948,1.1715417696924426,0.05906191618834527,0.06869942687533265,-0.922815536579059,0.08143762265011864
9605,-0.12159512970367624,-0.6512188835691164,-0.06292977890579679,-0.003622626864552732,-0.06426874448960365,0.16256427583015773,0.07260457067375799,0.07784562490460524,0.18964461236325258,0.9930017292252683,0.03218202797233263
9606,0.1325577911568905,0.9883913745321892,-0.06209110973636965,0.0970985900446585,0.09901579724913911,0.03467150208588464,-0.03716617997118517,-0.5713311659820347,-0.00516883476681825,0.05650213779019139,-0.010757761553519318
9607,-0.17096578113477792,-0.02270984932049776,0.03342059855459128,-0.6085314479090281,-0.08452194849368311,-0.02264670801369031,0.03670417626888421,0.8057014212277477,-0.04721119779446459,0.13838169630746905,-0.009227859112595946
9608,-0.1102611550542037,-0.131471537329388,0.10913102648197313,0.8091440209803052,-0.192424970117948,-0.045914173393713925,0.06629166061436466,0.12075203168497553,0.038287788944718404,-0.05496158525812146,-0.6755408188489664
9609,-0.10014403219240506,0.13109156388051793,0.05612854953662885,0.05289693948885663,-0.6286514924439677,-0.08583167619250741,-0.0997020176361119,-0.013407943022187886,-0.02278583466481037,0.0609139553232965,0.8698096990250789
9610,0.06052025579381753,0.01738656942449924,0.05425213121241651,0.0310683852400096,0.6439833464333321,-0.1082303935261375,0.1434821729752646,0.05293340738240083,-0.14102847346307384,-0.07430135632304238,0.05916959005485938
9611,-0.043283554256367936,-0.13274799482346708,-0.2277052758357868,-0.0460327118021365,-0.004577642793246545,-0.11962069622283902,-0.08943533098217153,0.19473446938938074,0.5177172603863395,0.03468401776709171,0.004322178214766245
9612,-0.03464373194310588,0.05757507499727422,0.6393376442992601,-0.09853776592738939,0.10952887137664398,-0.010395908513922384,0.14754458675179585,0.21053335469223286,0.10916889573736718,0.008246110293353892,0.0556113881492608
9613,-0.07055869118644165,0.010030189556845488,-0.14962325082569666,0.03366512863711603,0.10050703360818798,-0.6607456425122693,0.025719451719564364,0.04101072574502191,-0.06882903187033866,-0.04344581238889756,0.10306975227187895
9614,-0.06400337733030503,0.13026838545118372,0.4518820983675973,0.010050766226775738,-0.03742637867345022,-0.025374607495410498,-0.01649165550119144,0.14861607622673154,-0.13470074226616344,0.12168282586092664,0.0872888015914116
9615,0.026858380965965413,0.7119589992441412,0.08507006469375801,-0.0035345102698994186,-0.043400031183153776,-0.06209271513997636,0.0683962798299945,-0.014984672770383334,-0.023634456287476523,-0.090637052831924,0.0335145244199439
9616,-1.9786881441110757,-0.12967804556333773,-0.048193828740613565,0.0349656215261812,0.04032097844713279,1.7811188426504447,-0.2092675399387937,0.05756881582846922,0.07915550897954182,0.12595798036424727,0.05584246746997133
9617,1.8466645193739673,-0.06582535914081881,-0.011446302299451563,0.002174444705299916,0.01308474978201442,0.1889810967872849,-0.98479750099472,-0.001608472579814081,0.03521553577351229,0.01702047995428093,0.011592086390733627
9618,1.1116498217911794,-0.04694437370700361,-0.0984986116924547,-0.10384395785048534,-0.16004642526523086,0.14475371620687089,-0.17561700307439934,0.16523757704458794,0.08986734081090013,0.12503794637430166,-0.10290479139330866
9619,0.669476690056928,-0.007660543874046296,0.014932379703821948,-0.04283335214371713,-0.039891654000002774,-0.02150641206676586,0.004399349509126915,-0.022760749786673903,-0.05294716826987885,-0.025498145751576565,-0.006148656161734179
9620,0.060032277466687226,0.14409293755975908,-0.15177839538445573,0.08721330572101847,-0.023474223768706965,0.012102762954121295,1.3152008688446302,0.13095730756051127,0.17782578111639047,-1.0519324941798245,0.07636710488726581
9621,0.04772347917572808,-0.5883929115010927,-0.011393018442505103,-0.000975764748244675,-0.06788783375631421,0.09693131948313626,-0.10990874891955543,-0.12796297679659466,-0.07504452164396277,1.0268310975687143,-0.08968991239008049
9622,0.13613621273644033,0.9483093489509923,0.032952023674241424,-0.02717538000492195,0.055328628085283285,-0.08684797920663857,-0.011472356759400342,-0.6321452884409215,-0.016101968323672673,-0.039572589401842724,-0.010159274837365073
9623,-0.053971352541123375,-0.007266721745989323,0.05961286503626291,-0.4765141580621199,-0.09015802358846141,-0.12824429216462388,0.003615133744947366,0.8202634158579751,-0.06795758893730933,-0.029993300613058632,0.03707566552816293
9624,0.2001146807527611,-0.194886414219329,0.07844480936178898,0.7721084444714588,0.03481976799777561,0.020847432915884007,-0.07030083530872622,0.03377623912130828,-0.05793414262579065,-0.03255937620758295,-0.5304392763992132
9625,0.09245659093808112,0.053477799197694416,-0.15814064081749882,0.07283628046590533,-0.6098975653965564,0.01408711701068353,-0.31429139945778406,-0.13417671330994993,-0.016346391637585996,-0.09139660422875155,0.8972304669387808
9626,-0.027320962894482693,-0.20371366034361565,0.05017243312604883,0.005711547523220632,0.6076040280669435,0.006594680512083554,-0.03653382550963314,0.008874608605641283,-0.11815463768764004,0.01774055626524927,-0.004692899473083998
9627,-0.005462470502542626,0.08210688450293499,-0.022231602493068006,0.08734849295166758,-0.005153267491261173,0.16306440813155543,-0.08713383534930373,-0.05195502719552286,0.49522172224009775,-0.2262724879674609,0.07335179071084348
9628,0.12093004563495262,-0.224731214504951,0.6548420521525393,0.031035834020409256,0.07645083626966763,0.24543132105945117,0.11289273998998352,-0.042077899207075505,0.012010769121061424,-0.24357417191833833,-0.06436624440030005
9629,-0.09056098448801417,0.06649140889372368,-0.03948680689955624,0.0832222295287083,-0.06748768640823195,-0.7389011229381981,0.07136135521961653,-0.03236016263753764,0.027989615681989058,-0.03460251184817765,0.014325765916068968
9630,0.0896766350645954,-0.06818913014252505,0.3924450829781122,-0.11514001973466946,-0.04769451360678079,-0.09697331159703287,0.027752254508306415,-0.10812976569072168,0.0015614855583876268,0.09668668513558766,0.14408267138403116
9631,-0.06546163589763855,0.676295768950357,-0.10717558739656739,-0.035844665450607216,0.014938253616109643,0.14927831030631394,0.08989556790860603,0.01491938830991051,-0.007168259557489419,0.12666971533430926,0.0134240438046241
9632,-1.9779555165577556,-0.040310273549251326,-0.09716947970220383,-0.0358785131432976,-0.04659750269158079,1.8605086920826792,-0.04704982889090888,-0.07569877242052567,0.10169093605124925,-0.03257026942967076,0.031683453326979694
9633,1.4991768405099755,0.028056733451278456,0.08221797676215327,0.08117335757474303,0.08149113763655161,0.11692503249713489,-1.0183755453001242,-0.006779588396769371,0.10481650583805774,0.03238268799939643,-0.038459595300272896
9634,0.8175482840108493,0.16143420230297667,0.13577428327498844,-0.10404420919513803,-0.11679164331533833,0.11486123967856426,-0.16401811147108863,0.18993242618744222,0.004880808484180113,0.042974913584587125,0.07244645565166681
9635,0.6027724787241091,-0.007271314051255974,-0.02138649468929138,0.04474849748885103,-0.0963639546147935,-0.0743555633190658,-0.043535979520539614,0.016101556629505735,-0.027669358842549462,-0.06271270930521859,-0.022672401871599114
9636,-0.1415725190428904,-0.040024558964018915,0.029974987269124925,0.011279086429082551,-0.028766654052265795,-0.03510491216088304,1.3868124391617336,0.050601976117536425,-0.06688756817233614,-0.9293852367362327,-0.1666495435565142
9637,-0.12296901014030957,-0.7779148718654286,0.09979640367037905,0.005864668734418304,-0.1364352203812999,0.023696537558010166,0.04819458271463059,0.005400131826032958,0.0433497773839404,0.9665203529348115,0.05593322008900366
9638,-0.1903854613437695,0.9268537678624187,-0.056835665217986144,-0.0055757383091570726,-0.09589688495028863,0.13790605835561529,0.08452276356869359,-0.6804660934319118,-0.08829914167783107,0.01528786902559796,0.0015892863918407323
9639,-0.11762767964988538,-0.13092552886841427,-0.07971223800029145,-0.5677479172281363,0.03497457090884741,0.1664367288165567,0.13028103806732994,0.7519422323838462,0.1063607413029852,0.08287371965774717,0.05984379713297746
9640,-0.15101884519350514,-0.02863361628611759,-0.09265443650319344,0.7296906558773839,0.04876394657896384,-0.06052776159648735,0.11343726810715277,-0.010870832494267605,-0.05298968249954342,0.09334635347677009,-0.5234926249179658
9641,-0.09793754126756922,0.07895363098047582,0.054986887337685884,0.050748789974881844,-0.5158584274335262,0.06648163207948157,-0.19175971591425994,0.024149332113856496,0.010377598966873802,-0.1611017075377121,0.935595710689054
9642,0.07668204404186994,0.05725232235578659,0.1293329511497917,0.004894259977190764,0.6082860499649679,0.04495108408719843,-0.09924298932616919,0.17925552295333577,-0.27843909275830625,-0.036073648250966796,-0.016723192067678118
9643,0.073275022962497,0.012199702816231839,-0.12257065168993757,0.039942534015603826,0.1017843812393686,0.019121172979674934,-0.18891263637853553,-0.11906484396634098,0.4866697426992925,0.009225429183062517,-0.017249047313597707
9644,0.0014095912826672065,0.04021049262264192,0.5623220259811385,-0.0650338105516732,-0.17953289241690312,-0.11564965301167492,0.2366150249695198,0.007438566626230754,0.05483644469251521,0.010010050629495984,0.047967059261492195
9645,0.023544716318641065,0.01739056615376746,0.05148133099434679,-0.08113331139017607,0.10360666079434147,-0.6713070553919379,-0.034414781277479795,0.02106465489294789,0.05162177590596411,0.06871524724464263,-0.02777162640776016
9646,-0.28414141409817706,-0.03946463899068949,0.4189258193814376,-0.015310780544876628,-0.10961749596616764,0.026796662206624078,0.09561517266660546,-0.07169944718151158,-0.01380828301569158,-0.01815169970623106,0.07211067526101936
9647,0.27767224827011205,0.7329786369996285,0.11498256099261674,-0.0773925615269223,0.015123208916588382,-0.0064371826069049495,-0.03775193226965369,0.024859502785166722,0.04740985127783388,-0.031172973964050187,-0.0019502494289594398
9648,-1.8124404243305305,-0.08576334183845616,-0.061937947920835276,0.038290291406296605,-0.003593873612389136,1.9028225864315251,-0.05553113760620672,-0.028155350921082185,0.0620007294209435,0.007487246731603638,0.1322798156258125
9649,1.550902798907965,0.0013809148014980424,-0.11794211988842011,-0.06457954862010559,0.1095280211474083,-0.027056104851986798,-0.9826627576731608,-0.010175732191276037,-0.048608450604837115,0.003339039603219233,-0.06183719096285038
9650,0.9630286317805631,-0.20886076925228272,-0.051277974866661795,-0.01103422899403781,0.13713864359241712,0.003378299712033246,0.04675712807447516,0.003323046884405645,-0.07665385272655893,0.005416388889472753,0.03714564127028606
9651,0.6394665971122789,-0.027473600865855145,0.005834319978258688,-0.03132726904357149,-0.013887477522825941,0.05019945782029887,0.03255463085357227,-0.004736587008941886,0.05849828016477478,-0.06961159545239703,0.028847941767454224
9652,-0.12194863086389837,0.061334385994491016,-0.03242686648372188,-0.192731033298062,0.009212689204463179,0.3016237203238059,1.1783243172381868,-0.07115379035478957,0.0171414416701008,-0.8417304408107604,-0.053464385486315644
9653,-0.0785224243283546,-0.6816866777603411,0.017240314790889066,-0.05831859249697986,-0.001441016135291501,-0.08657311827073208,-0.003470828849040789,0.02963593124608148,-0.10306233359514415,1.0272532110936752,0.0622598042230595
9654,0.04639103796520125,0.907933923464088,0.05070390143267402,0.039526232229861416,-0.04043250295309088,0.22927587283153295,0.016421393263960075,-0.6365676442375677,-0.10365274847055711,-0.04251917823858741,0.05866604830077224
9655,-0.029395044513669723,0.0059393969513056085,0.043593024346920216,-0.4658226326423101,-0.12684901947100488,0.01840873562494797,-0.08251746280430262,0.8344890735521077,0.00035553932158831694,-0.0879968724596647,-0.01851906729781302
9656,0.09254517652311596,0.07535152256293844,0.028042564066049148,0.8211981827983833,-0.007955314189413412,0.032605751128767575,-0.07990559349108892,0.06331442337443302,-0.17151176917324593,0.05630554145429311,-0.4382986841962739
9657,0.0634921227396322,0.17852846392295763,-0.09715285781987287,0.0037249532611798963,-0.6204765343175666,-0.13817349044254046,0.12790622190475767,0.0025475859817855754,-0.15104356607149438,0.05736063194717068,0.8749254535872661
9658,0.08584004623536452,-0.016784056514673573,-0.0575813149088828,0.06828545800237269,0.6120227561214426,-0.0952614688030163,0.04772095240399777,0.005633016336280511,0.10740648201438555,0.05229466718427675,-0.027216146509115274
9659,0.23963674953299047,0.1399283706076176,-0.13535665601853147,0.13313045575940433,0.07691756717661026,-0.12397633782456102,-0.007534172522224875,-0.09355147913544988,0.49816088497051253,0.06386516424622875,0.02856693206669546
9660,-0.21070154760568088,0.01124959768749725,0.6115789065924787,-0.07162926487195535,-0.06342774602417074,0.26276677037479634,0.23852880371624177,0.10028361459963674,-0.0445760023690758,0.22621342865784316,0.12433050967453807
9661,-0.016769636206099094,-0.10665309398679643,-0.07727955361424832,-0.11121314239437875,-0.04703071542771786,-0.6752270072219974,0.09422024211283919,-0.0153685000673446,-0.05766307570330557,-0.02713379734969972,-0.011261558100063499
9662,0.14637968271665455,0.03536361905932216,0.41249558896084615,-0.1262417276698506,-0.05534210721345024,0.15170335302313837,-0.046619594030327643,0.0552211351862374,-0.06007166192973737,-0.19961301780030863,-0.0242259167150304
9663,-0.07403442865437591,0.6553800182702538,-0.017918371009905915,0.00921706060351909,0.007040220493133521,0.16729662134247736,-0.013652399901925835,-0.027909558503453957,0.014846149401026472,0.136367004666831,-0.15728189792641825
9664,-1.7587937312285102,0.06402949467485713,0.003443217140316159,-0.08123270040960474,-0.015328124589918852,1.8152731480772708,0.06025598233183782,0.13818588020708372,-0.072579104748879,-0.01887809887279996,0.10257876800890028
9665,1.3671342505009,-0.0003495521538479521,-0.007778883569926438,-0.11399253649917213,0.05602468626903035,0.00718642891704314,-0.9709164846961517,0.10848230510747167,-0.07899972103892097,-0.007901642149318893,-0.21635017786541338
9666,0.6698909131472479,0.02237950705594858,-0.06460025666376462,-0.0018715020644170348,-0.0802153554625524,0.020852785418041322,0.052778208364130025,-0.03842060646548311,0.05076508328235729,0.1073074072129102,0.09825087999910054
9667,0.589339800661838,0.04122152056021836,-0.002133674448093633,0.06911407612527369,0.055877410229296605,-0.053210579590990625,-0.025618488374657696,-0.014077259164877311,0.033895551442585374,-0.016245388693577417,-0.021185089984550265
9668,-0.1443389081773569,0.016619692729524668,0.06788452909633003,-0.057599775110030525,0.02749819575354798,0.06341174946576267,1.334580277621677,-0.01486783720066906,0.0681168823041954,-0.9558733230277807,0.08428020541224311
9669,0.0945161799327126,-0.8520111030585247,0.12359977402479046,-0.1264442045963805,0.009348522963312527,-0.22995753261428026,0.01992414712500997,0.0592800355828831,0.023304740534328447,0.9471720424142692,-0.04511138676126464
9670,-0.07622914145847963,0.8628330233114268,0.020716392632940783,-0.01895886747063859,0.13566672545916134,-0.0009519851767003009,-0.028074607948233403,-0.5340178674773872,0.1388339447278335,0.08897031828477481,0.01902407359445598
9671,0.014822049313543702,-0.07969532808784496,-0.03454415731326888,-0.5234505581227235,-0.11496958964233193,0.038086972300192444,0.23726653315081786,0.8564866864268111,0.15357826698899837,0.030938828586012962,0.0522176777560202
9672,-0.06987249131426586,-0.20312203489148972,-0.08424921810138601,0.7702959766016213,-0.06439971348361218,-0.015593862668415897,0.2554862391722901,0.06904446044617596,0.002337158741462503,0.00414848530894432,-0.6631510440692422
9673,-0.09751768920740306,-0.09200131679507009,0.04750224028715328,0.028217829887645714,-0.6098228485288859,-0.1738993969254078,0.022565890376062606,0.03558670006872697,-0.0797751212545326,-0.00510686632129063,0.8778055302364893
9674,-0.021911292868120685,0.1216310569909954,-0.05183018690481461,0.022491866605011054,0.6062711985295504,-0.1463758100089225,0.004510164862227752,0.09971351011380836,-0.14866103809621029,0.0626404152611935,-0.07360643138142864
9675,-0.20611361322739818,0.03400848213502216,-0.044166633639978733,0.01871164223863491,0.015058953752351676,-0.21553643715250093,-0.17931718140744612,0.007970024887008554,0.5017076575418891,0.06531259439250205,0.13548166966185185
9676,-0.08122255552273347,0.29382556748434485,0.5850797396549173,-0.10643594735786523,0.0993252036915294,0.17566883192549246,-0.014181497084066998,0.029218913930048527,0.1339831900197094,0.00977566453089737,0.07117640113434151
9677,0.05767799800009935,0.06453340735607992,0.04238164086332703,0.046223522536023576,-0.05851075683302718,-0.6622576143933345,-0.003939061529110893,-0.04359758322845989,-0.17438169856768654,0.000500370115274546,-0.05211958263847695
9678,0.009070074290572588,0.023074202264961145,0.41807866251299175,-0.03462091508853566,-0.023788100148405496,-0.10570851284608258,-0.06467417502399667,0.007273246376517245,0.03298359943185599,-0.10418047028902329,0.1364544401167769
9679,0.07115018671085245,0.6306793590970486,-0.08776435968294737,0.06775347492244942,0.033592583649115576,0.001066298869396451,0.1459376523134201,-0.022504489748950404,-0.044772235466043205,-0.048135153980161875,-0.03351767575284917
9680,-1.8743515581447459,-0.22996873995330885,-0.0996462567165748,0.024989170873444162,0.06394056644060564,1.6858214329294718,-0.02929891352117471,0.07645989720018576,-0.032668855123391675,-0.12161172331871567,-0.06862398467136727
9681,1.6194231631981046,0.017130129179917578,0.035618881111718695,-0.010930365142144603,-0.06001711351643841,0.07252032025589601,-0.9283410994706269,0.025625978840003814,0.07989150657326556,0.05629010294724217,-0.07896124763753516
9682,1.1126924851844793,0.1427598440577555,-0.04422836609131765,-0.03953337735346733,-0.09767554466554366,-0.0476003376299803,-0.015431024982332665,-0.12312891232489194,-0.1328373339578056,-0.07411952298569449,0.06739172476359316
9683,0.5148900286772544,0.022599775358506685,-0.07772291905158409,-0.008374024283320961,0.012610588168212759,-0.015010278073394001,-0.0029834268544683754,-0.011668898584941773,0.03139454920504849,-0.004627498551230167,0.022290697955048618
9684,0.003171862492640582,-0.042364192198155785,0.05846719246242507,0.13731763328477128,-0.08236351896134758,0.010478706673584932,1.2176850281068639,0.08516929150993738,-0.0348680226231964,-0.9935653196119438,-0.0006565588923857467
9685,-0.00804884265604415,-0.8018414225946345,0.08725818413255729,0.021279445967707464,0.09824016564878366,-0.1179673725457528,0.1008995501990493,-0.12951593084608698,-0.0635719152034532,1.0338314834722284,0.02421567060773825
9686,0.2510053114503986,0.8761525979273843,0.13780740512089346,0.07160912980126281,-0.06526226644416369,-0.11685364141871003,-0.09594282821231247,-0.5553629769444172,-0.038562754492027895,0.003945175535154063,0.00551147934378175
9687,0.1699031058649194,0.05361860383820155,0.005851817399603113,-0.4845389201618053,-0.18503445691253148,-0.0235932673808428,0.1634537194311818,0.8370554343503183,0.17178900833037128,0.04538178730603653,-0.1771945986484482
9688,-0.24036460954470765,-0.05312362867756891,-0.15912398190199903,0.734103841237484,0.168941055673779,0.18738816285041468,0.004021358066671825,-0.017566637120052207,-0.05587471965136345,-0.007341537820192137,-0.314867841224339
9689,0.13033759244435855,0.09346079304708049,0.042286454273269936,0.07487512366803967,-0.4360385011277594,0.10301557197298276,0.05390077882967706,0.10353131892130049,0.12702618084496445,-0.07789307331766271,0.9038604119196337
9690,0.1642241799648543,0.19648197599479458,-0.10575590287360545,-0.06098742597936399,0.6137412477866195,-0.26916822265807544,0.13635367534127635,0.06723551754317597,-0.11597283370200939,-0.02936149704669042,-0.02131801086188185
9691,-0.07099095001038849,-0.044330139007291186,0.10063872480882254,-0.07382633955297793,-0.015324510465342243,0.23080626515048905,-0.01396125021504376,-0.013540695674243671,0.4791923786807715,0.21777564655138065,0.09299019673261907
9692,-0.10441684534879789,0.12517364186218932,0.6060477992716348,0.006660078299569527,0.01137203979731656,-0.06397796223536008,-0.055780490164492116,0.19994030946152092,-0.031309920352781205,-0.17976415437118548,0.10563050276824319
9693,0.0058517979378753015,0.05301693234275018,0.20472381782896956,-0.018408372291263665,0.07514127475819188,-0.6762678364747314,-0.004148320138208346,0.032388615234936594,-0.10053058742414975,0.005717814273811103,0.07859008343580427
9694,0.12857326584847684,0.028843827629393123,0.4504527433641805,-0.07598256931700904,0.11016975225142522,0.06557500516401635,-0.09340401117428741,-0.04201687508404613,0.011377973808896196,-0.0746198402000052,0.14445000319572066
9695,0.1897352662692633,0.7140604678378478,-0.04357844887325631,0.03404196820925931,0.06755340351861339,-0.054358129182672105,-0.11754641134249603,0.03519048443434543,0.020433602399571763,-0.01288545267366254,-0.041993461229463326
9696,-2.0083489801995604,0.07329896449840491,0.03539611661572625,-0.0002756713923171873,-0.07123395126397199,1.682465950943449,0.03845487721202243,0.10463631864891698,0.04102378199496116,0.05343666882577529,-0.04724551068800136
9697,1.595803582973554,0.034383870636547034,-0.06342770934548615,0.0776397433759537,-0.06277588585489383,-0.01606688369413268,-1.0146728199873292,0.06806021896368776,0.0702636389120859,-0.10461560905262876,0.05269175639419889
9698,0.8441700771965519,-0.053827054044716,-0.15906804882280015,0.037982426699923175,-0.1008892573749816,0.01654426034418079,-0.03397224053538247,0.059407184537916206,-0.12299832517663091,0.0137992547193782,-0.04274156212530554
9699,0.6167691301292195,-0.04255220643126303,0.02907289685753914,-0.04008669122145474,-0.050396129168979883,0.020771411818828613,0.014594983309636086,0.018949403900262042,-0.03513752080048091,-0.03672528375227455,0.02878727558426875
9700,-0.1194305843792157,-0.016133761192207493,-0.09120259055363407,0.02318509494574619,-0.030412878966692432,-0.016343607448397603,1.3435715588163426,-0.06173150952680094,0.1113979792727782,-0.7663170210819451,-0.0897828317874399
9701,0.028667116778270725,-0.5546980175292455,0.18871897254629072,-0.09869619814254725,-0.03664680915650104,-0.11296162051756826,0.012632976725581847,0.027107144747489997,-0.12149238578928888,1.0746988812321414,0.012240649513862951
9702,0.1813985415297793,1.1012691689067684,0.0034520306862343224,0.03933233423342168,-0.035537544849260735,0.06451486672358281,0.058343056576408765,-0.6853347556006678,0.01858007999128486,0.12114174314562691,0.1334144487392686
9703,-0.08776670658693556,-0.13538559609419082,0.03409177674777502,-0.5329482604696333,-0.011957778480894228,-0.021250387108961176,-0.16992397856121974,0.9406862195449139,0.05690033169044573,-0.06978525869534768,-0.059510406543523645
9704,-0.05838322009746647,0.08171757746366021,-0.04647580045828951,0.7386837296483796,-0.07331245637753916,0.08644904954918055,-0.07653010917350384,-0.0021562175977094637,-0.06691133730884595,0.0667249656149805,-0.24416797993216705
9705,-0.013735470629777407,-0.17365750039606584,-0.026169227589560803,0.011258925800461622,-0.46258949691825624,-0.2542956655133343,-0.012731761541630863,0.0050689913854761815,-0.07007627823703033,-0.13860470636526812,0.879952594463258
9706,0.12098526247749937,-0.06397468808479498,-0.013201129427070664,0.031760134725789396,0.5887490086844283,0.039212439240823724,0.1486344160460535,-0.05821271934406832,-0.3376962379075625,-0.046732320625681945,-0.0004989909566830309
9707,0.2809038279287262,-0.05510093325047566,-0.20427006115038623,0.2117041483234532,-0.01710589478163122,-0.14768070696569988,0.023455010909441246,-0.10299067740805012,0.4905686870642524,0.05471505499209551,-0.05076642208675474
9708,0.042884312251160316,-0.00989198103517047,0.5405632345501445,0.1261417653033874,0.05428532662418782,-0.2141347187334168,0.16579351143507948,-0.05106841365519388,0.03613686255778194,-0.03937780520666151,-0.003496529879043213
9709,0.033975006610796846,-0.055142893789476635,0.1386081840796087,0.01635093322739464,0.041334219407034405,-0.6404576124672465,-0.08260942486771908,0.05245295142733175,-0.07918928945752321,0.011346040651509834,-0.02597988521175565
9710,-0.0904081749011236,0.15344604850176355,0.42847148897129156,0.1578178646916823,-0.03815295850917981,0.2725069972394839,0.1393512301759293,-0.10819949359803151,-0.0025412719665784183,-0.06238507966185245,0.12252555250577843
9711,-0.09713084830200026,0.628722164488405,-0.024124507801755155,-0.014590776094916743,-0.027156341401760643,0.09237577785936077,-0.08162080127357095,-0.08027522976312337,-0.05537045739389972,-0.02273379582401483,-0.033445456866748005
9712,-1.7375119992760386,-0.0411683280257848,-0.03505321932632667,-0.09812033189855181,-0.10208786158765965,1.8438546480112525,-0.004610121199508337,-0.033783937786865274,-0.07706749333579942,0.08592996989485165,-0.00849394305901096
9713,1.6161941371245214,0.10164146782505096,0.012679670012216586,0.05427759310737624,0.004183766566881244,0.013836870168349145,-0.9067804183159643,0.03454925015126042,0.11537938935095991,0.021804123812023884,0.018919057612658007
9714,0.801373902250378,0.007209622976310748,0.03752735718882191,-0.061616890906248,0.11585382535621802,0.1550776760180146,0.05026610764752826,-0.0216746220125209,-0.12048401181265893,-0.053774095719909085,-0.16022290982187354
9715,0.6523198552211185,0.015007543372640016,-0.06678653642534993,0.0025855174140919568,-0.0013325602472604942,0.04497248849851003,-0.0007457209061611978,-0.017531307458472666,-0.01563885119721413,0.03585740424812815,-0.07440398477863891
9716,0.030944659684616897,-0.10860951922062471,-0.06422318401534395,-0.08441369048794921,0.01574275323170613,0.13483046522175263,1.467640331287674,-0.01864850045580102,-0.07126796268267468,-0.7700151645580268,0.050684805733901536
9717,0.08691062139970114,-0.5901075682676697,0.033740444683970236,-0.028370599239634302,0.08269252008506944,-0.04886406348068896,-0.05039635048058076,0.02234108455614156,-0.07935988260838349,0.9837831712314312,-0.08267298417927549
9718,0.09605533731270861,1.0616007967552195,-0.11827668219258226,-0.048013949778037815,-0.0051151075141907185,0.11625027568416939,0.09308239553088343,-0.61508547560442,0.17884085049837695,-0.020388882807230092,0.023007769414319472
9719,0.10377674839470084,0.12384255613876277,-0.07322383507225146,-0.5635862277588638,-0.020185151723304793,0.08976612274692714,-0.1632383051091565,0.785409997640406,-0.12412861550644379,-0.1625616325937728,0.0022776298226344655
9720,-0.23952640041750276,0.11691251218138454,0.031155815648387663,0.8396062453117543,-0.06444583652239125,0.1358750158849643,0.12056682875874722,-0.05727657999696968,0.11946026150870924,-0.07684177063238565,-0.6731677413396439
9721,0.1990697968824808,0.11046744362822213,0.03601246457908015,0.016192766871662666,-0.3057783793861959,-0.1515438382395058,0.024276754327250606,-0.0048534028500567565,-0.0325117099518147,0.013087537553296252,0.9025618713701794
9722,-0.020499411611549716,-0.20306853506868447,-0.00453166328793953,-0.06302557070931873,0.5957991874217696,-0.0860930298813046,-0.1331703573180977,0.010007020191292262,-0.031102952301671677,8.02523125461547e-05,-0.0031058212595562427
9723,0.1448584265172378,-0.12578857043365457,-0.10705675398851763,0.043224836103180786,0.004575450212560592,0.005658238200048479,-0.04540081314423038,-0.10760867504805892,0.48583786195254147,-0.13775267186922022,-0.00526721397331237
9724,-0.11435730353140748,-0.14080302513932086,0.6080960223549499,0.007816207973769905,-0.02799610341522241,-0.1459896670598111,0.12553275486766582,0.05977836658351501,-0.12382051809352831,0.0885021903994042,0.26152575431017544
9725,-0.01258348641405309,-0.046371623548200284,0.011228952165650402,0.05769814746584986,0.08730280466338616,-0.693284344524236,-0.04336352701753599,0.012860415916784624,0.03157372141954555,-0.0020103130070423976,-0.05052029113320967
9726,0.09942011122291448,-0.011261537212133561,0.4174251920477501,0.029364034741252182,-0.07026404144479645,0.1941176287407709,-0.10115283966275931,0.20803348358621007,-0.02191670216284181,0.06122576059507726,0.011939615036713742
9727,-0.14149337398924014,0.6617989795613053,-0.04730129234411312,-0.03293386459905384,-0.021070638614627497,0.17650011783744407,-0.14335322728792588,0.08515883061903394,0.02093168173959858,-0.006657989808894068,-0.04094675343390724
9728,-1.661581873818693,-0.02125299613143549,-0.14132581417717618,0.0868021328596494,-0.10407100307323419,1.7239311688990506,0.10331083795838585,0.06541194805611782,0.009012235778916565,0.05132770425529563,0.06208635264487899
9729,1.3998082761022674,0.0247581274867701,-0.01683254875026741,-0.02047540411870258,0.10739884168238796,0.21359224859670406,-1.0006500631093833,0.008612305207915276,-0.13040820471449963,0.009779514544716272,0.0013512786982491747
9730,0.9964901477459716,-0.19656282411606069,0.022359127863080364,-0.15389153418560717,-0.1559420175017041,0.0582556847155997,0.10320343854731465,0.0580851909634692,0.03506919546462349,-0.13428195590381606,-0.002598974708447788
9731,0.5518124480229656,-0.026698420570977786,-0.017921257777709785,0.0057483439665043925,0.017092414818861503,-0.02425574802093615,-0.0396738740269664,0.038203977841574366,-0.08168397323012218,-0.023411680987589306,0.05814764911792704
9732,-0.0032847035829192605,-0.03207702976431236,-0.07012031404475315,-0.013405869462933484,0.0789593659346827,0.06256504179007544,1.1665686944647855,-0.02062894519394328,-0.053872303238349135,-0.9464891346563626,-0.13774852780135405
9733,-0.010121919905118808,-0.8029601895220938,0.221109118867014,-0.05304754121662037,0.027842662443080732,-0.08763835551959909,-0.047491845468114795,-0.030194434388280823,-0.03280101942693239,0.9695416613044628,-0.11755271132776994
9734,-0.1803836169140628,0.9126135057012716,0.21916587817260766,0.03795344088231824,0.12750112904307367,-0.08832895432075603,0.07206285458928628,-0.6147781170041174,0.011610350565951597,0.06705185573229955,-0.05344268835521039
9735,0.07473726046154439,0.11625940182000492,0.10081336033725649,-0.611649777248694,-0.050049636840904285,-0.1466175312969572,0.11117432536369021,0.7656869121912256,0.06600445030221565,0.06469331823646002,-0.05330300054366313
9736,-0.23856142717180967,0.02168952126953436,-0.08514073889283193,0.7840902727170214,-0.016832116051249964,0.23715025667729703,-0.13663545960544798,-0.18975164903142622,-0.001240440937877986,0.01342050601016952,-0.4241548590554102
9737,0.10451460770752814,0.1000584606512611,-0.0728572037394048,0.062275784570607284,-0.6021409344508449,0.1519686381798695,0.1125584640888357,0.0012711044148573858,-0.0382991995638597,-0.013231976199315824,0.8701612362505232
9738,0.11616545922829517,-0.06836426350959135,-0.19685901115324325,-0.061495659067348454,0.6252000227652234,-0.06993065114407672,0.026959243364177567,-0.04824596132344655,-0.43552850266705534,-0.02146368869193898,-0.022535427333872052
9739,-0.0417684659187453,-0.012292766283488741,-0.15489527916634355,0.1733866103887258,0.03649014989714194,-0.05675226073103342,0.08588531769727911,-0.058041368680751555,0.47681628908397217,0.00043100974222814656,-0.04931689956102751
9740,-0.0032789888333750058,0.14928395238742917,0.5948652424315383,0.06533303090168119,0.05882337124047403,0.05989022024522624,0.12507143380103114,0.04409988519859901,0.13976523890459325,0.013354087699243193,0.037513949910582794
9741,-0.030815684537303753,0.07158647991559561,0.017601317214757342,-0.038813918263342274,-0.012451976432182576,-0.6790521559179722,0.05651926406573461,0.18687833226850398,-0.039555327642727726,-0.07297332782329112,0.09333497309897026
9742,0.0026556575270100195,-0.0461331711367328,0.44563012130190266,-0.009830718733238241,-0.0018645970546602112,0.36675553687908125,-0.08056385195144825,0.026728868367470345,-0.06288614169126956,-0.18441622055725793,0.05022520249034004
9743,0.12265729860709429,0.6723816348436831,0.13430697446102408,0.0038439915016371833,0.011857549659968564,0.12946995826015067,-0.005637003865608205,0.03181135282894587,-0.020418509037973376,0.037525374478908205,0.021475765617045724
9744,-1.7409482241955103,0.10556671973776485,-0.05236378822427612,0.048801528429232244,-0.003607541682016181,1.5536707850375109,-0.015923396438474506,0.05979626630736048,0.03727931585179058,-0.05568554738299323,-0.02191497885185842
9745,1.8315697481867785,0.021838297794031142,-0.05625858337280072,0.003101218760369158,0.010188904193906376,-0.14343123019852128,-1.0020040562376826,-0.12654692626669678,0.10792997939723516,-0.05541518549966687,0.10795870850138496
9746,0.7358048018372277,0.02725886561215919,-0.07805551839363281,-0.07072537523128797,-0.12462913767835712,0.05016112809788831,-0.05476083596799783,-0.07159488190037815,-0.0008498882214051347,-0.11945311669494893,0.043462120978842896
9747,0.6420196965421332,0.010448417826934954,0.046954629869192854,0.00545110927442743,-0.050831419323712816,0.007665122326190293,0.0399987635954694,-0.03570629886192023,-0.03134082821364909,-0.08245078487229973,-0.0007404189607769394
9748,-0.029323221099296668,-0.07859618661896682,-0.04953902273412412,-0.07024639486236342,-0.022670317963116558,-0.02416645170401418,1.3155575910331818,0.06487186497645077,0.013669104527102035,-0.8687273255731858,0.03355042429878806
9749,0.13463624157422516,-0.88943157634182,-0.091605352022728,-0.08544819992860878,-0.03236915184813453,-0.15626121765414877,-0.007025065577033597,-0.04382522091017165,0.18167245893884462,0.9352689888252741,0.033038763489817935
9750,0.06524047166717198,0.9395658509562393,0.03991605866180025,0.034685435840885556,0.055468113531129765,0.19250225752817413,0.1225560186462976,-0.6152833602524613,0.059594237521270466,0.06699990282963761,-0.13821908743829134
9751,0.03956159796381291,0.07352394658177233,-0.019984293923840935,-0.48319927019763476,-0.01430571403746938,-0.0918040332431746,0.20002950963723995,0.8367041241634275,-0.029238484565735266,-0.09571379677035818,0.039348014146700735
9752,0.23493643315721766,-0.08788127105016998,-0.035059937520484113,0.8312917800603943,0.029396436890825186,-0.0445399874999027,-0.0726362597443842,-0.01601043594783067,0.012692344426443167,0.06486582298121944,-0.4408987088665334
9753,-0.06645050522799867,0.20090519513519245,-0.03367292683106417,-0.045668237025134575,-0.593127354189498,-0.07072558950037834,0.04272804251183261,0.0507604402438112,0.013092627355522673,-0.180151105457091,0.9234931052776927
9754,0.15315655386784766,-0.2754242039889544,-0.16031582732349053,0.07970122755954424,0.6043482361357734,-0.11550978169843651,0.04307173967593626,-0.13399994385254765,-0.525362962674084,0.08210693295977739,-0.010913093687141618
9755,-0.08132706330132419,-0.04009092302701154,0.025677105707220968,0.04727304692443622,0.03430197798554384,0.028530467290069937,0.07405324253908256,-0.04875933550064714,0.5329295899966237,-0.18797477805397278,-0.03325651911859519
9756,-0.11351410298585712,-0.1474907681859695,0.593167750762791,0.058956625038803084,0.006364565373438231,0.09764029703116009,0.05435517648395241,-0.03805754718216396,-0.08557492836903355,0.04104313961738284,0.058116532064534134
9757,0.028454002972242355,-0.012310739666130572,-0.027534233999244866,-0.05700956871728409,-0.03727600738624714,-0.6207883950127471,0.049927688313885006,-0.025807575548797815,-0.09820517346792484,-0.0771772590146507,-0.010606936692101653
9758,0.141983081391229,0.10872023330073703,0.42093956937419275,0.012342616235442859,0.005962217611837685,0.03835798345992731,-0.03170681789268066,-0.14050470448425995,-0.01348749601866159,-0.2666502584943904,-0.004715038229352476
9759,-0.0934484850375398,0.6943626185232442,0.09520722900118685,0.013526897441138261,0.012216363873293976,0.05519808838696464,0.01680723967972348,-0.01886462403074092,-0.03865391070296478,-0.049830022121979727,0.050806588280528954
9760,-1.7882376420276846,-0.012540253506096092,0.14454768845684715,0.07056172807339404,-0.03651486675673252,1.8328911112847184,-0.11669008995932034,0.12311260927784459,0.11489186730800498,0.0949273708524959,0.16473574561494833
9761,1.474133417600892,0.05237566907454986,-0.008325617629374815,0.01938907741232113,0.04419165133595638,-0.04577006458363708,-1.019555977701955,-0.021665766770879932,0.00437645197691535,0.046360482395504,-0.16210380205473057
9762,1.033688697743641,0.006311125074600464,-0.10972314612981726,0.06225130358904479,0.07310075377185775,-0.05628582736586879,-0.1328464022165103,-0.03379630138896693,-0.03121839853832419,-0.0942541534755925,0.04058445732398452
9763,0.6065260302212758,0.004542973941817251,-0.11138760047687964,-0.042557079608113925,-0.06601991153499177,0.1317603147400307,0.04286920372732436,0.005541225456483591,0.03129085959361441,0.01132349441207337,-0.029700283888355408
9764,0.019027109751999338,0.10492350248570849,-0.1366402361170706,-0.15589196949472686,-0.02793725950785424,0.05221231181652671,1.4677867540929461,0.11203922144810101,0.11050229581731502,-0.858401558808802,-0.06598792522566106
9765,0.10710494673846409,-0.7969084146403863,0.011846568669260833,-0.06357340894113801,0.024351512359324787,0.1481397989786196,-0.08545057943277487,-0.16373526765656662,0.014479943931073548,0.8752940722973499,0.10863559255715077
9766,-0.00988272960979738,0.8467106393638864,0.026161708900621344,-0.036614746477454746,0.050805340513654075,0.044951054851700534,-0.10295210260866525,-0.5324221747257751,0.0010586448207201915,-0.02613335564561038,0.027622576892917916
9767,0.03684070853927354,0.030426290793940866,-0.06374338750693259,-0.5031087868458239,-0.022949242058476683,0.058188083673696864,-0.013681494482165787,0.9214125181776814,0.09773690557144299,-0.13432211924258539,0.049553536266336885
9768,-0.13491323454147397,-0.0597584820959938,0.06223044722647924,0.7410269635354656,0.021960304434490062,-0.025677570660314522,0.07637870637451355,-0.06397033883057994,0.03557188217463213,0.1374771393010472,-0.5908852980670845
9769,-0.32495755175938823,-0.08652697316879955,0.016902793720426218,-0.042710520092609394,-0.21854510332923377,-0.12330375263266623,-0.1629276520876197,-0.08814299069229493,-0.06615290479838494,-0.11951323771470489,0.8787204535942441
9770,0.13310350959820452,-0.043813120798144006,-0.07151714952459316,0.06529811358669733,0.562973515763501,-0.14690559964308517,0.11707695800063836,0.016370585878322658,-0.16057501730876336,-0.04602497147664045,-0.014562044196039037
9771,-0.23961951491245442,-0.07855174135430998,-0.054386091149324495,0.05561758625648276,-0.031072608085283927,-0.14627361931132848,-0.05216009582077326,0.08097268397839401,0.4561407020038034,0.17122204506443275,-0.028602554727368872
9772,-0.19461962870033533,0.1104877225389514,0.5685906606735793,0.042542631956770625,-0.06212695056552395,0.11659061794389185,0.1562660800184521,0.10084698439643644,0.05813570028095542,-0.19063106511952557,0.04525903978928431
9773,-0.02000920620968328,0.016052329226058395,-0.04579916227910756,0.02979466412971683,-0.14098503942733118,-0.6432473775751939,-0.048262644972567284,-0.07704805687726139,-0.04608292657334918,-0.013107991086316193,0.06424638978405545
9774,0.0038139363774979326,-0.018224464144434238,0.45072102898006133,0.029613538394976765,0.04645887669943872,-0.18005480649362474,0.13974462945512828,-0.0995153230244751,0.01390822342859486,0.06468899974949978,0.1472883269174902
9775,0.0756426387899042,0.7554700903735033,0.04949383944504067,-0.019074200397177866,-0.06188353211543399,0.24359000248371576,0.029573671889897093,-0.09227011441253952,0.0168234964149315,-0.04559661250897497,-0.040153905419702235
9776,-1.8322230310759042,-0.08616014081106906,-0.06775517687778815,0.05457855096189305,0.0758284054782072,1.7899824481666657,-0.12470505541714448,0.15957772755402214,0.06151067192640403,-0.025981754506245198,-0.0399166616232207
9777,1.5769385770747297,0.020979346339377338,0.0356714120489607,-0.10034919460600494,-0.0004679494463421057,-0.2002561944090184,-1.0113347541589868,-0.01326287298533365,-0.12203366635630955,0.09133577120658506,0.004508266005124567
9778,0.9211515803397343,0.14401983633518456,0.042962763703907336,-0.08480400027146028,-0.005434654514381688,-0.03631921719949745,0.05953297017964825,0.061313610479549245,-0.10597139774582984,0.11289501598502466,-0.04783561866986027
9779,0.5977754553971989,-0.03985192525149263,0.07186132615000171,0.004474790677474238,-0.002975794390677548,0.10057803806657892,0.05770390173752144,-0.057223733746199934,-0.03309026456725783,-0.042299076718515224,-0.03273014481339516
9780,0.047948687984840976,0.06984408550430442,-0.0011661716312166047,0.0524492924348436,0.009949435470509308,-0.11406664948927042,1.2391830374254453,-0.22429970035424682,-0.1061886167856018,-0.9941113548336751,-0.05611886291991405
9781,0.052487108580851594,-0.8279612370841161,0.049362176228171184,0.0031509562775149653,0.018041455544118307,-0.024085195482328292,0.0037823279603232045,-0.00011594265148357014,-0.02754485108512693,1.03995778524887,-0.04021594891434768
9782,0.023307869169027155,0.8801743079559055,-0.09898325993918172,-0.11170677672479426,0.009227673221631774,-0.06999429658513345,-0.15069914947988186,-0.7221780735113145,-0.14738704603709282,0.03373716109127653,-0.04837336933503377
9783,0.007905648048532688,-0.14688002838825187,-0.01483591016323308,-0.4856769884415927,-0.014688358039148435,-0.1164664901991585,0.22587798489394736,0.8346103263070395,0.16717529392889457,-0.09842063380233479,0.0950529593769519
9784,0.010808179127425318,0.04981156909122587,-0.11453358870417325,0.7788291734985475,0.08380492720742712,0.22427774184046242,0.072808369481731,-0.05181422399169074,0.12175772657022381,-0.07073554029392036,-0.20774455499958422
9785,0.1333382034672426,-0.1414782042512039,0.13328607343838347,-0.1242221030624614,-0.5562607794404203,-0.10030125525285621,-0.02157138776561744,0.0770493881885268,-0.06852101991010019,0.1911630449892463,0.875407271652477
9786,0.226736988983069,-0.03980391569585064,-0.20819245490358573,0.017004886864395507,0.6065467888364384,0.02934887893133481,-0.04772324097627587,0.12562321730613238,-0.30387160536443286,0.05191891176556209,0.02732889525689587
9787,-0.14525190960729858,-0.01777238237752528,-0.08529802245940167,-0.10901717854850128,-0.034528415523033075,0.016497265008514606,-0.005244034227206087,-0.10173148557538605,0.45371828912536993,0.0013308515567376882,-0.08194587186166734
9788,-0.12086956516477251,-0.15320993611087744,0.5850407567729524,0.06837896151669222,0.2032513263565193,0.02248164022576988,-0.05427424860929623,0.061676318334226744,0.04465452499791918,-0.06874829934423866,-0.04745477825677677
9789,-0.03859531024061272,-0.03053976077682425,-0.08912635583602838,-0.0081210112574303,-0.01443249378999065,-0.6265161464645838,0.0015577939275482648,-0.06801793089974793,0.03231416291349792,0.005041878653416635,-0.12031818489799927
9790,0.13285034754503885,0.05739151631854905,0.41624946051444633,0.063482734940082,0.09580501416388856,0.0738437917406901,-0.10056158870023836,0.23359554841361438,0.061590240651745266,0.15664007793487333,-0.02206564855130382
9791,-0.14471580679264917,0.6610807671803471,-0.03585765562243125,-0.02129563371621641,0.06543992258619527,0.032874112219856935,-0.08841348567041435,0.052149571597149946,-0.06563804825570568,-0.004619353705469573,-0.006283211131227116
9792,-2.0104693486996776,0.0751897067767457,0.04447611023905469,0.03420727582252144,-0.14292796442183708,1.5668186460158757,0.0011754248704260077,-0.012290189159672704,0.0026607607171686533,-0.017131968058370913,0.00826885690317857
9793,1.1725678705448264,-0.007953992945086325,0.13251896717675615,-0.004292112206112018,-0.01374199086081486,0.11535528786199738,-0.9301140510160191,0.00987309205347952,0.050466992586920785,-0.01716000976102883,0.01954125562380007
9794,0.7629981163038866,-0.05176188199531887,-0.21788856511021412,0.00523210185101047,-0.07140779717022638,-0.05624335089684954,-0.016953161898159413,-0.004913085270498844,-0.05568776320315247,0.05661631288770332,0.0881077470067153
9795,0.6816490589100912,-0.01678711598496272,0.09359052938672402,0.02562845921085085,0.029092814122210358,0.003315404022256316,0.05638958851341209,0.012603272975814142,-0.02772509745684354,-0.01804727450636681,-0.05259274976040133
9796,0.07476585505238666,-0.05623986189010501,-0.01178783541087865,0.01582364204644664,-0.08191713867111958,0.14033559446447774,1.2903247084008709,-0.11160044926753895,-0.1573527928754282,-0.8953507991062503,0.07700656884034733
9797,-0.2618468558912872,-0.6235259227678998,0.04472980317931426,0.07159811484557208,0.04203290675289474,0.018110265396636134,0.08877407094285414,0.03559981462788555,0.08097823194376595,0.9449496338099657,0.10807349569222585
9798,-0.24301719646479247,0.9546152908011464,-0.027431767565787385,0.008500092994002067,0.043715369123285636,-0.02232195082492397,0.10387090703008763,-0.6135573904624907,-0.08017002891236664,-0.034881437909088014,-0.031440663126898055
9799,0.10335674280652665,0.06450096075521086,-0.1486688330789747,-0.5587393694528435,0.11083848604480828,0.03748431706938007,-0.004991748986897495,0.852572758248351,0.045959237487669155,-0.07430766376100656,0.05992146654187242
9800,0.23883513063528639,0.06437345848182366,-0.08533171111069865,0.791271450895274,-0.002012239185861594,0.0403861657714056,-0.04977572795719825,0.04746114650838928,-0.08503891937889294,-0.04768214090392895,-0.31758670422335983
9801,0.07195494219095185,0.0075239888542672165,-0.17414598475576415,-0.08078631938795908,-0.5707808861760113,-0.03459853828173463,0.04842296815050916,-0.046742205969641,0.153233079978427,0.06073766964310844,0.8452425478164236
9802,-0.030944777416614385,0.010383705242445333,0.025025371245983172,-0.029749831524948547,0.6126659109698807,0.10087735360572352,-4.3056525541683606e-05,0.05304147031477768,-0.391172467176898,0.0006958869093237832,-0.034291495778577465
9803,0.07156005155262717,0.17570836726183664,-0.04566367432595728,-0.20052006683206783,0.013018340793049499,-0.385559150870613,0.08096463781873971,0.11835897348435205,0.5183972190383019,-0.0036077132866854317,0.037025873178615255
9804,0.06723884644486725,-0.00011087635676820112,0.5566150467485552,0.025647665881007378,0.21389315678691284,0.05587200175430283,0.11153426515780958,0.13854528903235908,0.16258318737602578,0.16224496349301337,0.0745332410258267
9805,0.0755131836054615,-0.041437087044468364,0.05750263965800944,-0.0646600343110907,-0.04936997384536744,-0.6729282170494904,0.013898024996354655,-0.04475721407114407,0.002583826710081363,0.03235302323712403,0.13740721809284376
9806,0.12569977677805147,0.05233506290997976,0.4113964937711934,-0.10545107093243097,0.0658494096024762,-0.05785560124946585,-0.21242528151960277,0.19293525608129625,0.05381322503504304,-0.23822128355607738,0.010678356490991964
9807,-0.07122105145172561,0.7068370168514706,0.05378191108739268,-0.04443173562559065,0.03511980534483079,0.03350807817597242,0.04437560701144947,0.056896198460026734,0.026033286241241665,0.039963685083797516,0.04079627990881853
9808,-1.8407018313496202,0.05295429083011658,0.09402172494448965,0.049415835473142974,0.034119510953664264,1.7600649712303542,-0.17446191176121684,-0.09909295744113017,0.005454956040307614,-0.06543509552284221,0.01402424844181981
9809,1.3429338051728428,-0.017753185667818343,0.12112004754086673,0.05028584158111759,-0.08377640383982621,0.05798823431561121,-0.9938279695516711,0.009383373288547093,0.11173720818378031,-0.06586715630930914,0.06867085672607841
9810,1.1273568541239953,0.06852614428560072,-0.05849460874131783,0.0638920672746361,-0.12398414251052296,-0.14865742756244288,0.06770466634467913,0.1397400701307983,-0.10760822848783363,-0.024839323890116057,-0.12028044614074272
9811,0.5902064367284969,-0.0030612869513721164,0.13232937860479738,-0.009730285821798424,0.010001537468931499,0.009174261224754444,-0.033736803477464314,0.03177384433190218,-0.03265902539325698,0.06345896591251408,-0.05208392093885808
9812,-0.14550673118614627,-0.0870339643416635,-0.037854399505037994,0.02268812755976259,0.1017398024308136,0.015501679625567363,1.4052114449978133,0.08996468158903338,0.11555308834923184,-0.8989678646101901,0.04635455532818983
9813,-0.1495419494258872,-0.7519493999202671,0.06496403094450766,0.10536980367425366,-0.019825588898503495,0.13442344886444377,0.14207272074065708,0.041462554507819056,0.04608113034607963,0.9847968918118661,0.03510357363759055
9814,0.01167067526688274,0.7962120991852586,-0.007455146288799591,-0.036643515603003426,0.08792251585547513,0.09202217797153844,-0.008737532283613222,-0.7029036888589064,0.001528807874771645,0.015999053888806118,0.1194712488269281
9815,0.12463154546572008,-0.11101720579046329,-0.028321149216783612,-0.5558357815161789,-0.0473745885966209,0.017077150660561827,0.14311847097277988,0.8224894159380538,0.08247299375936062,-0.03845093130363597,0.024119694263532207
9816,-0.12544155622408953,0.027711148625403526,0.10012763620296772,0.744159500798524,0.13661670829123465,0.21796644977785576,-0.06228365045078282,0.005718423991077504,0.3104982767328162,-0.050926631636544664,-0.42701669306734036
9817,-0.13922733051702102,0.10969849407351535,0.07161743048157093,-0.01416820804094004,-0.6612317262496804,0.10633961880231575,-0.027160953248886545,-0.046090123911537585,-0.005399543848094608,0.1535973806446412,0.8552864374437682
9818,0.20106735761511077,-0.056845648022086984,-0.07176235858982725,-0.03324787042292547,0.5972623418438452,0.0942207617309904,0.21963252358909102,0.06643359742674777,-0.3042144957993175,-0.2390732922904543,-0.010489496886684409
9819,0.22889153454623384,0.17181298710080428,0.15826762751788132,0.06849781038002695,-0.0037170847082443788,0.09793214856261508,-0.100990387369777,-0.11856420756661973,0.4819476705336128,0.11963784775185363,0.03141701115049373
9820,-0.040086584419227106,-0.13610195925094387,0.6064759706088799,-0.06670911183791223,0.1172160837799321,0.057050965034573,0.05935019426685115,-0.033498637721064255,0.12465960826469996,0.10921541632032572,-0.044094903767032914
9821,0.04010099242461468,-0.009940582902384984,-0.05628930106867884,-0.1481926869661851,-0.00588455233237347,-0.6675859249751296,-0.07261637890710378,0.0104373866640353,0.02978256158830296,-0.0037879031414326577,0.08664508887942038
9822,0.12415097365294818,0.06405394452315041,0.38636648592774864,-0.054281614126698574,-0.059326064343960296,-0.024719552879495857,-0.14325277939066647,0.10812195332246997,-0.15191150690088484,-0.1737308989196729,0.04457084602611559
9823,0.33626527703346876,0.6209486951777873,-0.050645070620499354,0.03188584686746493,0.04810657655986868,-0.18064436763591568,0.09568914328267836,0.05615442094319667,0.015367793551188967,-0.05006000003306637,-0.004616753603440363
9824,-1.7163524819535645,0.016938401822635805,0.07499240104464693,0.07694935063158431,-0.024492344704199823,1.8768496046035155,0.013535120261597373,-0.08150534463870687,0.017914058180443247,-0.10225141122467123,-0.01887124908828988
9825,1.3643258175656816,0.041386317288049514,0.06543003558607927,-0.05031502421518966,0.017143957817443302,-0.12793222573545804,-1.0227577827048,0.07210608906147074,-0.0753134729890092,-0.008763100922052913,-0.05786223673763764
9826,0.74543079614642,-0.05316635718889667,0.054943576793503174,0.0525296045830394,-0.005560909365263246,0.10683370446304238,-0.048809118931426164,-0.08471057124352002,-0.03247311443208521,-0.0715564875775161,-0.06776895647972954
9827,0.6214044956505608,-0.009410320326471228,0.025973342340198654,0.009038353959755063,0.012175808321009333,-0.02751237574325263,-0.014087220029700033,-0.03360863065775701,-0.009496791341245332,-0.03529861609231588,0.1076339115593663
9828,-0.20761418643232218,0.10478149067277494,-0.16140408921524113,-0.09450092825184879,0.08491071573884898,0.07733797408977791,1.380659833630645,-0.05169078670569964,0.024434061594645597,-0.9817007750991069,0.08609424789267223
9829,0.16732943621507884,-0.6016230835644438,0.10027983024122004,0.016621301391198058,0.14607786488072785,0.047352112137747135,-0.020151144047623075,0.06763194335879179,0.060800803847719416,0.9505366762875568,0.01935905121537879
9830,-0.08587699094313059,0.9639157120480335,0.08545254654947862,0.04598381375977059,-0.03591877406400829,0.0782806224709296,0.09571531609832092,-0.6523843444500493,-0.03363159772025994,-0.018106467753575745,0.011973301471101337
9831,-0.04886528877969674,0.12943270095872814,0.0300683602022834,-0.46026252850373284,-0.12454539344952482,-0.059217637046634165,0.10738755500510364,0.8242237428639889,0.23639341574767758,-0.25249415100397626,0.002499373431529504
9832,0.14240395130732694,0.009860564862432756,-0.04145133478620791,0.7915534287195152,-0.08485758725709029,-0.12632892615914093,-0.0015540777468916623,0.014834653583828919,-0.04018765591192776,-0.03373094756478973,-0.4051321876491192
9833,-0.14240782727290482,-0.13943770776148934,-0.0332012352527138,0.016355344337084052,-0.5190753067061056,-0.08876633419002762,-0.10967010603541034,-0.0688274836744038,0.27022094934142665,-0.21611354822684486,0.8494012512774018
9834,-0.07384214186297114,0.004661573951807862,-0.06525121922824592,-0.009070217269491063,0.6350165003511201,-0.13320776971089146,0.2031675619562771,-0.22133495488045352,-0.2275028200974639,-0.10449188655089954,0.023281953167474986
9835,0.16318928346987818,0.0668661770994596,-0.11862629728521834,-0.07381434147087416,0.01670982374747666,-0.15362244220037993,-0.09133941993988755,0.1229875583747401,0.48371099191818895,-0.0014334703579727002,0.08670539613496771
9836,-0.1394146965455476,-0.07500442646656467,0.5849554293802302,0.14302832393160356,0.017706039084630615,0.06895092267395689,0.018804060857131263,-0.08191884041169092,-0.048527670762396675,-0.06735220197582177,-0.055447034203363506
9837,-0.018332495196409504,-0.025393176102913566,-0.032764218685607506,-0.03668918373285119,0.10169816871080616,-0.7205201905629836,0.030195942154661377,0.12620055406415498,0.05979588958917566,0.034720786188471874,-0.155067915084702
9838,0.15635847165269898,-0.0773627769072115,0.39579752289064674,-0.004871964987472107,-0.020239644113524063,-0.27327561452535803,0.06804501986755486,-0.08028138203499001,0.05835626068821586,0.0022992323995946118,-0.09595040464749476
9839,-0.0928495828986918,0.7052160290516213,-0.05135911980470279,0.0036470878515774043,0.02389765228607581,0.061760609153512676,-0.11011427793084251,0.07649118856272752,0.08399944900025003,0.07287684045841136,-0.006906211798133669
9840,-1.7550984489770987,-0.006929450728468666,-0.045229695191269056,-0.09483220689054246,-0.15621466635027534,1.7236556062597999,-0.11306956272481017,-0.11451141748055413,0.05519540079801789,0.031306172602923225,0.024785177034590312
9841,1.3770097715166987,0.0058213306196552884,0.06942629938775281,-0.051788782565444745,-0.06310281848833837,-0.21343832734795243,-0.9356990359741835,-0.11492103613595762,0.12090401507148853,0.0035955308361952446,-0.04729030809387619
9842,0.7591661099822202,-0.26207133946605365,-0.005015254159279037,-0.03386379454572774,-0.05509703170753104,-0.07517421927419007,-0.017388534872977948,0.21204939926348293,-0.18247954781216205,0.07332324513881665,-0.03433581728212759
9843,0.6245029951555395,-0.023425051592839086,-0.038157054096516575,0.032463590948843234,-0.11244645752103129,0.12764691765993946,0.03521269368950047,0.040714773725998674,-0.003589612659979797,-0.04773686208826482,-0.0049777786803374005
9844,0.051828581219160084,0.0996685793980635,0.16146347830474111,0.045076209635339946,-0.00211628380016996,-0.07163827989693164,1.2568868715064905,0.008796975601668186,-0.08834234667434607,-0.8603473923934871,0.02049432459135888
9845,0.11185890083729935,-0.652320780415896,-0.010930462080790349,-0.007506862566447349,-0.11516553180968184,0.19400854508599658,-0.0013436250755796525,0.12662080299934775,-0.023038608979980998,0.9483775712134502,-0.1091099494154164
9846,-0.05404697122047147,0.8627733413034054,-0.027450617014950107,-0.028945427140896783,0.019329361853676678,-0.03452627754850514,-0.05279544585775867,-0.5926595069559178,0.07657831551321254,0.02997633340124973,-0.057389743636015914
9847,-0.04390619752055015,0.012625539426803757,-0.17036320727158658,-0.5980678609027611,-0.09375470049994705,-0.16708334234860328,0.06071228354449592,0.8665316803728178,-0.04811664836001869,0.010137113644227369,-0.10973389467406633
9848,-0.39135684978609236,0.07639007804425683,0.10032617935621622,0.7777469261689415,-0.05485719455927031,-0.05538274656601782,-0.029284663086676765,0.011133655295280587,-0.11384556540493279,-0.005961014430301326,-0.47011560236004557
9849,0.004142624861508208,-0.2420334982756212,-0.11796978692777127,-0.010177648865719445,-0.5022979615856347,0.1416021743678081,0.14627624736439954,0.05902229476375818,-0.1734644819880798,0.07182523841661141,0.9164964266314369
9850,0.15659739605432343,0.03356008395709412,0.004763472440834277,-0.043349451966699946,0.601626125111351,-0.06181112581011395,-0.004199820791930967,-0.052718532160482834,-0.2609235695286399,-0.07696813051397773,-0.004124133324764344
9851,-0.025152485081893845,0.0348084817792552,-0.11379097084725658,-0.12905945355538187,-0.06771365249018099,0.05436754510650998,0.09809553083829482,0.020171585289063043,0.5059551847403675,-0.03547068048507895,-0.027269883174060497
9852,0.25134495270125246,-0.10741617072936037,0.5742043738604419,-0.15026805276000085,-0.12271881321182852,-0.07185060300401916,0.07978899126352412,0.014774802882785296,-0.16330922088182095,0.05650509850788392,-0.13235480162509705
9853,0.014540035733922561,0.045424868552855054,-0.00681062762248359,-0.032489170002194784,0.034684604376041435,-0.6677884158687671,-0.0072997595060424175,-0.0627390610796722,-0.05369038392674402,0.05139935974242734,0.07863107637971962
9854,0.08811612311207963,0.08083895110107472,0.4073175164590317,0.0381532748690307,-0.1536817160576603,-0.018139142721910716,-0.003871699767330973,-0.00350854295933329,-0.03494833452283158,-0.026403073335503464,0.1477572620106632
9855,-0.08459804833873563,0.6434748268880562,-0.012217270973000975,0.03269266772203972,-0.018887438208185437,0.03689309869835603,0.06618732426079163,0.0548814464643676,0.03798810547038094,-0.013683394852272051,-0.01694028680755164
9856,-1.854961238587297,0.10513906056984816,-0.10620009285926348,-0.11389669056038722,-0.12709459350890517,1.8021451679384006,0.020236354605984663,-0.011237446582127152,0.06631874065938442,-0.057632401895698404,-0.07894748035443597
9857,1.8098798176799853,0.011435172937063252,-0.05518340996599861,-0.025696033887683302,-0.03018609780446309,0.08007248047451344,-0.956921442662884,0.0015235694066289248,0.09259014361642318,0.022366036351874573,0.01651797044047815
9858,0.919314204844358,-0.05901541272956882,0.10043750494122129,-0.1496483435748016,0.1153315653098731,0.2436508025738487,0.08454832563881451,-0.1005347151195699,-0.061511836215486046,0.005636196912950126,-0.009772957375328519
9859,0.6082316215326451,-0.03831115000305749,-0.060724246397141135,0.03459686226565607,-0.08131556323508887,0.03208141188664351,-0.043874804575330904,0.011764007315631054,0.05850853397837502,0.05669229366401748,-0.015166012558289945
9860,0.07888340185028418,-0.0200759619264336,-0.1340093709273105,0.04666682765804976,-0.016242913196637947,-0.10856201718742656,1.3622265649428031,-0.07477789858481494,0.09987729836287822,-1.1461279101586133,0.00793674730849339
9861,0.030214688071890112,-0.7560805239751966,0.009370518749028976,0.18754364143468275,0.06349624785689098,-0.007707024205720191,-0.14278841633677122,0.02969084879743559,0.04243683230815185,1.0109817381054929,-0.00024748063355052065
9862,0.026910397367181045,0.9542381213318988,-0.0035903868590565083,0.04621964716359575,-0.07619165234047458,-0.07365394871971484,0.09347855024448824,-0.5750230183204704,-0.10888534361982974,0.09441557324627112,0.0856360632479375
9863,0.22739510898044377,-0.09349158396945,0.04732913993828831,-0.5338689359935478,0.018936953164648558,-0.14884901757951863,0.009161717856705493,0.7928771987912252,-0.04013250060891681,0.03922481392164962,0.07325010585540248
9864,0.03856255218839261,-0.1152449485223683,0.014961226425040296,0.7974948816551578,-0.038956336065388564,-0.001330219992475545,0.011214545149486036,0.07758610995046138,-0.02649801590262334,-0.11753344439474367,-0.4434804210832884
9865,0.22289456394302107,0.13339906219918107,0.017523616336199907,0.07176572304157557,-0.6073986291623125,-0.23562222658350082,0.05466528102178014,-0.04744043154097898,-0.09816315361564897,0.03478659743932962,0.9329482988998179
9866,-0.09275594897646257,-0.05089551522045481,-0.11838041358145161,-0.010153456693247288,0.5903080766015988,-0.2083708804111473,-0.0043511970064629485,0.040874401498127946,-0.3849815110084233,0.12857459451706058,-0.057970795126491226
9867,0.15593869510697092,-0.013457846112544844,-0.32027228956579,0.019118271315419315,-0.04081438311613728,0.03479862243255052,0.059889511989932157,-0.038931213653946674,0.47336576783165013,0.0377285992786185,0.005890777992403763
9868,0.0050305543074460725,-0.09096659535884748,0.6169377854913933,0.03627685870472723,-0.006684228979615398,-0.01890925746331016,-0.0033487475594068386,-0.05558522139899706,-0.06046421497087833,0.09233811725224339,0.05200646516162959
9869,0.030276551744197036,-0.0038598269517266352,-0.009571064942582233,0.05485327112314176,-0.050423996830575156,-0.6466533107892759,-0.010532986204415893,0.020197018815742217,-0.06710876769967763,-0.05231471295439645,-0.053248787027886296
9870,-0.18166175875014223,-0.034082468927390225,0.44433058560176397,0.1019879909168453,-0.10010247170741265,-0.272485502434246,0.0001554783043566559,-0.1709097650733952,-0.04746369216940888,-0.07980585055592374,-0.11668179124080945
9871,0.07077582907244469,0.7390213114663683,-0.05315156178899984,-0.004990813196475815,0.09916158233378418,-0.02103367510504052,0.006184967169923287,-0.015796510943219783,0.03912790279584561,-0.0009482446674081747,0.057638909599389096
9872,-1.9102106539241621,0.10464217098582704,-0.12323900824250202,0.07569890790710278,0.0716737142312552,1.7094637163220807,-0.07630995484424302,-0.05039751850096265,0.01915264528269751,0.14463955152166894,0.015858772739616306
9873,1.1952898547115722,0.015944456075742304,0.07376282393126993,-0.046697246295138904,0.04595391305386539,-0.1231831031000567,-0.9876268592416759,-0.010593209231187665,-0.024307740892341747,-0.09749637293396102,-0.00046246780253240364
9874,0.6701285772094379,-0.08824295364213282,0.0006913893975237114,0.08896023226176762,0.0032765899685632226,0.20541403326114954,0.02472965045548388,-0.02076246347411231,-0.15406998833486782,0.022383881474575602,0.0828866153793169
9875,0.6221040213197483,-0.024363601663794192,-0.0066768624831475285,-0.03919697046604657,0.04323474874830128,-0.03328917403248895,-0.004111635939077471,0.029596033969051944,0.0006974099174996053,-0.026508502699507025,0.03352038448650988
9876,-0.05971270431032586,-0.11859134461737071,-0.02652060593216248,0.034599874066266724,-0.03587026710249662,0.07175682622649437,1.1711891488719188,-0.042112761935907544,-0.06506567470169397,-0.9823672174898062,0.10787830526595284
9877,0.022339174586029888,-0.684904131526517,0.0034329957576298012,-0.025208444550334642,-0.04866700597710403,0.09910010581577887,0.12457558331864922,0.03866047277699838,0.16324549924640555,0.9739884894878138,-0.0251377550593992
9878,-0.044702637549646165,0.8954721590392213,-0.08343823306938437,-0.06480488121966158,0.04175722341883938,0.006551754507115752,0.09573337166395761,-0.5978975232339324,-0.014159230444239721,-0.029503023310372085,0.06117053035481179
9879,0.10821455155226424,0.10195903396447219,-0.0006114061029095141,-0.5273532450783466,-0.07065860919211411,-0.051661997802303836,-0.10326134159420423,0.7941508112152394,0.04315101188174761,0.08114463285713114,0.008539451300944894
9880,-0.06600012236584629,-0.08438419439845897,0.12751309047889542,0.7413939296115826,0.09855862105126247,0.03418866214880385,0.03937677290626154,-0.04519660165451273,-0.09624257264970212,0.013316799509335609,-0.27719963707923523
9881,-0.00799029886891309,-0.12234157036808757,-0.05953206870375364,-0.055214023211426086,-0.674399358785324,-0.15427385692075027,-0.22535226885771667,-0.015718313464685423,-0.011149004027392103,0.06449432289669801,0.8220067005541045
9882,0.08788275393629232,-0.055804677657006384,0.12005148914367501,-0.05224421427069759,0.6005220086919846,0.030834732275946398,0.13485434822816933,-0.04909200248897092,-0.37951080107743507,0.0013973743638249752,0.007452638322309143
9883,-0.10124130668136518,-0.06264012104331892,-0.22296257004965814,0.1827727888658837,0.05332782213520153,-0.0636538369030122,0.1405334350494776,-0.05398213603212099,0.47252202858935183,0.05683185015919844,-0.09921899151740375
9884,0.06024547690239887,-0.10193416594097013,0.6234766698916694,0.1122132781508162,0.09830236111999303,-0.06846180984837626,0.008694776740798616,0.19999603357708673,0.036684617960193414,-0.045709764223500406,-0.04410879027470136
9885,-0.0565036754153464,-0.025011059272563436,-0.08512825727443088,-0.020294174705048552,0.040772375663649676,-0.631866703872586,-0.0686427475551378,-0.025388517342931034,-0.14673157617094734,0.023060656208607384,0.03574666693385532
9886,-0.15302729056354436,0.11744721040785057,0.4091981342560228,-0.07101741475185007,-0.16988320594453343,0.2092833897288818,-0.04020504712709194,0.014331940959495288,-0.07144904817410692,-0.11599890692054154,0.022470280356236848
9887,0.22476198314820156,0.6669111084432381,-0.03711118485637248,0.007511250866149927,-0.03112401422186024,0.21797375611248093,0.12566831137477513,0.014587775069877528,0.08531495162365782,0.07710735606428194,-0.03497205470295051
9888,-1.7637285006311707,0.1410464628529163,-0.0449807997022898,0.050269256673853485,-0.07331756660979755,1.5779658398942877,0.05059740833773476,-0.11422567932338958,-0.14784606984311377,0.04078270709746172,0.05120219057495886
9889,1.4344064280661424,-0.02782754678301842,0.06528421829574277,-0.06603675968092255,-0.08586775394989499,0.27160535737736213,-0.9248587302738642,-0.0005272136671469075,0.08523248488304581,0.06501279027881035,-0.005002542988901152
9890,0.8750240993727341,0.051772924177878474,0.12019428499367162,0.013478342989517573,0.1067433138438966,0.028643146827477588,0.20116950132329817,0.13490578734167766,-0.009890308788293762,-0.11854653686008186,-0.0908418575281905
9891,0.6049635184230153,0.01282991824419062,-0.0546602462480604,-0.007842339241189085,-0.006824114058730448,0.03113708034824759,-0.0033792749667411765,-0.04420086017835034,0.03270023830228081,-0.0028750625749482932,0.0026362156847434684
9892,0.17075156666523877,0.007125953517836037,-0.13700015253719283,-0.1978628118932814,-0.06506230366998697,0.1300227772422526,1.163664089054188,-0.0006083390645642798,-0.24528386197814572,-0.7985323417551761,0.09761096449492915
9893,0.1115891530826759,-0.612161387271229,0.047602131055446646,-0.04476051657599106,0.02242070374937011,-0.1431983410310331,-0.15749329480081342,-0.07151074295411425,0.11563594521154756,1.0352642228250695,-0.1089916180924425
9894,0.1747275240157329,0.9382327857208363,-0.11918506576280136,-0.08119437428592657,-0.04955085151529583,-0.1625398398988792,0.02243551906631356,-0.7061536842221479,0.05119070888650798,0.05638470404811149,-0.030009324957091504
9895,0.021447599735896893,-0.05123857366291185,0.00016758327382571363,-0.5416156512866569,-0.03343119644460988,-0.15435846673122064,-0.09952106971854499,0.7999600429440346,-0.041196058692141574,0.1838018188352993,0.01745354234226125
9896,-0.013829263694026584,-0.01485856769485763,0.01094487311930354,0.7862958071528997,0.05855279320736947,0.0771261734629016,-0.13813643573896944,0.09634072540380238,-0.008853244430618294,-0.01571467019838963,-0.3652892744010511
9897,-0.03350390787970342,-0.04099133381685752,-0.13828212563777242,-0.11527890093068342,-0.40470801283494967,0.06734035434335074,0.013712038886418289,0.09604277252114064,0.0028870064295958174,-0.05851652327664097,0.8427675316353408
9898,0.17042282087512894,0.035108225218610636,0.057795290929574444,-0.014291451078017214,0.6234983246802368,-0.01251008020222264,0.025672613103753416,-0.08200158672495618,-0.14737908834437247,-0.22274901339431522,-0.018684887511827813
9899,-0.10020918954866219,-0.0016280933398520984,0.05109259391093275,0.06843893415900804,-0.03810809724106075,-0.029321995740286315,0.2216254961836421,0.07620801637249264,0.5146407065492604,0.13275259900433722,0.07369199687909657
9900,0.058423314761676934,-0.09794446339035036,0.5978484768797407,0.23527909147257023,-0.00023646766897325588,-0.09577837010300089,0.008463867881270461,-0.05562358864998945,-0.04121671509404806,-0.07548613743214128,-0.08889013924963562
9901,-0.04631046452825148,0.07369611900699798,-0.0740873609318533,-0.0748842738956653,0.011632210446903378,-0.6656983001184557,-0.053806703335306835,0.03586773570896642,-0.10328156278329678,-0.02713762131882198,-0.09069056320799658
9902,-0.03847482874867143,0.12467727661911418,0.4559173511436068,0.13084991871183785,0.03137843071147532,0.01755825138376998,0.09132739670438253,0.014412034318153579,0.006243325768148818,0.03936123967999468,0.07780229122411567
9903,-0.07373857765243305,0.6660229786178146,-0.05624779066439447,0.010736745701669576,-0.016040106489222973,0.24850595866832387,0.0678553127437107,0.05480858120046013,-0.032570504796096515,0.0106360070706802,0.05433382274611688
9904,-1.716944628309755,0.015298491389882526,-0.15196544704767617,0.1768569116316602,0.06543610712943222,1.7652473057268614,0.03491361637086501,-0.04018334086410404,-0.07946944673683456,0.05153577545957656,-0.1202944090804971
9905,1.7554296967941805,0.04109260424969414,0.08510707609060922,-0.16998045974392254,-0.14308920284958784,-0.11500808159174465,-0.9311361451272424,0.012406756328999395,-0.014562479209481756,0.016030517337810742,0.05609377065844509
9906,1.2552578362064184,0.000501458549334614,0.11808763591784135,0.000881443764711054,0.09956284647049635,0.039966198101181516,0.08699560642509253,0.0870704708178989,-0.16953015028084226,-0.19285867815034263,0.13399316951094747
9907,0.6242142425776155,-0.031114725389690158,-0.05779790559131028,-0.004608580352097356,-0.028767495740323962,-0.04565701812463993,-0.061473610220077905,0.011135948242765079,-0.011710060671896012,0.05288114041346638,0.06704804821153763
9908,-0.12626315351863232,-0.022138949063621183,0.022634778621924916,0.031408193727000856,-0.07282094709853178,-0.07858106760240685,1.208532597248784,0.030442901391680967,-0.08860577513027504,-0.9212497655848637,-0.09707828113630793
9909,-0.043285704506649286,-0.5829464968754811,-0.02536036508238689,0.02800367521926967,-0.02492690783925641,-0.149178831895832,0.0902231733016223,-0.06843379699472124,-0.1860406822910247,1.023336953361657,-0.14038245561372442
9910,-0.15635966418500175,0.9310255858842432,-0.025353233225243015,0.0741435896531735,-0.023581195219400896,-0.03230179406066212,-0.08588437179250907,-0.7196059585973165,-0.002347021091433062,0.027698149037389985,-0.04919842718363578
9911,-0.022622582886793287,0.02042855814584792,0.08986588022675784,-0.523640101207004,-0.02822342455394288,0.09897601180719925,-0.10496694615864692,0.9267139508136237,-0.013435833580978376,0.09368729130190762,-0.022256016941285567
9912,0.01821996625456909,-0.06805572856321959,0.009647995007556379,0.841547934536712,-0.013994053931692037,0.009239413959773894,0.004469642959953384,0.06296571841537112,0.23382243787423096,-0.026236425936249662,-0.5038530025642423
9913,0.005120690990117065,-0.12955286158483,-0.09968161551945937,0.025724082450764005,-0.4680052204630297,-0.063618479145462,-0.01755001156570948,-0.08893158776389556,-0.11013200172499954,0.11520085580213628,0.9778027416615568
9914,-0.1581333151625622,-0.020458775904806246,-0.0698430998601515,-0.051298528414802334,0.662422939939721,0.11355158425109739,0.041423380041496476,-0.16943067939644782,-0.19181736583788603,-0.2577171745853044,0.0568351093911652
9915,-0.09400811656991839,0.03768046933277659,-0.23111834193080322,-0.0322598280104882,0.050410983354018696,0.14998471926335766,-0.07542592394624978,0.1562254369411203,0.46900854513905704,0.04499419186359379,0.2089248919923412
9916,0.10821844328793621,0.0964142312826315,0.6294727670752656,0.12614291360506807,-0.029132137355583978,0.03225902262001464,0.0005153540692397129,0.1259897213660544,-0.04914796627585762,0.08026478528079647,0.0497590685149606
9917,-0.009069559501753264,0.04080119778664171,-0.09272068491358604,0.005566236980968008,-0.030470449540521465,-0.6579869024528763,0.01895248712688047,-0.09487277448677749,-0.05934384234180182,-0.0673144906702504,0.12148863743293013
9918,-0.04973935807181146,-0.012969814386161202,0.42676914406180455,0.12673571618812832,0.07190316225692843,0.05641432304910916,-0.013141424598555145,0.16364011421348323,0.040324329769510614,0.10544299029903048,0.08576099958309395
9919,-0.1488309822640749,0.7456487506402925,0.1368654595702387,0.05936133483980657,-0.07562700373517392,-0.12974503189823178,0.12892611231900206,0.04907391708349346,-0.0716494579528878,-0.049379825216740204,0.0252473148940377
9920,-2.184024914682305,-0.01071321427145812,-0.024098841149352363,-0.07606457861820112,0.012858806132332416,1.4694045683297141,-0.01666045664994789,-0.10493674892354583,0.02539793310816017,0.20184929583785735,0.04261408878914751
9921,1.224526988132697,-0.05071703562932746,-0.036132232934658746,-0.05271112363574456,-0.09349991870715385,0.06294550746996422,-0.9070771575590673,0.06592924540909259,0.04706135165748316,0.034158310914255134,0.02404300689011835
9922,0.7444150138241159,0.06870921704211823,-0.08018780334244884,0.09870793294110354,-0.0026955240177356198,-0.13821067360866196,0.0521121207385511,0.023250149517827518,-0.15639239340115213,-0.0766312061525841,-0.09200924638813049
9923,0.6533980491137179,0.007056398593825071,0.01800792640898591,-0.03135085038238497,-0.03799503993411339,0.12641797640329427,-0.010165230841002989,-0.05492586541736941,-0.0441764270822222,-0.05782592579111117,-0.030072406152964797
9924,-0.16378842616534584,0.03059354369037695,-0.03383506804114649,-0.030724799326773897,-0.07338082005741857,-0.06423102587373243,1.3402209781053875,0.03463241194830842,-0.09576993811166046,-0.8723521932442949,0.0689105590286383
9925,0.01861932533278107,-0.7528205312795877,-0.2022524195514806,-0.027669942205479123,-0.02217243058844355,-0.13555741367979626,0.08802180712765524,-0.10658718851434414,0.04090382706366131,1.0603546207342331,0.20270008841858053
9926,0.04854310009843073,0.8242239411267231,0.030241239871998483,0.037639974279195076,0.10066573130103583,-0.019410444966822073,0.02144736184002366,-0.6507525831282869,0.13450569924676692,0.005504597459670922,-0.10183970422403127
9927,0.0753344163160528,0.023407348968675114,0.03096092628753192,-0.6421825452029457,-0.03734026321968134,-0.20212051920144142,-0.14411209537294686,0.8747927410113031,-0.043278346362082394,0.06545519993177484,0.057156534369902236
9928,-0.09528065155372996,-0.2058637982935943,0.10058858636853762,0.8108835325770771,0.07571442916504975,0.09533561414903047,0.15612619493757085,-0.04731341228176071,-0.07915838414304133,0.053007385028105085,-0.6170761969380744
9929,-0.04556826277971729,0.026990414959767985,-0.04923568422309596,0.03384737838273466,-0.5297800185303819,-0.19884812491992016,0.15319652376447015,-0.1483169070172115,-0.0956288238600043,-0.08655343941441342,0.9245320965540877
9930,0.04349460548441984,0.13255102086257603,0.03875104981740393,0.006240819116528269,0.6162261486004216,0.05590624528280748,0.0016948504833086816,-0.0663441834550775,-0.2823254922672432,-0.014950996169081535,0.0010394221177441425
9931,-0.13715468403135828,-0.11818424422413795,-0.06617586306659598,-0.02449590248156434,-0.029106000306902285,0.29146498562764966,-0.03564760662199806,-0.1285633429018984,0.4817931254769153,0.12497599548373238,0.09849707638378026
9932,0.058870868146693504,0.12080607029503904,0.5925852397390057,-0.023965513175999233,-0.007885965519121099,0.05820025864772612,-0.17666491369959203,-0.010228634618379773,-0.096451489993199,0.0026219709658456616,0.041255194092252374
9933,0.07589873067309413,-0.033097325664507356,0.0827608143072672,0.06698755356471756,0.05023994055443953,-0.7337003724661992,-0.029263093474050973,-0.02091054307614986,0.11396231415847818,-0.13838046325792883,0.013987970815271783
9934,-0.1753666243278363,-0.07306286017213617,0.4103987745528177,0.07164895939507272,-0.034746606477477404,-0.11353662251352256,-0.05577561477053728,0.07512804249157996,-0.015346331931579658,-0.023683921379104862,-0.0354442968649861
9935,0.013384430718309423,0.6469267162946641,0.015472069930759728,0.04389870828531111,-0.01436841204051701,0.13659744170943253,0.08734251514101618,0.002594171081093188,-0.02726712812556533,-0.016904034855272032,0.040416463000362404
9936,-1.9690675688274344,0.013368391491944968,0.0356925649702105,0.018083085781083565,-0.05042685021120105,1.7308199801359478,0.015521273482175347,-0.21400467790167996,-0.03508058826269707,-0.016955135346297945,-0.24529150493033144
9937,1.6083003430858438,-0.014579820657733531,0.10409004076647536,0.14441150690913282,-0.05132978467150499,-0.1027879942963482,-0.9808782229240508,0.031025478084495853,0.03542374143245376,0.024346265494789885,0.022861151569774876
9938,0.8483416216170511,-0.13210436828771915,0.0037520019273217043,0.02505492409077192,0.022323962007543142,-0.1705573622847973,-0.013778226750066763,0.09963865033286132,-0.133341439375417,-0.06586687441863513,0.0058322725112929475
9939,0.5528492447706956,-0.0033340510699137165,-0.06890820077566706,-0.05526146182991071,-0.03232649917023407,0.04961365158279474,0.0062204022021338,-0.036736757048213754,-0.10707571298391763,0.008626486613095046,0.061871385707895556
9940,0.2111344631119488,0.05304325251303519,0.09361864895679219,-0.10071407451158955,-0.08064176239242447,0.05775664700517109,1.5012594905271268,0.044170106819381404,0.08797928195430108,-0.9093639742327891,0.0055976223105928535
9941,-0.22222103913792549,-0.7306870828792612,-0.10148809059494826,-0.03672806954729226,-0.02083869933959166,0.06375391345943686,0.061345710948238784,-0.09214788141445092,0.01569319590787147,0.9728625720518455,0.09437647132937252
9942,-0.0947590658642993,0.956097247147256,0.13761275323372557,-0.07208603205699281,0.024014316532642386,-0.06287086832398041,-0.02239288798513315,-0.6060687215357637,-0.006420293989616118,0.08373126681574461,-0.06506929784025864
9943,0.233692703782216,-0.1956022099059331,0.008908570465384574,-0.5133052064397738,-0.02456129160039161,0.06685759403065314,-0.06751999016934651,0.8461181735047573,0.01827560950053846,-0.032728747980088915,0.12963003297965647
9944,-0.07089043133746102,-0.11026374026121101,0.00604494145202773,0.7607803554772989,0.07195130468314205,-0.016065777829870745,0.04103994499511525,-0.020963660365596888,-0.007561496324631323,0.13826382516089883,-0.3531554717214562
9945,-0.2510449989516157,0.04789249273869658,0.08726243376203516,0.029648604184196934,-0.5959051134349834,0.06374926796913785,-0.10694668745772787,-0.06206392529418222,0.1309229066644378,0.007614568295173652,0.9265153161801014
9946,0.08390469828347118,-0.004056774627483461,0.021271035787444725,0.03130349269126819,0.5574626912905448,0.22982141050075416,-0.02064417015464203,-0.09828907465473181,-0.27885290165371646,0.12188408012469985,-0.03633416994333012
9947,-0.10450654394889944,-0.026629156887618084,-0.0832890602671059,0.08018362871699282,0.10414610434566296,-0.05742749997348724,-0.04320124926251801,-0.1273156624272696,0.48664843977673067,-0.018197610846657077,0.08120957325976917
9948,-0.08176989634927057,0.08284479940516512,0.6178148471308065,0.04931808884693796,-0.0805893167042508,-0.08379008481970766,-0.13480794654936618,0.006438646326060373,0.08656446505896978,-0.036801083454587026,0.030339701169242464
9949,0.01724339049195578,0.051922367207991156,0.03265068184889479,-0.05233426621651352,0.05249480367030083,-0.657136477979917,0.02089983699862299,-0.03176649450948067,0.053012043290913316,0.017050225300959395,-0.008590276939057768
9950,0.016051353699001483,-0.07628944366632211,0.4120638103278249,-0.14456264263395083,0.045467049423321096,0.10292739347767434,-0.06170552760219756,0.0651594793076921,0.10438598133236585,0.09036777137091032,0.07751539803731872
9951,0.11484570155898131,0.6997687406703624,0.008233432573430718,0.0016046971918388608,-0.02470817773894836,0.018906247424680885,-0.0012616407416584756,-0.004038558719766883,0.028546123961180128,0.018352326873881095,-0.019262470485584483
9952,-1.8555225178734926,-0.15868587924459024,-0.014773233444823786,-0.1477853873538352,0.03112711186865813,1.7958216511357974,0.08005616996595141,0.16199510368287498,-0.08674847667970285,0.1450678180001278,0.018763016912059956
9953,1.4438216960422494,0.08710661401442363,0.06603759433572423,0.04598713405112352,0.026226486535610185,-0.06558090573615884,-0.9572314663457372,0.029373546985131123,-0.09693822928557319,-0.06803900099019575,0.0672923580914117
9954,1.1504487066446694,0.0016140899725584582,0.1307233759368838,0.0692151961934669,0.08214486338345811,-0.06823664753884393,0.10493226877667598,0.13679327767721156,-0.10060663644039491,-0.12817506170788884,0.05557593778282867
9955,0.5849392788152769,0.0267633400640784,-0.004142037671906357,-0.024032982167185447,0.03742868930137454,0.10152237552884782,0.009973478890612217,-0.04492849092015015,-0.009636669537597887,0.014052646205470682,-0.008112379987575222
9956,-0.0019029182471464283,-0.13487709036619688,-0.07946575087540013,-0.05509775547295197,-0.00503756867082864,-0.1205239312129035,1.0422482563880988,-0.07608406125068279,0.049588254425859464,-0.9571337188838175,0.06021253810441517
9957,-0.059068590833239246,-0.7254830296170199,0.004412582618677428,-0.10903214148909526,0.15269717656702272,0.1416244255691724,-0.013733824391654388,0.0003542181120931991,-0.014821146358011671,1.0083899076722265,-0.2140154914596063
9958,0.019070090520951502,0.9618756693700254,0.20042634644617224,-0.000495278924194821,0.12416897611755193,0.0033544611652421047,-0.07477656907782282,-0.6530259477465026,-0.022523319758951957,-0.0009456370087718201,0.01562452550151507
9959,0.11525071476591517,-0.04785312538750104,-0.07601162553236901,-0.5981820347559859,0.04986089585004181,-0.08508223136488555,0.13512735902765546,0.7999192700708333,-0.039572910659518956,-0.06219222915144871,0.009842154470031908
9960,0.1256406139945556,0.011516150039216933,0.10445720371098981,0.7579001885359141,-0.08411737864832639,0.029737878719843944,-0.0013192926987565896,-0.11911631489487656,0.1413122560089016,0.04288543060852351,-0.5821141088926047
9961,-0.04115471626739696,-0.007998184864816748,-0.005810970168393445,-0.007191923277223374,-0.7301214359491324,-0.07275714169988408,0.09371431501426256,-0.027412407725277674,0.13203674190095468,0.010631344539713691,0.9458327914614846
9962,-0.017138734067606656,-0.08073830541480712,0.07317700348926126,-0.007082729210874674,0.6438237819400602,-0.0023504007910416943,-0.12196128565222636,-0.09074015279358771,-0.19653691623244807,-0.003448188061293613,0.02146793011461219
9963,0.06280667082626416,0.17479230082417832,-0.19319281739424263,0.0555544953716251,0.02033897788747395,-0.017148124158078783,-0.12006405999648742,-0.10183305162521483,0.5032843641720749,-0.03930534986442448,-0.07699017697912236
9964,0.023594862990561835,-0.14667265407970534,0.640979621311653,0.062313837527051066,0.25430124282691774,0.09469935433217568,-0.05604387888996669,-0.08887047392135256,-0.04676871336616257,-0.2551456135973911,0.11787059022107191
9965,0.023814594401204557,-0.007175284277953298,0.11594368204733459,0.025232319760205336,0.0259466645281565,-0.6721692427741356,-0.05283055931171007,-0.006743489032733335,0.05285467289950275,-0.024025799086506483,0.0275299330916517
9966,0.02645418673362599,0.08398224150794877,0.4569873671909821,-0.022096335248435347,0.05676383033998403,-0.08110211793520396,-0.13557626439656198,-0.06839864677427154,0.002035992431950129,0.0369920057754963,0.12203984734891789
9967,0.22321636034049236,0.65513431744713,-0.20705361646494524,-0.026599718363383183,0.004464979021772214,0.011562654220189587,-0.07555168563288171,0.02328027999317526,-0.04339082750011705,-0.013455911975322305,0.011456004853747783
9968,-1.8480396567201594,-0.028576987276741052,0.04338977916015341,-0.0909555590812227,-0.00020454513737992557,1.8027221016441837,0.05969503636276187,-0.006491522770873205,-0.03708998476525885,-0.04852336388820115,-0.07705376149768589
9969,1.5180500378770776,0.09223761503077887,0.08174741314698288,-0.09374764208490405,0.01876597203781159,-0.024768487567904666,-0.8831692644207325,0.033697300213826664,-0.061648537545369086,-0.004862846783150364,0.07692852311814818
9970,0.9870657040191411,-0.11249981557887036,-0.040730717646310206,-0.08153465446015601,-0.05626552433964775,0.06780891810780194,0.15438420426728272,-0.0805699676847514,0.03570731657908334,0.0568878380361988,0.05684118343780617
9971,0.664438602611612,-0.08209852546308871,0.02384618206043494,0.011227984098102672,-0.08332797475939821,0.07813746618157347,-0.020183173045156586,-0.004777702655321313,-0.05424437815305034,-0.025987089930826338,-0.0023138191854945945
9972,0.13391968898530518,0.004803692474998357,-0.025313421748772335,0.005191115498647827,0.13090815800740338,0.03631778123136577,1.4802314849877545,-0.017126901933174083,-0.14012955236077881,-0.788223096917871,-0.1514479760390817
9973,0.007987212939628452,-0.7821156755391127,-0.021427793845323184,0.043793375986051805,-0.031970427530730657,-0.08580692318402858,-0.030421592218032735,-0.05108831311072246,-0.06514731349802508,1.046994825125611,-0.018392121092366154
9974,0.2047005854044894,0.8433239581221056,0.07830972617723235,-0.10761456453246045,0.03302882987063865,-0.0022584323253864577,0.0397706794830114,-0.6494850931623869,-0.0806420678760129,-0.05161260895516723,-0.04537408799068833
9975,-0.058054007506356496,0.06026577980578731,0.08280748978033536,-0.5040612709076303,-0.004363564695959663,0.010368078040958507,-0.007006667578421423,0.8351492949260502,0.08900223443919106,-0.0640879192697962,-0.05232995189146551
9976,0.07216871992142397,-0.10417349600915103,-0.04299431002881537,0.8721196716869813,0.1007972054427025,-0.011398075894061431,0.19664638953756317,0.16233824992541124,-0.032846374819778965,0.0006114778353550058,-0.585108663507777
9977,-0.30551657939244675,0.09022001679997053,-0.11670356114666078,-0.05051774827496026,-0.6643558623985326,0.07835096123514665,0.03242545230647999,0.1217800858776106,-0.07105272052145076,-0.0053102081236914575,0.8511881309678307
9978,0.1579762252881167,0.0916838126269703,-0.14557271288694792,-0.0671322536379218,0.5504182673843858,0.05946764506719094,-0.06920599053477264,-0.05039529783564939,-0.25023353867802595,0.03588734378581292,0.0481636357473011
9979,0.17141291761438993,0.0895815085476672,-0.1206716097813581,-0.0016920849581349342,0.056608095603244035,-0.030003217288865902,0.08927597494916742,-0.05843756742852415,0.46645054921453794,-0.07146989951666767,0.05617873123898115
9980,-0.24142689670466635,0.08186675428463581,0.5993826906487478,0.2090114551857053,0.02669094052833281,0.07084066089954126,-0.13591805470222834,0.03491569379701283,0.09451948952603775,0.05115789909938653,0.005359403271471259
9981,-0.056582595257348725,-0.03210230871087983,-0.19311295247238572,0.09356677326417501,0.12013287614772984,-0.7006639601823564,-0.031265914520674745,-0.06365813588020472,-0.05164789419165208,-0.00010374340298285097,0.05297041116502297
9982,0.045902047783354244,0.002044020903859688,0.4364831690754611,0.001488785501234689,0.08778210755220371,-0.1736846386063467,0.04386143501030866,0.07008184319454569,0.15956339339962472,-0.04277646094399802,-0.07550316714309167
9983,-0.019838710513189445,0.7423765661115296,0.04505824761240511,0.09211683498489087,-0.019426418816969198,-0.041040720241010034,5.912666159606922e-05,0.07650886477553084,0.10088590778582007,0.08244810811717633,0.046972640405020215
9984,-2.050902751222003,-0.06726384267561288,-0.17301997255330334,-0.16672302483506066,0.08374685009371104,1.5814885845011792,-0.03010469153848412,0.10455241225102717,0.03413545403248866,0.08230319830721253,-0.08754646313785266
9985,1.4417635441406689,0.005465339947033717,-0.057989910386207225,-0.033038109733228654,0.015826917435443896,-0.037014420728659306,-0.9684145934790076,-0.014461912690037815,0.016847332840263626,-0.04020960691780978,0.0014757485335836753
9986,0.9605097337523749,0.06406687628482859,0.007290122351060264,0.050549227767936605,0.0777627682806051,-0.041817735523008326,0.02535447775934099,0.2143970723861806,-0.009925727709390314,-0.02910170271068149,0.016513625624862742
9987,0.6226290361535937,-0.02276179669314684,-0.02910336852530338,-0.02998666367396544,-0.00030777162551725353,0.00042865992202863884,-0.04903739882424856,0.02973604102759532,0.024386709021253665,0.020915347465922628,0.030466573669681123
9988,0.18294879370940173,0.08155147131328021,-0.12461344246799709,-0.1309165203607576,-0.15317295115219962,-0.004862421098961383,1.1985527007413086,-0.027238381081174767,-0.08815432409736156,-0.9690163708554989,-0.159182024778755
9989,-0.16051895947168698,-0.6849832186782174,0.07844634134655104,-0.005034649692472538,0.01199731794327889,0.08129690615186805,0.031110815762670684,0.003725580317644968,0.14946013278618903,1.0131847645053929,0.06217689530308147
9990,-0.12532694764332833,1.0452876265581916,-0.10812048000078396,-0.07900128236347577,0.008867280359326574,0.0847875740476426,-0.013132873979866582,-0.6782994635009144,0.1667932505190674,-0.004509053760588729,0.03883655427553587
9991,0.12029098881100365,-0.09799404691200726,-0.005204849625507781,-0.4159744079361086,-0.013241181515578156,0.14801226856128666,0.1152941764822777,0.8920058768407267,0.043415752058976784,-0.003961365425186346,-0.05322400387535576
9992,0.09150923072014676,-0.1305773487127995,0.14471070103799372,0.8178939851998182,0.0073708918782700835,0.1189263310245096,-0.04903754815398747,0.014512490356239848,0.09952880038327967,0.11278178427432,-0.6444172338769252
9993,0.05136236550409763,0.007887403116145487,-0.06948231385475517,-0.038229240940458396,-0.5953827607795541,-0.025161250825338675,0.14047565759540998,-0.015525913370390412,-0.05690261571343074,0.1338588707053244,0.862067221793621
9994,0.15654826720438472,-0.014156526648369638,-0.02703670785796846,0.0635900195274473,0.634234507450241,0.009396707876587853,0.01660081611565346,-0.06289411495310707,-0.324518976058381,0.2929685306909108,0.01410374979768796
9995,-0.05039365927924426,-0.02704031632515396,-0.2582965834156455,0.009796113841198717,0.01756240974088999,-0.017064730559174113,-0.19698176852553623,-0.07760935926153166,0.5062945543976268,-0.13345551232995734,-0.003445316980473435
9996,0.0951454529544464,0.07369695141296896,0.6201656440460068,-0.11471220433783513,0.0034540571000941404,-0.33358969627677487,-0.09487231740097156,0.06561025047154258,-0.07814879543882625,0.024270321530888234,0.0731912544124655
9997,-0.0755026098315458,0.07648780006729856,-0.010317560187966052,0.01992441330988178,-0.015666185146109277,-0.7020163218785845,-0.03627591489740866,0.03372228230356828,0.025452069672921736,0.08623020862015988,0.12138354628310404
9998,0.046409386459614566,-0.15339164269570602,0.4227346417592209,-0.10534059402195248,-0.05535583370835043,-0.07377091885974053,-0.23506186335002865,-0.05461948339008419,-0.04817704868639547,0.07264218879780801,-0.054580886762540914
9999,-0.04857639984289377,0.6744525372247825,-0.07224587985001762,-0.04082862563991872,-0.01675333490090749,0.01827151537245899,-0.018999200406751723,0.001082091740534104,-0.01103603502350809,0.00531861721880682,-0.03869925316880416
10000,-1.9255840404589348,-0.052490664527921366,0.09778067157846075,0.012233367563022483,-0.13726359687530407,1.90549772223662,0.13387485308156197,0.004299626221481651,0.17234579398010144,-0.043028870457105066,-0.08386465755446182
10001,1.374978482038432,0.03171036365890404,-0.06965851120862095,-0.0056501271563193295,0.0021979839549580563,0.18120727921271212,-0.9953087041809621,-0.03025789839222276,0.003520565279063756,-0.0365320317372268,-0.059930989049439054
10002,0.7926613824031774,-0.0621354064102177,-0.15797297103779714,0.001396777000678917,-0.07494224522601142,0.17201383209849058,0.15077857646351406,-0.07413867961990957,-0.11518692663784555,0.15824001381727731,-0.14536375885270866
10003,0.6777059417698351,0.0007660713569861352,-0.003607307996361886,-0.0176812111945875,0.02916964412810633,0.02639510054877008,0.049413298436702356,0.0392183090662208,0.026991038499107473,0.01952652360065571,0.014252241951922453
10004,0.13487686729632112,-0.06815583798864074,-0.08011594226416328,0.002336677952907181,0.07069330282466757,0.05923697855834192,1.2206419555017047,0.006405865725884384,-0.028114824304145903,-0.9981865127161509,-0.17685730030390884
10005,0.12129782731932874,-0.5315952906801117,0.03882041647939331,0.08296513352082734,-0.09480703045703101,-0.0871120417331752,-0.06588268832641835,0.06445504607654824,0.0374872998184147,1.006739636833254,-0.04469083911210317
10006,0.11661558817692406,0.9881227438903468,-0.05353645891732136,-0.015646287390768385,0.037718938233667065,0.06400536923945804,-0.11870527432355335,-0.6051946581176901,0.1630523980188219,0.0085179199911645,0.07947484395710706
10007,-0.017144833497432684,0.039602922395582954,0.027847973784697697,-0.40106653320468677,-0.043077830204608564,0.002156329241351077,-0.02940995557750311,0.8442521381684492,-0.0008575443651749181,-0.13432180736595892,0.10594653999513826
10008,0.12152138015214306,-0.14341916558037077,0.061885414976716076,0.824053852695032,0.024989686802213182,0.02806545881030375,-0.0017897560155179801,-0.044062054258597466,0.054253071598871175,-0.11048091185785515,-0.6075522010678147
10009,-0.18938073898696156,-0.169593643402232,0.22589701440961832,0.11332738386155897,-0.6147968191250781,-0.06760447307341912,-0.022014877347001176,-0.177477198340666,-0.026042462896930577,-0.02979976043962433,0.8296193001465014
10010,0.22675212047490664,0.13143111004392044,-0.029237067510904727,-0.04777275826727786,0.612831656519202,-0.1527261757630991,-0.10132750067029331,0.1343587658461045,-0.2940991619438406,0.14716410191323095,0.12703315742180676
10011,0.13188202764877102,0.15787867535558728,-0.26132097282391664,0.008657287830099081,0.038129501344144084,-0.09337539066322917,-0.03284087871133863,0.06110479116183008,0.4783073221262136,-0.07172293925179879,-0.0876916127427901
10012,0.08411133989993916,0.033668765019034326,0.5288065616152879,-0.06528379264269377,-0.160481673904597,-0.1703525620323293,0.11028126752206366,0.11858762421730526,0.16753396378604235,0.18211271900375753,-0.12601356623239116
10013,0.02696606705038857,0.007761870629402837,0.020464117252976623,-0.012844031996223748,0.11850698567853339,-0.6828426081891887,0.0743947802878286,0.0877558275646392,-0.1340232990583219,0.03716048189579654,-0.05503772502050746
10014,0.13624058485771676,-0.18418830068825845,0.40742949351384117,-0.1719946811533064,-0.01581488928124487,0.08725868366243772,0.05562427043123169,-0.10789620365274419,0.08250277376814409,-0.18550509129361015,-0.055345317429400104
10015,0.09866881068956951,0.7399515784301472,-0.0739707793473288,0.005231466090074608,-0.0308534639873381,-0.08777025552165461,0.006304717059644884,0.036911614075461244,0.039957209082555734,-0.00847796615174006,-0.02537386095338583
10016,-1.832281997375716,0.12511343717444873,0.02661818097228954,0.03251368202437142,-0.07769473321723895,1.6242295829475142,0.07380555963477875,0.011134658516276435,0.02220487292517692,0.004978667979421881,-0.09682457036916581
10017,1.547530634886151,0.02834814293780161,-0.009479837497592257,0.058946245405804454,0.026981472382201797,-0.09465273327930765,-0.9309256336748181,-0.012500715511096779,0.00019080913340091652,0.024376006140557464,0.03702397807783954
10018,1.0858780414751548,-0.07441953335734924,-0.13144134566036633,-0.2230871177750246,0.054480674387232315,-0.17536806137432853,-0.0787816403764058,-0.01730314650379084,0.05525095624905506,-0.06513792105057406,0.10511370107985134
10019,0.6229473333706815,-0.060799451804918886,0.04216236847842949,-0.11515667764973835,-0.01704891414091766,0.041324043472728694,-0.012048770301971929,-0.006108985068780024,-0.002751753502299956,0.026227303516634298,0.007981977809659726
10020,-0.05247322885611631,-0.015122652871521402,-0.146694028004202,0.027034467504556077,-0.0034190189109830947,-0.021664281771004965,1.3259311288869464,0.06867045338976199,0.14398771943448854,-0.943215304997026,-0.04802889412079203
10021,-0.03148794462740092,-0.6549297010351394,-0.15351408168978686,0.11331787634939747,-0.10666857649975281,0.04673913952482975,-0.05740906926509165,-0.06360073152565195,0.013128920362466838,1.0483564666418415,0.07162535798740491
10022,0.010175065223906345,0.9772168677565196,-0.03406703811688843,-0.015226908723608861,-0.02111648199602267,-0.11619896762633158,-0.03394849275373335,-0.6638806240808929,-0.039761367341831874,0.02943904836469742,-0.015212776158302445
10023,0.1195681878889102,-0.038753513261963406,-0.12937666146943358,-0.599308528329399,-0.09994414810757996,-0.11917556889840622,0.01755459105261336,0.8683302221558554,0.10581190629071797,-0.04648758776368693,-0.017664068019466815
10024,-0.11769173237026362,0.02443080460649987,-0.046973120588723535,0.7958598301348957,-0.0481253313242199,0.07844895157879699,0.010693370985793992,0.1925103100539946,0.0069142491568419465,0.10048896664038255,-0.38153516801870885
10025,-0.025896158149666542,0.2744123408706691,-0.13241127347111523,-0.011057669294550652,-0.5467076200772143,0.10648043337047397,0.022304217397250976,-0.022144654897656935,0.11611034382706063,0.13807897340352568,0.9021178960194819
10026,0.17204791591372576,-0.03185431239002124,0.06383220108387666,-0.02391992189420381,0.6100800916029809,-0.04032135140876974,-0.12333144499033138,-0.0526316458777806,-0.22344933608266274,0.0031491398062376014,-0.10896440255909964
10027,-0.15266359681973024,-0.08120632391194096,-0.2194053705519332,0.03605308176821871,0.0917416462987318,0.038466248002573956,-0.2977985162929016,-0.01060594326511959,0.452902718801007,0.034520189447987376,0.1479505784700822
10028,-0.026088813388064028,-0.23410093034236104,0.5129289988553531,0.10985636461727304,0.21396203558819726,-0.0384396218246028,0.32449957108042754,-0.04365712753226737,0.025030352001276984,0.047293013036379616,0.05329931454149255
10029,-0.08173011805265613,0.0009970204309950681,0.09027186171422587,0.07553384861944744,-0.011094435258008649,-0.61366090441018,-0.0028657756217391186,-0.008573727998297132,0.011714999234072392,0.0838383419170944,-0.09368947644528153
10030,0.2541124208246216,-0.032569792108979194,0.45112356859847097,-0.16798911970290356,0.05250206376554113,0.022152914520752798,0.012365763652764709,0.008737918109883745,-0.07931147428101785,-0.07268712931438591,-0.02918201582114144
10031,0.03988151708246262,0.7273667917260297,-0.06181384080696474,-0.03430604092989841,-0.09128118588796681,0.14081740831619566,-0.03062762546708684,-0.06048767074268095,0.00010184220829888453,-0.04597387396955957,-0.0605042762116864
10032,-1.9237485482939491,0.09590295852156508,0.0260036105991801,0.116977168004751,-0.019519923692558377,1.673781475846111,-0.1969968820219116,-0.092933014053878,-0.03185461116535633,-0.0655081134066026,-0.019887858478723337
10033,1.5454441887199688,0.07394704142156837,-0.0785842743117955,-0.05223207311288585,-0.07928465592376531,-0.14317595701397218,-1.0019098730370086,0.04964565075658501,-0.021313284469418294,-0.04419627991766028,0.018607438336855495
10034,0.7912748706283661,-0.06583959056925417,0.0490059527621936,-0.12256295702961957,-0.1484905690288006,0.01346718569545665,0.04360705136579106,0.020318346143680343,-0.04787428880137222,-0.047214808016865575,-0.03530675427124085
10035,0.6986197927832735,-0.03103745836725485,-0.011784154665244594,-0.021338787020058186,-0.06017334512776033,0.008341834300244811,0.011403307168103895,0.024600162861542478,-0.03810179289167163,0.012633314894733414,0.008742968329922194
10036,0.07873380116801085,0.007378759493526111,0.056090529850983326,0.05848378845794651,0.01647649907129854,0.059725675774073526,1.3659319189744425,-0.01885343267699739,0.12488139879470647,-0.9169844183422104,-0.027984879669133475
10037,0.09395689961376712,-0.8574135539567495,-0.03416464791043498,0.07269675527862728,-0.10513883416174637,-0.07374243540252945,-0.020989236163407855,-0.11574787967218543,0.0642149584755389,0.9174317278238762,0.09287650094806264
10038,-0.0531540288669578,0.969568750106537,-0.0050388949730057805,0.02500780004696991,-0.029049799265141982,-0.001912012601361729,-0.09467713797193479,-0.5655106801627675,-0.03141895725184771,0.1547723294723849,0.005449852287112986
10039,-0.27296246118079165,0.004537616237663122,-0.03509608424095179,-0.5250078402239549,0.002115477978965148,-0.20366472605826383,0.17598545145927524,0.8809122917588956,-0.11736935656998788,0.11060213663969407,-0.05102230249957646
10040,0.1412066485363575,-0.20777192776260653,-0.1057633551766018,0.7773456844196395,-0.06368820231207836,-0.06904520225037448,0.14724686843825002,0.014428134226086334,0.10274906821476079,0.18732054537145754,-0.5633178293234153
10041,-0.2216034207496876,0.016586319321051035,0.027702284482192162,0.03281949575563046,-0.6245627033518529,-0.15784541014812928,0.05008220762616242,0.08932769387445251,-0.07151108693245795,0.18734146027005366,0.8510276624273726
10042,0.11409001433453723,-0.00029128366587545355,-0.004445838766077979,-0.032821582489586644,0.5536521014643032,0.05763533336186007,0.0003216455266625857,0.23351641969552678,-0.2804973882414891,0.019930213462867316,-0.03390722102972401
10043,0.15214514308777238,-0.07213036763831707,0.22496796656559997,0.007308446697044689,-0.0694912899092993,-0.09929630591773407,0.009897560791117964,-0.052146569202200295,0.48785997143568605,-0.011897866207099199,-0.017593104450902078
10044,-0.05206201458736036,-0.030674156565184477,0.6917754093147093,0.09107129629544164,0.07846430726648082,-0.10070683309831578,0.29484597711721444,-0.10153556570084328,-0.002881051039490972,-0.01263639483237371,-0.026511411856823354
10045,0.11953408697409762,-0.00659104946384719,0.07771286764115366,0.06080430165914844,0.02921183459526716,-0.5875787262059224,0.00018813794757643757,-0.08426779170814862,-0.037231344358635995,0.04540315910650087,-0.06328469227670262
10046,0.02415630595924495,0.13227155791144501,0.4184212118965654,-0.1017221234382255,-0.08733762523213014,0.03132088646990418,-0.12085300698401005,-0.30026779338581383,-0.07370130245836343,-0.12593895941155706,0.016444508784754265
10047,0.3003836742278344,0.6898057863188081,0.009719751246414284,0.03991512929107379,0.024143837407725553,0.05043367239004566,0.1069156366002494,0.007026982041698227,-0.02452577487280577,0.061814307180689206,-0.025797986065077466
10048,-1.849352846809673,-0.09826615599521933,0.07738612985268437,-0.04278558105930685,0.05046026061495669,1.9024905698742944,0.1530787985019325,0.1123220451785735,-0.19781571054379896,0.06498642177692064,-0.006500663114509336
10049,1.6675706590518076,0.0047292230380628466,-0.02694422832919792,-0.03175605002195212,0.11871323317083853,-0.16593406106500375,-1.0031094333973631,0.011596848105528282,-0.1120864754907103,-0.016031560560609694,-0.0004892330851005685
10050,0.654594963814615,0.1085703398528274,-0.0834994434300744,0.02616942087361272,-0.05082056451880912,0.07962799501101102,0.05458941415471043,0.03324646078583934,0.14007859959763289,0.09002256882719795,-0.06459261499280416
10051,0.6044533355136377,0.01704372311524595,0.03297311182033877,0.011343248524319168,-0.0008846185656575679,0.1026875223349848,-0.04616370536257828,0.013720164284334249,-0.048146384423772746,-0.014981124977925454,0.02057456259161368
10052,0.08653374117013887,-0.05633749733016271,0.0849887429981319,0.000900152190065109,0.037622422320212665,-0.1891676396356727,1.4984776925385008,0.1478183549985685,-0.015302801652434453,-0.9651659828971486,-0.015806074089911762
10053,0.16139358233421752,-0.5877781068369974,-0.09187500796458335,-0.054907109376195695,-0.025572311537930766,-0.03131609572497465,-0.18125724076414923,0.038073631641631085,0.03288422194864028,1.0194375666967057,0.027979175812734028
10054,0.05159436289011838,0.944960817700643,0.004931730920141146,0.043994423354789536,0.017899450562191836,-0.182381899882548,0.022689219441760236,-0.6411442585395332,0.004348171150162977,0.20848629338588467,-0.016241471004480448
10055,-0.24627318956373617,-0.07550510154143653,-0.0794709734974166,-0.5492638756457646,0.031383482136153974,-0.09357958648940182,0.03834268155539152,0.8776542194847472,-0.0036463422017161216,0.0005259197854724255,0.021550010215076743
10056,0.26539786924209013,0.05529179007643402,-0.15403307255034593,0.748697672081214,-0.06520963123303222,0.00850671679027772,-0.013290308635837654,-0.032343236849158685,-0.10653774309486475,0.04312855052577053,-0.47429113027732933
10057,0.04995005849465377,0.05191006219794362,0.12591887093852935,-0.022021273315381153,-0.6314188843869765,-0.06186727272327487,0.006078190601993173,0.015800908579932462,0.043379809543030605,-0.1622481483330089,0.8185632253334614
10058,0.13817906983187417,-0.10172614194433235,-0.1636276446032884,0.01470517426476347,0.5404907384483383,-0.06585347074670495,-0.05205995138066625,-0.0626034740513764,-0.07637140991663877,-0.01719877314519277,-0.015598859544539939
10059,-0.16591009795726758,-0.1299494225428582,-0.11509535858568908,0.021552944640030783,0.07690474148304656,-0.10763759035257747,-0.11501891801893782,-0.05933282788302526,0.49099090573549997,0.08471787271051356,-0.022618236782405713
10060,-0.26290199133868547,0.10561565776348429,0.5975503020054401,-0.04757639700295799,-0.024543932113313228,-0.11464458554139104,0.13655323660542387,0.12642031392591596,-0.003984615919882001,-0.012129320276270698,0.09881788499251268
10061,0.13271070397414297,0.05184088573679031,0.13481089019473336,-0.03340310495692308,-0.03201625752924257,-0.6483722199477375,0.02622330553219643,-0.07079479497496981,-0.04378740048883078,0.03146570458260778,0.040686110783879306
10062,0.047792818411398416,-0.0811134666756332,0.40920616204702465,-0.09620461192823143,-0.09557427753278085,-0.03501607517927524,-0.031418198574124076,-0.0046356395728711875,-0.005160166208378973,-0.04233206888626233,-0.003135099714903342
10063,-0.11208316741607273,0.6022278781225556,0.03154339949285435,0.019661864399370958,0.024174811075792838,-0.026417363875449434,-0.11138313804894497,-0.005262820304299599,-0.12678598354508006,-0.07337925844590103,-0.002751622615472941
10064,-1.9896824038927043,-0.04329936617681798,-0.14027412500585013,-0.023268891685345735,0.06847735409215919,1.7854218933762724,0.05811064190431442,0.03773259617438041,-0.0016964122535591552,-0.0368055447748878,-0.10618024974108889
10065,1.3028998616332506,-0.0100483114227633,0.14640626379421198,-0.0345460793819777,-0.060036355245955,-0.1027577994463946,-0.9496255886504193,-0.038425594402627564,0.02232887090405158,0.05328425228477278,-0.03788026882584305
10066,0.9032138645310694,-0.0071245018517628236,0.0018180030531826444,0.04107687719573615,-0.16873606634237262,-0.047485893846279104,0.040557210264195453,0.03324703288059157,-0.020401946403733537,0.052762498889413596,-0.1126396369945524
10067,0.5963414289401399,0.041785937973866455,-0.035394613849723915,-0.0036779689109280025,0.03582347506966302,-0.07092167550433948,0.0008666265350083214,-0.0371502724288628,-0.037776546092538096,-0.0007702581808960896,-0.08433422057560722
10068,-0.11621590599568285,-0.12470165678227542,-0.06707638224792388,-0.03237835315233728,0.12241913520087946,-0.1879639494839176,1.215679888303149,0.10512242250580214,-0.15602115446930037,-0.9466731290163575,0.1289721388079855
10069,0.10294710423352348,-0.6246873010984293,-0.004228168637435832,0.026634865751123185,-0.049819078578038904,0.04323696646502778,0.022234772970610675,-0.11081920795844423,0.016308431357009528,1.0144848042332535,-0.09371103596787426
10070,0.211091584086298,0.9691405340298354,0.06740809966769218,-0.02535019664184475,-0.05353100509245798,0.11634624624977166,-0.09896846115501101,-0.5522672143884404,-0.10955104971468037,0.08144168655364253,-0.052324573862345576
10071,-0.07816969724936577,-0.06415790037427425,0.03875961414049806,-0.5355661570876267,0.008483827060148321,-0.14659929172763236,-0.14993949758545527,0.8393944101540038,-0.0009711110104221772,-0.05909028872839522,-0.004782943252123194
10072,0.017024330752968456,0.05687937202147531,0.03215166452017807,0.7813621762501,0.033948826685714834,-0.17923118597327414,0.13112238120950073,0.08486799637506454,-0.06900669207172182,0.08699620455808858,-0.5040012931972918
10073,-0.24151005858401373,-0.06850778947597749,-0.03536239587310334,0.04707484896997376,-0.5514611132534115,-0.11545168179164945,-0.004328403487543626,-0.09686487761441491,0.024944107182638047,0.25670340026282695,0.9184130932485061
10074,-0.08239675213220744,0.07356064063062133,-0.010917306156054839,-0.016271058318836056,0.5983304489820398,0.041176175113670145,-0.0006116832927718589,-0.06177058195557962,-0.2785560486802429,-0.029263087388148354,-0.047624378682566644
10075,-0.09074453153246778,-0.13622918349689458,-0.30128293084254903,0.0900446389833758,-0.027586540601068313,0.06869181199326928,-0.032228297754640194,0.018434282777290267,0.47803185546067495,-0.0038736631720901497,-0.06375120461269876
10076,-0.17620365878789102,-0.06096463518544306,0.6137609727697345,-0.12189156512015839,-0.039744046535060265,0.16748742218540433,-0.17746603069200126,0.0687581472586954,-0.06730280363375929,0.1477729570357161,-0.038766885823067226
10077,-0.03843958143375415,-0.05682188646186641,-0.034395717223487034,-0.04296336417356587,0.02643364830276794,-0.6558421465474764,-0.026350524767908074,-0.02438309391964818,0.05031225882716906,0.032042190642296624,-0.23797535743572648
10078,0.02285221148107859,-0.10191357796090049,0.4030970829246621,-0.038642997516563894,0.0067153033778221665,0.1588311339499711,0.021505808798398654,0.1515988214251993,0.01311455158012132,-0.010621632843683683,-0.013821640195646634
10079,0.0015016241410262792,0.6646836712730185,0.12676089720443545,0.02093498968740399,0.02759201217536804,-0.07495826649121821,0.06735653605953522,0.017227051850521473,-0.053879089676352916,0.0029946969927476417,-0.01541595933723841
10080,-1.6851237496531764,-0.1189808459950342,0.07474486251176209,0.018316553571201426,0.09557961591638103,1.9464537710633725,-0.049922579119605466,-0.04206393360744769,-0.07245403826947282,-0.031071586351516522,0.017845953251098744
10081,1.2295824501965065,0.031758956472693695,-0.017623095781819045,0.03432026921084816,-0.04207713017517929,-0.05364394835498613,-0.9627381868618397,0.11812721134569479,0.07854848795012676,0.01722513141066309,-0.09808866148710547
10082,0.8804265364607347,-0.14196200538949164,-0.0845554595789547,0.005328919308588274,-0.06258604457826349,-0.04236772840644805,-0.00718404196492858,-0.08032977757489397,0.07841487494977603,0.04602201380699572,0.18048607180888754
10083,0.5655123667555337,-0.02290444151863892,0.0729812195263369,0.007438219893740976,-0.05900233305258573,0.11795908037533942,-0.006331716267876522,-0.002508429592549953,0.05862043184644694,-0.032005435540962426,0.060743221293669124
10084,-0.14566958907715333,-0.032503836866119136,-0.06831003589800083,0.08692893215383181,-0.13345934615936256,-0.13178358837636678,1.3435993056265612,-0.04969529296996237,-0.0019101880768362303,-0.8694640636991005,-0.04012716798420089
10085,0.2021936036971977,-0.6501627318574635,-0.03692916809829836,-0.10858387090872189,0.1118006409495437,-0.0884157406809294,-0.05677461918273594,0.12027839259629534,-0.015376533518006542,1.0196632839007234,0.03115822967876575
10086,0.006821560289188119,0.8176695210026593,0.06431234926102009,-0.046906113643500044,-0.018470536510880892,0.061279300850852876,0.15722727125667815,-0.5278872680905734,0.04473363161375951,0.20429628637192868,-0.025338222558255564
10087,-0.05296281402550955,0.10184610317972602,0.0791945385662445,-0.3599418460882481,0.04305779301307182,0.0238805925360661,0.022934371227233068,0.8470235366138749,0.005238818303934665,-0.01472689451929882,0.03752363023748673
10088,-0.20313674311737687,-0.006651982237160802,-0.10394263062314088,0.7204387643841058,0.10969077854503714,0.0219341138985019,0.20806446893344446,-0.04205392082267707,-0.10247379352052768,0.0008693676926420418,-0.5325842485715011
10089,-0.07023717228784683,-0.05932070826353642,0.060046475545092216,-0.02045875387015791,-0.4950840864046467,0.0026456730261467357,-0.042828921102328166,0.05349079555512773,0.10068135958988897,-0.055586466288558053,0.8499017411533282
10090,0.19202045902027426,-0.0978154049803565,-0.0707446236459252,0.11455721772699136,0.569365250384279,-0.05390315282177911,0.04192655543458374,-0.05402493440058495,-0.19058964203341328,-0.00067019124335845,0.004163899466773445
10091,-0.04168286770248597,-0.08551999121613527,-0.13527591071317405,0.0750641318328526,0.027613095200334708,-0.0676441457380201,0.29129693265797435,0.15071220839160618,0.442373250815728,0.11690494013818939,-0.020933009885215622
10092,-0.11294768328049935,0.015144853652596548,0.5711405470547197,0.021892823291657433,-0.08426056270457738,-0.09324000915528682,0.17239905611614037,-0.08210717193603431,0.12127124233749387,-0.13122824975730382,0.056186761604465285
10093,0.07109740624883053,0.08983453466193658,0.09980780887994371,-0.07175388170193966,-0.00020857903710325794,-0.6693606039731206,-0.031579198936800675,0.004707194906837093,-0.0016787196527028227,-0.07599276034394266,-0.058272493037315326
10094,0.14215356998965037,0.045046276181112684,0.4366911462762193,0.06536632647991968,-0.07322513923047091,0.12035839055608342,0.07719911980137856,0.07229766460122108,0.01341115886895263,-0.026219328945952976,-0.043716190580816994
10095,0.045326394306029825,0.6432828812941387,-0.03575376871942816,0.012511691928930683,-0.050428858846758545,0.24871891193516282,-0.10058421702497221,0.029355925940365533,0.02385145818807913,0.03393043731131519,-0.04108416114546545
10096,-1.8023487060791443,0.09069051651728453,0.15330274899754642,-0.013332997631765998,0.08754208386897346,1.9417444338862058,-0.029833427411040267,-0.005612044518985842,-0.047009208630110516,0.013962981098482763,-0.04996086233827152
10097,1.6267497773762043,-0.05225645514955741,0.05641378171835294,0.0021499519008395846,-0.14763225229682705,0.05922576152325856,-0.8873286097740236,0.09570690492214068,-0.047376973398023985,-0.050292220897169414,-0.06301095924698279
10098,0.7637609235592969,-0.1364452979285198,0.050490053137113924,-0.052870932309056345,0.0656472671340724,0.17229561114199793,0.0316317375183632,-0.09586033759759209,0.03368775149541392,0.14538708894366778,0.11816607424641173
10099,0.5971230059352819,0.008617973996068418,-0.021223486951985806,0.03316880975459738,-0.10514928004505564,0.01133485167315796,0.006342108003084528,-0.05971781980219684,-0.0026774618722532617,0.02520128680195531,-0.006238363501433431
10100,0.004332615891787227,0.007120955180185356,0.006535848909499849,0.10816025349038616,-0.07629122016319599,0.07146346254659108,1.0083825307916503,0.02194797154621488,-0.00893796093586274,-0.9211779638634946,-0.12444443791672237
10101,-0.013019903813194185,-0.7518075853086431,0.046948919357993474,-0.08307302255788832,0.06811209375850341,-0.12935380277976494,0.2582968141563935,0.0648296208723589,-0.04558964882940924,0.9935623746390823,0.015689747188705586
10102,0.029581090480408974,1.0944935159102913,-0.10340503046925335,0.021485099747215398,0.057791591289812164,0.04427590514937277,-0.052196532509738824,-0.6035013177047872,0.02122574469917597,-0.1342998922144023,0.04650841576350315
10103,-0.09758304637439234,0.09628620422580185,0.03309655482485317,-0.5035737435727894,0.053379500405721696,0.03182119692982005,0.2614195386595898,0.7878048447702966,0.03607397801600114,0.0025787173633428306,0.023028038755390792
10104,0.12178733604966503,0.07080403831924757,-0.05994622022383564,0.81158321579218,0.03826105927418114,-0.018528654297547527,-0.011251815594191146,2.0836786837115552e-05,0.08622978212178696,0.22723111794840598,-0.400596072943111
10105,0.12740149312656035,-0.13971564270247672,0.09856293167413716,0.014677327896539463,-0.9326983332335943,-0.24452633921565856,0.09420195593645846,0.03058278283728278,0.10188231571888554,-0.02319010464013194,0.919225994674099
10106,0.019724544384951942,0.10726661722593214,-0.0279568420261656,-0.011053022376322885,0.618979126949237,0.024906244982932438,-0.06100640311718293,-0.13329610242075007,-0.18841604256500988,0.1273544360583166,-0.006812208154795633
10107,0.1855154290045509,-0.0816156148749079,-0.21867343461771993,0.13039355660037227,0.048468226103901946,-0.11705263391826144,0.04342514163524228,0.033295079369268635,0.4960277726655324,0.1504033743393213,-0.07192364060846698
10108,-0.037285096880035486,0.13173873696655503,0.5609499074973088,-0.05940626900327407,-0.15752732710765832,0.09631751204041002,0.15958334787948533,0.19116856978687607,0.08573925712932812,0.24991353854090412,0.030713251006412673
10109,-0.030614876054464786,0.11880495852523494,-0.1337453421947171,-0.044794076352763945,-0.05975176704862281,-0.71813068380942,0.01638313331849642,0.07282366533210588,-0.1355702019882728,-0.016610476044511855,0.04934988491520665
10110,-0.06516447731986909,0.07833604056944424,0.4210274854930699,0.04722091904136412,-0.23703490325633786,-0.09349894191428333,-0.20472391701372802,0.04644168165652307,-0.046709635431109425,0.2587962218651509,0.029357009761289125
10111,0.2925689616865422,0.6150979274618713,-0.014954369228669762,0.021902803878987822,0.010783954148279339,-0.17426819445875297,-0.01912825181516449,0.03212008353748381,0.011838803703522334,0.04370496449720989,0.07502312390578107
10112,-1.8853896480299706,-0.029726600554230397,-0.06270418586446587,0.03544998595240798,0.011900159627647148,1.6286233536819803,0.1438066925270786,0.11785368122162253,0.11337098408448269,-0.08006432655665305,-0.056796781291002525
10113,1.274031353854501,0.02202965455743699,0.12328751852471774,0.05638520988032281,0.0025801949889063813,-0.05499234791345998,-1.0384153983648003,-0.0656572422536517,0.03949199143137578,0.04452312212258521,0.06622326157947413
10114,0.9422263930829555,-0.008286381254140036,-0.042184286519381976,-0.001891028543793031,-0.15886762857824532,-0.0688467242989617,0.07565777586762014,0.07498750963319104,-0.0801184601352247,-0.010314858526819742,0.13187757575753553
10115,0.6196649660500112,-0.009344097297764725,0.04707272274280954,0.05480411872934842,-0.01787068764950483,0.0789492017676525,-0.01816850647747638,0.051833573210089884,0.025316889819209244,0.013879914657147682,0.016627291989082457
10116,-0.18794286619723483,-0.052070654477904973,-0.19099732105118924,-0.15537927681472571,0.04048726321473965,-0.20430183002999638,1.2615748385536785,-0.06996882057168566,-0.05976867531782484,-0.9657069895462912,-0.12359065627283478
10117,0.020454028797610237,-0.7716518008779838,-0.1573167785572387,0.007667860333371007,0.08325015942626132,0.04054515630122764,0.029855452111899546,0.0412935609600778,-0.002397116283883279,0.8684865401000206,0.10488243746137078
10118,0.10331844357795372,0.9396294679573097,-0.06698447355050256,0.047097219619724295,-0.020822261275437022,-0.18416499004823322,-0.024153901116249932,-0.5488487109748397,0.11048395383224811,0.010339608908825059,-0.008501045346114885
10119,-0.04822155270590754,-0.06228026293281411,0.02223881887541234,-0.531482930919544,-0.05402305937617865,-0.029223188472447217,-0.01092772624232769,0.7392968693237986,0.019631583499955047,0.1056308525043663,0.014433151134312181
10120,-0.030767087801293277,0.07468183107095923,-0.0624353799697917,0.796637855244184,-0.009734089735055228,0.04435548759871081,-0.06780246204765714,-0.011843755403288199,0.03447476885919992,0.08059279771595534,-0.40414511778119266
10121,0.023132438698053405,0.08589502459693009,-0.03575803018886785,0.07427360756997549,-0.4718797769521279,0.15854038743609528,-0.11137912650956944,-0.0885095242313117,-0.18255255223668584,-0.2551590341395809,0.9072526831612223
10122,-0.1035084547131996,-0.08580350410920892,-0.015115721668900068,-0.11610463972533212,0.5842756816290061,0.03831944921966898,-0.032277315604781455,0.18818313446743434,-0.2559146767428379,0.04995468182688369,0.022010113909460227
10123,-0.243411830260094,0.1170244862208247,-0.257531113729082,0.04836382778572226,-0.013394058309331252,-0.23549387188054666,0.08689464348500638,-0.04825631372255776,0.49583544116132294,-0.10738764450290862,0.04700718158519727
10124,0.10837061973033094,0.027525010312937796,0.611819089708825,-0.10625892434522195,0.027464457012593497,-0.05803593211812331,0.08710969908400121,0.232919872634547,0.05532632456710424,0.22520433424808695,0.051497772931735686
10125,0.05312861718529462,-0.08940801126371306,-0.03802293013784986,0.004571651111393138,0.09179811345175713,-0.6561214187209011,0.005376043603737642,0.14481637418879467,0.046378614475338475,0.06004402904039062,0.016743074660130912
10126,-0.023601775113942774,-0.14807665604474343,0.44576305891362855,-0.002217661993550332,-0.027619457829050665,-0.08284354919854861,0.018731098932920156,0.16423180957394443,-0.033153621228633655,0.0005065188093697492,0.005391174384757336
10127,0.09000145086519341,0.6666199166504655,0.0016323958884677334,-0.10667045272732911,0.0782072103527368,0.025530444058392835,0.11176244340366856,0.04095284315256978,0.04689840421038481,0.033994213440245974,0.033792321802846914
10128,-1.8513794975411773,-0.017166606676030607,0.0015434829520802502,0.022231628039697953,0.04493090529858499,1.8263985992112823,-0.0051952894092343205,0.11847286034257874,0.10239789656382613,0.1171837237608811,-0.16848913302275587
10129,1.5626641292023928,-0.02770172835732353,0.06916089592331515,0.00012985066533924934,-0.08801439405688943,-0.0194334591757553,-0.9372580916335975,0.05091012122167609,0.09212037287396574,-0.02148016623199376,0.03025798108878056
10130,0.9551163641454914,-0.05960308545633759,0.009751969746935818,-0.02008501299284612,0.0015968112127777226,0.05872516505861991,0.004812795843389114,0.1094888697549315,-0.04195368849891927,-0.0074923021242250835,-0.12350375687396573
10131,0.6066904728531166,-0.03343600699391753,-0.02332976456472648,-0.06184638682839471,0.003052268135676119,-0.05380564794943103,0.0006362416331564799,0.0018129541337960223,0.01735482662226011,0.015445552045734506,-0.002682713451065567
10132,-0.10078551960828125,0.17721797108402743,0.09467415584428729,-0.041154176323086794,-0.016762016655546937,0.10730407745052581,1.0688180615962557,-0.05165029950010599,-0.0627123413544101,-0.84577870128416,-0.0884512985356613
10133,-0.2175025756872695,-0.6613839524747321,-0.015387381455597964,0.02458829795517676,0.04780872528145616,-0.07307849642530852,-0.018239907079073848,-0.04440222602052649,0.010470835580361191,0.9558728953659557,-0.017859467968398577
10134,0.04940993292754965,0.966076561384884,0.06322264677403804,-0.12911117399484023,0.04662848666006216,0.05431284882125817,0.02329251937603259,-0.6516579900050392,0.053822219462810586,-0.07185815366084128,0.007316682241887533
10135,-0.12087122159458728,0.01861075226537985,-0.06516675154428413,-0.49789749792519994,0.03534699369527384,-0.11863667206895623,0.21031405303721631,0.7374224442257357,0.08285012025792193,-0.07335811373262263,0.008397710096771649
10136,0.17581718206536423,-0.04759494096064304,0.0047194578114073986,0.7636766615365124,0.006543937615755515,0.13179450169019777,0.03747740426868103,0.04914561481374231,-0.0005029718203101875,-0.0014421147444322545,-0.574563867303818
10137,-0.04146760129303931,-0.16151878064671996,0.08748305137084952,-0.006739332156103525,-0.4599223267192741,-0.14699972896816677,-0.014637334779741796,0.03338468058281115,0.07968387322427099,0.09638194968556718,0.8356361620153864
10138,0.1816092743153591,-0.15976451586532325,-0.00501067906770266,0.00647647150359587,0.6262511937938349,0.021951914596129628,0.039711074474575093,0.004545886675708188,-0.29497501856814107,-0.06794190570963868,0.07435479307151924
10139,0.0016877525487028209,0.02617263635172959,-0.190707653961758,0.007596538481166811,0.023535833537464766,-0.02196121178226054,0.06607625682282826,-0.01782278888378816,0.47647149522392107,0.0024199893068842498,0.15702245727870673
10140,-0.012395011003489416,-0.0900268443923431,0.6231170671729427,0.14481047972644923,0.02902503299230115,-0.11125213119370228,0.0432044854664353,-0.10719053014015617,0.05081248016161745,0.25870588094761626,-0.07840095435045526
10141,-0.013323948295598036,0.052533347954125155,0.14093087839221655,0.06655138108469363,-0.05605331662702175,-0.663455144068752,0.041402006140867975,0.03832718209419468,0.035140704318336026,-0.05750574540668095,-0.009709557179017838
10142,0.07131000404105622,-0.023088180109288446,0.39234372988734384,-0.015348465663408204,0.022471846629028118,0.07613267884809598,0.0635352695263846,0.0739488146799248,-0.15683711546147416,-0.04135248992695535,0.051300442945177535
10143,-0.08115605802368496,0.6227721398817753,0.009572055008603666,0.020619727416744667,0.02310593102050984,0.11415048989441981,0.034354700956539086,-0.0007154491891900056,0.06384993102157133,-0.017768229093446712,0.016340002817726254
10144,-1.7135166108196267,0.05349141455173661,-0.036744836968928246,0.11149297759438419,-0.14415650986760753,1.734927806299287,-0.021741758454740884,0.053091257392527104,-0.06970475487411251,0.15801284256188258,0.04350554323181431
10145,1.3766628325357677,-0.028586686906586705,0.051289093093298925,0.04384161249526814,0.07981721135199331,0.1911501883182015,-0.8770054060792059,0.010126328262051504,0.054431347632296505,0.02199969002422584,-0.013353004999699287
10146,0.835786460118749,-0.17016625735983978,-0.08185762840161219,0.06923990855926968,-0.17353318208704838,0.17693870026582226,0.1697400308808011,0.006694660345924962,-0.03856149281185979,0.09324255081138992,-0.042064219367374166
10147,0.6523912715359432,0.03544549748415971,0.06420863171561238,-0.014272375577182184,0.030832866518521764,0.1417136810646452,0.08602095875476619,-0.0022482722377099784,-0.033949511877298985,-0.021232927740312386,0.0381620911440012
10148,-0.18538558706789451,0.15678880272480572,-0.03066848495164948,-0.11090416233124531,0.034502930457324485,-0.007543382813141749,1.5215912695828826,0.021380454209143987,-0.20382103575198937,-0.9740463648556392,0.01587529690909705
10149,0.027350232679035656,-0.6025790126559404,0.012124458376107563,0.09821902078868104,-0.08949071948632978,0.07709413443134744,-0.11723829513294427,-0.0015187276782125437,-0.17374993724695312,0.931259155653395,-0.141862518837156
10150,0.3911614098615636,0.8466070714071356,-0.011397065671708052,0.03192028638896856,-0.1420418051149218,-0.007566483619616194,-0.10796463728461181,-0.6317765090284873,-0.03707262487233039,-0.0872273394650824,0.03128043389077005
10151,0.000795751285805044,-0.07658040725050537,0.030687498314994423,-0.5759316742415518,-0.004019550248919415,0.07591715370849428,0.08679280889291163,0.8193025009398023,-0.13221905737864237,0.18718141323170584,-0.04040539650053444
10152,-0.008956102607782887,-0.03343119504071163,5.748159635520899e-05,0.7831295835726885,0.04039998752218516,-0.11055436542362711,-0.21729186429967332,0.07738133680346013,-0.05161531685070449,-0.028722588704273033,-0.663393811900725
10153,-0.06029266004082992,0.005204308616299591,-0.21346206952208593,-0.03009689505961192,-0.6059706179774645,0.06269038172352316,-0.009774338629869674,0.21994640176362684,-0.11928004425144927,-0.028095085947462243,0.8565647471355525
10154,0.024803855458756227,0.055713017872172935,0.012985256367244003,-0.04511133522107724,0.5922125468352051,-0.002438155250880133,-0.18963600535491928,-0.12404336552893638,-0.11889355762348464,-0.10720184236830536,0.02415942595972808
10155,-0.05546543810798138,-0.1852006518471791,-0.05177737445562797,-0.010022370751324783,-0.04816028497490642,-0.02271569618632933,0.27114626417271837,-0.02626871237629881,0.4852905379033206,-0.021339212522721484,-0.0012731704508861332
10156,-0.07997866284054209,-0.08792344778321506,0.6092073952783742,-0.005644046113159214,-0.031045898054632887,-0.03857030456904991,0.13583381269461803,0.06512170351184007,0.09189965665106942,-0.2558461433405894,0.13282848652255427
10157,0.0087593842432463,-0.032193043027355206,0.013303499792624908,-0.041944027231037344,-0.07303444921799111,-0.6955290996524722,-0.04666293520224027,0.06139639567621403,-0.04817700650133535,0.045513713149399185,-0.0023475130374074824
10158,0.10497712545584498,0.03265925450421024,0.41625949115198213,-0.051323712531384215,0.09599996885575027,0.047425669029868285,-0.0065341418074097825,-0.20691782513748136,-0.15351361664965946,0.0657079368317599,-0.03043256538249001
10159,0.014627900387219022,0.7050756051105586,-0.021139381409978328,0.0365512141971025,0.024394494553209196,0.13463791109824785,0.15714054351332934,-0.02225083653369913,-0.10345143869107093,-0.034233811469697124,-0.058929354405826924
10160,-1.425284210534372,-0.02651654260431497,0.05904710783552068,-0.07469891954778055,0.08306126471891756,1.6438263334021583,0.1539666509201478,-0.004037156900657793,0.0638098926169081,0.029798183333130484,-0.0008861970850303092
10161,1.3601004099897969,-0.06713754255815348,0.09193930396675964,-0.030892145720886072,-0.05870730666518916,-0.048621776367290155,-1.0230833000541177,0.043519563169657036,0.09037351051998839,-0.014246781819061867,0.06321681394475064
10162,0.756071601929861,-0.015574757451499877,-0.11965260881303309,0.004577837728411801,-0.04659400936745289,-0.04037651238074237,-0.08898550647347414,-0.20513460093967886,0.15148835099788882,-0.06941287603811291,-0.06363098538237014
10163,0.6561271497657717,0.026980942876347225,-0.0014617698558812122,-0.03680208575228524,-0.014967319050801436,0.01151068239421867,0.028783335672215492,0.03729457500590265,0.022630494131499916,0.01464198881801459,0.03205217316634472
10164,0.03635955555217755,0.08212252272946535,0.04710564202378052,0.0058373002794256555,-0.09338261051717506,0.05217533500178708,1.429099076569537,0.07218935280994498,-0.0915198904571389,-0.8780359588640957,-0.1091056304981478
10165,-0.017409303566486393,-0.6126941288242627,-0.008952367965287863,-0.06817416262918505,0.01185776403803077,0.05541932286325332,0.01748815100024212,-0.04717414266788138,0.06068444115588901,0.9998518035409855,-0.03925393162249641
10166,-0.11453784956966656,1.0807079144617548,-0.035149166560242216,-0.07720471316049997,-0.08564248749988408,-0.07313695044443787,0.015666337004996003,-0.666322101726785,0.041050841378511754,0.14836745890864053,0.09747751296410609
10167,0.054475354154910054,-0.11234174899461195,-0.19564219169071345,-0.6192983057793997,-0.043869191265650476,0.10237871057109618,0.07710762632259972,0.7040131108839364,-0.05651596654906127,0.09742115098512233,0.03175430450630717
10168,0.08358029708696015,-0.058159483026478276,0.050092425217781573,0.7671158677666098,0.07236240936739474,0.11517976663182547,0.15395851475878827,-0.016008610174979444,0.1578720006523762,0.13261768560213882,-0.5385061756497173
10169,-0.09788453726341853,0.09480368117060942,0.16606825134149905,-0.04889144479048934,-0.6202793292088574,-0.029575910835237015,-0.11252327084106051,-0.06326269694725627,-0.06609427921128506,-0.04807216774338339,0.8510254447976219
10170,-0.11437214121693497,0.1424544410567672,-0.010271973029614741,0.12898033438211862,0.6169381712405825,0.0172016088232027,0.011734915300344494,-0.017532562436975884,-0.2782746279861792,0.03849050292758782,0.07403765838767884
10171,0.0010597869378276628,0.03452398168592652,-0.5009593707818356,0.0606496463541321,-0.028308858853341317,-0.06489509718488129,0.06084062020369827,-0.2244119332942607,0.46701943676953517,0.16600282597925062,-0.0379506323531428
10172,-0.04126821862663476,0.06509061218629446,0.5886922267395044,0.01271875013924537,-0.1349341068111224,0.04543962509980514,0.06204274816403671,-0.004565953947174286,0.17051492723672584,0.03336321406714403,0.0037919948321692553
10173,-0.07180147316063566,-0.04494766460443395,-0.014243456025048284,0.09558791359517779,-0.02491273761834433,-0.7468154186458847,0.001543200893920761,-0.008245934861581625,-0.048383189695315784,-0.020365249610382934,-0.00409920518513995
10174,-0.11422314928102498,0.10144568503156255,0.4665596029282594,0.09758343443162937,0.013272991340722622,0.04673351661839905,0.005166685721003535,-0.06929570363106308,0.07783724320747588,0.09678190079787759,0.1328008100928568
10175,0.03013426939005865,0.7113050912054523,-0.010626627099575903,0.05787612744742765,0.0538841148334972,-0.09228144416964744,0.05345998496765795,-0.041145538831900016,0.07649125069413229,-0.0695908417907263,-0.028222271833471813
10176,-1.618337106709756,-0.031058447679604917,0.10013842898539133,0.0024631881979308803,0.1097574405202312,1.7169142570563625,-0.020671228446245186,0.06529556230123906,-0.09113844727431915,0.015718146905385047,0.07407081033279594
10177,1.6485713626680705,0.011673867749825395,-0.04286635537880892,-0.024616936760334406,-0.014612060312726612,0.15729704697928437,-0.9886328926615344,0.04076604952891886,-0.11338787343227025,-0.019122811644092103,-0.040726427236716205
10178,0.9341056865989276,0.028549660001009468,-0.17683873234967648,0.08017049164726772,0.14840256884646927,0.11438765179478429,-0.12762297256078736,-0.13697796944221982,-0.09232799832271382,-0.0835462254582211,-0.0015166695576057311
10179,0.5861910637792054,-0.03922593707192446,0.04614214836462295,-0.10066221677359384,0.02335936763127411,-0.018641620455791166,0.0012050770735601182,0.003457477764017452,-0.01794934257519044,-0.011743434959921544,-0.025067632135073667
10180,0.08909258983306335,0.0509025675626607,-0.10381953410163543,0.03336122638161421,-0.12816348016318177,0.05099061103983405,1.2711990249439333,-0.0015989037521985845,-0.020998158132959292,-0.8100189744237063,0.0062334946567856875
10181,0.11634421234772516,-0.7052810881259668,0.18770710928778664,0.06795062894655736,0.06651242790477081,-0.061880736811380954,-0.04520860849607933,0.08641232120766441,-0.02587527686261772,1.0773161479160627,0.08052496429310602
10182,0.04614834490240181,0.9009141738229183,0.061060828349252756,-0.08330628509571301,-0.04764536150897751,-0.008157969337341439,-0.14440133802211477,-0.664883024702136,0.054300832698310875,0.1226617034680068,0.06756548146584831
10183,-0.054215218577315524,0.10905404702275293,0.009036845382452493,-0.450568717263568,-0.1352221102755321,0.07239563126503304,-0.00355963525258763,0.9079796873121541,-0.08773053186509579,0.0424163143887606,-0.03854445910481299
10184,-0.022724583861735696,-0.0028418164806698182,0.10907908661685385,0.7863248423389819,-0.003984398911500022,-0.12547374163475264,0.2070114512516095,0.09609623208025997,0.06268650293275167,-0.005369686917459777,-0.5705339166261189
10185,0.008665448194304254,0.047978524701152415,0.1110477440958419,0.07964089578797176,-0.4531042370865353,-0.019843188772298813,0.14587905127529782,0.04082495421450846,-0.14390059530717067,-0.21755700408562675,0.9452813292915865
10186,0.058121233511179544,-0.07862576824353275,0.09242272836424832,0.07171323767925532,0.6369551158653376,0.08161303663458713,-0.04986729048521124,-0.1902048821323112,-0.12906621333329707,0.10811278079538962,-0.050684642975299045
10187,0.018887880444661363,0.1240207193332038,0.0033905857935437045,0.032894427608963564,0.08924855433041377,0.06518225546641516,0.12139556962256465,-0.12230327669749286,0.47325449573953526,0.03380171193074591,0.008930538185841021
10188,0.3619235250896857,0.14378485853702563,0.5664348486110391,0.16288973892762929,-0.17875717919558406,-0.14596400078238372,0.20739603415232782,0.03749816493915348,-0.10250158744170249,0.024455566106196255,0.07401749087121243
10189,-0.029018397510421276,-0.02464613327941759,0.06038628037537202,-0.05324060860647086,0.1283512480573429,-0.7005648903156094,0.07000394723767953,0.058912257576534365,-7.217577506198362e-05,-0.005866671717946607,0.052360742258264044
10190,0.04379824942721147,-0.13054904718353602,0.411971467969503,-0.02596726461108458,0.12573916483688657,-0.013465902674637915,0.0315824012891713,0.08054859780438485,0.07007832114278188,0.06970376285869699,-0.06567394167952288
10191,0.09655177871453766,0.7706944060814678,0.11953443036643562,0.06662555280478993,-0.02760991498729023,0.10694775616931322,-0.05296384581811352,0.002557484408633998,-0.06029370866383808,0.007630138444367392,-0.05389870359457039
10192,-1.858689712449935,-0.14415144638332925,-0.0854767079093242,0.08640043732393393,0.027162367253129538,1.835106619446653,-0.06865388672707907,-0.006567854459393365,-0.051761786111143376,-0.1438396285023486,0.06823347314868938
10193,1.438365978373346,0.10930020006806646,0.03461968671422173,-0.09247496773938374,0.024901250311175484,-0.13911969999438178,-0.9351509159218307,-0.03387299448195136,0.047282665958759254,-0.08145085611183175,-0.023412977685601032
10194,1.2620822683216106,0.09242621512417315,-0.12932201532249057,0.025864189208739095,0.15887446267238153,0.08930987875814639,0.13985653189666786,0.0064930189030227,-0.03057728949451839,0.09534424876876571,0.17768772556875212
10195,0.5676415595189982,0.027429997835085304,0.019803167854775452,-0.01799886469518887,-0.042378693815634194,-0.0027513070620277386,-0.05528531016124032,0.04665882906443267,-0.04883725714290554,0.029080104016396227,0.034084065551609165
10196,0.023146786031740002,0.0032048480459777214,-0.0960829397127736,0.0024031869427150205,-0.13318893178609978,-0.13925784942705627,1.4035078578571807,-0.13608971395320948,-0.10354880949747773,-1.0341543803380595,-0.029743508945789695
10197,0.11990625463524927,-0.6450964436721643,-0.0317479737805675,0.08106225323675312,0.12323962770203628,0.09603152015447154,-0.08895573992188274,0.0454446143498311,-0.18029610163977677,0.9061641197436388,-0.12680616508411008
10198,-0.05794848016993105,0.9422053698176385,0.002160403509683647,0.00619375136507924,-0.011656773104669492,0.07983158153432639,0.18114451408034796,-0.5649655748795992,-0.04514757348939308,0.14734536589124228,-0.022177345123749647
10199,-0.07458177278312471,0.05880910745058139,-0.03571721655187364,-0.462010056102583,-0.043460752317754814,0.006201870970614834,0.014398376130780419,0.7954766562374761,-0.022465537251839963,-0.059749486191555935,0.01940445047139065
10200,-0.08023520438909118,-0.009452267363375184,0.1512811104138735,0.7451960804197711,0.004926191653454823,0.02832652342055529,-0.04525665740082044,-0.007019212617192136,-0.12146835292272565,-0.3173455016173342,-0.5396611735085143
10201,0.0769119990172065,-0.01716870418720984,-0.05970146430115672,0.04193214987161713,-0.4551028801251188,0.036793635930560696,0.027040896142906713,0.00016994169942370282,-0.09199596778447379,-0.12897642837222895,0.8904156344296092
10202,0.041469698593663805,-0.08830401539647102,0.03897263487699319,-0.04987638174870321,0.5541307546534789,-0.08203348757011882,-0.18432107048762078,0.10923772433229498,-0.13004540215293425,-0.1301884766272533,-0.025957931675285206
10203,0.0021994614779514985,-0.004619256820931689,-0.09701019995884867,-0.06882098395740902,-0.013658572173840778,0.07198439752243799,-0.040828396958606405,0.09382550242219807,0.4600317280301177,0.08003794803824828,0.02517706791935463
10204,-0.028236889616695075,-0.03251745717142523,0.5867050321661227,0.02751006209508241,0.036072403461700486,0.1109243319297951,-0.0222043181276417,0.0023710151147347674,0.01475153920199203,-0.20994960001387525,0.048376354839369196
10205,0.027981984956802805,0.04304702486702448,-0.021140141496054244,0.09975153603365254,0.06451026138493861,-0.6728804282336402,0.008573570994786988,0.004115788601035435,-0.027820248511749888,-0.004572544972029134,0.03809925032431158
10206,0.09687333262743575,0.07820462045030553,0.4077634849597067,-0.010170490925598134,0.005779343583730782,0.14271957825732054,-0.034708708717729124,-0.04010256850133504,0.0069737474905315466,-0.08627503374587152,0.20878572202637224
10207,-0.05250357830208709,0.6805408020143648,-0.06386451311876076,-0.02903053341469859,-0.07771018790207931,0.08359220475118309,0.06814998617718372,0.019138196982302506,-0.016602251363527196,0.0715254893738218,0.03340803678322835
10208,-1.968569857028619,0.007543967904430803,0.10250727890288086,0.06083675925339974,0.13952735958362558,1.8218178562562108,-0.15046558070418475,-0.14769071122828714,-0.004139298488301279,-0.09279280803605464,0.02183825859817773
10209,1.4108480954010068,0.0004219958893994791,0.0021394272111946817,0.041281353359125424,0.10498340173208406,0.003324042873537335,-1.0601999340760364,0.09054411649126032,-0.04101032953423826,-0.09640998878114912,0.008795749992101379
10210,0.9769881127869727,-0.231320832871911,-0.06036571382365863,-0.058426694738838186,-0.035716397326832634,-0.08753201158347539,-0.10150108952304603,-0.009048000394600395,-0.09627706803477802,0.009983215212204372,0.00478183051434417
10211,0.6814500479314084,0.007217264632054745,-0.062424994012561554,0.024468915609677948,0.0046754304795460595,-0.023375772573175697,0.013190821078423029,-0.07596864042154783,-0.03545706047288781,0.03165625123403476,-0.0809009395154644
10212,-0.044809075742288956,0.06074124343623696,0.10080542507965934,-0.026241338808768642,0.07158559907262813,-0.15306071598574184,1.2396065809796295,-0.03338375381534795,-0.03498869800389657,-0.8538160566345622,-0.08479512239042729
10213,-0.014230886898473596,-0.6880226517121778,0.0719899346255032,-0.01762220763624108,0.11692556787639669,-0.07893945259228145,-0.01611242493350972,0.12406658545367678,0.021273493823620714,1.0255370337243295,-0.12345572584581967
10214,0.012468092840817218,0.7976043298520162,0.007268751565188596,0.017781017066310127,-0.08712042524131357,0.10044871177414014,-0.1573869469060691,-0.6388028910980695,-0.26106070641844087,-0.05900474770052335,0.013246493606995619
10215,0.05897891412282676,-0.06574230381178378,-0.044804488828402336,-0.535065051729428,-0.18995189576655627,-0.04852994333779255,0.03366978621208402,0.8850312829103761,-0.02538341392261772,0.0280372965952655,0.009663534388126296
10216,-0.08896658190945957,0.08523373940967721,-0.04425618657386607,0.794508308777519,0.06929462129629799,-0.01564484692677707,0.03544469398684899,-0.029445152112978937,-0.11310160023025816,-0.0003248567560928952,-0.496171985818434
10217,-0.025659603319451982,-0.06612707209524586,0.05625517127913382,0.007016657164270693,-0.33581508318048203,-0.11811865221240528,-0.061213762649221404,0.09963744990897902,0.06744472627735507,0.09634281503526021,0.8723047299095423
10218,-0.150324554055162,-0.024915221544693333,0.045835412117852206,0.02226162908991168,0.6400928229094003,-0.03205387213608784,0.022675384359402976,0.056383710234021826,-0.3544235231043697,0.02456754366801674,0.013851653823343371
10219,0.04342010755621608,0.02274239383907864,-0.11820308260445753,0.0014422185748835942,-0.09095741293610896,-0.12564009711676946,0.19644357155909625,-0.06219277387761656,0.4483075632951427,0.25866460112825734,0.032914437414913074
10220,0.18396869253777645,0.011165207552256801,0.6020861511357445,-0.11845006623150767,0.03527478871135141,-0.09674914828306427,0.21342637777442056,0.02759918961101156,0.08057668708578747,0.06868269590458748,0.051096118843755485
10221,0.037775188226012245,-0.008213145571555851,-0.041236500136111,-0.006798421416727209,0.027583108855236384,-0.6738936969986511,-0.003968779848013579,0.10159281250483687,0.010387327493355887,0.06243925700719115,-0.07220577076090118
10222,-0.15043405082588232,-0.11225273502061472,0.4328096401275477,0.07000018706592923,0.0781651111852821,-0.0066775815575696226,0.06616457837083234,-0.023645715026947105,0.1533889917454471,0.08756903976953131,0.007905143266381693
10223,0.03785773045024741,0.7129755296030598,-0.02372722064057787,0.044986905699040305,-0.04322292187334678,0.05943515455003159,-0.07358650082049677,-0.0018204011396475758,0.055949488877151746,0.06764108356976747,0.058322480855051984
10224,-1.903500087709109,-0.05189433022806276,0.023420692831265914,-0.09262796699601636,-0.03954825810822076,1.7482380345976678,-0.0833427977040552,-0.04813813166429261,0.0639507550861857,-0.040065479238057235,0.1690389353737774
10225,1.6487177085911773,0.09539694637306949,-0.09680232274766208,0.04232378696826726,0.04952604380902815,0.013584697597660697,-0.978058346024641,-0.07485950243301145,-0.0013224213241380429,0.0032556333959760098,0.007690419829568214
10226,0.8889014754511089,-0.03067008391839552,-0.05581880515524719,-0.004927896706110373,0.09325137838627966,0.09635653023318856,0.017482760064812374,-0.02694876324109662,0.09902070375027842,0.045949681383735945,-0.10578341805343085
10227,0.5980897116247326,-0.010519996319370988,-0.0388006844151655,0.026928341269486705,-0.010416040761681544,0.07091981648576978,-0.023067956988107454,0.012358727107980727,-0.06241262744201445,-0.07752095097532824,0.05457216172060695
10228,0.09231352864849542,-0.021637582799437914,0.09944418491727247,-0.017505730630487038,0.025305591987775225,0.011287613282982712,1.3413100252472652,-0.04429921040709339,0.09378528104360008,-1.051228041662017,-0.016399998387474933
10229,-0.10411751401720583,-0.8040873646997341,-0.047306354638539,0.05199240127880012,0.04576000223335824,0.10309169917008802,0.10568664190082667,0.074693069815151,0.16454676517962977,0.9472790701447383,-0.02763019836229046
10230,-0.030349954110675537,0.8501097555142834,-0.025613512586660246,-0.019731404195963517,0.08499408599214622,-0.06785501304554313,0.03788973575605974,-0.6811063226329988,0.054283491909442025,-0.005989455767885455,-0.030465052161174854
10231,-0.08014957518617763,-0.066044387942395,0.04175370767968639,-0.5180313731098593,0.1143489194785049,-0.096511758670731,-0.04792827495181983,0.8785607372682448,-0.027790966269865706,0.08078633002297211,0.10877001501873712
10232,0.17532489318202626,0.11260356558714393,0.09799370091526091,0.8642697541388732,-0.15469889516581306,-0.06924243387217932,-0.17578560137579202,0.03219209059098812,0.00673353846562574,0.0056044147766751585,-0.5017983896679357
10233,0.28714269894933336,0.1522952974125139,0.07421443391967525,0.0019128057272754292,-0.564566062660754,-0.030038113016582275,-0.08825124380078063,-0.0374828737222039,-0.0007969735337083382,0.2472109991682516,0.8848295344274296
10234,-0.028049092168823855,0.0883778907970115,-0.17971828611506052,0.0051576607011775515,0.62257775543085,0.06454534507817922,0.13792169563115667,0.06560965653616306,-0.18717184378128193,-0.04117511281962352,0.00984405682781912
10235,0.08226246464389529,-0.04761660154842609,-0.13871343522934726,-0.05118484018801342,0.03736959088564514,-0.053169623195076586,0.1576785953561942,-0.05062750886434144,0.537115583014388,-0.03277727400156891,-0.05644116314368953
10236,-0.041050357625776475,-0.009220946165977678,0.5773445547334858,-0.001749473372666021,0.09140134125051279,0.3015209770719209,-0.043628767344108095,-0.16666880208671922,0.21154881693160843,0.06469540106801036,-0.006519237654136789
10237,0.01620720030106227,-0.11305931449106157,-0.020005432998400276,-0.06095173933237258,-0.0326479455637631,-0.7736644745301335,-0.0034585796480731948,-0.002475724894241199,0.13139847590142675,-0.013736641505498165,0.09271991591135695
10238,0.038761282139521736,-0.16937254936829899,0.4116051528544707,0.06649692829213459,0.09730217039426252,0.028668786033118017,-0.0573713373312574,-0.2089418490788978,0.07618082875015615,0.023203777233868433,0.049470379955060054
10239,0.1061514959169084,0.6567651504560653,-0.04538642205178264,0.0303591758037508,-0.025942023245504712,-0.004979173970174923,0.05924335991192063,-0.0029526510997775895,-0.054740871276738094,-0.04099500079883531,-0.027611683559890153
10240,-1.7489366732980143,0.043731678573476006,-0.03935985309845165,0.04876991427229562,0.20627079835388898,1.6837693027423857,0.06740714460433139,0.0037328406281810804,-0.017868870373207526,-0.015662418421741812,0.07893109687121089
10241,1.3294995660929494,-0.03440642543716038,-0.06865524545785266,-0.048995633507457725,-0.06388809745347954,-0.2038026768385001,-0.96589924912834,0.00439573377597924,-0.05056387696354549,-0.010398142185040577,-0.018925390922741134
10242,0.6197766115076114,-0.0095192842197109,0.03324779052862824,-0.09987224694378359,-0.0660992574246122,-0.03068652720787518,-0.04452274645554187,0.07726521826078071,0.012790128637454948,-0.12984827186133627,-0.033923165577036195
10243,0.6608952525726793,-0.03410142374809476,0.017866394286055166,0.006274961165549409,-0.05021733428113013,-0.025266015888112905,0.01702544584280086,-0.011549902835015759,-0.011631242184287821,0.055598453966693814,0.025097278511361006
10244,-0.010137101658572026,-0.019637230188520607,0.1168626727904655,0.051206288800118786,-0.0028521929912937644,0.03471425764053449,1.1952263685279914,-0.07815976284492486,-0.10977970182385598,-1.0150849385494358,-0.14799542631747295
10245,-0.002445434470163026,-0.7021264590134741,-0.0588984178737702,0.0846435479989153,-0.00015684659930020363,0.07710395691482387,-0.1614216436189953,-0.010100735162478607,0.056209592390490885,1.0239911106928175,0.03440320763673654
10246,-0.13496246837979622,0.8803765827505909,0.04474039811032858,-0.07820099801730754,-0.08896222389989603,-0.025345741445457842,0.12725840302405028,-0.5538995741877338,0.0875471215076938,-0.09358602424240241,0.08414514450841545
10247,0.04390258058490022,-0.04329812345659649,-0.032719157451439766,-0.6545021791585032,0.0501606896597192,-0.10653147832691762,-0.1486687032417101,0.8921113330719594,0.09684569964947162,0.05470710868612739,0.009340258747362908
10248,-0.20185239936768823,-0.06709125144635303,-0.08368487733075673,0.6824197413635928,0.025338312886406353,-0.003094049542741773,0.044731723354506994,-0.004816237851421879,0.13063763607636517,-0.06758718365915183,-0.3591682285082832
10249,0.08768285064441393,0.025854403783219487,-0.06370967239298488,0.02037173249704818,-0.43269973453589944,-0.047701347210556626,-0.024982409612269725,0.11630375890632162,0.15166452615900372,-0.10450563322239444,0.8324050497077397
10250,0.4804764845862656,0.14285440801736737,-0.016900588743994967,0.05664182463822265,0.5584334223402225,-0.16719340820288447,-0.00011124664094625588,-0.06969666167460263,-0.23559443017948617,0.011698350341559062,0.02988275688698342
10251,0.03965358816423594,-0.0115533083526883,-0.2608450364767724,-0.06758111700098662,-0.017878044205803457,-0.021405790254779615,0.13448019966688388,0.05554637601111022,0.48877312467287687,0.0104254028814338,-0.007088338775508277
10252,-0.08638028775754238,0.029476068678548024,0.5261107658682377,-0.10012100851633496,0.0018080160524030315,-0.3279903119144704,0.10333228968627425,0.08241997931771562,-0.025680277401638606,0.0027515127870384607,0.058758571583648
10253,-0.04760488608428681,-0.09062657722871337,0.03225403192666699,0.05063969906409652,-0.09424340799372057,-0.6886294696485025,-0.012271664881686694,-0.006153792829814812,-0.07356959897790699,0.06452272852782046,-0.0007164988828413897
10254,0.2401507191671605,0.17068013086648315,0.4297047463484501,0.06382153693965392,0.22138452783759308,0.16274421175109516,-0.04732100304204074,0.10255094106882241,-0.1690965278074063,0.12381691813806556,-0.05933851792024919
10255,0.09864320750144792,0.6472154712033371,0.01263950776637459,-0.004049415770836388,0.0629298542016524,0.1794734807929575,-0.004564398683538962,-0.05207435087200207,0.03228458873230138,0.03547689039321243,-0.010579080284777173
10256,-1.948807759210809,-0.07412961732977201,-0.02220599944588302,0.043698669427166825,-0.011913297235885419,1.8654519596343304,0.055920689441583876,-0.062098080184180955,-0.0801334923009471,0.09557388106734675,-0.05324948698547443
10257,1.5328867476303152,-0.011274922842785782,-0.06808288993469173,0.020779551283688674,0.008930901670701912,-0.0771569219349156,-1.0715102223971011,0.02276825210837883,-0.002105662029623829,0.005905043117930606,0.006342247913931661
10258,0.8840092692625773,-0.10478728862036042,-0.08379574417904903,-0.07916366080952045,-0.015605658448865864,-0.0404088414436526,-0.01954713138217507,0.16731132346610436,-0.08099619652350122,0.00020978337913604012,-0.11119102263832821
10259,0.6223113428540056,0.038408174917857744,0.05531945541437955,0.0323453820586922,-0.006575795948166084,0.010809952206211434,-0.029590087301681594,0.004325846572392456,-0.12772132290321714,-0.029670092075308914,-0.004089096040785251
10260,0.11411399184481863,-0.04002984915769624,0.07994430437951891,-0.18069673339990214,-0.011394753773480227,-0.16489797694326142,1.305360255113178,-0.023968418612197874,0.12447977765088683,-0.7587903876832944,0.07721788016657917
10261,-0.11297210976817668,-0.6968158952239705,-0.0778076591866098,0.09713472141539285,-0.03200258750249501,-0.12553433111069245,-0.05016676631024814,-0.006483917671743379,-0.1591985397453991,1.0175831963742397,0.021218317822657064
10262,-0.0354609147107927,0.8825365435015717,-0.05599890969575141,0.02134334736897049,0.053964070793811145,-0.06854545069154017,-0.13002199228031897,-0.6512209761770642,0.0775812979895717,0.07004273166748205,-0.07309703254032976
10263,-0.13624853271437945,-0.058571374762993296,0.04246131857237803,-0.6550321598523436,-0.08360994574291841,0.07026086063252235,0.010631051218721932,0.7761779183395799,0.03964821976328578,0.15750688907638594,-0.08022472859717197
10264,0.07429408880773386,0.2173757951988703,0.07486598856036868,0.7971701919230404,-0.05084650832989947,-0.06960110805213757,-0.0015954588370826186,-0.053738847535070806,-0.06353530061517573,-0.022289049801575346,-0.46888588029002803
10265,-0.004596871619382718,-0.004557817006998324,-0.06326377331862229,0.003578266000051246,-0.7959474733298724,0.13765679895430974,0.013980074380173537,0.11464344532972164,-0.007338512010401627,0.04848838125149833,0.8733278090339834
10266,0.04219599757763276,-0.06499576523894954,-0.09173646176746902,0.027760846524329703,0.5928760248444258,0.17719049872731782,0.15105209302156403,0.01853961726235571,-0.3340698339896506,-0.02422376118098925,0.04530261628905568
10267,-0.21278834219012596,-0.014329799797713493,0.08618836343619031,0.04919658203265477,0.05315193508483813,-0.08994106577896106,-0.014118009897228946,-0.0561526498810079,0.46608972633397894,0.18665452996197482,-0.05022132307212991
10268,0.11231613426593465,0.05454487725539435,0.533779488993285,-0.0344848626952286,-0.10232371086455055,-0.06300704821018482,0.28109836183704495,-0.10689279726911237,-0.07051462175116843,-0.14612113137045127,0.14585699083057346
10269,-0.019480856160117695,0.04152975713504373,0.025860500024672186,-0.03043380598177674,0.04305395819325459,-0.7074754374509346,-0.05718069172875791,0.08052863494498319,0.08913024397442683,0.010481787786778694,0.015315523656948977
10270,0.16737480337593988,-0.0651432156240471,0.4208156020059027,0.06231533110447352,-0.0206429545836433,0.005927215084838778,0.04634307236577229,0.15455653839595695,0.06495067628612453,-0.0032478503061842343,-0.0850221721948315
10271,0.16885602016591075,0.7010737381736112,-0.06299731572072786,-0.09785860148111386,0.045114960208496674,0.25220555594481614,0.017559214935437033,0.0061090115365977915,0.007962184069774168,-0.0877359419582875,-0.011698367137281254
10272,-1.846303942532524,0.13545786149098699,0.1390180188642701,-0.013262493108063452,-0.030176842306185284,1.6773395913935727,0.16123921507941566,-0.02728025004021606,-0.17622673516338552,-0.012230293434627792,-0.11454453957281538
10273,1.4671353949643506,0.07745267586575422,-0.09277269518891965,0.15105403086873012,-0.022908624747694006,-0.044762230885543285,-1.029703660907339,-0.11087986476624294,0.12600348252797045,-0.03675566889490453,0.044329818168225246
10274,0.594394820932622,-0.04795284365724706,-0.11494522770754131,-0.018983353987111255,-0.06510164543599821,0.11045930864779863,-0.006402310595841627,0.16703415087168785,-0.06028583282131002,0.012260521395744569,0.048733262210204076
10275,0.5418685875234821,0.011913482431916122,0.005178627843919452,0.017635837268325898,0.04243125394646242,0.033293391693061086,0.00015800952257102494,-0.024007391926033433,-0.040632862883648105,-0.004644081196026952,-0.006749116945234961
10276,0.024668470153941417,0.0629308457328522,-0.0232074381749927,-0.0766330894479976,0.03102531741454327,-0.013524024668104012,1.1583594737270058,-0.044901074170447954,0.1535425404605484,-0.7586699873112912,-0.03690914850836323
10277,0.10693704765574666,-0.7448978538730298,0.010940771920413567,-0.018200323535054873,0.1052644130040759,0.052416184754607936,-0.012778934123949136,0.006341598224811653,0.03824871411432719,0.9144952019786595,-0.03893464742845218
10278,0.23804518401470548,0.8600235030374345,-0.012400883957081358,-0.027265896163068012,-0.08177128249475589,0.11003559779228742,-0.009456152966010491,-0.5216595404476557,0.005538979213190586,-0.06700116845191789,-0.0739847749370109
10279,-0.10210387997029424,-0.0012040498294188908,0.1379290003830239,-0.4737939637103321,-0.0328954364206644,-0.08943749544728263,-0.2107398888561544,0.8631036365024978,-0.014636923648373285,0.02291696612104952,0.061035083236325484
10280,0.048574641908588095,-0.02518990238403586,-0.07095500167036475,0.7457144059570052,0.029231706893512066,-0.08953547927286261,-0.06387297404635983,-0.11809171544725032,0.0076904426827852975,-0.13745956980798063,-0.47052567120820427
10281,0.07193022723841065,-0.08879525484402817,0.05283349761542804,-0.09763080758602455,-0.6615459801811563,-0.09452287959923965,-0.07382241540935203,-0.06186066116154014,-0.007540994916750033,0.11016197873595789,0.8807146719958163
10282,0.05790568578166408,-0.019922300156375347,-0.041520285552755436,-0.014506892996845079,0.6396287147345113,0.041710472765894985,-0.23110473276831872,-8.275688336171897e-05,-0.5054525605206412,-0.1299678094759317,0.03458808677902905
10283,-0.1114618571107448,-0.09851330073004824,0.02057578291083509,-0.03923186347103881,-0.003940452782301524,0.0932244062675163,-0.09245147975672538,-0.024131329302149472,0.4932970006743978,0.017809234186183093,-0.04217871989996947
10284,-0.03353783327253208,0.026418091196060527,0.616340437873805,0.13861145348550646,0.039843899354199915,-0.048408207353068305,0.060337291449341135,0.009287443195017727,0.04499629329444234,0.08920050472803806,-0.062314630511476406
10285,0.0063374416879738,0.01762380243371682,0.11614142379171462,-0.037948157767598155,-0.08285268826567793,-0.6733946673485234,-0.034670789212524686,0.047214290981949084,0.06373174874526574,-0.019324340824368277,-0.045984403867132435
10286,-0.18379607570581152,0.16960990177230473,0.4164633029094029,0.02854141818212481,0.15588775211965575,-0.1104776902715398,-0.0984232033556154,-0.1098957828539801,0.05795992444945688,-0.08137777845100007,-0.09754083170928289
10287,-0.17960368275077018,0.6579397979627997,0.05995924352050548,0.009082085341728819,0.012805565699772647,-0.09650192881781063,-0.0679423109059906,0.0024430404946332246,0.07769843994694456,0.11757051489350863,0.03348947225887725
10288,-1.8727695919522487,0.1917666453302495,-0.024827475556368005,-0.08782089131207346,0.18432037522498076,1.9454618648444133,-0.1345318982200706,0.09716770048389696,0.15967168610859592,-0.007247996976510127,0.12496929478143531
10289,1.1383353860850325,-0.04431017728409639,0.024138560274069885,0.007367087163393239,0.10745559970819957,0.11650745632371069,-1.0075038065530173,-0.02896556309044758,-0.024850772063292934,0.013086824380795881,-0.01229608849599704
10290,0.9267475111164603,-0.08650972060734462,0.033798829145496735,-0.1729815263085922,0.1915753854534667,-0.005590838988740507,0.04011384369133846,0.01675135434385003,0.0830927978871259,-0.08876838583763867,-0.038201164241472386
10291,0.6192633823291714,0.03935312570116688,-0.026996013619691193,0.009748135893883035,-0.0045824307967963895,-0.11996805015934799,-0.005279418487154804,0.05200908086768589,-0.0854847354504448,-0.003960694039512696,0.09248986824745221
10292,0.003378045560614853,-0.08508296146408141,-0.13231104498959356,-0.015995264588384187,0.09556288205142285,0.2522833420390247,1.4105738026728791,0.027280206646666038,0.08113475885841454,-0.9594030056909403,-0.013881124992341438
10293,0.1328462649936753,-0.6481831551123433,0.021568079193908553,0.016005410317625236,-0.10077150355228622,0.08019704283002389,-0.08884080087286801,-0.07392683555900617,-0.07829792427517232,0.9710082763246988,-0.08666766847644788
10294,0.09126380054057888,0.8661306529578103,0.06801424795355605,-0.007842558583272468,-0.02716897689880867,0.057898474736802936,-0.19991319113505232,-0.6909808825445978,0.0027647499099292512,0.1986718153121551,0.02777120163980635
10295,0.20879549534414885,-0.16855160707834532,0.06806055001654694,-0.4675986626841479,-0.12474364723714963,0.08788712598616158,-0.25395638389426534,0.7393168134862361,0.009882986823269643,-0.036612476472940136,-0.1185250882262957
10296,0.0659974553164016,-0.031356451752713295,-0.06732809218961487,0.723920424188385,-0.10216602208711427,-0.01647592674484532,-0.043186706734698835,-0.014895215938765733,0.09737716367487155,0.1300827516019857,-0.6002520897473802
10297,-0.05247966969820217,0.08650799479172559,0.06411235895526035,0.019397054225611398,-0.7011796492031614,0.11995120000075869,-0.20125002385197388,0.06847145276221775,-0.056386881600589654,-0.05960725625933821,0.8482180352908264
10298,-0.16621084458553806,-0.031692236232463034,-0.10020179723657907,0.005000718946820216,0.587505841507743,0.11750551414718363,0.004714824106943047,0.18761188683618432,-0.24201980159958544,-0.11091851064943797,0.0015490593570856195
10299,0.3170171466074135,-0.10211965638034703,-0.4116248787595451,-0.018383463632183114,-0.024032735937687524,0.03768474757523211,0.05731157185063285,0.0625647140659205,0.4894176057957046,0.015969716150230694,-0.03581101679788852
10300,0.09662447648273217,0.0030980446371796835,0.581309722265266,0.17046426262734823,0.021503669367306754,0.06643663353058567,0.04419369266142004,-0.0607628641195566,0.1385993643429053,0.1846010174196039,0.158503548872173
10301,-0.03363507167215938,-0.06210523895528325,0.038046356536408504,0.08290590743231281,0.03471784531537799,-0.6231117643287731,0.10707202857305673,-0.03354033266581124,0.057559350894656296,0.019606064603647715,0.06562527246371634
10302,-0.05367800702098384,-0.03347634626466163,0.41782247377850684,-0.011230635971407128,-0.04329572328587344,0.2259521829151855,-0.04875245909055928,-0.031773148014369305,0.033854549610002796,-0.0947575802666061,-0.0318407472040662
10303,-0.03360520224347819,0.6110574424404268,0.09845654101801697,-0.0042048778495896826,-0.054129490285158774,0.1829165730304193,-0.07842925476714446,-0.043208110143334186,-0.030021075365713534,-0.02997422838321613,0.02037168205471511
10304,-1.9311334993761926,0.027079324790886303,0.08776995278058522,0.03916532716078787,-0.04215382702117517,1.7600542439062816,-0.007832285012269891,0.04404649431720459,0.06312105884949276,0.056590365642796236,-0.1707474658757005
10305,1.2209600761858928,0.19317751116082563,-0.04854828578452859,-0.04782712498837275,0.12773290092630382,0.11429121262401955,-0.9648349000485884,-0.1192448239323909,0.07734346487486832,-0.005315661860315782,-0.0882845326647963
10306,0.8861955328111287,0.10310844346430174,0.030304338137667457,-0.018862775403008264,-0.09588596249699356,0.02712779927412013,-0.1765737997445439,-0.004756815948154348,0.061426256950445915,-0.0537587059626672,0.20947309141178663
10307,0.5759925567467823,-0.06258258994035205,0.039070085885455304,0.04216174655224589,-0.05962667768987962,0.04438512442378484,-0.02464974292395824,-0.02474244192639355,0.0003520414948352379,-0.03422143382612362,0.03869879734867414
10308,0.030061683002067616,-0.026316350070736794,0.09848761535918647,-0.03470575680040273,0.08495140500979474,-0.007711411258171114,1.2568390983829052,0.10135354494515215,0.021709542401666858,-0.8095154358713554,0.0294501571177696
10309,-0.07633972284139916,-0.7393917648857696,0.0952407443733698,0.07255813282365382,0.013932129451297928,0.08672586400726426,0.006340115151658663,0.047162651283928256,-0.0046038607227962235,0.979191416295113,-0.005186607721166657
10310,0.1059303573556637,0.9206913740125704,-0.04817994852913829,0.056903176018523,-0.05420132842278852,-0.10219876932621208,0.007702754084189893,-0.5942028734094974,0.011624287246617005,0.028941355142178975,-0.02800769814033678
10311,0.16688474839840128,0.09936389827088338,-0.08614177183280411,-0.6525577710691918,0.07151354780938246,-0.1354582890546069,0.08570447845409974,0.957249578663374,-0.14888369250979364,-0.06556924015133958,0.14140542550256588
10312,0.3238494737157755,0.0266045711266135,0.2047837930444884,0.7359933033947151,0.26016783308474656,-0.0722544544430521,-0.26951884178353636,-0.0037996264982335924,-0.11572603853426616,-0.09845267280685112,-0.5223336250829239
10313,-0.12414944990494357,0.028713209324238757,0.03436839438731371,-0.04371300220510746,-0.4407727691636364,0.14727671052982258,0.016532978152413915,-0.058456821856309335,-0.047504496036708865,-0.005201966448271816,0.8940586267602497
10314,-0.06299046057858909,-0.25747501094791325,-0.011369522620268939,-0.07089981979211947,0.6349583990774493,-0.03224837066669168,-0.14193964787096688,-0.04451770445048185,-0.42260006193049565,0.06157635120392234,0.049133900970723954
10315,-0.11686628011347418,0.2546320813478741,-0.09885193225011771,-0.12709283427320475,-0.05100490260611556,-0.00762004365104447,0.05531559602554304,0.10428489743026573,0.465019463227005,0.0465872419715734,0.007071946105812245
10316,-0.13704569356858323,-0.11909419038159201,0.6044462931155182,0.14413674896483344,-0.058388993757801724,-0.049587607622689246,0.002197184356396491,0.07493492984022704,0.0033229905318933,-0.13038985729866162,0.10255547397480015
10317,-0.006813347199704657,-0.04045739511126808,0.05879782310947736,-0.02853390848413326,0.029768190600197413,-0.6709578093242469,0.02062468879183742,-0.038973934989635355,-0.036104793195702485,0.017069562007216495,0.04750930337622267
10318,0.05978948256345332,-0.007729078201139902,0.41021724280361227,-0.07615556079558536,0.08358404234875257,0.08009726605627084,0.06054454970068003,0.13802403809875238,-0.049020991020068176,0.058321983604082694,-0.11403902549041167
10319,0.009750136568108728,0.6487397734720076,-0.01232307045775866,-0.012917730839998835,-0.03771663231197969,-0.15259611266213557,-0.026662421098050414,0.033990843688297044,-0.04264901167090006,-0.04944571299530079,-0.010686231681412821
10320,-1.8875580618312915,0.07617924764968648,0.012673226984802607,-0.0768549455317213,-0.013482142970706795,1.865836665270201,-0.040928531623090736,0.042284280477269044,-0.00015156514933964405,0.18027608846320364,0.13591724335334437
10321,1.089984151852259,-0.04831783863029672,0.02966030014344313,0.06969029434415758,-0.12388685022098124,-0.07183790366619004,-0.9572120733572178,-0.02191840840108671,-0.039729722568931834,0.042065803506378674,0.044365849265456954
10322,0.5079375475266102,-0.055406313454169756,-0.038701015025736744,0.00597546523672652,-0.0055901567437238045,-0.0401377937144857,0.021332799758742308,0.11299249603265613,-0.040998960056096684,0.21042952168634022,0.14489052602062855
10323,0.6297954687424302,-0.016094469673287787,0.005158295437545654,-0.05692814527356433,-0.05110445921201102,0.1737702332674756,0.005216953190891022,0.020717180064888013,0.03272424804858862,-0.010500703506462351,-0.06794454767022351
10324,-0.19599050335104173,0.004145467337768579,-0.10467417557512179,0.14956283501326592,-0.006551567318155746,-0.028039082653337467,1.3098905517188895,-0.0430962062786727,0.050727090736871386,-0.8426987718297076,-0.03054785476918667
10325,-0.07821872218214432,-0.7599529244349191,-0.03669219209029459,0.08406461995899801,0.11738374741883259,-0.07168120929026965,0.12324326747952721,0.0714709749991688,0.07980900101509315,1.0008236838184963,0.053524885094548114
10326,-0.15218085060958986,0.9432583310152978,-0.01950187394056659,0.018320143504310916,-0.11512921657299202,-0.028582233235675145,-0.0019460347493246832,-0.6401065536217971,0.08150638764655914,0.12153489960673451,-0.04892890879385255
10327,0.018178664251166217,0.11527087144861989,-0.08014023004865015,-0.5232711840298582,-0.020246802088282796,-0.09549577784479421,0.18093232471590293,0.8095722224119778,-0.06877217204383225,0.007171947640826121,-0.07610600409328441
10328,0.011554805931227378,0.08805565844973856,0.11628270284344877,0.7716863954713025,-0.006409098636970978,0.014636429730339521,-0.0017856741332224193,0.05521157020112282,-0.005809586053137224,-0.005664286982531639,-0.5384052791460573
10329,0.12439109610364055,0.14121081705456168,0.1141740157408005,-0.05211251801141788,-0.6213656074907125,0.027513200930656324,0.09416249423207178,0.04158120599143329,-0.024016221461739363,-0.20412401671744398,0.9180217402343569
10330,0.2058325105066684,0.018641816613279037,-0.07244702244747372,-0.023627984441332586,0.6456545711006817,0.011660024998922089,0.05124270393533158,-0.039524756586047705,-0.30291377765712496,0.12948967859907998,-0.03863479545206222
10331,-0.12861054731619864,-0.09441090907474275,-0.023353753729179416,0.08917004981022775,0.09520636041443456,-0.2666995202257831,0.10914567699191118,0.025271464018339324,0.5121200475606487,-0.06203673779592201,0.03246333389610202
10332,-0.03792575154454736,-0.06802543602006088,0.5951376672017084,0.027594179151359942,0.09130717671875774,-0.03175576442610981,0.17380041204850377,-0.04166056704536431,-0.07264447399226912,-0.012910986602203358,0.14490695678029294
10333,-0.02384848051105714,-0.025621370345649357,-0.11249196885445452,0.13742952805742975,-0.03917717278515384,-0.6636684556480823,-0.03956681770467424,0.040502761761635316,-0.10968951746493466,0.026895514395710807,0.06018905467247559
10334,-0.0313659153515477,-0.04069880971825528,0.4101386467681332,-0.05561524731390173,0.007295240072798664,0.10566850974470744,0.05545903050055168,0.11843127003008234,-0.03544201313184207,0.22772190195152556,0.024655092451202718
10335,-0.04497538733828417,0.5955446089680068,-0.06271768172651807,0.09944929671522086,-0.04359363354234033,0.2339811665761612,-0.08473654811548768,-0.003461761592979234,0.09378179018741431,0.18000048527272078,-0.004001736477714145
10336,-1.8271681677054634,-0.003678578593142223,0.15381151495823456,0.094608491296026,-0.1265377019527911,1.7448951914785185,0.06901348845895629,0.07087920548256203,0.03134979879412613,-0.0650233878141879,-0.11317417175152883
10337,1.3258683767834138,0.08503279751543351,-0.030248977350322795,-0.06380905050830414,0.009078869659172603,-0.10365527375726213,-0.9757516697106756,-0.0022758637735663277,-0.04733992203315314,0.1353775989897664,-0.008623030504242915
10338,0.7811896718540288,-0.05727508466623526,-0.03445915336130182,-0.034002403482732396,0.09688856108983891,0.07077732510836787,0.05113952056809989,-0.1617601435733667,0.11067830281411345,-0.21421602767346357,0.0511085835874083
10339,0.6761363230624077,-0.09190338266556032,0.09297380445273827,-0.04012370954105123,-0.01524367640268998,0.03363512459777319,-0.008541272093546663,-0.00997509534967064,-0.00341541457754109,0.027838468855270672,0.006518068926816187
10340,-0.11810526106496677,0.018639206821360957,0.05841294195641612,-0.08985593890513117,-0.09092365684222561,0.01568202868079895,1.12615177382345,-0.13557697075592803,-0.03956292514909434,-0.8956517261477608,-0.009911126286077956
10341,0.012432288321441831,-0.6335734861967842,0.1198268797043052,0.05032848575267991,0.11030067819755913,-0.12643628111102226,0.0008216837022085076,0.010511162251266628,-0.04055185813913053,1.1298865078243638,-0.15680041803292433
10342,0.0908777513749546,1.009305575849987,0.058867242554185406,-0.06527929274119784,0.09032775088610279,-0.08326369936944242,0.06543444883013431,-0.625299868386568,-0.027504444530002108,-0.03252255909805048,-0.03871357459836561
10343,0.04422411601063111,0.15890081027515118,0.07696722261315804,-0.6290731861818887,-0.03681744458754582,-0.029441086417608356,0.16013663343075385,0.8258773019852048,-0.08910387010307726,0.09363685783356007,-0.06895217157453687
10344,-0.0821502379958025,0.05268095069021406,0.030898674847784278,0.8042456118311867,0.08309688096521234,0.06234185333989613,0.1083451258565836,0.039982967347081316,0.1863529260415356,-0.10034199040099226,-0.5879522997909246
10345,-0.07656150045555658,-0.060296528951452946,0.08344372022826244,0.04011557086710195,-0.6053586008717647,-0.24305204353080892,0.014502997537302435,0.046037666747914034,-0.04791406288425923,-0.03822678221453754,0.8922906841077936
10346,0.14538587000847814,0.1957429411598487,0.1564711481375898,0.024743083500315118,0.5957249572802314,0.026435435228150915,-0.0761465502088902,0.11639686132612699,-0.41375536158974235,0.10944267826566641,0.07094390214441623
10347,0.2699419034708146,0.18245986686638271,0.011243616720093053,-0.06755736533980412,-0.007699935499816884,-0.0419855818109032,-0.09663372497151176,0.05251429318884302,0.504743419191005,0.04884724400382526,0.05947808254193846
10348,-0.051704625770854655,0.162395945260286,0.5706254324292339,-0.11044622687234779,0.07863554195088912,0.061446795113546275,-0.24131709111100502,0.07057165156374494,0.06721639643763586,-0.12991827298221104,0.0006322245045198033
10349,-0.014426552393586456,0.011640669674198214,-0.023591167265887003,0.013495597218384808,0.04127628838980134,-0.6766833898872185,-0.009388964079458273,-0.003364499724163476,0.14192455212872992,-0.06115665565804985,0.009600621634919534
10350,-0.07154685936842696,-0.008035016129918414,0.4401284826958955,0.033343358544037936,-0.010797896961682787,0.050991692215885995,-0.11781207412041286,-0.16453158712154922,0.10578521882849631,0.035599355415877824,-0.01165341582514428
10351,-0.031131486878997958,0.725067392057897,0.06395739724222227,-0.09459771947463298,-0.01220504122959282,-0.09331902251313072,-0.0015449045188023515,0.020476479968031473,0.07894594655960982,-0.052532821622605586,-0.00835574500010327
10352,-1.9779406177893883,0.11300487639495692,0.04278594828700792,-0.08769802450212469,-0.008602989089639308,1.5156953812435918,0.027523899282908045,0.026275658517230183,-0.12681248706264245,0.028529024705162692,0.08933877589858913
10353,1.4708632843431646,-0.0028594963801352596,0.10551146047615019,0.03652446219246595,-0.08780939045692436,0.03531806665815837,-0.9636113473117636,0.028494709147524753,0.021641215799821648,0.04066192387978975,0.04913950740762057
10354,0.8212208152246637,0.0984760556126494,-0.04176108848222041,-0.013224305587294668,-0.16660403409389224,-0.07272096233881879,-0.07344220112742167,-0.03334267664238336,-0.2869174429071972,-0.01040846556822838,-0.14613201925229455
10355,0.560014740004126,-0.00978556457985586,-0.08013019556239602,-0.01380050822796177,-0.10766720275359112,-0.04232322622781047,-0.02757654135251596,-0.02293389501852544,-0.06478123371707067,0.02668581945862044,-0.02905669186362886
10356,0.03232430927461775,-0.04195725227328524,-0.14600546494920777,-0.06084436010123636,0.022602153802947184,0.12229762911148276,1.2287372048421557,-0.08777898707388611,0.07656935924496,-0.9342739438421036,-0.06287737200649994
10357,-0.12542746293370363,-0.7766382754296552,-0.04244508513462805,-0.02542211979000731,0.06854906783383292,-0.021067284373014777,-0.015791322433139035,-0.02909568340429954,-0.09673753018799425,1.000787995781709,-0.041201188849640066
10358,-0.04862713589285663,0.8173440735704944,0.0011347072203458399,0.04434968525957668,-0.0612687877540495,0.013463972337807559,0.13310594122889927,-0.619526479171446,-0.08034322068569297,0.13778331065594093,-0.05351945131520592
10359,-0.08140185521168676,-0.0233694273448984,-0.017035774075321395,-0.5729716282551025,0.06253355973158164,0.02170041750164011,-0.041720428950845954,0.8278971979211203,0.037018612123233346,-0.009587024723267253,-0.14460896466953077
10360,-0.0845241766179766,-0.00032886517619407996,-0.11984974898600058,0.7747228561163,-0.021578505848071902,-0.003674502248452694,0.05192848516429519,-0.02149507598842868,0.005871545722247098,0.041069495532717853,-0.4050611836561514
10361,-0.0006189968755488523,-0.13037894380254708,-0.19133646039562613,0.025284141621073352,-0.5303859456678933,0.16372127401782538,0.03517298698393169,0.004057426773094861,-0.02231860091476517,-0.0879190867761468,0.7970839036188412
10362,0.005001803066899242,-0.002362225596805795,-0.07923645704446013,-0.1297105112331249,0.5745788656358912,0.19230503643388597,0.034807642771811184,0.013622152607443802,-0.27748472792968304,0.11750355594503255,0.04520178121490637
10363,0.051039377908204626,-0.19469741384274103,-0.208542795355465,-0.09081482741071892,-0.04362100665003568,0.039276623839463454,0.05674156855711717,-0.02024031645034486,0.4897124427513465,0.10579444341203341,-0.08312068352295258
10364,-0.03461159212409587,0.22677839306515912,0.5954677014303079,0.05720591144558421,0.056760803174163585,0.07354131974826755,0.15066819639122356,0.1090926643875817,0.2105345978867384,-0.16699105444232923,-0.15234780168258202
10365,0.01528850921838864,0.047985465934350255,-0.21129345465609845,0.02204689881805662,-0.023552998462607874,-0.6617096348593537,-0.03482487787792459,-0.07109455135060766,0.14221615113258262,-0.02069761041810724,-0.05022419111864707
10366,0.04577690879417924,-0.13343154300767118,0.42147663286724785,0.10240974860276753,0.10929462822133161,-0.1753898605413246,0.15196670919959407,-0.05044419654580673,0.13163252338690437,-0.09145704103880631,0.055452538515114
10367,0.05426983082489351,0.7262647328023796,0.012372457899384778,0.02460726508089446,0.009939403317965917,-0.07487256470083706,-0.14350929642446142,0.03009378583265164,0.006172394838763443,-0.01770138046545574,-0.0340653496177041
10368,-1.9165842276403393,0.005905672666331242,0.14616103892733018,-0.16712139085216446,-0.06721312713321224,1.8334976812150048,0.042515186071026397,-0.041483768198002945,-0.12769802569208596,-0.02388119976934379,-0.0061954274326910756
10369,1.7143752803200951,-0.020300152245008734,-0.0025201046779708054,0.015808931920844333,-0.029789437564995032,-0.06033537723281605,-0.9514649634973804,-0.027804528112063964,-0.03431049052032248,0.024789611993686452,0.060505227428948226
10370,0.8860782481058437,-0.07759012846820025,0.09095985059506062,0.09240744772713019,0.14243304081427516,0.04746373722199872,0.019036284011433875,-0.002647645735534424,-0.002903865964192668,0.007793851559643854,-0.01588896004404668
10371,0.571040248495539,0.017039709410410317,-0.02708219231336347,-0.05287566535905936,-0.007599495430907983,-0.037406020697097586,-0.002286835695000884,0.010496626411227908,-0.13498160170995993,0.05898237240425973,0.05918431277219554
10372,0.06748236680353041,-0.02808082915644214,0.1052726178980917,0.048970692645799105,0.006467263996549628,0.1470796772351228,1.269451327294663,-0.11059504644462402,-0.0039952863378548,-0.8117776149139851,-0.004970921704142455
10373,-0.04547145779679958,-0.6309589929023088,0.012661128331633516,0.053376908885266035,0.04838904307685904,0.02467058735688518,0.12953123922726886,0.08563110692845256,-0.1439333869385485,0.8670071489028951,0.060087640024214614
10374,0.05988436686819428,0.8503006914842571,0.012809845990987766,-0.0133034987432372,0.07878815332861196,-0.006067402406261843,-0.086091837804883,-0.6786883803250304,0.04649989549552523,0.00390808083852382,-0.012713755644523001
10375,-0.05961527626311651,-0.00604625277921543,-0.04155380475079662,-0.4962705731568089,-0.01462599850218287,0.10231147861962786,-0.15683793221528686,0.7981877089231804,-0.014134375000187415,-0.028731175487760705,0.0015457820375182653
10376,0.18945175824895613,-0.07564248745252727,-0.09217393580183282,0.7591412515402016,0.053750211548518875,-0.1557028008404137,0.2107314349968561,-0.03792814440554926,0.04777340708745213,0.1552813934030981,-0.40939787114645076
10377,0.1597033960253541,-0.09335565714736663,0.02138919756833311,0.08947067174166877,-0.6302562890934817,0.1819747565786248,-0.06601369146424613,0.09091182444829782,-0.07025733108086742,-0.03039938602919207,0.9584103547560775
10378,-0.06474131755962653,0.14507747797770404,-0.0840654130798156,0.03568727879345645,0.5992106590433272,-0.007305897174408302,-0.027684570486170765,-0.16361857172376532,-0.15471969711516384,0.023555611337386238,0.044756688855407234
10379,0.01685084424775085,0.10497587081358989,-0.08176596705033737,0.11328990164203433,-0.01730334808452305,-0.1799645569246189,-0.10236349845055204,-0.02262914024864157,0.5506509758714352,0.032040910590858326,-0.09043633602620202
10380,0.15925766579388437,0.010903987510795781,0.6201651109956366,-0.020499530784772884,-0.05923122121534928,0.08244140651810176,0.054451705091336705,-0.009266205509399694,-0.03312691440909241,0.03994844916072264,0.060057063961717984
10381,-0.0565658927933961,0.008112182671442043,-0.07567674786229245,0.04749372134831696,-0.10964825405422178,-0.6524468161958346,0.039411972641378516,-0.05415280287001463,-0.025947982555133635,-0.016439573967302112,-0.01810599015451348
10382,-0.03454486386629378,-0.05716428966655983,0.3996927710886137,-0.04543184869551722,0.02346684504994128,-0.1787617519414618,-0.05379088867462416,0.028861967937125373,0.0336464771079143,0.25503696736986126,-0.028944731409472926
10383,0.003986306162119667,0.704637098255287,-0.024535886600421254,0.0007602005191166743,0.04033196299861874,0.005238392783948241,0.09241763048465759,-0.023183149308232922,-0.035211436895307445,-0.15812546956968182,0.07008099636951026
10384,-2.039140552160422,0.16069987887427062,0.08243514076646107,0.26100743762828,-0.04062294274801247,1.8174412623217902,-0.213064374021174,-0.11341084741911032,-0.026237855966505134,0.14079764360033906,0.022167578228254225
10385,1.4788948479389759,0.08620675617999593,-0.04594891460059286,0.02048341186182868,-0.05056531751564816,-0.18102684445333117,-1.0486765131110538,-0.05813807186693108,-0.00018143701320397655,-0.00432953343091998,-0.022409609313056064
10386,0.9007838461815313,0.11160674604506546,-0.05003719871117319,-0.008151381776960903,0.0095679708855989,-0.15266928530487683,-0.053996832162961195,-0.037275256645812584,0.09842917196024412,0.015308423005652123,0.05107857552554682
10387,0.6711604638636595,-0.021871873079358495,0.017888340545750624,0.08411748323237873,0.016789338627890286,0.07029977893640002,-0.0032320441803656017,0.005228450268741143,-0.029802708894266013,-0.035502285060121395,0.0056378241806593005
10388,-0.1126711979694554,-0.12618744988684208,0.18296176096105754,0.03392820250432083,-0.12029761196703012,-0.07604565976527022,1.3348308192775922,0.02941272825695266,-0.03414286462359922,-0.8468251942593201,-0.10993515257019736
10389,0.1679882493937275,-0.6176383715331405,-0.037076470604432636,0.26233261153690923,-0.044535205156453934,-0.06796277618130259,-0.09328838546477196,0.12831838585542513,0.007807568583886461,1.0082585371050778,0.0724643821060163
10390,-0.018412426003064093,0.814252965728157,0.05429597111550339,0.002883252360237048,-0.039280586373216984,0.22296131574534686,0.04393844661490793,-0.6630511918785357,0.021865730840398476,0.026604824034097373,-0.07775243136545418
10391,-0.17613784913448832,-0.0032018958959339444,-0.05365825761599624,-0.5498327589879494,0.05188378087051753,0.018398319878001064,-0.12096125475758103,0.7420289415686878,-0.140766028881755,0.04466454472185683,0.0453034348260729
10392,0.05130239634992796,-0.015007516489711808,-0.0028613174164779627,0.7316415715538639,-0.15471718216864203,0.0676820573555875,-0.1584537199474234,-0.12017151201711748,0.10030252318855867,-0.13402141175826293,-0.6037867865303046
10393,0.16728629778511978,0.07679592610638318,-0.16471211631469648,-0.06845968748379253,-0.31291600870897973,-0.14129936094593198,-0.15014807831535418,-0.041681367061254554,0.04180440308274432,-0.11561563650052166,0.8563262260520402
10394,-0.006584332487971687,-0.015795138614549557,0.052062439034780666,-0.04627715759743256,0.6147364292005055,-0.026458623687745573,-0.0307630919127899,-0.03653792345874146,-0.3232886322406706,-0.02111837756675198,-0.04618808878926937
10395,0.09524025397620967,0.08638886266762819,0.07179148208477269,0.006932606778584557,0.02951122757007983,-0.11345563598920384,0.12216008787496431,0.03425156831447129,0.4679025420404632,0.08665621658142003,-0.113043759535827
10396,-0.10641761367890198,-0.04533293525604353,0.5938944375517619,0.08579338875109088,-0.022136625032222523,-0.11098457099320237,-0.15505065155262993,0.05227213468734513,-0.1287616984706368,-0.055263224172604,0.06669262058286007
10397,0.005472640349001678,0.006895573722990899,0.09940184506442404,-0.011920021298247091,-0.12477232968850498,-0.664608209679351,-0.05926366412889549,0.005213074826087932,0.11891319506039195,0.015108855054642233,-0.01810886842984684
10398,0.060950110750779274,0.029091883214265445,0.43094093428727115,-0.12738418499525303,-0.05770619479910717,0.12946952323287322,0.0061304220374440235,-0.08037097105304764,-0.004437254210464778,0.04677496384025797,0.15626002750220416
10399,-0.028176486614379603,0.6926647747053559,0.018531098330631192,0.006016148691051271,0.041075436874165525,-0.07609661043456344,-0.1384666271902193,-0.042368564222634894,-0.007964405709783701,-0.011979611931799394,0.014490792562374065
10400,-1.525975835447813,-0.02867948299125707,0.0444858079898255,0.10249157222113361,-0.04152998967621056,1.766773678867581,-0.02837612874634072,-0.11696493683643444,-0.19484084937093626,-0.025508118191077168,-0.06247347327515001
10401,1.6832321214452826,0.07161002561185482,-0.03364256312470611,0.04724125366025157,0.04918253261232635,0.07821112878749659,-1.0868934758722113,0.035169989731047506,-0.04959974471765486,-0.07705318519658308,-0.0753052747750114
10402,0.9374886597393293,0.037820256568149926,-0.006459615721593463,0.05577268215886297,-0.08498686858236601,-0.04560604525994687,0.061204481568182284,0.1644790931758478,-0.037087755162660864,0.033470662440792144,0.014481275606116844
10403,0.6050853699449527,-0.03003524563892976,0.017667693642351222,-0.024437977470783467,9.982732788966879e-05,0.021735401086566936,-0.0252685827493811,0.03291461162447381,0.05258558269626554,0.030786705980284705,0.041823205137444426
10404,0.09020363967201844,0.011091840923618432,0.006869788733652155,0.08832940823517176,-0.003474824033453285,-0.1135149373862723,1.2631314803831237,0.038627000850733124,-0.033085770928579665,-1.0451665268117634,-0.06570987983334887
10405,0.015585995573720183,-0.6497087035965827,-0.0022898906911793257,0.11242385724378136,0.10358748582452339,0.022361151342182372,-0.06001219299981772,0.03555124043998885,-0.058731566839194636,1.1798355994766128,0.11631731686395883
10406,-0.03569882082706121,0.902665929407393,-0.03303218367808162,0.05279097233912451,0.0452358685830369,-0.14417411263635635,0.08612707096265924,-0.5914757302568203,0.07738071844980877,0.04942535302860674,0.015485055451225447
10407,-0.06770461375116248,-0.0645866262161268,0.10940300130833469,-0.5327667250851232,0.002721503615570886,-0.1701803896007987,0.03279699283865603,0.7105736445342319,-0.04260911166275097,-0.12045897948974099,-0.0009325654235321345
10408,-0.002908793842638691,-0.08548794883173004,-0.02250622625824337,0.7771707171503858,-0.16436008331815358,0.029496305188037496,-0.04194211727628657,-0.023926337767502623,0.06854748510256091,-0.17613630741389105,-0.5767371823695733
10409,0.023737100490716208,-0.0777634495449722,0.02634036645461715,0.06614660892323411,-0.5170623873996785,0.10508376678462539,0.01905983341990882,-0.04743352871872192,0.04268198694029452,0.07586808356661004,0.8789940274665506
10410,0.2951184401836706,-0.08651018060861883,-0.025839733127986715,0.004950486057088654,0.6129375286601307,-0.07865767362470905,-0.07772830051660855,0.011910289901166488,-0.33502969393351356,0.10926965322181112,-0.00691589998670984
10411,0.02708814415774006,-0.08941324392659308,0.003642705028487195,0.04141306774395262,-0.07267993142934545,-0.050826176320274336,0.25846271078298616,-0.08284071101911408,0.45900202487471126,0.17036595646465122,0.022468108692810674
10412,-0.1406382330259331,0.10862266442559193,0.6125065307167843,-0.15182374600675644,-0.056013899897636096,-0.08308225656512333,0.11410920097254777,-0.06337114720097618,-0.0231318307621319,0.019175703035093625,-0.11832564788912736
10413,-0.0008198910296271875,0.06747141457118325,0.0552692507753984,-0.11007098975720188,-0.05794403528427218,-0.7150268449013596,0.005793451282226593,0.06843881069159262,0.14162509700039633,0.04856398105481207,-0.11579300071486424
10414,0.00780218055338641,0.04919413912222386,0.39352754122011446,0.1411023888819137,0.2202741074028996,-0.07752785362550912,-0.07831944214290412,-0.028652578713448087,0.03878680122594543,0.12404462238940092,-0.06056562961761443
10415,0.16534969079814224,0.7211737236756078,-0.05304986104784003,0.001366663164846021,0.012574648441303933,-0.09368214245289179,-0.057015381755094297,0.017927502824580492,0.08311919986872446,-0.023993062326149915,-0.06952659979664522
10416,-1.661923652915158,0.0755840919911807,-0.0657023027479648,-0.09881144576195577,-0.03659055876237078,1.7773895948380067,-0.05749128907628953,0.08569217942288165,0.10833834483424026,0.1827796975764991,-0.05401429388213301
10417,1.2587612885875976,0.07756626337499291,-0.1369832311282597,0.023240449484256714,0.12166219495612726,0.03412460155864684,-0.887642744654976,0.0588514215955851,0.04403588663449207,0.030607655590789196,-0.09960964971711422
10418,0.8593514863911611,0.002406686757912873,0.013412649330947678,-0.057572452966042006,0.03538579070688931,0.16248953761463292,0.07056773478928334,-0.1044920288766081,-0.08638432890567088,-0.03556437554930475,0.03425403878840812
10419,0.5456704357085459,0.01774483869472246,0.014805421505782856,0.007962492110905876,0.03551196807134556,0.07703706887327591,-0.017073703913989772,0.003267944587212735,-0.05918711159802851,-0.05569111722132098,-0.042743727251794435
10420,0.055038131142882724,-0.07717786054096344,-0.10546085785366636,-0.02185213635264586,-0.0182067460390413,0.15460765726370146,1.205626911965261,-0.018397766998396688,-0.08356557228296344,-0.8526270567747481,-0.053838021266278555
10421,0.21242932083435026,-0.6166269207501384,-0.043631706345477105,0.08516071589938098,-0.03694929172085855,-0.09727845813104602,0.15476954696235135,0.11176935643312479,-0.03282874829361251,1.0071759417677575,-0.00534660073864654
10422,0.10053092768500017,0.9524685406614638,-0.06630590413680759,-0.03905586236309222,0.0298752560935509,-0.0239081928336783,0.0016388703458537247,-0.7169851528215422,0.06083538268968923,0.07941515672907425,-0.005637359002936503
10423,0.2091307137547922,0.17342291015180422,0.021543765327957102,-0.6249158394625842,-0.07607552266969869,0.15153213487944553,-0.07820266645010689,0.8666294870536463,-0.06347629584741228,0.058467389693782165,-0.022629742112750425
10424,-0.01953328665189032,-0.06966402104932203,-0.06752915670094983,0.8144459357446997,0.03901132732313024,0.025629825034557963,0.055441424528180405,-0.07347049520060044,-0.04681493345843053,-0.00667369061985516,-0.345181043083986
10425,0.04492040334504174,0.06307776293203293,-0.08355858005963496,0.007959757615536495,-0.610851621718025,-0.06613598788402048,-0.06798050826323475,-0.01001774672112242,-0.08744357043099993,-0.23192112609800367,0.920282181116632
10426,0.07353452432746908,0.056518489346774545,0.12681030380939576,-0.060992475914226116,0.6197038521591034,-0.10994237461556011,0.11825868602279402,-0.1196557919082647,-0.12273317388111234,0.00017950831358989764,-0.02015202761204412
10427,-0.09872259200416164,0.09740669218985243,0.10537327014925561,0.1260190486965194,0.024088441012318832,-0.04937669526421086,0.12023482906567624,-0.08815167864982719,0.47689472231767416,0.11013897192760817,0.15880300635595798
10428,0.1482498838359325,-0.027130120206190253,0.5651154128970579,-0.056446003503973385,0.0012623806206401526,0.013083322505863953,0.24446100965105222,-0.02510395309434451,0.16259487712161422,-0.021388472162160155,-0.09295688800415353
10429,-0.05498646072994062,0.03168158292436388,0.0008777756709347883,-0.03521500247940718,-0.029752083651890804,-0.696140719676832,0.01928838182672421,0.09443718312711019,0.11829310434680079,-0.06472988237681492,0.03287366775856088
10430,0.05838125549095048,-0.011072036542434655,0.42312669375847545,0.08474875732440351,0.019275317560980585,0.01603424273976281,-0.015182157332772513,-0.12908203001054339,-0.06385878171175075,0.06437985323065228,0.06102160557672012
10431,-0.0009123837052233547,0.7079292382037582,0.041000992868386356,-0.008081855171977263,0.01321159307360225,0.07109530941316752,0.0495277197248153,-0.03419212826958065,0.0720706037668005,-0.0532440224433315,0.030234744304335943
10432,-1.724527748992755,0.02079134620003838,-0.1271429004833974,-0.002700402445210938,-0.09976810121283891,1.8309713436367399,0.045848221092555784,0.012511357727516591,0.1382239916628006,-0.015301884587287394,0.003996764223439971
10433,1.3221079535803213,-0.011716987442657902,0.007791540407817425,0.10184737154516024,0.05089132657932949,-0.09605300421639587,-1.0263567313702884,0.09333508764898507,0.01456284070020461,0.022406545360066674,0.05232789076441243
10434,0.9916994029788442,-0.128776632743606,0.049853807948086595,-0.044889462620194304,-0.03787333669695775,-0.059951815512819584,0.0412792483242314,-0.004358693602243014,0.0031738582241968363,-0.056841123423404305,-0.16127939402830888
10435,0.6429803889191058,-0.047967463120860136,0.03166235478219717,-0.026358785294746626,-0.02571379017791839,0.09881112389717353,-0.020108430813216827,0.028926308130743636,0.00038823039431070197,-0.018483279243300982,-0.08974273254748777
10436,-0.020436603692298473,-0.005158241881619574,0.013253933144010232,0.011967921387168592,0.08891905293018312,-0.19434694926756793,1.2872031903586754,-0.07224210239291344,-0.0783586270690187,-0.910365940311649,0.024891361282110454
10437,-0.04408566361472374,-0.8011424651410326,-0.010483312218125491,-0.04495432497393143,-0.009271037629833542,0.14254582926411602,0.09234552045461168,0.0020640040275254866,0.006821121772984032,0.9958823801270644,-0.010818602261212156
10438,0.09353937143088274,1.0886307063322282,0.014107338295978869,0.00205169564901314,-0.048915626312139714,-0.04905474426264966,0.12438222637402829,-0.5525540149720559,-0.14136434838953607,-0.007334099000412999,-0.00899150591375133
10439,0.08552581247714061,0.1377533555253222,-0.07206146392231161,-0.5573098510730413,-0.014997614927980001,0.04500418624959149,-0.06449496890868757,0.8277866290587224,0.19012955151597577,0.06767796162650647,0.0919906306780387
10440,0.1889772973416751,-0.03258278515747719,0.1765402112769675,0.7923575715675473,0.12735005978570194,-0.19017251496302506,-0.1856982663259464,0.08719159254503625,-0.046985005921754947,-0.030733189479475925,-0.29211083461603865
10441,-0.12136275820398865,0.14443906716394508,-0.07623712475529176,-0.009640135457457386,-0.554843298046391,-0.20836731022049076,-0.004672784777627969,0.099856977166682,0.1561841859735635,-0.13230910230206713,0.8210199930538179
10442,0.03807367652421731,0.027468011697559483,-0.08428408042430106,0.015170575310138264,0.6177349859026149,-0.05503153231772664,0.035478006869556496,0.07203253028906162,-0.25405366884938413,0.2034904936219758,-0.025337181345817528
10443,-0.27590482538630823,0.13502094678300544,-0.12318044769619377,-0.10626697821973782,-0.01634573253249751,0.0014522696898824094,-0.040654825051266295,0.028440350580402063,0.5064549333122316,0.004879964506089308,-0.012542337384193566
10444,0.052645171471767296,0.021109617247488548,0.5874463265719453,-0.08779522280750786,0.0713069429967744,-0.1547500126904827,-0.11393355948300805,0.18904032845846924,0.0668336994445215,0.08557516092466047,0.03149307782159117
10445,0.024404200215372533,-0.020491387421223285,0.10108390962271062,-0.05678127936283659,0.008070643263134853,-0.7078467970465749,0.046079884990235735,-0.06428636222557566,-0.13160007921072422,0.004998510135698073,0.08707751068701658
10446,0.025440132188478487,-0.05926451717198179,0.4358990550860114,0.10686914153970511,0.03254816669141685,0.10506244243023928,-0.05279021052052434,0.14926554780204135,-0.11331682674273498,-0.01695309036707386,-0.04699831225038156
10447,0.22982313380941596,0.7241000128227948,-0.18282180042735613,0.01922394029107021,0.05156794007041422,0.05820520840784033,0.06437239323639474,0.0253995637200994,-0.03726715156202037,0.05856509686307795,0.050449129155203214
10448,-1.879037256028311,-0.09242796346832083,-0.08341200479002434,-0.10576502134988709,0.15023738913420495,1.703335495982998,0.12497576962406179,0.1380626547722426,0.05475480796620204,-0.005191241927533802,-0.04187485503015425
10449,1.0881728427518762,0.12062352903419173,-0.012244907484714046,0.06943150540207296,0.0013754011481416561,-0.04638573273251538,-0.9908783596889509,0.004394959463712948,0.0395656256526216,-0.14045147700561378,0.007057114538276743
10450,0.934599659472119,0.09654450726386556,-0.2137759547522116,-0.05736740948011618,0.04900327679917725,0.10457153884545752,-0.01080268973961487,-0.11312814062568427,0.1605559595074801,-0.0861328169807566,0.015416664733379026
10451,0.5840032931098535,0.03642537600842016,-0.008614923481731533,-0.036538718395272195,-0.070233819297258,0.03805311897975577,-0.012959116297597715,-0.022705155366348734,0.06852192689120543,0.015399575795254692,-0.0005550338661580094
10452,-0.13087743573727806,0.04289435064381247,-0.05312560882991778,0.10776338392082226,-0.0793195868128371,-0.011504585121136935,1.3120430911496586,0.01718209020309828,-0.003963324886253996,-1.0186186512300224,-0.13938401800591724
10453,0.06936392796241903,-0.5902432202080592,0.046990297683436114,-0.011825055802143743,-0.005134567224468855,-0.1440278144134766,-0.03539385707006974,0.0558074102238786,-0.02131696147357616,0.9750662473299316,0.01323691322046948
10454,0.05151025156875916,0.9280187775583406,-0.09352993962004075,-0.05576297520049445,0.015775273939470254,0.1208864546657678,0.09796293849114646,-0.5774531891985759,-0.023925299488242686,0.0666308413575564,0.09351834049882274
10455,-0.06386329861618971,0.06339235405599691,0.10817832923392197,-0.5890159634434713,-0.007691938194669141,0.13172619289624052,-0.0006037346576696161,0.8711323415870751,-0.13106287565386557,0.06725133270768632,0.016331678760982456
10456,-0.00311490374757569,0.07058170100927726,-0.11871119035534917,0.8616728468302552,0.1279909126551489,0.18252382867289538,-0.055957547161253694,-0.03599130809906274,-0.001921626298864029,0.011523631983508873,-0.6250353672299174
10457,-0.04346208113432663,0.11150095877369076,0.1064410732837093,-0.1009473552261517,-0.7292625240222084,0.1781726409578486,0.03327278871458693,0.015752246059550386,-0.0695430486303953,0.11486085193210102,0.9051603516788165
10458,0.1049522472881264,0.014218014334819748,-0.04902889649180611,-0.03456005952132037,0.5940278420235695,0.02550125840113174,0.12296914393652135,-0.048710592067673114,-0.6751008391440905,0.06746449588246728,0.05117312554429154
10459,-0.2279830657107435,0.20779906921533955,0.005884546772906618,0.07060577353826125,-0.010259660710562737,0.25311222803760614,0.03453630658147619,0.11646566456908682,0.4573996375632635,-0.015335422715815703,0.003560292902674804
10460,-0.020542893905217484,-0.11722007420212056,0.5611749861489579,-0.035899408151128104,0.06652342320900179,0.06316161227714032,0.08906543218867677,0.02536143293095406,0.027602478323565743,-0.0645693741377803,0.12938576450047864
10461,0.0011879450882441927,0.010703627313846126,-0.040697870132986036,0.08905545667768783,0.0504488033851132,-0.6820618170602811,-0.04480824101886888,-0.007236642043277812,-0.05936997931544002,-0.006827091283267164,0.08124220225504228
10462,-0.11821121481584951,-0.2265968086034377,0.4117360359711317,-0.08972239676678453,0.16635704654679317,-0.13365274627020926,-0.14820516737500947,-0.01804220968653534,0.06317865903228748,-0.020476219716695443,-0.1555905769155194
10463,-0.03824092802224655,0.6308234520843035,0.05143368257055608,0.03339656996860942,0.07015045517432973,-0.023210921494997025,0.011412123194319137,-0.03502343088588397,-0.05146630782628924,0.03160364080342184,-0.00674555248843774
10464,-1.7521197088595835,-0.08463749516515191,0.04496997151556109,-0.028689884790331015,-0.06371423198092752,1.8536987536017375,0.015781946490374718,-0.03620336839826123,-0.02732693699374007,0.023704131166396972,-0.015050732232323599
10465,1.490430137439969,0.03792123541747198,-0.04660970310403365,-0.05727755478711187,0.0592768847313103,-0.14538146368450677,-0.8765854793494035,-0.028443507262683992,-0.07298263043863559,-0.040592466881785375,0.08606172068962291
10466,0.8133617566128674,-0.1139824404269523,0.12133513206858151,-0.08185378836750634,0.22064143070594247,-0.03907607032607355,-0.222600995185718,-0.05793141044567319,0.23972606749848613,-0.08760865043227248,-0.06292186770370155
10467,0.5648712033936216,-0.02232200126843225,-0.024397884580034626,0.05895733660663707,-0.05087630611254563,0.04447908850992892,-0.015732166237678848,0.0234568156110945,-0.017894607122663567,-0.028521152374416457,-0.0057111223822882435
10468,-0.006587964162462696,0.054667381838723036,0.08545761768645231,0.08030003030581004,0.0025989910055647914,-0.022909428519334217,1.3378471530958609,0.0413310105466502,-0.13889617343725738,-0.9271754576601765,0.10288707560658715
10469,-0.17382550692722334,-0.6860797445086402,-0.04382872852043883,0.10629642779206241,-0.0340965248130642,-0.12710240463658892,-0.06928250454922552,-0.01452197572207146,-0.05657442396740442,0.9571256200303817,0.011015573830922182
10470,0.0411367232751529,0.8895978499700834,0.007089371074029618,-0.004777208415588336,0.006463663022200499,-0.07804634953416069,-0.13344310405467066,-0.6143080882866669,0.026689530611854036,0.057273135482080316,-0.0793833968002773
10471,-0.043885808550753774,0.029345100024102497,0.0432533247821657,-0.6104378464693139,-0.04575409427658119,0.02877628852053661,-0.019832376345214696,0.899461170511984,0.010369029835647577,-0.11241269640786505,0.012156125754167843
10472,-0.007545111678955901,0.05188614442931856,0.028636287443480336,0.7341919531572568,0.047567538561911656,-0.07658905152997389,0.23153005769487678,0.0024363144393258194,0.0005610337769534702,0.10290505483334837,-0.5884674154720028
10473,0.1056770691849478,0.018749339545262145,0.009464382096566816,0.056521676429992805,-0.4982482910731034,0.22188256822359062,-0.009101859760668567,0.06698177972427508,0.033872883858535485,0.07632346540315536,0.861434453811837
10474,0.07975439918660443,-0.022607565908455775,0.011633764974520996,0.005679795177898181,0.657193133707629,0.10177871785637617,-0.07330896984147293,-0.05612931255190757,-0.38869881905523024,-0.08925148386731035,-0.034565384253713506
10475,-0.02282660998030241,0.012230298904492702,-0.21997773171483503,0.06074304138756782,0.10595898702982778,-0.008707615118245254,0.12245678140386344,0.04446150099772927,0.4764888519711569,-0.09233271054988754,-0.15698535668518657
10476,0.14243860746234885,-0.11546671749475075,0.5522827332038632,0.055723154638384564,0.10944295551706841,0.023559491294093238,-0.07992005663490107,0.12332418563924122,-0.003603146606736038,-0.19065290765927323,-0.11301794650210384
10477,-0.0752878080540228,-0.10062301101680106,-0.07970723005456806,0.02329535448816484,0.03943446225187161,-0.6950887992168179,-0.02106725080636564,0.09241248065738118,-0.11701099697268975,0.008757405986673936,0.09965192210329099
10478,0.21751921003138183,0.03141940668324323,0.41478857422551957,0.07024448201662173,0.07357976743504664,-0.1273016093786048,-0.06761598823989032,0.20231312153297362,-0.026139154299245737,0.04663767379525171,-0.10844463589183523
10479,0.04965869503579984,0.6409927994470025,-0.034754496725789855,-0.08813496902347087,0.011301276384725103,0.1067457867938894,0.06104590745235442,-0.0247066119341315,-0.04234567983133544,-0.03573535360162253,-0.043016712689365966
10480,-1.6605661948767565,0.05907977818043922,0.07753932548332107,-0.003596629794349491,-0.1508234969161696,1.6952966869110178,0.13319058898572028,0.09091559744907392,0.009055197669704189,-0.15319042690674423,0.009947889341735244
10481,1.6480315465587678,0.025500526114125004,0.05423994977803131,-0.003087375379643496,-0.005254803399900112,-0.008688560799271298,-0.9923878857454838,-0.05083435638221781,0.1422920400646301,0.05078866193634027,0.051382486277306294
10482,0.6247847929661237,0.0483994480869287,0.0334974807842237,0.06877819186699129,0.048917046361434686,-0.18409593671349928,0.1393527118545583,0.00627378540449899,-0.07469666140093807,0.07594148673473576,-0.03313226989980321
10483,0.6016991359434305,0.06710456878277339,0.0150907746422652,-0.026075430469111933,-0.05620712348376291,0.05502295714295356,0.022700368634389664,0.04821009673255726,-0.004535489295493448,0.027781808493745765,0.051510807426635406
10484,0.08478470820544011,0.12645282246341677,0.03737182111500681,0.05591717767368569,-0.05099030183416534,0.17445143563164467,1.5219661234394652,0.1096539588652596,0.03922535656828995,-0.7916965378532494,-0.05908130173152487
10485,0.06749344272940427,-0.8247242562231645,-0.013237158592774585,0.04731229274865484,0.031020727552929568,0.03994955246080707,-0.0098103019488366,0.0075779968323164415,0.014188736740262428,0.94024166184951,-0.03621968570770252
10486,0.010534852671009346,0.9341013550806879,-0.07439993723237572,-0.036414077190568495,-0.08622519592959167,0.08064781941682171,0.046160095839724684,-0.6231636400445438,0.05439601054342166,0.03271526883154833,0.007494308371803179
10487,0.05865704040376108,0.030227057377332327,0.06775620119048786,-0.4661511875946694,0.03733402065516571,0.05759871365561645,-0.13792447804809713,0.9360630330663678,-0.029347586661456964,-0.007758635715463841,-0.09653334058947721
10488,0.0504113229910426,-0.04930353311186804,0.0030434625369382936,0.7317490463478054,0.04889200282366929,-0.03789660372175073,-0.0820037033426233,0.0521975321810818,-0.15984449191191044,0.14685387433970815,-0.3569632354332418
10489,-0.04485272874478598,0.06381672184143859,-0.16438031229409478,0.03977247351673328,-0.6857338591710971,-0.10706833598840328,0.00818612679850639,-0.04294417120232001,0.09470497464868174,0.10368755018605566,0.9057054187606569
10490,-0.046876201729909424,0.008240245690878336,0.08931357964908802,0.045810989380806334,0.5663873128872888,-0.07133862555025884,0.20509509267221063,0.05513535539136053,-0.12593727598276144,0.17177608664467517,-0.042147304831816564
10491,0.06192807474947509,-0.015799248676439524,-0.05327482423672291,0.15384115914710006,-0.0473315396154063,-0.03185478114560248,-0.010040232838962904,0.06838008566797198,0.5034123336926655,0.08534727731486472,-0.05512388265980816
10492,0.23621687029655133,-0.226175662584927,0.585974982911102,0.08553098844911385,0.003939643825732907,-0.1322137111702732,0.1022931770059062,0.1280626188759603,-0.0008174438834785067,-0.2483217112556141,0.13928858801299498
10493,-0.004907421219524611,0.03709800190364282,0.09065930526933108,0.00032537427151827555,0.009728905416784086,-0.7098312309272844,-0.09758193965640789,0.035052443015505565,-0.05151662865448258,-0.005741619533576677,0.06903965318045233
10494,0.11193631682858207,0.10717642574690929,0.4397880390090106,0.03619688354003722,0.0760886965463992,0.05055200129189188,-0.021560626999817614,-0.05460709757279078,0.015531941029742332,-0.0117170795506611,-0.04588927235650557
10495,0.10930926624124243,0.6750107678052317,0.05533148733556714,0.06095358070914896,-0.010565229686070187,-0.06667233667019609,-0.10823242903066595,-0.012340451218302326,-0.10160529182686823,-0.012776757697586237,-0.10016801953688885
10496,-1.947355382080637,0.03784736169575588,-0.047002674213916004,-0.11468171609437773,-0.06362260758542405,1.6451854203558396,-0.24819014341687531,-0.04014610125096905,-0.09313416909690886,0.04464851122227062,-0.018372592943285256
10497,1.1937228188191802,-0.030430121384337153,-0.050860278835199085,0.03851883960238569,0.04411966948422121,-0.08858349823844366,-0.8882608605244514,-0.09365331365236967,-0.028751085319555975,-0.0028096781080626425,-0.10187751984640833
10498,1.0634558724516043,-0.03849414854047335,-0.00621356477699967,0.14491272846936973,-0.11948781426481667,0.13510378380255725,0.008538873147620016,-0.1529574122906345,-0.021276334401317206,-0.031283815238475135,-0.03167902283818948
10499,0.6853481561134471,0.03482132607799354,-0.014561781221038728,0.013381575270706648,0.005004104056108569,0.07603806670725477,0.01069937095203829,-0.0010842234395822305,0.11594555598824595,-0.03972460783422363,-0.031035236530011327
10500,-0.06338055355653849,-0.053171593108156986,-0.06493941435486306,-0.10385229618975514,-0.10066776860856812,0.011835610454044677,1.3623503798043752,-0.0065101558356936064,-0.14930322793308864,-0.9227852259631886,0.11322228390690328
10501,0.19395971301201376,-0.5917830276259131,0.024216187536430057,-0.040558726824631075,0.010816770948780766,-0.06659319253614657,0.059739482083954916,-0.16584291262741985,-0.11602079808322086,0.9003693344285504,-0.061041073712752233
10502,-0.12077879748532495,0.8400701275011039,-0.08977160510518235,-0.04776099899833604,-0.0769908603984143,0.15165981712114088,-0.025154435841279493,-0.7009267888903222,0.12223758632742922,-0.11654224821926194,0.01882604292478427
10503,-0.07946100745653523,0.04877696771544306,-0.05073176748039399,-0.5681262234837507,-0.09144153441234333,-0.123789691083219,0.13156475030474743,0.9196263425628372,-0.13751014020798688,0.07151541672564907,-0.09819231548392415
10504,-0.08982751653033591,0.035861510458839625,0.05460288465327574,0.7843963020552287,0.04420982949059603,-0.20856762512305535,0.0933670838427289,0.02102225791308886,0.03327266008192578,-0.009497423860904627,-0.3566666593362658
10505,0.11637748446016202,-0.025105338048655307,0.02942704553023228,-0.1000606226367288,-0.552962623559505,-0.003924401792172651,-0.15601446445350695,-0.1786998092432294,0.10132563761541195,-0.07228938100374328,0.9384319105214438
10506,0.07722536121802578,-0.03910955700613175,0.035015667128700786,0.008638614855208386,0.5985074942251662,0.01988641858548004,0.20372172278262513,-0.15904406330881438,-0.25194677432029633,-0.14763410812928868,0.003529306021861264
10507,0.14471669152527641,0.006605520149582146,-0.02764085778869948,0.10434143931646742,0.05011983458759763,-0.2395133064149887,-0.09881815819278737,-0.008368928006194347,0.49643545073177414,-0.010471514309788824,-0.004763715835538071
10508,-0.16482357615367574,0.034009583234820014,0.5813727983203475,-0.07259826151103253,0.06646673123021472,-0.08879047080956073,0.07380349635177934,0.10472026785372444,-0.006012411073928699,-0.31730976213040946,0.044845494899668895
10509,0.001783274986506033,0.08855984459748921,0.1090584444323462,-0.08136011540175335,0.09909730938925052,-0.6784573248043809,0.003335564875153498,0.05055888754722579,0.04034699759251326,0.08415652952473403,0.10841594392363048
10510,-0.19249889329725653,-0.2945873904296131,0.366976135888164,-0.16032944338444807,-0.14052192626787213,-0.13552048200496233,0.0479803733806906,-0.11161692499874484,0.02314582587023899,0.1203058401903095,-0.1542715197756651
10511,0.16271197565881265,0.5673674614503219,-0.044283886513690626,0.04922296482549032,-0.027255612142635968,0.029871117141568076,-0.14259336064203493,0.006650810428926337,-0.07905958288340378,-0.0433780104835757,0.035213646781780884
10512,-1.9193850927775704,-0.02436914331833602,0.10892208580897776,-0.01688138213990109,0.08390108335252472,1.717096922286485,-0.11582234666957299,-0.08294967379150466,0.04003322771354616,0.15030776745832208,0.2614698714084774
10513,1.2141332403919283,0.007375837713510325,-0.010666985475051355,-0.08456804208636443,0.014252389034378872,0.006219450801908583,-1.0029515332660697,-0.08499330914924251,-0.1295068314557187,0.00882716287974311,0.0006389080311175951
10514,0.5742500089164042,0.13103878133331312,0.1358861545957762,-0.04829728916166824,-0.019969149826553415,0.0252842388168719,-0.13215290150455872,0.022450198545741862,-0.023622609341179754,0.16098221962100087,0.17187962693559858
10515,0.6417071083555896,0.02841178677383263,0.09385481838354055,0.012426157798092658,0.030662802655300848,0.06938660900048932,0.022931780953473563,-0.01909381211929344,0.015774090468989404,-0.0011700806149796995,0.06569100385559022
10516,-0.08505744015150743,-0.000885999990503354,-0.029269036838475575,-0.03199089854469918,-0.012522633321676604,0.02101099164142612,1.403511178106476,-0.03509274670051494,0.10523597503039508,-0.860554229188268,-0.0778819962574265
10517,0.0324664208737638,-0.47301938160203694,-0.023483798595689075,0.03996234175407053,0.11875741349781015,-0.10452790372033044,-0.02879119464193359,-0.12724285985981276,0.029869900993648005,1.0937738796349752,0.09227939977942594
10518,0.026015170855039092,0.812324302855841,0.047481952664980766,-0.10350112246879735,0.00022928714293543508,0.1504614343193837,-0.02502237669318704,-0.7060641272665121,-0.04403025666722939,0.08424535563777578,-0.04222017391832075
10519,-0.04429019473187501,0.04968452958954455,-0.008353100382905546,-0.35661318840435985,0.08365359986820639,-0.24438746714848153,0.18362542944465135,0.8357585120977338,-0.062255119088852215,-0.09777331182533125,0.01263018721401311
10520,0.10008075873520203,0.025935736834523788,-0.015883930644837913,0.8059147096764632,-0.05536806554569477,0.1461879688875112,-0.047697043090257546,0.02106642020926168,-0.10558192351856405,0.11207736632230031,-0.45457940961307053
10521,-0.0630276758848818,0.10129349308767563,-0.023541022166397498,-0.08001064432928724,-0.6179914674842859,0.20178595359049473,0.16644605887148345,0.07397111140350739,-0.024899823325525927,0.07989925354733735,0.8828323736655903
10522,-0.03477257624976691,-0.03537871275531837,-0.1011758042257447,-0.036448001989543476,0.6348688891505392,0.02909221351599631,0.17033383018261836,0.10059162536493609,-0.27238321966012685,-0.10576523218192324,0.09276130343167155
10523,-0.01493616351161425,-0.013394426531714423,-0.2951004488286004,0.11718474952039855,-0.03373391010811283,-0.06356040629278602,0.09365890921576558,0.22385305679983378,0.5134967442375782,-0.01427820519256388,0.09299293044258002
10524,0.10708857026700878,0.036149446383041135,0.6133573874065574,0.05929196729359419,0.10557745602346194,0.1215889095977315,-0.13453911728750792,0.11676485006954662,0.06090371965162239,0.08406224538609197,-0.0016600523531052572
10525,0.05880388471578311,0.03854374083222769,-0.021489471785055645,-0.078188559519466,-0.04347270711595257,-0.7122303196168129,0.0064146447884641765,0.02252555082238103,-0.12034748066772259,-0.007469532936997863,0.07333061542149007
10526,-0.16968888465225546,0.043368333382703635,0.41136486348171,-0.004279855457203047,-0.07361895776158985,0.15179113565900526,0.0832563929571558,0.0023697749446327508,-0.0668148940177354,0.09691646033988648,-0.08928344342104785
10527,0.0205830501000802,0.6492489922851941,0.005031952264532503,-0.052804691138054076,-0.0249894868770812,0.20307607585217735,0.14633479037186004,0.02456652697452845,0.0717495446858514,0.027426961849356127,-0.04234225275227503
10528,-1.7855533359742273,-0.2401967321307274,0.0428744713897346,0.07646106323674312,-0.06548271687285942,1.9114186541767948,-0.1284748808198676,-0.022548831754266523,-0.12640130405047248,0.0715249013830038,-0.14626668457424974
10529,1.286371208531471,0.026098651060021207,-0.1532789000810222,0.0008940546139008139,-0.02489104899246314,-0.04427420581006746,-0.9710203870019484,0.011922874132317535,-0.0026508834127911282,-0.1059357944269067,-0.08216716596067006
10530,0.7565606315917103,-0.08274091676570856,0.025883540653644798,-0.05481602752268769,0.051936004149587926,0.14556005075715706,-0.053241413340055666,0.06714710927735124,0.12830449472575328,0.09714721108428996,0.012705094560640175
10531,0.6579772972218866,-0.04012121146611273,-0.13018489303075692,-0.041720043066202486,0.014126842704696108,0.021590702351171193,0.023751809865373185,0.03791398973839666,0.05830696952722304,-0.005158988097067467,-0.049782941556948165
10532,-0.14629791487937155,-0.07547459901292465,0.1313055363862135,-0.02264380016531457,-0.005197350498109557,-0.08655589061476648,1.3593462753028844,-0.11353239651024656,0.11623549726324292,-0.9433338936090366,-0.026307823695878235
10533,0.018913514922405426,-0.7722166362466915,-0.03395772366581837,0.0048638718962731985,0.00976338276333092,-0.011755799829600466,0.08044739785457655,0.05213596208099946,0.005380625385588315,0.9870342238661143,0.07819409114710836
10534,-0.056706478234023035,0.9332854594197344,-0.05190373918405959,0.003566085828513088,-0.024095243696035266,-0.11839282666892563,0.016427368539569272,-0.6435202304196271,-0.05830773566419299,-0.018639492569067755,-0.005398666010578819
10535,0.2828456419042222,-0.01220137192548212,-0.01210309227247137,-0.47176620872134695,-0.10417026743946306,-0.025109665437199776,-0.275793189294897,0.8907518571536299,0.08952090136181852,0.08247887664019377,-0.0035004725869273307
10536,-0.15241270972919344,-0.10959257321942736,0.04047896471220544,0.7780104137691535,0.20771559810314028,0.14072082668864025,-0.16405811752938976,-0.09115134091977581,0.06182094142305594,-0.001262281243334106,-0.5243784979119802
10537,-0.19828495973879445,-0.21380436683322,-0.11264825443602783,-0.09157716844300466,-0.5189707083615804,-0.041736876466415856,-0.04001019767316209,-0.11810182546637904,-0.013094842012724033,-0.08305015808351908,0.8830360762123459
10538,0.012862757422815804,-0.03422952094176536,0.021814851646004847,0.039530074595942814,0.6139215073980657,-0.1416302114654637,-0.008531756612909567,-0.13268759318232,-0.4098515138226895,0.06320601774562566,0.08997682298703816
10539,0.0724882823473998,0.0009561778678048053,-0.012872086207702582,0.07253431170277477,0.02337649656141851,0.15456374933016284,0.10661627106397978,-0.058418428103661914,0.4978667570688823,0.10830077212516101,-0.005926770882970053
10540,0.23319279309660843,-0.05119585898710564,0.6756787550566766,0.19485234644951488,0.06215732237302561,0.0899711647198963,-0.012144845106879291,0.06021725257687761,-0.1015402493145792,0.16621367949158658,0.05273296736683151
10541,0.013189737729979636,-0.022931695056465685,0.12792641919702546,0.003803969076492375,-0.005291092410102842,-0.6019923952604629,0.08942360120913435,-0.0013902481341900382,0.058554308812228756,0.010785204799707512,0.08692542575330948
10542,-0.008984586583150229,-0.15873705460145912,0.4093600625496762,0.15043826732768326,0.11530728196825904,0.1299320923066804,-0.0465935700435043,-0.13112259247151264,0.03178940614951745,-0.031875528265797155,-0.023699676224652976
10543,-0.14734656843232244,0.6267303280145213,-0.1285484208044156,-0.007677865266389802,-0.0202651705212617,0.11739335744266081,0.07196914952189037,0.002684666755009446,-0.028400956249419056,-0.16414029654106196,0.042485495629663535
10544,-1.958599244306496,0.1503490566830068,0.16415701390913018,-0.07445782196750322,-0.04086332219381873,1.7147900711922222,-0.06911764352335936,-0.06305794525620222,0.12788880479999887,0.06182275915492429,0.1897988776824233
10545,1.4941967423021736,-0.012338699838257684,0.09206908207217278,-0.059047772594177116,0.07036391184529538,0.08798933246832183,-0.8804880956183863,-0.011038508170552588,-0.09544596055991995,0.13224367151485197,0.057560017413384935
10546,0.8548719714748864,0.16372693132760188,-0.10288630835718329,-0.09406764347682493,0.03901055626234478,-0.0799281854261313,0.0058130689702420415,-0.07738977788274569,-0.13955231530301151,-0.06356762512260301,-0.022209866741831494
10547,0.6184570030608153,0.042962487858459644,-0.03598936269684526,0.01179048503745703,0.0043165602677288075,0.10475549066732096,0.008496811793459291,-0.024525747511720916,0.020679186377400294,0.0063739028668096855,0.03251250767868616
10548,-0.09963953099349673,0.03773013290701254,-0.09020413710840032,-0.03525872586237751,-0.03941881790814223,-0.20534211943938055,1.3597097731009162,-0.07642512728930391,-0.061016311979034496,-0.8945484239485717,-0.005458938603479235
10549,0.05449973661976736,-0.5775288458311203,0.04036710216993967,0.04308018430821541,0.059906895227085984,-0.04346796566796399,-0.12121421124773572,0.11051681612059192,0.049802344950887194,0.9686382361854714,0.0007973951932065708
10550,0.1509381047366911,0.8242718351808368,-0.0698786661316904,0.07148610893820433,0.1278070437495968,0.07653023701118786,-0.11647948996587874,-0.5990860539725699,-0.08738299164721891,0.10691440310338178,0.028667865821024402
10551,-0.19676927813884032,0.09059487890609123,-0.12533729043394037,-0.5195375296181458,-0.06633506212190342,0.0420072742076904,-0.08412666762934715,0.9027693203653196,-0.16587218944152834,0.021911333386874104,0.02071316969107244
10552,0.17976786771924486,-0.18178146948266927,-0.0464199704442425,0.7650940059171265,-0.05738024224843278,0.09336180154477215,0.0848097997852251,-0.03611072217532153,-0.01936823581331086,-0.09021855532735655,-0.29887913998819104
10553,0.021041636127897657,-0.004583846307541291,0.1036842133444506,-0.07705747949499182,-1.0293817309103583,0.21991042161226718,0.1893480665814732,-0.029975428438352852,-0.0322153272992671,0.1164914759709981,0.9996292541563602
10554,0.008769695297701722,-0.0651574459213091,0.007113474310326329,-0.008237875452120617,0.625683584064519,0.06276557957163516,0.017399376166071224,-0.11849667129414905,-0.09360387060032338,-0.10819808914180298,-0.018964869404093462
10555,0.006717959573228541,0.15582186717702615,-0.09939068747177664,0.061763234027554015,-0.09599876337672979,-0.12179706697422137,0.23027519218490464,-0.0806179537757568,0.4501462325636577,0.017099790447531123,-0.04575474023505976
10556,0.06829689808861211,-0.263876006832807,0.5998651620301965,0.046418542936439364,0.041657202293981246,-0.024661013719194047,0.11226359728242455,-0.12150061504112615,-0.060480017742630114,-0.08261747854562375,-0.16050146426818002
10557,0.11302247069359814,-0.007485140392817117,0.0524230618641213,-0.16900500437911778,-0.021106902320725277,-0.7058775133485207,-0.01863709086697021,-0.012823657168312857,-0.08656434366753288,-0.027191230867095455,0.05186515836217209
10558,0.1061058728954381,-0.0740629107672836,0.4178208378081983,-0.00968829575609998,-0.021633383219287802,0.18634338751424925,0.08455747281840603,0.028010034292477632,0.12761066814403418,-0.12446615846267749,0.05023828292388886
10559,-0.08513166875819607,0.7175292935225701,-0.017997140388846547,-0.05250595028146436,-0.03601646634629936,0.12062038655614675,-0.09599069479388374,0.02273122299883628,0.06693915293829522,-0.04908980177873747,-0.05814743333303302
10560,-1.7615507127539956,-0.19326510063091243,-0.029912895539285337,0.007448810413996504,-0.001030616962327059,1.5501380212456766,0.033830958995103674,-0.15466516249551235,-0.04108276060073804,-0.02245967829360454,0.09689695133905468
10561,1.173430424865127,-0.0545536564090974,-0.02504741114646236,0.014153632715504339,-0.08277763893422473,0.12373386379144016,-0.9589164934452199,0.0938681303715944,-0.03583218340623862,-0.028138013973985358,-0.06816635060220633
10562,0.894021112357114,-0.07903072086058124,0.09627849512062082,-0.05516797091279273,-0.20417720706323678,0.014173284422296262,-0.07623247980422962,-0.06511690089212842,0.11036182037928809,0.11887457734284514,-0.07678914734551756
10563,0.5870823028165904,0.05174122693479375,-0.11327754778765937,-0.03882408098174258,0.013510307487002875,0.14740829925580132,0.005199034556627004,0.007165577332485351,0.051607692571583194,-0.025747673012012702,0.035147123695031535
10564,-0.10764022035453918,0.009175279247721959,0.12900307924486504,0.04348618050160754,-0.16444030381366528,-0.0034346158406987183,1.3824811960822634,0.07083996100350126,-0.08836383888646916,-0.798769272095815,0.17241678475574024
10565,0.05855050070758867,-0.7144704063601829,0.048447105251972974,-0.009044784353503645,0.042631618095069095,0.11787880111988101,-0.11989238278715673,-0.03172747938692665,-0.07384466953811039,0.9787141294826174,0.10729727763252216
10566,0.14781592627321818,0.9325035062024081,-0.20414562167654313,-0.07361063316693278,-0.03828632656165913,-0.24855271595714734,0.04875952136143382,-0.684684774783714,0.022907458975871268,-0.03578617854549614,0.02854546771163635
10567,-0.17220099534649055,0.1283560972844442,0.0005559557369731495,-0.4712341842436815,0.010003827522968805,0.2234764191928367,0.1318518896917059,0.8355359318244335,-0.1445354891443321,-0.05790143485343311,-0.02724472154349488
10568,-0.2754902530154423,-0.05879114608656898,-0.15806375878898193,0.729005454124597,0.04877773953560291,0.05100361411703101,-0.09859649052790995,-0.1442660358359872,0.1634789482893163,-0.06229408510079786,-0.2431141063465682
10569,0.023976026826580135,0.054565005597785335,-0.04723595638473941,0.0032588034274045274,-0.5750139152925857,0.07070862422054312,0.0033091313184597845,-0.129686009264506,0.09276523094992657,0.00018390632858531278,0.9528308232753468
10570,0.021437712979245627,0.0840491668829781,-0.03075116767593178,0.05563588843001883,0.5966409733835341,0.04426782864806151,0.29772007751739754,-0.029973523644304764,-0.24347599276969828,0.08203332672568306,-0.0909362929593595
10571,-0.09148044515541406,-0.07120254300374648,-0.05697581134598277,0.01799999528809587,0.0440046470823275,-0.06137979090025272,-0.045309793547605316,-0.07563182394723104,0.5439175590896909,0.05152928309578995,-0.024603384022016662
10572,0.04939142397450119,-0.08369551983113092,0.6227729871299905,-0.007700223184760768,0.002034877719318196,-0.0763669765872838,-0.09469804745596448,-0.1876446204054093,-0.06041880248444879,-0.02931665584884825,-0.03619204184779409
10573,-0.034484011421576144,-0.05642780063299722,0.041419892557644625,0.03454229786422623,0.07026648561297025,-0.6653430559820728,-0.023046347485589466,0.09379498336864721,-0.06752807498345262,-0.0395360514909948,0.06993429924116289
10574,-0.037899065570562135,-0.05962084594258964,0.402591633839857,0.07357016209171341,-0.013683061040914917,0.009706975808521217,0.08239917209816393,-0.0796598294693996,0.014919302177832454,0.031507780936708446,0.03528601966479129
10575,0.05977422341998981,0.7045388219070193,0.007306796786537683,0.009932443062457276,0.008003157446743918,0.24055565800944329,-0.036622034468180215,-0.041994963486532824,-0.021115668918289296,0.04194088531477815,0.024063762336903022
10576,-1.834210462078175,-0.11503378951896516,-0.0015274798509282983,0.09863818333927662,0.01152273883418593,1.6479707012549136,0.06698977166705528,0.10406733854427162,-0.05544125863205776,0.046149101190755194,0.13379862370024964
10577,1.320963325811336,-0.028136056880227762,-0.05664717322598319,0.041077442493315484,-0.0721448259010836,0.201502202043868,-0.9490978799584072,0.06760497773076377,0.04201659818661129,-0.021678697986542268,-0.12993160011900864
10578,0.8805353155225657,0.047144843418634855,-0.12583286705392177,0.04192509814982873,-0.2276449063277066,-0.1270015931736742,-0.0651597930471488,0.002610115435290819,-0.13763977232161392,0.08671868058539502,0.2017910611826166
10579,0.606519921453395,0.04851011326783508,0.050191154162647494,-0.0035448797739352413,-0.05685092123878483,0.06973483912945444,-0.0517881022255191,-0.0020558448979396825,0.1027290049921024,0.03412540444214876,-0.04114695537290561
10580,-0.15049389459191403,-0.11653404664938047,-0.16399254707380034,0.04648559684490314,-0.017009624239012113,0.0802805716095937,1.2397239167983598,-0.0050042025548715455,0.09840273976576691,-0.8697252319687134,0.12971757173038503
10581,0.1364224916198087,-0.6786883997338997,0.08671361771003736,-0.04481194537325317,0.05388133805457778,0.04630815758453176,-0.07312629185517673,0.15576994565689128,-0.033444999110149386,1.037404511845363,-0.05156847620460896
10582,-0.10596256649705016,0.8855237399317406,-0.07072846587763612,0.05267081021831041,-0.008402954465424753,-0.07144765550190765,0.012146740275440746,-0.7139922398090337,-0.011943112927559138,-0.020319202152547084,-0.017773719991370045
10583,-0.1305919082765603,-0.1456365411108649,0.027799504122564753,-0.37790765378999946,-0.1383408820462786,0.06189841077493586,-0.05828240520875346,0.8783429949073025,0.021412046702503757,-0.014501708556882827,0.060589800956343594
10584,-0.06609490782858858,-0.00048142450358988577,-0.024545564472933525,0.7809862082619335,-0.0779199580800496,-0.0479946909321382,0.1362187308706762,0.0021874380273175184,0.04696777291678643,0.060263462892492924,-0.6438744028339238
10585,0.12833113590724546,-0.030774940638120776,0.17902719856605104,-0.03611959834386559,-0.7327201839235273,0.17106319034704048,-0.17172075673128082,-0.00372888168844313,0.020373429314356747,-0.15445485273377454,0.8930275669270287
10586,0.25629846975868603,0.06850933878530412,0.07442667999300624,0.0819195809079616,0.6285499127411655,-0.05464849056700322,0.003542723686059104,-0.1232832034912591,-0.2843631515160286,0.0084963077800678,-0.04924371625772187
10587,0.29562993140861293,0.053661695198641925,-0.10795977990330444,0.0704298393310407,0.007089133718366085,0.09486731178452586,0.04101313569855971,0.07948095662655308,0.4772914944154441,0.07995067228430427,0.05149928537558635
10588,0.16587717428970217,0.16549669530334557,0.6011411363037218,-0.019368009943820184,0.05260020991130636,-0.17906987212516232,0.19474175487848117,0.027269061717899917,-0.12072396688614437,-0.08700745853745001,-0.12740695587497197
10589,-0.03967329711943352,-0.029408267434257892,0.11749295823103019,-0.036134125752950455,0.12162436973179092,-0.5837467079394457,-0.019122923212453857,0.03320886690133292,-0.041393230646878845,-0.021569727730044733,-0.05603334403631703
10590,0.1361243474624129,0.05546659149346742,0.39181569908769176,-0.1069684453851764,-0.04990148221217503,0.03291398470779565,0.09334388761615625,-0.025026344343941888,-0.0800391691429363,-0.17566114612597392,-0.03275659009082943
10591,0.13424212186475667,0.6215021544958953,0.007889213127976726,-0.017038102359905254,0.04526307019580662,0.048630019603605246,0.07992725297350639,0.042307641655489434,0.028426906963400778,-0.14284011699927116,-0.022327187868307233
10592,-2.1928160254564935,-0.034444917793579256,0.056938184844956205,-0.05515791947841809,0.0656114807775252,1.6855982018812397,-0.03962966440755236,0.02790226951883521,0.08343356625021155,0.13577901888082025,-0.07591147516115548
10593,1.6151701215220198,0.020231482314149746,0.14708953158723354,0.04268155388914565,-0.06703191999157992,-0.2508947067926829,-0.9806929477803159,-0.03176553816429543,-0.07636030455697429,0.03867311257212643,0.06563784702879345
10594,1.0009114589810537,-0.07454282786493314,0.09383763379749686,-0.009042282793987682,-0.042639546880018225,0.06579350002562842,0.0015976367591083015,-0.02902653995179116,0.050495267497523366,0.07212658898843546,0.003515756390449833
10595,0.591079146477339,-0.011336350730325975,-0.048947791066296924,0.00916987879633514,-0.04166150686276873,0.021230241341893906,0.0450874435097583,0.004202310655862754,-0.04360187111957816,-0.00208400714199132,-0.02898532014095644
10596,-0.0651280483914804,-0.08924582851219326,-0.020279961032326106,0.009018253296394566,0.011467152610447518,0.10769188416499259,1.2284329456227652,0.0038277897267981697,0.1540076918764218,-0.8406851269587216,0.05387860548799754
10597,-0.09312780542565813,-0.6860985235132757,-0.112585371922263,0.013600945456408275,0.08420648054392411,0.04644191161179177,-0.11050475680965065,0.005630976789934875,0.043211862682907276,1.0125423959025335,-0.004416583891031611
10598,0.05106621061004711,0.9137174692958371,-0.1021126349981647,0.009082998294733519,-0.021523972345057475,0.205080882971375,0.042664690999095894,-0.6725622825460128,-0.15024758287712484,0.09437403078962224,0.0018525148306114212
10599,0.06505359144605734,-0.07238492422797772,-0.00707464174178652,-0.5686799912354089,-0.06482525488449152,0.02908417064289666,-0.024888911868698668,0.6892024118598854,-0.10880805294225052,0.12279221034060925,0.0011599268618345399
10600,0.010477002914948946,-0.18808692540008423,-0.07471330703473261,0.8167649355132696,0.012318742637652166,-0.07733421781477687,0.039481490630221036,0.03212033104792795,-0.03036058452012908,0.0641572109726709,-0.44012634826840846
10601,-0.39959940596906035,-0.025584120860181688,0.07664606703971974,0.06517614084376715,-0.2867223224555266,0.007277281669257009,0.08724310547411228,-0.04875296966562006,0.05960029030022663,0.02150045448836257,0.8813990416833587
10602,-0.2739991530296092,0.11067569099994387,0.0027365663387343177,-0.006104369862217112,0.5864446889318583,0.06311488754299943,-0.03801914250153747,-0.010561227534860461,-0.30480510328862354,-0.025606558289554226,-0.04643958547840644
10603,-0.14436180887531216,0.07151842907389594,-0.09726779768837325,0.025954388213769882,0.02967726318399823,-0.19949072906984486,0.2109233697377065,-0.0667688464194606,0.4952190215111911,-0.18275906512121895,-0.05497018712151549
10604,0.060842043129990246,-0.02180612384213087,0.5970257061420494,-0.006592326403266659,0.10684194037415962,-0.0626470011601139,-0.056386004857252314,0.013060164022593392,0.1737861524234702,0.11156701352875467,-0.03227342312750523
10605,0.04338675225302032,0.05972936563135003,-0.05193050250271558,0.02133137812864202,-0.046083967656911085,-0.6813480944642845,-0.049725575062488425,0.051694307901869456,-0.03704631424518617,0.08775098901483531,0.15526150043680978
10606,0.1065182418452335,-0.12689960883519763,0.39595062416299415,0.06333847314366167,0.16210041993937688,-0.02895007780032112,-0.026408130229738983,-0.1702618174208581,-0.03920886632154851,0.14057927775450801,-0.0401997451897297
10607,0.15866182753978975,0.6386873509733694,0.010102757045914044,-0.052822431897960466,-0.07692642762340074,-0.07781601150980892,0.017762716432047444,-0.024519783934941686,-0.007820614107614818,-0.07160920108157535,0.025819428277023427
10608,-2.012867419277817,-0.053543892972526694,-0.07506482820666321,-0.01098593218409434,-0.0008833241658738923,1.6745641284391655,0.08324342478866001,-0.0397165651825371,-0.033977965265753654,0.19502112711242778,-0.054076228016670884
10609,1.3712490350240423,0.06468609329577249,-0.08049016217588319,0.06514891846655797,-0.003016017281357707,0.09741477593479976,-0.9842158077949212,-0.029211137718705968,0.04955579793738002,0.03448961643877582,0.018959894492780453
10610,0.8914146823114911,-0.25167737159035447,-0.05745903880460056,0.10690855425758507,0.07410760713170683,0.013569572962633676,0.04532013441608839,-0.03686885103308665,0.1198703896657102,-0.12963285347488748,-0.07877394296111764
10611,0.5912909156161261,0.005573259238190201,-0.029112233792460984,-0.043748382158853065,0.007962210332251158,0.009042823725814272,0.01001615216260241,0.03762340742358721,-0.009295427153654973,0.028099093030294023,0.04097678629037119
10612,0.19503083811068492,-0.07035506413406739,0.05691100523381786,0.009927506218341924,-0.06712298886403098,-0.12526661492655017,1.3913631058807108,-0.09326150933643364,0.1359201601688415,-0.9558750112766343,0.14581522684216236
10613,0.010473790504856,-0.7315949840952285,-0.04862211734251362,0.01956531404648472,0.009756979286452586,-0.05263135680836582,-0.07963039670346223,-0.031502459406636624,-0.14580450956808672,1.0092521789447333,-0.006049915253592582
10614,-0.004968244641345699,0.8510539181204491,0.028004820172738643,-0.021776584848163284,0.03536860857610644,0.01281445852551245,0.05955372545329424,-0.5924988613429885,0.06990912199545572,0.05394913120734367,-0.0010783489501285633
10615,-0.09149160108993153,0.07861820497473224,-0.052253504572283976,-0.45828956246519836,0.007076451781081209,-0.018330566351602465,0.001390393202027428,0.7642920713275878,-0.05651335632266169,-0.08368897543731213,0.036110423949814306
10616,0.023043624002799273,0.11381007010549317,0.033414618935505534,0.7844314099927507,0.10201161675210788,0.019224069701906512,-0.0037439442719168136,0.11334298160468925,-0.11006958219980006,0.005664058877178271,-0.3935513035714081
10617,0.12170552045865182,0.1323878682457151,0.03315805528731698,-0.03800566121612446,-0.5256527368186167,-0.15770392134338782,-0.004835982063873798,-0.02470925895066956,-0.038293669959330416,-0.009159747475806427,0.8816395993084332
10618,-0.08501679295872416,-0.038101229636209336,-0.04595961633093926,-0.06956880487170447,0.567434613028692,0.09955001956341036,-0.09658079961034174,-0.07676107650091905,-0.3369894468083958,-0.06494246628368468,0.1236761711562743
10619,0.10693134834186563,0.13852283411079955,-0.25340670093929496,-0.15116598163716327,-0.04424284662401081,0.0212170717089324,0.0032479062564305574,0.014991709808042129,0.4823418567667782,0.025107766906061892,-0.01354996815404539
10620,0.15395905355788012,0.12173910938283482,0.6771904641724186,-0.13271385810120076,0.05256121695179321,0.07481537796972883,-0.03468441663843509,0.13283827463032585,0.15149388514224282,-0.07420403163851437,-0.05221704009249949
10621,0.040895199415516406,-0.14285134208731787,0.0851775283920464,0.005177049591355762,-0.03673112053304171,-0.6035969410831615,0.042092985931547366,-0.06210918855836729,0.029991962480949673,-0.03228064998364739,0.08990692604420121
10622,-0.22655981452879048,0.18013175477933852,0.4056595649744594,-0.08144794998222574,0.015412458598046446,0.15907255306970752,0.0648833747658379,0.20994959884647818,0.07196212128180202,0.05897266705748524,0.024812724608635303
10623,0.006093376707226568,0.6386199650842591,0.0902873188279653,-0.04282440085595351,0.03929750410047618,-0.019623859690689846,0.0388075208439845,0.009383281937162627,-0.04233101931084419,0.00795904897853168,-0.033991822456760405
10624,-1.6834740852670573,0.045346731974461124,-0.10133855705218985,0.19560421046986315,0.02663341855835297,1.780806224906102,-0.1801454153359316,-0.03271135202596346,-0.019322408421589665,-0.03492067135569282,-0.05952386215283637
10625,1.3749361916647274,0.0386240808397494,0.030328733180985137,-0.07154612893587518,-0.026576129217345226,-0.03534506460823485,-1.0159092585018066,0.07219052150309062,0.03183585829536158,-0.010430812175150243,0.008279811704834179
10626,1.0882907971870626,0.030892806651440535,-0.00538693583555265,0.08536091531001498,-0.0050201270587640415,0.14004873934593182,-0.12349948262214845,-0.029557093786798227,-0.08472182920001772,0.04450035322151146,0.09458110552447589
10627,0.6767710331423843,-0.011569501449050215,-0.08821660601558211,-0.03841599040684565,0.07377176869932166,-0.0032843713929638016,0.05624021968019333,0.02112974306538603,0.01911929277338417,-0.028053250892920552,-0.04563236761737754
10628,0.20407085017061383,-0.049362429468389146,0.04465089445595685,0.04129520018548389,0.013602288266795685,-0.07623800892295354,1.338022415934035,0.02987320449007459,0.10582219679519513,-0.8823638119009429,-0.06915465892122095
10629,0.14048055633445464,-0.7424902761824306,0.1493314493991774,0.1656013717611902,-0.08246332518153693,-0.14829914972161592,0.0067337160144497615,-0.027368869187272965,-0.08749117337126895,0.9229001756959209,0.07238917691497698
10630,0.033583077999784015,0.8261968706160099,0.06422989989635941,0.006248975738522742,0.012483120996658478,0.022932710338087525,-0.013409999888365663,-0.6368823111143325,0.05451516880178241,0.06561471382969947,0.011433748865903703
10631,0.1057642411996567,0.04135737771923554,0.10862762619510487,-0.4450095046354162,0.07635904853950361,-0.09234637691705064,-0.06500200671088985,0.8208171489519909,0.17831705189104943,-0.04636420304413516,0.04889973872462047
10632,0.282202527122858,0.08198224972018464,0.012157880745484136,0.832356883169485,-0.10819347860220169,0.0029423282034371093,0.027629900372960835,0.06619734495928689,-0.037323907083518654,-0.09184788169915363,-0.5163255138259463
10633,-0.05462460132793455,-0.03925748784193988,0.19789363207449004,0.030460966678457862,-0.7878686531015824,-0.15444292855364694,-0.11794871986190948,-0.05342896689061881,0.09974845564417623,-0.1181436330962815,0.9512467464255266
10634,0.06068430411999621,-0.18392638636520506,-0.11932665973966508,-0.039318108276335605,0.5852253768978817,0.018586808237360558,-0.07521156511915333,-0.042328866411246134,-0.06411709509190705,-0.11880077771958629,0.022727059305090544
10635,0.09062773861640643,-0.10823569919146497,-0.06911857822532852,-0.043290684006192445,-0.06581860811376496,-0.019631004713884133,0.20156619801414502,-0.06004311852711817,0.49758798109369756,-0.08883671049771055,0.01921884797101417
10636,0.05999790838615222,-0.1172182893543804,0.5749332842702147,0.06375405822527674,0.09276574128741294,-0.04941257879977855,0.21495467305528157,-0.06659155466922473,-0.09644033601892477,-0.022329108827451902,-0.07771370873178776
10637,0.009901538156089436,0.05253812846435311,0.2001823094843068,0.009753232735985239,0.016517555088350677,-0.6129399114844585,0.014981352641403585,-0.015140092004708972,-0.032497681111006524,0.05965597334789252,0.028541865433604735
10638,0.12771208474346876,-0.03700877817350497,0.4158701673724528,-0.09192158495561345,0.024429528844251907,-0.0531974398348685,0.11549698962198818,-0.024343826547305325,-0.08934834763166208,-0.24991565859843484,-0.0735277537988803
10639,0.2076544696033866,0.7492421950299623,-0.05107443134468137,0.02714856812583708,-0.005435787785538878,-0.14771596959846134,0.0035421917223530802,0.045208286551237195,0.05372180987857018,-0.07811588132160599,-0.029292567959100225
10640,-1.8889914147138238,0.1260488669182076,-0.02186189183554008,-0.00788986710693227,-0.0017062578571700251,1.9530619465064663,-0.10237057634650763,-0.0021946700648603733,-0.0423304595573782,0.17596292796977664,-0.06935793566860662
10641,1.5151846648020686,-0.009910180603285055,-0.03409689891843677,-0.07459017358017526,-0.22135515245371573,0.04647408273386894,-0.9583729155975821,0.03777615458362588,-0.16702878947521815,-0.016183675362998744,0.009912131107266277
10642,0.8316876049681039,0.030039537455571842,0.0935821595236248,0.010852906575523617,-0.07541744258002189,0.0021589771906481564,0.08091199602502622,-0.2451536662238374,-0.0015555840916577366,-0.15501340479350842,-0.06341621777559396
10643,0.4991831924732014,0.026946149522525678,0.033240457814774714,-0.010771664751131593,0.006588437101905545,0.005633997239414608,-0.036595038760520726,-0.002344587467920221,0.05052040863104834,-0.032795605797098046,-0.0673050423274013
10644,-0.05473070719054502,-0.03740421857913296,-0.0698510425188247,-0.040310548583849484,-0.07255934416444884,-0.027742413371381783,1.2311074451837714,0.057849672717097976,-0.0075817762847575545,-1.0783282147197548,-0.013966657041799384
10645,-0.1333754866928185,-0.6220388438617729,0.05463470209972853,-0.060690617077779854,-0.0956939287491722,-0.13628373226875706,-0.007345649287123956,-0.007642325063036884,-0.0433131044931587,0.969474209767488,0.027017983054331302
10646,0.028478365012840554,0.8992283015850395,0.11259331925626488,0.04800577096337717,0.0007775906415156183,0.057768524274407436,0.09070654138678977,-0.5789755877949527,-0.0022853461358538843,-0.022689142166288874,-0.058820024384691236
10647,0.0526016847131816,-0.05791255868896904,-0.026201163218831917,-0.7227762665667643,0.09602901431860122,0.24691678996943833,-0.0037998055913922996,0.8010370956796464,0.07000391810470533,-0.09112104160843873,-0.027081834042721305
10648,-0.17329454541828332,0.029647060428089737,-0.11053573699597183,0.8177631855788393,0.007621863034985862,-0.08619124992860364,-0.04357367532497332,-0.02146484395507761,0.003649849329873455,-0.02387744686128712,-0.644044355133345
10649,-0.08195660511157685,-0.031280805706517936,0.0023011735608249612,-0.032976603391877246,-0.6362784042679527,-0.056454107417172515,0.11471913044399662,0.03470911452709139,-0.10197556982805635,0.02473287185888719,0.8727335986224618
10650,0.186527859023402,0.1258408359209642,0.1743627103287309,-0.08301157106736151,0.5576335589643182,0.21600757488103267,0.0018161482104146294,-0.015607643573248923,-0.336904487515556,-0.023071306237163167,-0.08361279797222057
10651,0.08097624148995682,-0.04668545809402443,-0.15925555172961553,0.01651376942132226,-0.0030615959736841076,-0.08838155908933762,0.012469118276488082,0.023916671317746926,0.4758087161230222,-0.1523354270534268,-0.031206548691182754
10652,-0.12196251570851484,-0.0324934969307741,0.5563064147257943,0.17635397962225927,-0.05308925770131338,0.04950094544520445,0.09346470237768416,-0.2501476511327944,0.07695499131077377,0.04222486675053851,-0.08232055832935894
10653,-0.08922502944664328,-0.09796336258766311,-0.07338337713727984,-0.05552260384984933,-0.021967638001202418,-0.7226854826007661,-0.013893344045824272,0.0045607905310040015,-0.013610094356318315,-0.12414019178993249,-0.02363901441885881
10654,0.035786405858632186,0.07107725738341691,0.41615832749968423,0.08151397851958869,0.196463254440592,0.00852081044137259,-0.1463468535437728,-0.008293313258298659,0.05114611918853239,0.046770079125227466,-0.03986737382064409
10655,-0.1350544006858429,0.6803948418567771,0.0709230728907131,0.07627351901118117,0.053921740022975354,0.14741167929830343,0.10155965550016224,0.012304692778062867,-0.0979281929047556,-0.021122514695283152,0.04963428720337977
10656,-1.8243630262979937,-0.10931556279589093,-0.025651086693839736,0.058879569424127136,0.009263777568384634,1.7026585451923442,0.05805800420862753,-0.08719347758098393,0.04312683089014079,-0.12202008514681886,-0.09783287241300967
10657,1.3255018680796773,0.06631547103893663,0.05356915527006955,0.0003626054491021242,-0.07055373893277618,-0.04737873607272877,-0.9593083532711789,-0.03695765651100432,0.06723175382484615,0.04843170327280792,-0.03084885218111981
10658,0.8279240934553195,-0.006741725395529098,0.0516985691543245,0.02126542108847922,0.05763536391154339,-0.11449154201244745,0.14941534587314922,0.08514013992320131,-0.01787130623426341,-0.04988617784522854,0.11936903804478537
10659,0.6130579881156085,-0.04505640472421124,-0.061433708260103366,0.002835459425484829,0.06682013053938214,0.06778710828099256,-0.02124049419145655,0.039587040899022076,0.013448969828374836,-0.004864310092668786,-0.09400971406406232
10660,-0.11312335998277247,-0.07235846433228403,0.11356087567147206,-0.041130000466470966,0.1427364322381938,-0.041203232385625045,1.2831141321174562,0.010180548954871043,-0.1460181325030879,-0.9550690270740967,-0.09076428152636302
10661,0.12344328300241084,-0.597842640708161,0.09914120369986949,-0.010808533855047016,0.0871827215832112,-0.08609228384135836,-0.007007463347824245,0.030632613779226436,-0.12571132825791087,0.9533039900040234,-0.06979463377820114
10662,0.13849636112866306,0.9511563616977189,0.058324261036984494,0.036601795680547375,0.08842923165044088,-0.06709764444234496,-0.019095895313116736,-0.6936935253349998,-0.0069213458706794346,0.1885607501878832,0.1476150453830451
10663,-0.03444561066881875,0.11045993495130021,0.02418620277390072,-0.49676393627248283,0.009149029998570096,0.05809097524533476,-0.101180045242483,0.8161790869390281,-0.12461455916143671,0.10159375028619871,-0.012702068830050843
10664,0.01591947251303066,-0.06044310853929057,-0.041966498035365424,0.7755943947958952,0.0800166418484098,0.2615223777827512,0.03155027990021206,0.008352721660973098,0.002513449837401458,0.10113103152409146,-0.48298486811694347
10665,0.03414507733274634,0.2102768172610076,0.016586483016227793,-0.007834776239643083,-0.5250417320987273,-0.05465542026802389,0.1307784719455388,0.019611183202424495,-0.029402282472481108,-0.14839559514443265,0.8898051156721798
10666,0.09541682588252522,-0.09188949657182136,-0.003148297215266705,0.06548716501469574,0.5844965348636818,0.08495510614553074,-0.1069107505608958,-0.07892521299095853,-0.347490024209651,0.02141065229930408,0.015766827489594022
10667,0.14922645819756614,0.04025232031300954,-0.001428155015147134,0.027493799105896954,0.049684245603334294,-0.11224916014785956,0.01850266498291875,0.09657451108874254,0.4742168518557809,-0.009501443306362378,-0.04533837094199063
10668,-0.0366446775218249,0.043255497722458194,0.5619987900527628,0.12529825808646522,0.22086929713835066,-0.01387852547734132,0.12290816391101281,0.12071618675867017,0.08461933369480948,-0.056669412116833434,0.07678944779284064
10669,0.08146408364482506,-0.011475712815537376,-0.051186372752192316,0.07863749057589244,-0.013881437924613403,-0.6757249848807453,0.055940901472794874,0.0685431468871448,-0.15870216712880253,-0.005305421926199922,0.0582558252433053
10670,0.0909329818889589,-0.007639334249277379,0.42326113592741865,0.12467046650784294,-0.053699490056311715,0.14300489050619816,-0.0023951317709483633,0.09527154455559435,-0.15064267300364378,-0.009071783825737941,-0.07016964795962134
10671,-0.0722486142278627,0.6511451940201036,-0.01467248159745227,-0.020276160547792337,-0.035016418527589216,0.004138186270987915,0.04169952875526575,0.0026532448941485277,0.008375256124774086,-0.0005121872035497143,0.049928053129750224
10672,-1.7364066129208866,-0.06551794010228053,-0.06767242136554182,-0.12367365407648614,0.030713452554961943,1.7560307077112454,-0.14936607950705186,-0.008928900913958893,0.04764290450494582,0.04454533768102426,0.09727888980888053
10673,1.4694140207231934,0.0024886538688515987,-0.04057754315075777,0.03226576347584435,0.003559251424796906,-0.27566346725646823,-0.9596265007703951,-0.03327587057683198,0.04492487522512105,0.02846216760413374,0.03007323086584014
10674,0.929557076124375,-0.14992114244517946,0.032308077212750794,-0.1154298332709327,0.0531553307207777,0.010603312223545349,-0.018408658254194913,0.028063973096342523,-0.10125894028509057,0.011757562167369964,-0.14598405499857176
10675,0.6470236446292759,0.017554944890041016,-0.001104244662295961,0.006104761182593443,0.013968628173444152,0.1640425309309977,0.011117767213797295,-0.03117668963599258,-0.045450289795401645,0.008403054360313425,-0.006961547416316227
10676,0.07065517685017718,-0.041465723810612996,0.0892611279281566,-0.014148774958459804,0.1374091616768768,0.09594854016284726,1.311359997582435,-0.06714969375544633,0.02517802935141413,-0.9222307168562428,-0.07805035821791634
10677,0.01450598254295215,-0.6613781926064376,0.004798262408555812,-0.04617980525534369,0.03672905675425341,0.07546922345646301,-0.14996789871727892,0.1315817520796413,0.03627414886648768,0.986855038783775,0.13185733845889172
10678,0.1393582199906197,0.8907374802633787,-0.03303162684111253,0.028402796880998366,0.07655741050997188,0.006776031915127457,-0.09859717890552351,-0.6691443539752335,-0.05127648725911328,0.2667716795423802,-0.007798063649388619
10679,-0.09774621025003906,0.14000001529915826,0.07707557595893719,-0.543833430791304,0.13811006207682078,-0.02840113800766686,-0.13802217003022413,0.8751832140541658,-0.019847202224334507,0.12990094252973608,-0.07050869354641294
10680,0.09376445368562868,-0.004323897746701652,0.07414054519311516,0.8208100957730203,0.023239270658556053,-0.02293573305744135,0.11393345742118766,-0.016774713622523536,-0.046945130629023876,0.09227628497850415,-0.47705399661153014
10681,-0.03589688367335443,-0.14600828497190052,-0.16710618578762654,0.023913423270449482,-0.5485315123189315,-0.037825208218311174,0.053135419705292605,0.011321174253098549,-0.06580705988589473,-0.021228818815328978,0.8754249271762342
10682,-0.06511079633894602,-0.006806132412512322,-0.04363823954319941,-0.013833900047268703,0.6453090574552162,0.12509321323570136,-0.3623723877305483,-0.08376963198799713,-0.45331909533277537,-0.14527747944271036,0.016369065806895053
10683,-0.07223660073412543,0.061925179111345215,-0.14165132725884783,-0.030831471501339597,0.05411016375054021,-0.04435854833569385,0.018939375965144653,0.017870831342783958,0.5519062067947506,-0.16990357469398695,-0.002748423365758182
10684,-0.07445464692492483,-0.050787552071017095,0.6481062222064689,-0.006110134441487714,0.031351068783078063,0.059101859929046395,-0.20075074749092872,-0.12222173820880404,0.0350422863882892,0.032486451658447824,0.10030227173776098
10685,-0.010050453792813403,-0.06588912366454773,-0.02837865434108981,0.002446616455686469,0.1246162624921196,-0.6740535128777588,-0.072702534739803,-0.006229448024766141,0.15426677615872392,0.002231447608417485,0.058524477900918
10686,0.1050633358088471,0.0110840964187904,0.41907917434690245,-0.05589190399896343,0.015000135124465172,0.06162154247881966,0.12707549177998737,0.0009470378110411634,0.08320228322635849,0.123409919029783,0.039155244022506204
10687,0.04120002511404547,0.6796208179677081,0.018280643193063516,0.004230629658081839,0.07946675570383868,-0.14324035814451297,-0.05025137785427192,0.034132906273614205,0.006613891802512898,-0.07815988795404104,-0.007843122736811986
10688,-1.6651424249495772,0.01825533769612568,0.08115983973092124,0.01861742361599712,0.057473973972177676,1.7644240534247435,-0.10262640469537573,-0.03294552675343659,0.00018388753246993266,0.07179940648421167,0.06688830788574057
10689,1.5959403077260468,0.022326988978041824,-0.12313151808518714,0.03804695999522586,-0.009967853660089709,0.12398511335046242,-1.006569542532202,0.05318791875031646,-0.033634201155791285,-0.030153480655652355,0.10370346824110921
10690,0.8796111461594365,-0.04877264208848566,-0.08449554419618259,0.09954520138267485,0.08162486143473888,0.1161422990954775,-0.012338129964578604,-0.06382648073162794,0.13011273597841336,0.021195523464849663,0.050730496542062825
10691,0.651893262946913,0.05527841541270536,-0.08802430199145943,-0.02817164544837956,6.683576333171674e-05,0.020848473117021496,0.020081568777005423,0.04789701912464227,-0.061667760139486924,0.0015375594149219275,0.01479960974414786
10692,-0.2545603412506613,0.05464728754565111,0.10213329761609882,0.09524768037258025,0.014271116150788457,0.1384126077828385,1.2334506580081512,-0.028737585345785112,-0.3150605499054812,-0.9182692002916041,-0.08032589273981061
10693,0.1825647973241622,-0.7166315762467248,-0.03308122733246346,-0.09272661248869277,-0.09307582286856614,-0.04140839259458613,-0.017502612429893736,0.12323929283749113,-0.03407814684803192,1.0888000139659364,0.013670877858929046
10694,0.185986365185408,0.9002631504101725,-0.031686333027243274,0.025887967482644554,-0.00828684559402688,0.21722104849646198,-0.006169273082432944,-0.6309641675925326,-0.03317324060463417,0.035719221200169966,0.03715382760289481
10695,0.06892799231114702,-0.001000263934665639,0.08055073473947312,-0.39911573883162477,0.009135525773334806,0.07999058653048174,0.0921563801237782,0.8738528253942495,-0.040844533394779954,-0.1103492426006035,0.015168243723538428
10696,-0.0012327442638544982,0.07987411125364022,-0.0158357917133863,0.6785647193616907,-0.00561707708480797,0.04919387764116022,0.023741770228253932,0.0050616661959858415,0.00953864803973686,-0.083647887786479,-0.4723536400644969
10697,0.014201173161108194,0.019954365736949198,0.06640231181235753,-0.0017951834292994238,-0.5875291143948266,-0.0045125249332988535,-0.002193515632785345,-0.004761506003604671,0.054534369961182216,0.062122721011493,0.8980211690166844
10698,0.09761510384274913,-0.07850007160238925,-0.11309530174747154,0.012813960759817358,0.5351682571487786,0.08552246898905853,-0.033951987261926206,0.10654974933570567,-0.3481552095445137,-0.04473287575080132,0.08783593880713217
10699,0.02928763494551411,-0.04491255687494503,-0.1776953956944714,-0.09964593621320718,0.07039648272240132,0.07995558371737516,0.0824458805793633,0.09562384959370725,0.5004047199291789,-0.026443243814403706,-0.04974680314196303
10700,0.009648089734336014,0.11538612483225452,0.6077287818033671,-0.14522853491426954,-0.0421788217975326,-0.3247185321806224,-0.07972615035667334,-0.003403284025577406,0.13369888768774074,-0.015844253477097267,0.09814629436734644
10701,0.11164393826467683,0.07403061016336894,-0.07208392420084908,-0.1217919189848221,-0.004697700256375906,-0.7608020461995567,0.01971734388513249,0.04372856689614784,-0.057694618644345934,0.03441820853214741,-0.09508292615898656
10702,0.05282377539439351,0.12328593609416416,0.4078400026676977,0.05245267596089184,-0.09458483704128898,-0.11116922667709633,0.014214833324163189,0.0006672641227807772,0.004501669409882892,-0.11825040763254131,0.13367914173207898
10703,0.0782426454157851,0.6934786954614796,0.02891456639182765,-0.045433597057255665,-0.006673875049079408,-0.07077167796513024,0.06878452160524762,-0.033062349639766356,0.06303664448474286,-0.03799289599198595,0.09648121361452609
10704,-1.9677457730361338,-0.10410085031046645,0.08014109523089956,0.022577591518240934,-0.08200958409082229,1.917271161054999,-0.16549910401150997,0.06336245296448427,0.023064866379101125,-0.012435939611641671,-0.036301708701440796
10705,1.2758760307444967,0.07413748791764413,-0.07453183643012014,0.1103463011956646,0.012606801518952208,0.05892734089280413,-0.959422364269506,0.014453439261034658,0.07812191727097431,-0.11610531032894048,0.12295740134028607
10706,0.963966462079795,0.047026057998252796,-0.042014771524812165,-0.05469523477008399,0.07981803539999918,-0.04869700131576951,-0.0056358408966473905,0.1124952305748706,0.05971763723051658,0.08462092644747947,0.03847434217949459
10707,0.5791281386829895,0.03094062762357596,0.017661016506313437,0.07535330254496828,0.0186876742815897,0.055700435180019825,0.024975400526948036,-0.08158580420985995,-0.07743892696834753,0.006263632356916115,-0.016451712829989442
10708,0.041529239117458885,0.020876757250491415,-0.08258458564671868,-0.03840158638555126,-0.005323553251095802,0.20300406856794861,1.2139617077810105,-0.002567509631774351,-0.0037245379284723797,-0.9003388394649199,0.07634668570408097
10709,0.20411198570687542,-0.7094063819482826,-0.15989080303740566,0.09544318732613719,-0.050505168186686746,0.10222848720839177,-0.05960241570520275,-0.03451637853584062,0.07917119658364376,1.0254286998708884,0.0376933831004085
10710,-0.10215763331165954,0.9711503895423254,0.002223138678759671,0.11390216159966575,-0.08540050965911566,-0.30096164231875383,0.1021918585814944,-0.5732984317480184,-0.030839427530099994,-0.09514214098470392,-0.04101737756461509
10711,-0.06288723013002417,-0.04243212816713922,-0.012793960295038534,-0.4899473473746869,-0.008706341013458553,-0.06109393846700329,0.020941648893503764,0.8328438256141796,0.04578738638573282,0.07721950859751317,-0.0437383326092295
10712,0.09016825475387173,0.008682126624546574,-0.01473164057604721,0.8022829640238991,0.08913732147848474,-0.15082920772528086,0.29815111320277565,-0.039929377414294684,-0.15262273602306606,-0.01901302151935595,-0.47697809448281386
10713,-0.11365146990947891,-0.146138406779312,-0.051442112332491234,0.09909693688700076,-0.7335206600083666,0.2213317647322685,-0.1759487827024529,-0.04253987036125663,-0.16459066284132357,0.03745387109741449,0.8959595412673018
10714,-0.037114863608749125,-0.2690272911823706,-0.027702050911790187,-0.14297225947071446,0.5658346875495246,-0.10683934802317584,-0.150809971075444,0.07510358154147154,-0.24079674786482055,0.04867384536263812,0.024796890946440768
10715,0.1384881876042589,-0.10148858915254899,-0.0970332842407648,-0.01568841242747429,-0.07430175083976495,0.24256332624360763,-0.05052656211298808,-0.014542678605204985,0.45229813618266773,0.04295525426112992,0.10299123150670733
10716,-0.007678199570870985,0.12718694119685997,0.5982280957311309,-0.13318684261335462,-0.028838719878026015,0.11691091587529426,-0.050824931953426335,-0.04055567171656227,-0.05448633820246806,0.13390104392896213,-0.02683094584711619
10717,0.017894394703087534,0.11997718007094071,-0.0071569944969825106,0.021634424511710326,-0.08100052332401088,-0.6310506212691146,-0.07691064607194023,0.1153495710099642,-0.010807444800012543,-0.030810449523521875,-0.022313054092001336
10718,-0.15239129006079158,0.12703712708343787,0.4498998100118323,-0.04042446863781915,-0.034673494598922765,0.23102607980087161,-0.05068267150916105,0.22823881052557196,-0.0122617443334841,-0.20344543376742893,-0.17251812763470983
10719,-0.16800381660977654,0.5917328140656699,-0.00998622914015797,0.045482328277638324,0.10155550197401507,-0.04679063445952189,0.11926629899619598,0.044485381502589946,0.013284237458317905,-0.02945459589928249,-0.063027800431076
10720,-2.0707465691531484,0.04927384196163558,0.06370983509952222,0.003842295442416675,0.07798192136244092,1.5955351580198345,-0.20079376108352393,-0.07154989986569754,-0.039291010436172905,-0.24998285517430663,-0.06863549015594286
10721,1.2694168397430712,-0.11179321468890402,-0.12433841765989466,0.03632453725544563,0.01268090234683691,-0.004961942589475153,-0.9554732210809407,0.03829160701233874,0.12949960731704055,-0.005649169975350671,-0.007225042214368321
10722,1.0025616214300475,0.07606565988829049,-0.01031459773647398,-0.09371200919150352,-0.007444013640106862,0.06500015412125218,-0.05551909467437586,0.08370250340492594,-0.005364802039072199,-0.13330644178979847,0.006982584145373763
10723,0.7214321434047322,9.15532246826313e-05,0.09210655340591586,0.0012460904280347457,-0.04751912436702916,0.04356692834356944,0.015744631670724756,0.028730467708786622,0.022253562387424118,0.02695822128940939,-0.046145346574393814
10724,-0.14349504665353027,0.04791059319925152,-0.11299530595943912,-0.07476647323099216,-0.10999819190980926,0.0351982424937373,1.2739004366374351,-0.022946531695167964,-0.05961240752022438,-0.8836558237391249,0.044904211799345145
10725,-0.05869002048509885,-0.701999759458893,0.0074558370398847135,0.0030864882887545932,0.06001171966488146,-0.0767958209384009,0.14829482460579554,0.09569134820842706,-0.13061068662307132,1.044323661072194,0.0005514666805020553
10726,-0.3458373151940465,0.8144680936495102,0.062151708006178856,0.057147300121010935,-0.09191441630277594,-0.2093033499876113,0.09482339021724713,-0.579794167483422,0.02960962318961492,-0.038605193851642475,0.02380444934000174
10727,0.10080226942109206,0.04911892006550617,-0.1704896476300955,-0.5550568430483527,0.027913339940715855,0.011618443967849093,-0.09733799832744061,0.8489626675071739,-0.018464466393868444,0.015431841527060107,-0.07564495488588724
10728,-0.03595700785964821,-0.040024063950750935,-0.02025130999180669,0.7576285044046565,-0.07504017134136326,0.02015863706413362,0.14394423780361512,-0.017563010008485893,-0.06630212648257407,-0.14276114984969274,-0.5875278813471715
10729,-0.02955940634073412,0.14247822164357135,-0.01978778876353016,-0.01764259962907412,-0.42522533944205915,0.10829493620489912,-0.11267257374719915,-0.05063145630264736,-0.19605278120448794,-0.2312331078371472,0.8893802072804895
10730,0.30503105188076546,-0.035744469208203726,0.015040164060030694,-0.13109818216580263,0.5847297313151425,-0.01497849028948127,-0.016319276682935566,0.0003177007454983808,-0.25308371961012344,0.053983338655640305,0.00769749762589663
10731,-0.08614001945317463,-0.03835225454308192,-0.07422338421693794,-0.0093562491043188,-0.021799211884803882,0.22421370537470434,0.07614571996117005,-0.09605227408699407,0.4975406855817839,0.06066553739213703,0.1330174857738138
10732,-0.10963834902558978,0.013402984563091924,0.640256619424661,-0.0943449444694834,-0.007062358192227343,-0.08801709638746893,-0.0627003035346723,-0.21486924983392083,0.08235647811955663,0.027447127135090215,0.15258615620509816
10733,0.049527441660659983,0.09795766667963332,-0.07060823113551201,0.02867571362310602,0.09471532395942914,-0.6848552811459262,-0.012489589191483534,0.0003782513979481636,-0.05921400760607871,0.056176908144149246,0.011397064221158801
10734,-0.2742510029202809,-0.22873683498566735,0.4014016273966917,-0.07825249790137523,-0.25165354221861147,-0.0737072552899346,-0.1291080482190321,0.09421979709126599,-0.045331952389424134,-0.02919320501240607,0.014457128865869882
10735,-0.03529836596451927,0.7118024509622588,0.04775115341092006,-0.012298480618687456,0.1107065794235575,0.03166684736287076,-0.0067258123753720644,0.01461271897772265,0.007879027117547661,-0.024351298366248546,0.10567834720761331
10736,-1.9981549304397808,-0.0808856046992666,0.05679956362423269,0.1167259577263908,0.04611967440423542,1.7224639434296556,0.04849944081842792,0.11324389334674385,-0.08257587205522908,0.005677438041881503,-0.11457718833349007
10737,1.5878584031847955,-0.020437427577894393,0.06829316289663023,0.038006798632910406,-0.069759424443028,0.006608748999347321,-0.9468973261689532,-0.057384757657398505,-0.05969037514313855,-0.01319799389387688,-0.07273550452004154
10738,0.8280169210630791,-0.03274269499545965,-0.028332633986298896,-0.08502306881821939,-0.10680801799803698,-0.03475576955152901,-0.144256820333641,0.026230110580225306,-0.04562279348434847,0.032920170184986275,-0.09084561681376703
10739,0.6106920363926538,-0.08066488856825185,-0.06912353552440229,-0.07039514943482082,-0.03262635047818575,0.08880412109682279,-0.09841835998453612,0.021288072447177855,-0.07699302978321751,-0.031178848343274487,-0.010013345525546516
10740,-0.09501584205657178,0.06755366184545933,-0.025166290349182423,-0.027844152852764148,0.019718712993186487,-0.1552918957357912,1.4372491365048852,0.16173343354004902,0.07419194113400002,-0.8422031519849444,-0.05298525180683547
10741,0.04391756606136434,-0.6079549791578874,-0.025142729543204446,0.020731564034454468,0.06366813492230049,-0.032669332568477684,0.014178978234185182,0.10706132476773506,-0.039541485623410755,0.9428271642939925,-0.004489284347695613
10742,0.21147588693937008,0.8754047415992131,-0.04495700406040712,-0.002728184220207649,0.04502165337851901,0.14244304859263904,-0.04517443566419145,-0.7347744518235041,0.011522606024309096,-0.020444318860649863,-0.0036063089545531595
10743,0.04741590812096276,0.015916643083232155,0.1851428620561663,-0.4591184234261746,0.07435891880083498,0.04815809559485468,0.11498718859173335,0.7659482200446279,-0.08616858471637812,-0.006903113654142258,-0.016770897537035742
10744,-0.008270094935833937,0.011857550956292432,0.026443408730177306,0.7951902818540957,-0.05467680677120428,-0.0922172446621955,0.060102699488487656,0.05768733099542233,0.031706423533601244,0.11965556795447199,-0.3983231125863552
10745,-0.01774322530510368,-0.08134572263175482,0.018267396973144126,-0.023465279158874325,-0.48215115585930507,-0.14089682899521971,-0.12858087235559873,0.028595980218398515,-0.07196414738063296,-0.014309393394605283,0.8151955797589594
10746,-0.08673509525891643,-0.06723116427535121,-0.0004814155816634351,-0.05633535586409673,0.5870130741703286,0.03030333064008999,-0.03474643034714581,-0.08600133452614575,-0.08464695634488406,-0.06367953811121967,0.003111870622577656
10747,0.12256761248118017,0.10398631066933947,-0.2997691423764891,-0.00664976711205767,-0.07496034530321728,-0.09305752708872761,0.302440907955581,-0.02322950600445719,0.5139846972162608,-0.10513844831660087,0.0638245197866006
10748,-0.03599695760643737,0.19412017630109965,0.593204752527937,0.027465928413146313,-0.05230649404893466,-0.06647574747048457,0.12335192483067109,-0.0726432528433498,0.016470690295413867,0.008970247253155048,0.014268070276668671
10749,-0.023424898053436387,-0.02431400527322791,0.09845159351358113,-0.0143566978401213,0.07307488911719813,-0.7108198852811072,-0.028355284914783042,0.00312419385358822,0.042591586063668786,0.002771808964471107,0.06778808054821364
10750,0.010016268545235484,0.01665385718650724,0.4285611240554067,0.010100630589842643,0.016249219555656325,0.12237995113599488,-0.05882525298606666,-0.2567773338254393,0.09308838330426701,0.03204741493325296,0.03574112049117369
10751,-0.03589625886071247,0.6954234178395973,-0.03563393931511101,0.0654464794405805,-0.04167362339382896,0.05790293698248038,0.0265635600421889,-0.02462392437424857,-0.006575804170853141,0.022335955885543043,0.04179426391648328
10752,-1.9430929890416782,0.10313512023941311,0.07746601726257625,-0.07933721516875356,-0.11396324880402019,1.4183416295451425,0.1221728033085563,0.08419146554689978,0.035683031888113746,-0.0596417476205549,-0.06022613556886177
10753,1.5770583487099792,-0.04736153884532768,0.013341823138845476,0.008479525344842856,0.11152385917817804,0.11316327124506403,-0.9424342576501196,-0.062376025713758346,0.07445838868692116,-0.0032019026041805627,0.062454061858403444
10754,0.918457046092245,0.018751878996223846,-0.10918450799210319,0.1174990110318497,0.05526209808647362,0.05407839997481464,0.009453065124094797,-0.07017374733639557,-0.12490160719315506,0.19376576644565865,0.13627556761422524
10755,0.5614813259698919,-0.0088257917259966,0.04613428983933385,0.01021036486983197,0.04405184634965794,-0.024330480985540262,0.04204806643418735,-0.025196251426354482,0.01411524183267307,0.027631912737635413,0.01421199668352481
10756,-0.10451026033522422,-0.009965390086196093,0.04499150975685498,0.01921336925768484,-0.20946539096104425,-0.026808751745526695,1.280739957614706,0.13695363532294924,0.03205404867992219,-0.909080882231062,-0.05687634326805514
10757,-0.007449508746286014,-0.5685016403470049,0.12468459951926814,-0.053989090463750694,-0.008622005400012771,0.11014140539560338,0.0035051812581327196,-0.10751621232061188,-0.008681728656220791,1.023213613196337,0.1887056189334667
10758,-0.006595129957907545,0.8895885989453775,0.14961495424010057,-0.027775171165555772,0.055798670503413604,-0.020920686938715703,0.002701657146608091,-0.6756422503500223,0.09526937350302804,-0.17712682416237352,-0.005706923310176337
10759,-0.0411576400181021,0.039776851080346134,-0.07864210169356996,-0.508028490539739,0.02154098378042859,-0.09990807934806234,0.07044207723860393,0.7728980009264811,-0.021164492527209977,0.0568299509382883,-0.021208103091629966
10760,0.19616369595896688,-0.003916698664568558,-0.05281211124202767,0.7953425096227662,-0.045777823462478266,0.06109271810212158,-0.07517441349169934,-0.03561215731775879,-0.0076488043689346185,0.14971930429186595,-0.5491672920858724
10761,0.03602314957887896,-0.13815347709867673,0.10065918366982068,0.011486314355373579,-0.4375820731632464,-0.04583251456068904,0.013395471478177452,0.04047658958985067,0.005557315811414995,-0.07455916525744885,0.8553283058589012
10762,-0.1770720123627838,0.05845842271238512,-0.15189062931897573,-0.028351487782166916,0.6096466416787393,0.03627921702772599,0.07479412695024577,0.02603252049991639,-0.2624288443214659,0.03616281354737702,-0.061665899530646204
10763,-0.017361890829331664,-0.027575473907434606,-0.08176281528177426,-0.042391550552622906,0.0174408758639602,0.08025828725070062,0.31321287801321496,-0.08832681228852098,0.48847387051402913,0.0701002561866933,0.08900673568181718
10764,0.11148447170596826,-0.00651658992548374,0.6291891149029842,0.17183210158393933,0.09753392405482042,0.04486410100378037,-0.26898282884224023,0.0781344435907854,0.16892487259372915,0.0019597631170937373,-0.09175072887380525
10765,0.0005293096757611501,-0.05451205304926543,0.12358442887795379,0.08938586827891515,0.03659273068316632,-0.6763541824670707,-0.06342842701615199,-0.03287138204947124,-0.09350161061403582,-0.007008844452696397,-0.16879574854468626
10766,0.06899851325319638,0.008183611392680317,0.43273698757674106,-0.0928658072262887,-0.0025425467576199318,0.0985974301854135,-0.0427269913902213,-0.06355585015372246,-0.040316442408223796,0.10208672780794545,0.054139429213533694
10767,0.1106072618271055,0.6849406011391576,0.06061332928626863,0.055518984512808005,-0.026674081847338757,-0.21387397344793208,-0.0777830287147205,-0.00511921172882423,-0.03817447085976199,0.024936820272054197,-0.027223940173699515
10768,-1.802132207457388,0.02590086385501999,0.20837209988880828,-0.03991809476098502,0.045116644550535254,1.8185708363733553,0.03166323729891862,-0.01865982449014531,0.052801174756612605,0.07055477797697732,-0.14471234845363543
10769,1.5584782645140263,-0.026437818872228947,-0.09883682237940761,-0.09989586019408701,-0.10942408345923597,0.04414930412933916,-0.9823295200985872,-0.04611038094778532,-0.05638054636933782,-0.005242196295681321,0.05154497192896921
10770,0.9882988843069003,0.03098810464132843,-0.02679913495868997,0.05134535021335704,-0.08622098263953448,-0.07539828662885656,-0.24336013004962237,-0.02831434471245948,0.043253191730859245,0.13568211815797043,-0.040170470589427895
10771,0.5956363326080947,0.013571671167208239,0.004949229916332881,0.035623653276069187,-0.0434478088741426,-0.03028319921367835,0.005680781642870887,-0.02045658291210041,-0.0013365980066917058,-0.0596927874296805,-0.011196205852813411
10772,0.11797691746903195,-0.029466688541288158,0.08212537130721578,0.11840944034123604,0.13593007156633466,0.04467387757967676,1.3660776626960793,-0.09900106500712709,-0.03042050014219539,-0.9863531207194767,0.002129628068886855
10773,0.1080837884947094,-0.5532515387627133,0.046936116632433106,0.016408056680643532,0.14907650448866186,-0.09847579158980033,0.14631957858303368,-0.09807529029849964,-0.10069496835206312,1.0742101808928157,0.00018505439685749352
10774,-0.02693405820286599,0.8938605578211645,0.04151330865702043,-0.016438930138260165,-0.05001093615488218,-0.05490907014240057,0.012867888084665666,-0.82072707520472,0.03185984261844961,-0.1094647738437528,-0.004022816682682141
10775,-0.03225658775009055,-0.02562723168248542,0.044517536306159504,-0.4754900899752311,-0.040090552294477784,-0.007130528716195092,-0.007565741874495855,0.8049427559207022,-0.022847373684729562,0.22411771281369428,-0.07284224803280284
10776,-0.05430877693955746,0.04923897014897689,-0.06679477828396757,0.7532230245292713,-0.00870545867452035,0.20485126298027148,0.01751863254322535,-0.0349395519277395,0.11778086762921444,0.04640480731342716,-0.4751951861288495
10777,-0.12613022703399102,-0.05722471323812701,-0.061596546996156465,0.039328911923497356,-0.6205433296858563,-0.18426145089268256,-0.20491240447647846,-0.10700675230856391,-0.019689232613452526,0.0742676656111974,0.8797358140553769
10778,0.12686982620770199,-0.04912765999222427,-0.08852569317169988,0.06838204112435532,0.6440011036126155,-0.17461309546884185,0.005957559129351986,-0.04830538574879813,-0.030444017624645547,0.026490052440487136,0.01135293905733774
10779,0.10681430963418821,-0.02014474454726772,-0.2970740341384514,0.0884232993866872,0.03559968372209843,0.04337747667183902,0.14449392783900195,0.0769849072922989,0.4677222685858489,-0.006402277738273873,-0.0009749785954638471
10780,-0.09062809811355955,-0.00804376535694524,0.5884351676870063,-0.1892661523402726,-0.0412655921568974,-0.07468520615893312,0.11170928654341283,-0.10107454790163789,0.017409364300623318,-0.02575457656028395,-0.06701524293513185
10781,0.015028413542050685,-0.040643559958318795,0.11088825127914893,0.08051483437183383,-0.035961221984049885,-0.6924010313901344,0.028034494520144566,0.08331681796526569,0.030141467367378716,-0.02475180986785286,0.04842659062757366
10782,-0.1398269645008775,0.13662523605805232,0.41522318190385427,0.018782990798980204,0.08820322579337263,0.1563870620975125,-0.26249891826555266,0.19681620946469866,0.005441056938210467,-0.09312836778814161,-0.0187990417523205
10783,0.1420826810608375,0.6573849786523787,0.009415979094420015,-0.030663198014820467,-0.06096769114187833,0.10225906380383715,0.3097166526038311,-0.03640713182962228,0.004177811449576543,0.019583616361911298,0.014883949225990695
10784,-1.99995943089484,0.08322372382136718,0.05661046665665019,0.05144607272881841,0.07211606713085476,1.7510053181923881,-0.10083846068702544,-0.17591425231738617,0.07499035940667474,0.05579048750805986,0.04156729936995788
10785,1.5033745995109131,-0.04858758882451846,-0.03911517078197682,0.101798932140789,-0.043683335097423684,0.11443025541908042,-0.9780081342155273,-0.038478364430359235,-0.007554348825005413,-0.09648207357337657,0.013623041185289592
10786,0.8372276262008207,-0.07093445228778433,0.031809685771415415,-0.023377944855569766,0.12155082332818846,-0.09523574167291414,-0.09195382159628464,0.11522300870806129,0.11279328801013376,0.015344771992664465,0.07845401750288879
10787,0.6300592657186259,-0.046954097360736184,0.06732976722977128,-0.046045997585433804,0.06032299890040991,-0.02488099346683248,-0.040362129756263965,0.009676219718890508,0.024939521682256202,-0.024485710274860593,0.0635079038972606
10788,0.18947118306540228,-0.12681986129347556,0.06359900941295563,-0.109421372546805,-0.08694225084657672,0.16885194062023415,1.3705522944962687,-0.0177034345595323,0.1662719084573203,-0.9725739343291183,-0.14990576310548087
10789,0.0184807083287433,-0.6549427126093151,0.2163431808367753,0.11401420559925775,-0.207827030001191,-0.017426117440470963,0.024235450806915505,-0.14179245991170603,0.04780544290494274,1.0166266923252847,-0.05698616180925252
10790,-0.04741473484226288,0.8718583388009407,0.21966330210305496,-0.03626709257822516,0.04646149529548604,-0.022131097950286262,0.1996156237957788,-0.6403439866569333,-0.010245398911720974,-0.03766204042971849,-0.04174797600041338
10791,-0.08337674798468522,0.0683265311952096,0.01522018916960884,-0.5042143408659601,0.03996248963843156,-0.01622922780139656,-0.1596643195287622,0.8079544237144777,-0.054828512295050646,0.078738552299713,-0.04137985280850869
10792,-0.022283471707617797,0.0377912774095977,-0.032629537371997606,0.7845407585312067,0.027175525247702115,-0.1547131319768255,0.054413275989418246,-0.038883171577458256,-0.05163497925816707,-0.059479155118421834,-0.4447088985148691
10793,-0.050327165843110616,0.07598649707622243,-0.12426949219365338,0.0467048508646225,-0.6098969823844957,-0.038545219742858336,-0.13579028514209251,-0.14075019422268978,0.01670300170980324,0.16766626673781826,0.8987299088831456
10794,-0.12099550497690799,0.07807807371957107,0.018189891261802937,-0.062333090035149495,0.5852407611545797,-0.16992821042173842,0.10943012632702231,0.11303353160136488,-0.34721608945338384,-0.018209332841699937,0.028413153773514686
10795,0.2100930559435448,-0.05812101156554078,-0.09392671866541118,0.06149904146359676,-0.03372193261169399,-0.05712691309941772,0.06949353648926956,0.030583507571975817,0.5167623421554005,-0.036845997340786515,0.016847566661293306
10796,0.2765034984389583,-0.09369329845737585,0.5961323386630649,-0.1646011995893549,-0.11522130111831881,-0.1088529888118814,-0.11970591281715198,0.14520613995845913,-0.055007658605223685,-0.0029999683572280527,-0.016947168036484654
10797,-0.03464499624707808,0.03633943989296857,-0.09865070758489455,0.03545627621289108,-0.07683037680834828,-0.6951825734362626,-0.04889857892691351,-0.036242285988898545,-0.08260782377533209,0.019869136430863736,-0.034208708890712
10798,0.17261704123884772,0.2678390038501611,0.4066587403706118,-0.34532184902946617,0.09453409817340018,-0.007639302240945769,-0.3157298960927543,-0.13895391374506827,0.06572538975422003,0.09434671108651055,-0.10796652298330318
10799,-0.059465750367198686,0.5729017915219148,0.015178681898056108,-0.03431596934087851,0.010685420535244817,0.044710129513227705,0.03508442630575942,0.024514774102565855,-0.057809027152196164,0.0577994965735896,-0.01627944626106081
10800,-1.677299270904839,0.09590689300772684,0.02136567750858645,0.03740067136495287,-0.10415908631772376,1.8728058839949333,0.155222534130167,0.05732126534913894,0.022594664886740858,-0.027991662457458967,-0.026607458804860425
10801,1.455262507733273,0.09295007574160849,0.24142904229176496,-0.13019644745138406,0.11055492725577809,-0.0038795491336838916,-1.0608163216577517,-0.04940179225439134,0.1575638573000076,0.03195085799402188,0.057739558678982804
10802,0.7082642299963209,-0.03136791934366337,0.08975247764164264,0.04391610433260523,-0.008843264337215646,-0.11336689655368966,-0.00047085164893830337,0.12622969216802782,-0.051490628754539206,0.04457520548957553,0.10275317687071259
10803,0.6232020727523588,0.046321484201274556,-0.014525957051768078,-0.01223752736825936,-0.008101783673950362,0.009186522190258166,-0.014514028821136433,-0.014211436013222294,0.022675907640649112,-0.047549105048999854,0.0006468485824595062
10804,-0.21643576048950003,0.03395012566254062,-0.04282685575879449,-0.0013716180392109598,0.02438218816748725,-0.045207019675793776,1.1777378278671515,-0.11252647263660144,0.047232539502712514,-0.8929066934266915,-0.06257826044690708
10805,0.026635263374017244,-0.7068866571382088,-0.08638244953100181,0.021035591382610255,-0.04033223050783453,-0.0646005010939054,-0.035901525959392735,0.07522773204405425,-0.023351892807700246,1.0675425171858455,-0.1310068076539811
10806,-0.11770890261970948,0.8802988314458315,0.04678943799780595,-0.018575193454124495,-0.0848914836719174,-0.07931646096928065,0.06042914285604636,-0.6628281056512901,-0.03749303144271343,0.15134993389011245,0.08321710701489055
10807,0.011112400444810936,-0.10473476418693764,-0.09254626357278446,-0.7023343728789899,-0.04230648177802499,0.12092620180914129,0.2425093272752082,0.8643632111158425,0.07851093023697127,-0.07292988075420359,0.006567434199703067
10808,0.02296626947519261,-0.05255764892857973,-0.06979400883701624,0.7715162762647788,0.012820572391428715,0.045040637604428675,-0.053683908496101634,-0.0798037957822557,0.015548077705958886,0.07094578021435467,-0.5843861609331716
10809,-0.006613647696718581,-0.05991986543898113,-0.06339711903212619,-0.114213115928373,-0.3828654535616694,0.027138052427181383,-0.11459290520271585,0.03805693841080319,-0.17742677696827894,-0.06168315907039926,0.8744673314237646
10810,-0.08274392320185035,0.16208789817318425,0.15552521703534497,0.07750007408777304,0.5730057725818953,0.020119941511206458,-0.06287465348912366,-0.06255509692615246,-0.10750229525639735,-0.0581720307153122,-0.06797684426549877
10811,-0.09621943794851552,-0.1026003903033127,0.08753122317547642,-0.037211827273276876,-0.09153509518465842,0.029568158299056135,0.057838597756724675,0.19317929724346372,0.48777358709026236,0.06966393979460843,-0.006964761474494841
10812,-0.05730342873520617,-0.08165991048757713,0.5540337032965581,-0.07682317203344018,-0.12905368094396666,0.0250270298075274,-0.021311736047815243,-0.009018510255148523,0.11266221236948656,0.07836417958286472,-0.14445278379511015
10813,-0.03990595715756975,-0.013024683551939479,-0.07177557725804033,0.03569287313415385,0.11026022566639038,-0.6272781780411181,-0.0417462444796674,0.004787034533103987,-0.11259000749280364,0.05281238813545801,0.023261029596892115
10814,0.13632320809488235,0.07265197024731482,0.42051822820046086,0.10056592331209628,-0.01790427315261522,-0.10607269089032866,0.09579830023103733,0.03436278474089034,-0.02536509735694623,0.021754400051873016,-0.06471890209794104
10815,-0.017651720329457922,0.6664778366982439,-0.05576199502536241,0.02423141690235442,-0.024838650204714454,0.07917391400628243,0.02075534359588929,0.04023336391694435,0.028599672944521662,0.16554514471413756,0.03430388144931133
10816,-1.5974609292389026,0.08864648571720764,-0.061141794026473406,0.07336795349028603,0.07454871925124323,1.7837218018210832,0.023705109032215642,0.033511366164297,-0.01923500318793102,-0.05019988762992579,0.012770813162019395
10817,1.489265879880322,-0.05957295056704925,0.12152112375718667,0.0558036142823809,0.11324463433116201,0.12380360880611797,-0.9737149536443354,0.049396329169240215,-0.1448561148974019,0.0135876374610784,-0.04281144406943317
10818,0.8930766499568957,-0.16240998578685079,0.02550529500797949,0.0399041937408237,0.04939336796705841,0.12206510001450004,0.04089380426085935,-0.16479912160447344,-0.011504204225449566,-0.09581296383529647,-0.04415642711726167
10819,0.6735248141853146,-0.011856644697165283,0.06285095868988798,0.030281883123340125,0.02722157739570107,-0.029926749913248327,-0.043964531562557946,-0.005760711161040702,0.019820529804792403,-0.014739229058739388,0.0005604895229929345
10820,0.08185872968182316,0.01279950298825482,-0.1383761444403162,-0.04229350695652903,0.04224832753884393,-0.04380361042783805,1.1306276291083348,0.01596701344619576,-0.0928943067015908,-0.7997105564164164,0.09665111284132162
10821,-0.2050388375526776,-0.7885527884503556,0.010199592764943512,-0.036685400920118835,0.012350725646034497,0.019038896313971158,0.017394839828292468,-0.03907894290555895,-0.09020075127595463,0.9211209498570307,-0.04227413415082845
10822,0.1108409717141409,0.9805659190199306,0.01653607768065127,-0.003596753898349671,0.04242157353236892,0.2545014473667639,0.10867648101571786,-0.604451463483559,-0.011002634474667056,-0.0005792562925573596,-0.02824384207955557
10823,0.04993024645743481,-0.036493483072991634,0.0023475025859982027,-0.6135548356031065,-0.008640691929708084,-0.12917941904501098,0.05375712825014837,0.8455332548878783,-0.04320731401265497,-0.02582410832396053,0.04164351554933946
10824,-0.09355421324924848,-0.03490469208553284,0.04162072083167671,0.7397962143555301,-0.10315167317318852,0.17615885067443596,-0.18758303032251736,-0.00896192313893292,-0.07750053147101334,-0.0936205927067183,-0.5661305102984563
10825,0.12851978260847563,-0.23197318014824958,-0.12587460732337646,0.014151993006058758,-0.43255406956044834,0.15131975278363222,0.06351222140458994,-0.05073395260522005,0.016280516363375668,-0.0007009470244342736,0.873321423292735
10826,-0.11542432949424877,0.0043068157363933355,-0.02995956736014443,0.030482544889286256,0.5777422296424816,0.08683635505208094,0.0621075844131033,-0.03487525340278653,-0.17587815208671492,-0.03377248424736893,-0.010640706686329852
10827,-0.03437365577953607,-0.08239698469154941,0.05893956225647086,-0.08690478668116575,0.06502604090673089,-0.1860558734410536,-0.14776040735318932,-0.05992090327085627,0.4773685956478682,0.05311796944131067,-0.052906720306535635
10828,0.025511399173553693,0.10033046926843846,0.5625322969995068,0.07591130172986149,-0.018563899794267157,-0.11281691173220895,0.13461508917666157,-0.03971251598423423,-0.00015013010016751843,0.012279241901126243,-0.17432923252705715
10829,-0.019670538090150902,-0.06388785651639248,-0.0007505921893800521,0.11491995763762448,0.047688119312361936,-0.6203265261523253,0.03201970273812146,0.045204108318141895,-0.07720043735414372,0.02682074228661775,0.044095702342881286
10830,-0.028261646946408165,0.0011196228197480566,0.4395073891653612,-0.04703989550961062,-0.19687308120959712,0.05153232606769983,0.0456190686415011,0.04063891481069824,-0.06567440965171374,-0.027496628869510174,0.22957196693967774
10831,-0.028423911885699045,0.706980650563845,0.01916051405511976,0.0001372882375579572,0.08755765793501405,0.22214708664102517,0.08898928241327571,0.018461505618437707,-0.08454450362217222,0.052456780262881114,-0.001594115334904317
10832,-1.9510101420892085,-0.06515105853484002,-0.044491432490177896,-0.0021522544776851624,0.09609115690744591,1.7469855185534784,-0.061410121841606255,-0.08760476052560096,0.04351336609433543,-0.13332322327824314,-0.09244233717437464
10833,1.389017878563025,-0.07520323067261041,0.023839839866914972,-0.05172741424251664,0.08180917224517031,-0.03670762936108764,-1.0484574554500348,0.030674695336545262,-0.05998324808711404,-0.061149097778309645,0.035272113091262394
10834,0.8112941301375671,0.10055108198823101,0.06951716211196379,-0.10037743804155118,0.06873409390751062,0.07677135277638691,-0.1878168053008707,0.09416533751804783,0.033316730329999114,-0.00639880004432533,0.03519535643611247
10835,0.6558315151354766,-0.018705281815827382,0.07020849313025314,-0.012313982922047658,-0.04400427266984441,0.04753938820243417,-0.00208886615686903,-0.004021271269798118,-0.02354807719225245,0.03689691691508111,-0.0022709489176302874
10836,0.0823170270767786,0.055365292619203456,0.059979205941240336,-0.09797505478909119,0.15396382688344296,0.18793376995583355,1.1642794520260416,0.05237326507425744,0.05905203802637723,-1.0959816021460382,-0.04117659267263639
10837,-0.026414714423721782,-0.7985583353412398,0.11210381984385512,-0.1625523320095272,0.026062518159129897,0.008974419513781924,0.15511714203285415,-0.10796042723783782,-0.0021572521988558143,0.9517485844042721,-0.12191993225196558
10838,0.17729372261319964,0.9669580962277953,0.06230398792731381,0.004503359767139167,0.01501308844454442,0.01046528772039253,-0.009773846727494989,-0.6004451091838572,-0.053768010005165984,-0.06338155855639735,0.10043358620824973
10839,-0.04434861242571223,0.1509032040454871,0.03627978383448123,-0.5895057774415353,0.13881215989313958,-0.13694953474565585,-0.10699238600733911,0.772425829630664,-0.09123494701838113,-0.10564910731654634,-0.07161266009335326
10840,0.20170031204043337,0.08997995927199158,-0.036208794068073535,0.8089818789612963,-0.04395493518580011,0.08117231556368974,-0.047342213898773876,-0.024927600100027737,-0.01335346334833869,-0.04026064013343916,-0.41894794763035403
10841,0.16166317204413272,0.004596881855129386,0.1333777499009213,0.025900623013908622,-0.7703141000549587,-0.052097969832701124,0.048422637856722725,0.07255382662246886,0.032995161696060885,0.06235913049892342,0.9498701405443304
10842,0.14436428377025223,0.03652040367373965,-0.07323874768406659,0.0040857629052771585,0.6239091048917604,-0.11074456374767538,-0.03250974850958151,0.03904758781228728,-0.23204862828232378,0.0009931524587356306,0.007056568757320466
10843,-0.0028844433776539077,-0.023334093525902377,-0.10180505983423854,0.041998348353208925,-0.08217324205152872,-0.06391511083999904,-0.08526046256241536,0.04249240078011688,0.4673867218967677,0.09455650858132778,0.020000121053369763
10844,0.05128670616646581,0.1293764946515344,0.5911296201544664,-0.20401201055068544,0.03908201975930961,-0.0989637248961126,0.04387926558915656,0.15273153977570764,0.012223772703610261,0.15871220592559945,-0.004314843500297724
10845,-0.01838032893282656,-0.05583743909376497,-0.05141423974618043,0.03152152195950561,0.008780221973819445,-0.6954405781775493,-0.07812078991375243,0.02737982785835993,-0.04561257404046215,0.04757629340510121,0.046324239449977954
10846,-0.09640626376819787,0.06553181641162979,0.41604906256462904,-0.03814935317510521,-0.028946864423874997,-0.046556996926858975,-0.032974446580733376,0.13212239462165026,0.05468646859577881,-0.05297639542471137,0.0991994250430235
10847,-0.10081512761503894,0.6517464517667203,0.002626407761986088,-0.035479531301488634,0.05184201839581083,0.025494842950868575,0.11594941800552878,-0.009205132498187916,-0.02869998783091074,-0.00718572720848182,-0.1299607507004589
10848,-1.9058621671699743,-0.043617146675332834,-0.056686626911695584,-0.12223907818769299,0.08239808373611446,1.718502852364097,0.10990284690163318,-0.06282712605077982,0.07899061767496801,-0.05197184135537768,-0.13794518985868137
10849,1.5091877305533257,0.09593053074660297,0.009832029738237599,-0.014167998130104772,-0.06410245847066288,-0.045071802765560366,-0.9481671281246702,-0.03439996273081689,0.08980044279458946,0.02803643345894483,0.13328811162533497
10850,0.8776287949475324,-0.11250830889474257,-0.03296067797377945,0.18682531352178874,0.023187753873564997,-0.2150703296737071,0.2138930064697522,0.049370717595643286,-0.08867832010369697,-0.03626452285444586,-0.032179252926618225
10851,0.6995400008173369,-0.014209437387662876,0.08986662566259672,-0.01439354250632423,-0.08150832979036732,0.0036816170766731243,0.028173152181296027,0.03801908278264616,-0.012558514081745204,0.018489473787992886,0.02184589427949881
10852,0.06838161250244543,-0.18645242188951208,-0.0006053250768560464,-0.00989839723527098,-0.006195783205089202,-0.09793360663319123,1.1733748912349344,-0.04476657607634826,-0.016679290137426223,-0.89687950409897,0.0017285635930081988
10853,-0.05975515813967236,-0.6488971619133743,0.022817762044632626,-0.0053142826990369985,0.14191809758241367,-0.08898621075350686,0.08751883675839099,0.008751534942344171,-0.02707353718264997,0.9599421008456611,0.06901133263935284
10854,-0.014676232828690494,0.8687471636482583,0.117451455976974,0.10166818909759494,0.13442566981483464,-0.09428294965913944,-0.14127466360468133,-0.5434208712534722,-0.17403809001400003,-0.04447541629219837,0.0022006498520162287
10855,0.059013476322974844,-0.05416393527010237,-0.09236826458536081,-0.644810818547506,-0.09086897939686184,-0.06226528172210787,0.08217243801084499,0.8154844142717689,0.042886102207628604,-0.05062876119119134,0.05248361394165655
10856,-0.05115718013582115,-0.09452975528322752,-0.032122498834320154,0.7215434563836691,0.03256748664081834,0.20562990617621565,-0.050498548713712815,0.008797518020620287,-0.10301064077439923,-0.019636162015298303,-0.5329573297463411
10857,0.06010558395526851,0.10129083300719252,0.02881301402828783,-0.10757387542465326,-0.5451597376805674,-0.13582469220890708,-0.10589937881746528,0.04981036788690791,0.033054274195779894,-0.038551068806731585,0.8952908148823858
10858,0.06941456446883713,-0.03919659724207348,-0.2735966182219646,-0.042557491303413755,0.6287372134521733,-0.023463735415474578,0.04045464722432863,0.04134645523615607,-0.22166599781537524,0.00336758180546145,-0.09710566573784205
10859,0.04503712588784456,-0.14637110048310673,0.07487987496602637,0.08472112728485798,-0.0806167200301527,-0.13446422275328965,0.12805482979898633,-0.11238536656727345,0.48426315356990796,0.1505334847949334,0.052288651644244365
10860,0.05794513549597256,0.06214263550259635,0.5608943881529528,-0.05207845699430022,-0.01733719931412259,-0.2727214571356939,0.11482884724542164,-0.08952413870918048,-0.013534900211272127,0.04464621193618091,0.05949960871125406
10861,-0.016412820800856334,0.03780834624152676,0.1405619509329995,-0.017017792768937376,0.012911080796580416,-0.5998992147299905,-0.007784929265974945,-0.07697410057094109,-0.04426684647314321,0.0013317756663444877,0.0883635314522639
10862,0.3615369428085352,-0.12632122508857663,0.4148017370249468,0.108080909725245,-0.10581294447457479,-0.07651410498654948,0.09786820132287789,0.10763391816456426,0.0745972094391356,0.05279410111197702,-0.14602754790582564
10863,0.12400500180646207,0.8044589978207093,-0.029790235474426687,0.03999828987388192,0.0032700054322871816,0.08377263051529264,0.04009609510812141,-0.0275550894162812,-0.022682390107579747,-0.08357422152550217,-0.011206096977239755
10864,-1.903126768265796,0.09609051399460859,0.16552920495854784,0.043533167758096,-0.025718798494144664,1.5767551881479993,-0.07524170614538513,-0.050487878074973395,-0.04449084113060165,-0.08998025295836774,0.0269546186116543
10865,1.4273676341827384,-0.03184327348860744,0.025337159580975748,-0.1236351058746272,0.028561712593846565,0.03544621431895906,-0.9529404979344467,-0.012389431162307982,0.020234761672890195,-0.011578690300310938,0.04134031698776514
10866,0.9089829497268025,-0.04350657952095914,0.09905771708541736,0.07255032764848433,-0.06605785645990177,0.06215358403241514,-0.10258904692820268,0.00124193814038864,-0.019752584902388223,-0.22111785517135704,-0.06066781918747124
10867,0.5987194880591086,0.035200743444961165,0.04219408800135795,-0.06578417253123663,0.021001819406169096,0.06657501012354536,-0.04155730088862166,0.03653624252528695,0.008876925149348323,-0.008288824829960476,-0.07032045439146628
10868,0.05818217225296629,0.10973457434479258,-0.10759378509503732,-0.03241738322106298,-0.0639298931921963,0.10793785518620855,1.303091125724795,-0.10599001530761182,0.093705591529699,-1.0973892551680928,0.10235616079280813
10869,-0.0623055279369936,-0.8509616171134158,0.0776482401806199,0.09589904343282384,0.13576296073659086,-0.05608399965760455,-0.026064210577795458,-0.03284971660002712,0.12352892595914279,0.9375053071627413,0.1928742556636312
10870,0.08659849337845421,0.8547989079733245,-0.016092913592422417,-0.07809663351940652,-0.04893551113024565,-0.03620864823449012,-0.004360385829159747,-0.5909047399535882,-0.02883341061212426,0.05020425543781671,-0.003756472043816367
10871,0.003075633943084982,-0.03329062105354231,0.038946221132681265,-0.5057447861784189,-0.03218596988364617,0.157760651255131,-0.08750577639438341,0.8573395943439914,0.11925504286846099,-0.06370700795322493,0.0706116473505416
10872,-0.012270100937270045,-0.04447721149271428,0.13250569656120886,0.776268489922891,0.03453812456418476,-0.2870036156433089,-0.03561545263888488,-0.0005166062223780132,0.03973239871505385,-0.00889428378363182,-0.49728628477352593
10873,-0.040819043397910176,0.06741236176789787,-0.000291479142843125,-0.07873539579864942,-0.6891166655667499,0.06269300411740521,0.16516681691674237,0.030408103732477196,-0.09559004690665049,0.010633236890834296,0.8711667529703123
10874,-0.007257873453416974,-0.14295378747504178,-0.17254240914766558,-0.04452899716149424,0.6254475424945964,0.23356022699156473,-0.07944235722770777,0.14740754063269051,-0.21291205401910251,0.009691579959708416,0.003176677927618281
10875,-0.11871644280614138,0.013052517383929685,0.0751868420721201,0.09919633319698369,-0.058160351826866435,-0.13483424303675343,-0.1791063319519613,0.08320551096560451,0.4701344004458607,0.0685687928670145,-0.03513149595483603
10876,0.14189098323990484,0.043713480627331755,0.605277299614574,-0.11472249717732061,-0.0860949283406791,0.1735518074322544,0.20716066408003214,-0.07702612958727938,0.016218703011139195,0.016756371906569076,0.02753585031948417
10877,0.05000934302435323,-0.05644750796643629,-0.051890555945026694,-0.020404196006401032,0.08027702056316709,-0.6987337667775513,0.03506620163523978,-0.016007302259652224,0.01521722370007276,-0.05657234651076583,-0.04307952512734061
10878,0.20912374091313593,0.01674733942337157,0.42778486291036144,-0.15776632122367726,0.22144689434525353,0.1268300949808217,0.018320121084104534,-0.0023688637894387563,-0.16243950816438818,0.02569554818296336,0.01886273932595499
10879,0.1541177201880108,0.6248483672009747,-0.14100664585899958,-0.07918984794657721,0.013845577679189532,0.032617275226620605,0.07236459067461556,-0.04198240073333985,0.020446621331646927,0.019932191674118926,-0.007013966619597772
10880,-1.9482077000335585,-0.05198941992370219,0.11701168965168877,-0.025421425947290747,0.09037303075150964,1.9279060956493845,-0.009475887393712044,0.013804791033983143,0.005795565107324721,-0.06122694722844762,0.08881708818445583
10881,1.1971427380572948,-0.014118068556401426,0.054559572507493846,0.006340702332606275,0.05787297447056441,-0.0677495709143399,-0.924715799200427,0.11643370551339663,0.0021370552584627626,-0.0279627840887286,-0.04301448148718366
10882,0.8061726252397104,-0.031707022559369684,0.03965207705492815,0.058671601538564155,0.04465174490942831,-0.04071851527927006,0.12071805562181936,0.051176083957073265,-0.013535900993612716,-0.13924223942802091,0.07417003782995377
10883,0.6197718884689911,-0.04458663773041835,0.06363297881877454,0.0057230757032164055,0.02757730209414064,0.0740040122195789,-0.009622180774280164,-0.053678558367189606,-0.01663828369091016,-0.004896461219322537,-0.0058173964793976594
10884,-0.11219253694289229,-0.01388654503987319,-0.04883625748515253,-0.03644969429957791,0.0377170486609351,-0.11838660811356608,1.2794736900381753,0.011322867647950196,-0.14828903877338503,-0.8774092091006231,0.00037738522247498336
10885,-0.13479892036182708,-0.7526667845962189,-0.054541311513395536,-0.019843619552712653,0.09433288405296042,0.15148613171463282,0.04859067456842224,0.07943994508082038,-0.0022048076823348085,1.0442968914336443,-0.05362159409040554
10886,0.03447287220102952,1.032203013780567,-0.09658020902058338,0.02233357508041027,-0.004603584464972592,0.08278572835364972,-0.03352581957069967,-0.720509483985223,0.1427446350817938,0.11556589844953662,-0.02219043108431696
10887,-0.14349396203479034,-0.10617242052260104,0.06288750398326447,-0.5953386395658266,-0.07181213696720748,-0.08208695402904356,-0.018274949542032452,0.7636907639913181,-0.1437200280198394,-0.0701633170574067,0.06790873419709592
10888,0.1396082353170248,0.05673888853586391,-0.1034614252660281,0.7448589746975314,0.02113247290661977,-0.29491316725374705,-0.033383091065156086,-0.01604531590824915,0.11520356909606225,-0.02788547073877985,-0.37973065446454035
10889,0.01646643245877205,0.11501859412497212,0.1345568513555561,-0.08121479640920497,-0.44482129680661736,0.06101074361168021,-0.04476647664229262,0.0043185324712451826,-0.016873094647664552,0.06687534944125292,0.8864412317325144
10890,-0.12309710289107784,-0.1072999280482664,-0.09900208986535379,0.018889334921160628,0.6113039263830242,0.09945220048482652,-0.019077532764734353,0.06380244803950187,-0.3012405998757517,0.06091440357757568,0.03788754898529818
10891,0.07150143703089641,-0.05284812313676772,-0.010173510375793574,-0.09171513093357712,-0.053122502807505495,0.1064840217944093,-0.01368706419814805,-0.04402362506460278,0.46088367734597463,-0.03214555293601411,-0.07860997592591186
10892,-0.2988013697388891,0.13308951930041954,0.6121278793095958,0.12205690273210931,-0.10646980397415556,-0.004387293290743289,-0.12823847535366195,0.001735245891881565,-0.09831273664546863,-0.18504976645565838,0.019233244346078135
10893,-0.07490998920333548,-0.12555381079118927,0.10583033522426218,0.02767806071192413,0.04319196378864665,-0.6761643589309945,0.02024910497410568,0.00537555088066578,0.008978100526150296,-0.026652586756913278,0.01270585042965812
10894,0.06308323943493394,-0.13137795393291737,0.4101696394703363,-0.10865535424552995,-0.03115163492732669,-0.13027663033264072,0.35283406847270904,0.019520954745865356,0.02770122688528452,-0.1250806591004852,0.025398931150993252
10895,0.011635694388245733,0.6723108233179077,0.04435675780677072,0.0389434502793389,0.014579148638414953,0.0664193482378771,0.07121175578489343,0.03919233884052939,0.0576850841401591,0.05665464817321119,0.1069297590258556
10896,-1.8122567954020399,-0.06063041800465411,0.09258609401735919,-0.13547551598964885,0.10145478054910516,1.8461796154889014,-0.025124066128925676,-0.17942281764346216,-0.07382831853216258,-0.02510641901340663,0.05200934151264089
10897,1.6487225113200779,-0.05619137485548688,0.005170998986478987,0.034136360469151805,0.09965868670854063,-0.021721083738329552,-0.8991520800732449,-0.033151929384410944,0.017852762159676613,0.008880190939248776,-0.03376545866474223
10898,0.7361118828534056,0.017605218517752978,0.10305074402329752,0.0007310736038482184,0.0012067520730380896,0.0032965807131851016,-0.040651518013572516,-0.024629394012122986,-0.01848758546887734,-0.10455286449669232,-0.06669255463900992
10899,0.5785947028738399,-0.012363845518180368,-0.0017235851534630631,0.04966192103396896,-0.029571584126434194,-0.07394177639314069,0.06050034212025243,0.007096611723096464,-0.021485596331041065,-0.07631498057618606,-0.09397585877638012
10900,0.08548770875821553,0.019726321559722045,0.1841024115424026,-0.13406401613971555,-0.13936781591997746,-0.048806940102799505,1.330255368048926,0.04349283161708573,-0.025210635117209713,-0.9814722330543593,-0.13371887343123007
10901,-0.08644355120520178,-0.7132205853715381,0.15310647147683526,-0.01952883461637664,0.04782495717385441,-0.10042481903894444,-0.20056262456975468,-0.10396452902155177,0.1001710616393516,0.9778273692911268,0.05765160298011937
10902,-0.24179718033484715,0.797034013277719,-0.035513793082008846,0.006205556002223488,0.04398072733047935,-0.044505459302169606,0.1415032376794823,-0.6319629063690222,-0.03295399578811246,0.04955297225245237,0.012220433730022014
10903,0.02120367503034475,-0.08281350619850907,0.009567860201538695,-0.4012516906593019,-0.047595207644145786,-0.1467616087157547,0.08473875833500795,0.7592069016544106,0.044283058763474964,-0.028668532687934484,0.027779820125278264
10904,0.10821220615984126,-0.010634240893741235,0.0077460669796337945,0.7902579201715031,-0.11914841347074918,0.15926274888056488,0.05893615073666694,0.0015592828943563,-0.13913627649904037,0.18174092838738212,-0.5669747228317225
10905,-0.3161822816790905,-0.10831493157946107,-0.08466601722654832,0.11905738768693358,-0.37427273111027404,-0.0777182164207243,0.19355907273602388,-0.1853287884565439,-0.10946499890417541,-0.10393899634836044,0.9241830247704441
10906,-0.10516785460868,-0.04678053482407375,-0.10937897829246927,-0.10298143428834704,0.628636381025264,0.06516440558712733,-0.00542579398841149,-0.12639557454353928,-0.22290082624402835,0.05895709491989461,0.026781019106911517
10907,0.0978858283007441,0.10740598181730829,0.07243913223486899,-0.01916019110320034,-0.007110244202641471,0.06744967297225757,-0.16163178367484193,0.017630354429265936,0.48954481347779666,-0.045981144365008275,-0.1116076848878751
10908,-0.13334554825773867,-0.0064751526644259445,0.5994306306732322,-0.12636919923388432,0.16820950908620658,-0.12702747564902298,0.12358654344638333,0.05119401299121003,0.049728131262244415,-0.059769311325291966,-0.18004230570862223
10909,-0.044114132452833646,0.06289320009770014,0.029673042527737135,-0.016693822628412576,0.0471821843225594,-0.7066727138212645,0.03918406264936977,0.023867977232372224,0.17795965497761382,0.012417130099642647,-0.08759560210358219
10910,-0.011817582444841643,-0.08087545583621937,0.4289746735498713,-0.0929895544969478,0.1169831808355327,0.05146381801069508,-0.12291729125259845,-0.029663559399989003,0.12012496142242836,0.010889883349306035,0.10523054893808241
10911,-0.19631008952025425,0.6050874497676468,0.020399752237993937,-0.011311053060257826,-0.04718320953482956,0.031191541264013287,0.18860158428218066,-0.051266830552438705,-0.03195655138931146,0.0018081253698204371,0.09760458514214881
10912,-1.5232217566298678,0.02286702910601602,-0.10664590489877816,0.050711775954572054,-0.09493478025516795,1.867087694958351,0.1487896141910983,0.1273075973865648,-0.1722838411957031,0.0836134777558666,-0.0745629291023317
10913,0.9584330080331693,0.034052384784703675,-0.0639845608633828,0.022190361751398196,0.030818085473195984,0.06229588569072385,-0.9895736610015584,0.00012599460048851475,-0.010757440604461686,0.03976960861032823,-0.027917574287696558
10914,0.6289418125017574,-0.04825431987538819,0.0911110015923762,-0.04255158788163327,0.14268538394774744,-0.06992956403016823,-0.07951655378242437,-0.019977502296722256,-0.04404346942968623,0.02486857183204292,0.14399555800083222
10915,0.5554703757008139,0.014053340378686547,-0.10194139261647586,-0.05388538272545028,-0.10908300543251405,-0.013910243803791501,0.02429630436583959,0.02808658910036045,-0.08848621746463264,-0.03436431471997435,-0.013667134704907952
10916,-9.534090031354091e-05,-0.02895808763360079,-0.042299958211741054,-0.11290741712857838,-0.09485195925165835,-0.15184688429127954,1.2817881332527816,0.06619003284130363,0.08961479295739552,-0.9467311224957733,0.041042385717927454
10917,-0.039464206706938974,-0.6093192829261246,-0.005208719659452319,0.1078597883792011,-0.02260517774169094,0.06840194853201098,-0.02046645882416706,0.012947694781249379,0.019969459670638002,1.1004032687924132,0.06250248891130315
10918,0.20962295575711656,0.9256593548789176,-0.11283178417338383,0.07791211164120712,0.029623615334780327,-0.05826435296347499,0.06537456585466155,-0.6791692347726396,-0.009408094316613637,0.03520645886423373,-0.07412099826209441
10919,-0.06237979642276516,0.0916051604870089,-0.08817511021973297,-0.6542521459464895,-0.09153410148598741,0.06709724280023391,-0.1604660356347271,0.8124554873226322,-0.09251464632697004,-0.17384066140610388,-0.027939370579142208
10920,0.08467896959970607,0.03224534741763344,0.0403567231558048,0.7792496125517078,0.13235919760601386,-0.049726019709037915,0.15004776606262418,-0.09643305301288693,-0.04874256919509082,0.0586750319421126,-0.4972691849498037
10921,0.15944163956881505,0.12631440475683764,0.00043518875564808055,-0.029789121912551463,-0.7002254103358426,0.12764207823441925,0.14729916979514956,-0.17876997872526684,-0.217815714820673,0.09969230491363247,0.8394431440652511
10922,0.1645063817250237,0.11277781404913981,-0.04617735432500816,-0.0158729266952479,0.6006352380627745,0.071956281296685,0.316910579882251,-0.026463393706832344,-0.2439983038462088,-0.048861154005011766,-0.015688096576155663
10923,0.21613280641814253,-0.030445962167427502,0.10879542541266811,0.1873713110545765,-0.02556168514909757,-0.0068610304656174115,0.15583287312481278,-0.0937717643528386,0.44903794242579087,-0.18984284765267848,0.06150030771061037
10924,-0.05868408660981139,0.11781550329743416,0.526679688077613,-0.09436211942678972,0.06463321249046639,-0.09594609347656781,-0.11034569921543083,-0.09253149585291431,0.030880823124435675,-0.048136414035177336,-0.07754884962470439
10925,0.014581603214246648,0.053926781095312445,0.11490303770590582,-0.08102377369898758,0.09729363625651256,-0.727832894745646,-0.029457553951946974,0.03981216739963697,-0.0716127033757622,-0.03900609270743046,-0.05275392997923098
10926,0.37966895688104596,0.1682383051024928,0.4051695231954639,-0.09219260998646978,-0.14114001833880377,0.12177145616141222,0.12055719777988803,0.10648653769349278,0.06134200142606539,0.10753554151177482,-0.05909640170853815
10927,-0.08908441739605381,0.6384628904711408,0.06477911208796107,-0.0022927979809599635,-0.014769167549691927,0.14110948727204234,0.18482075201864911,0.05389868799308599,0.056639901663575035,0.0677226479218233,-0.01360194907109682
10928,-1.6794056212335784,-0.050702960950645165,0.07884421856340916,-0.014106092049723296,-0.005064427320872177,1.5669993025896403,-0.0674759322528573,0.17875956332515855,-0.005720923384219929,-0.06812214207920689,0.04860539165083114
10929,1.5700268036669722,-0.019661333625402126,0.10122872739645472,-0.056433992160197975,-0.020467846908893743,0.12750662341276234,-0.9294231181155584,0.10637952547263192,-0.08574865074232385,-0.08119453240615304,-0.16596662131427437
10930,0.8380690793048344,0.006718440705583679,0.00429009582518374,0.019388099750803123,-0.11932414342385743,0.006013869840505445,-0.03435371724596782,-0.020202990885297187,-0.028213486544449908,0.014156669566923727,-0.02047619765506597
10931,0.6302506684971106,-0.03905668518568017,-0.08705041974435271,0.01997562223454141,-0.002990240111258846,0.10465840909595107,0.007245662911331746,-0.01947904420827411,-0.05664676195459452,-0.009572355180504434,0.007403095361527174
10932,0.048939601613452385,0.037778268392362736,-0.12266607891928415,0.0393181492606479,-0.08150899500095533,0.01988577318716301,1.3962986737285312,-0.03839105603034114,-0.08362006622286644,-0.9829894453592344,-0.03846928777726323
10933,-0.21812658895349746,-0.7571882756122633,-0.11170973142644938,0.04284400515592809,0.09018540682325897,0.14099083283130953,-0.12699671821556072,-0.023152679135008354,-0.07115127953795009,0.9785792138814047,-0.09644326748203245
10934,-0.0938246986962768,0.9148441430533539,0.04279673330611181,0.0005493501149148238,0.026462972515814198,-0.024172598063204556,0.051413331364896814,-0.620719533039622,0.05994873803088595,-0.10968300826184982,0.016628685766382413
10935,-0.20379854060031544,0.11814232920658495,0.14990931530857618,-0.4999394199991586,-0.03805894780977902,0.020982181975469662,-0.010057818773009436,0.846025167762225,-0.121794343034084,0.1313172860233912,0.10014892541137463
10936,-0.12944634401554234,0.1348247722573869,-0.052122519381622864,0.7876103069786009,-0.11146025051819944,0.018357068170996048,0.07632507086172788,-0.054796230501740664,-0.16178132884380467,0.1397401045430461,-0.20980166506564113
10937,-0.06062918505197036,-0.05046989133974305,0.05539538295058758,-0.05479793657702672,-0.4955095371648408,0.008127923650964944,-0.22975331018454445,0.09054150594217374,0.008130603786295074,0.008244583321234712,0.8493854717171536
10938,0.10795190201812124,0.11480720920649848,-0.06152416769759973,-0.019348016453113733,0.6535836712773249,0.10130724635494591,0.11238901164298658,-0.1758587938000357,-0.10020092872257963,0.11700441045527875,-0.03262299585991844
10939,0.15257586867168815,-0.12926977773105633,0.027107926339963354,0.07186231135478066,0.05505506273197061,-0.24119452849786302,-0.09587459684597231,-0.023757993000966704,0.48704841278869004,-0.24841424277711188,-0.017884473514564143
10940,0.06478309563658745,0.12746115927456528,0.5819846054421894,0.10478320076648968,-0.0040134279845992875,0.23953497276691713,-0.10900418685978659,-0.033609159898792436,0.1152019344266868,-0.18389760494760532,-0.011306508463650727
10941,-0.06261183557129144,-0.017918736881354872,0.0986005266638065,-0.14529460676708472,0.06139493893448271,-0.6167045456938112,-0.014686579542880664,-0.0978793957785645,-0.18392117561143234,0.007378014642116807,-0.07249015650633163
10942,0.410926053706353,-0.008969681386351147,0.40484497877562586,0.07089726107237318,0.012110740336597363,0.003811557877162212,-0.01467349201777609,0.007890079121876527,-0.08231734585429462,-0.08440107941753174,-0.0710809437920162
10943,0.10232695925650433,0.6915524490144547,-0.12310483154320565,0.04212814469198691,-0.04688133404028297,-0.03799269864552014,-0.12819065949463204,0.03426749990344957,0.006786683391656138,-0.015968341604933045,0.08116598378256291
10944,-1.828417697317427,-0.09691915585207121,0.058440981847747084,0.0126075263145004,0.1322641527236304,1.6607178365361615,-0.05473556807946069,-0.10138089756824276,0.03322384774269186,-0.00045740139831935284,0.08633015066542432
10945,1.3296046144939504,0.047989542605196674,0.01757503290596132,-0.03854870884119856,-0.11057605524234002,0.11245224729989706,-0.9564471572075735,0.0384431950360008,0.08707580500904473,-0.08296738330731795,0.12447100267731079
10946,0.9659636994659693,0.07780339596871694,0.02865533140540064,-0.25147348980973383,0.0951547957294264,0.04884749946135879,-0.10337779596506867,0.06180517637948368,0.018246238885472946,-0.07444542024085325,-0.06701892315485963
10947,0.6467888790840118,-0.028311390186188952,0.025840751974490216,0.006729031447261775,0.02866444615923956,0.006202688493097158,0.032341584084393575,-0.1032233668903178,-0.0319991040394994,-0.007734397288254514,0.021262885066773915
10948,-0.0595174079474377,-0.0693105568106718,0.07330110593519847,0.0362123907800011,-0.03619234993479286,-0.12423539816182841,1.2420859055652524,-0.05763970935527918,-0.0807454604245577,-0.869861042419662,-0.021820045628360693
10949,0.012286972483124301,-0.5819699332646554,0.24956890196012466,-0.027205982151792436,-0.026089037968570983,-0.051064640260813005,0.0951698990776468,0.05072481501630621,0.008682901591236487,0.9153732364123834,-0.057645524180832894
10950,0.13768372434153728,0.9418936664754307,0.0682871825988385,0.016537841847510542,-0.036711178133780886,-0.07282082943801986,0.14007960307928383,-0.6061366594745172,0.03895210623462084,0.035339709130123347,0.00922143764047979
10951,0.06442059865284841,0.0243148002867738,-0.09828548258170997,-0.37066914726209516,-0.1534070844065606,0.15322076017605574,-0.06834279539623174,0.8247949495084826,-0.19669435917182748,0.07557074280860732,0.012504101851935765
10952,0.1790869897215591,0.00804231356903973,-0.039821107717372524,0.8113511101264591,-0.1042411605468955,0.026366111382394877,-0.06045188747914989,-0.10599319626522873,-0.08282624484815664,0.07967916269120859,-0.5192361730827862
10953,-0.18447125414068527,0.07752090795622382,-0.05178365947535587,-0.02681217073548412,-0.47200773909571275,0.17453503131186363,0.04702646544959806,0.09204570947196333,0.03685662165917059,-0.052579761695682674,0.8583728468129067
10954,0.06490556312094056,-0.054512159473146644,-0.013233055214718587,-0.04129295736763266,0.5978797106821943,-0.10480811049705638,0.016780714040110292,-0.023820259515231642,-0.2871799244129465,0.07360443633756299,-0.025114936403874383
10955,-0.056227653906095666,-0.006571328176028788,0.0047326549612969615,-0.04830346826742417,0.03466555885683082,0.20858229486542235,0.07902608758533006,0.08301143973457423,0.5245443976807169,0.22135968733310357,0.01666543053636703
10956,-0.17783302925493633,-0.12578808172126904,0.5837472042941034,0.08643347374495053,0.13563705293743658,0.03827326483807252,-0.037754792288411096,0.1268258529119343,0.0127654531495054,0.009415666078539239,0.14994567435962589
10957,0.06441787329716932,-0.05161425948127528,0.04995020527859288,0.05407943594356716,0.04179088213353116,-0.6876334600059141,0.055447443910820446,-0.0033091088519182315,0.13269317259622326,0.010619203198235012,0.05363579195023947
10958,-0.19237469627764486,-0.10396373441715363,0.41021974468040645,0.09312766600458959,0.041091579731140325,-0.05505918558122939,0.0643436366712758,-0.18371040138587455,0.03593787267496799,0.01923676312476633,-0.004825289984296642
10959,-0.011984238247793948,0.6549391604224566,-0.032355656842177574,-0.08001476325201981,-0.020651590374214403,0.25650120631804685,0.2489230790237763,-0.0073233674956478916,0.05458911693988735,0.06905755070446142,-0.025067360636916797
10960,-1.9264624601857252,0.020588072112501556,0.017939023469499184,-0.020401030733576377,0.05717921906630171,1.8762316068720986,-0.14594032663342382,-0.06526832873161241,-0.10486182556061717,0.0793731463471577,-0.16982411754319962
10961,1.6352806055840277,0.07325330951998299,0.06319140122332886,-0.009572097720809351,-0.01882804035160517,0.21305194198341051,-1.0346056413844142,-0.003862591622631361,-0.04299387919230212,0.01957680384676132,-0.052779503287622924
10962,0.8438817830014306,-0.14190003862325798,-0.01902797907692084,-0.14933143115948794,0.009307845597626601,0.05477050757356018,-0.024505106827446527,-0.023676831412842693,0.15071204450250814,-0.11183956364983852,0.023787096897644876
10963,0.5601312346492885,-0.03243720117815417,-0.06610931703131852,-0.002963930917163773,-0.03966941817922281,0.01616248534667282,-0.04950863452062695,0.021225896360956863,0.01573154112119828,-0.028534989066039164,0.023627049586662365
10964,0.12586990793563413,-0.018083761764726328,-0.09680539582678672,0.07825441456570645,-0.03783870165707896,-0.0047132073043389434,1.2216721855448125,-0.027824096921653746,-0.08224816611698318,-1.0518619207009072,-0.0019381199579401095
10965,0.04743439777472359,-0.6672055914500072,-0.08531457336876665,0.06200924030503978,-0.02624452956969018,0.05953115856698486,0.07386217759800046,-0.056248298526367174,0.08441397641950421,1.042660871106234,0.04303932755812459
10966,-0.012895742347480433,1.037603950513401,-0.0077285268675979825,0.0006174769785400073,0.016764532878076475,0.2941225907600571,-0.16584030043372733,-0.5353601329667417,0.10846401565844126,0.1298463304751516,-0.0015173301594656797
10967,-0.1426653306509514,0.049665225609183246,-0.0335921195671643,-0.48575353693200357,-0.023411554899408667,0.05060555617656848,0.09059925828625177,0.8896854945542595,-0.018426741253504197,-0.18698668335107724,-0.006116798033212297
10968,0.07449809135940444,0.16039635009196465,0.17146635439949548,0.8487933093423393,-0.06125088224725817,0.03033364532203503,-0.05233891291485558,-0.06239581147325998,-0.05943507272434048,-0.0013526805544814176,-0.3898074681089781
10969,-0.2140922279118957,-0.007066937627679868,0.0662720445772246,0.08554183666752871,-0.6367774674315932,-0.16384852142499967,0.07080677125094219,0.027171634537197516,-0.008309452585855227,0.03907045441567335,0.9146548607666128
10970,0.23437257228965414,-0.12173544185320127,-0.09563985542405716,-0.0984652586613783,0.6059365791115165,-0.023306747843074373,0.007632007332290166,0.1532094786644688,-0.1967326282214796,0.12445513616092257,-0.04656313230339805
10971,-0.07000778414904975,-0.16138412743394703,-0.1338560219055958,0.18351592227436492,-0.036865422926507116,-0.17191383367566612,-0.0010015341179336768,0.07756702466213738,0.5094313194037062,-0.09883975439056693,0.13324020838009454
10972,-0.03692015753821177,-0.005485342032264362,0.6255759663272878,0.08416898287256534,0.08848457754815205,0.13376775542999308,-0.02460817364640286,0.1352743376148972,0.22501567691129543,-0.0295226929568416,-0.045588567232383304
10973,-0.014231890295467894,-0.01982935572936637,-0.0022305663654500077,-0.11474535037545155,0.06743440965480925,-0.742348510223401,0.019354509687351237,0.0237805145295823,-0.021084319282122507,0.005970950493301735,-0.03972279472715891
10974,0.0488086414797303,-0.1796796554976386,0.43463600405109576,-0.26776612252361204,-0.04535982532855081,0.0016552494853563412,-0.027843758900799705,0.015109478755407038,-0.04798023443003278,0.2665954062761998,0.05623953612801201
10975,0.0755437292040968,0.710379747342193,-0.04119634619838897,0.005699579053578291,0.05399467980764443,0.11712201764171899,-0.09005350547571303,-0.03940607687003561,-0.023694584000534206,-0.046926500783676335,0.03931721620252711
10976,-2.0785003536534017,-7.813960783349325e-06,0.10281706605539491,0.02683651518761784,0.10289083661005348,1.8258915041722883,0.08565771098125699,0.0034691457614899144,0.046214990811613905,0.03691905320021578,-0.10040497761050321
10977,1.308322130307793,0.08083016172655484,0.013919713814323746,0.05414567398837236,-0.064997394683113,-0.11424562317979076,-0.9766354096959865,-0.0008424174040879001,-0.016920177173935166,0.0024817972152541036,0.0004208399627899477
10978,0.7569597215358901,-0.12523093558791898,-0.022693261766407038,0.0012941698273488556,-0.06668114792905382,-0.2101246424321503,0.11654174111386094,0.044243627772193636,-0.13062724638999962,0.08990458401660852,-0.0425136547870996
10979,0.6750982235370174,-0.00070528742464737,0.017204790506671307,0.0401886086861593,-0.03272129885984925,0.0054941326200523,0.011813753320611568,0.0017607062965247595,0.08270539446341084,0.0024617346411295697,-0.05414349279713519
10980,-0.006273621304431615,-0.05134721667985278,-0.020544451339770523,-0.03329688184937967,-0.03860864377056218,0.04581024711002973,1.2001894587437525,0.019234067528587768,-0.02227159561984793,-0.8604768227940179,0.04787047485023711
10981,-0.12729894176798315,-0.8261010938994171,-0.08549294798626082,0.027750505466210648,0.15296001493431594,-0.0801232521280076,0.043998405502242516,0.09469740683163576,-0.006348131532955027,1.006082594727962,0.01124465617501923
10982,-0.018338352290859644,0.9350626299484645,0.038040489726549866,0.046554415740256566,-0.008528606674525263,0.12656574670153595,0.11811577369070612,-0.5495702558307722,0.006452539899305096,0.003953701076842328,-0.005712589663101119
10983,0.019315601533953588,0.014595630055599912,0.004553915513247142,-0.3912151511858075,-0.13091431545689966,-0.03945055597361616,-0.060952623844534946,0.9058270246211899,-0.017650740332678008,-0.015558029091800544,-0.02328057390837206
10984,-0.1704356929887249,0.0033617103759722255,0.031545549312597954,0.8742736327649974,0.13938291404728936,0.056723818027453604,-0.03330113335684716,-0.006746552832967182,-0.03361773399646949,0.03952486968002306,-0.4249951959755577
10985,0.2855257969606325,0.039233324878032695,0.1295807061562489,-0.04442257407646187,-0.5707885988626127,-0.15139823284397827,-0.008340856669497639,0.02560656601479579,-0.0751402598696659,-0.05247877345069883,0.856704637626579
10986,0.06079656356513156,-0.0026733323990230365,0.12411074377742402,0.05332570626109535,0.6119071092121233,-0.14777274347579625,-0.03094887775236766,-0.10303588328051853,-0.31946197667636356,-0.07293637505983327,0.050702671510137624
10987,-0.24707778839647504,-0.1502978219922834,-0.09395619870643358,-0.13654250598733292,0.05265334458881566,-0.17804518281003878,0.1678393019965982,-0.13528663756165452,0.43905025595595615,0.23552606253782782,0.021947366725241908
10988,-0.2698578796291037,0.03984977065243677,0.6379018543353382,-0.04552546542347967,-0.04244025191563672,0.12071424883676093,0.08808561041485818,-0.03492200273208132,0.0797864446111182,-0.07855086383253698,-0.09357500631098102
10989,-0.08068623098235896,-0.05701513390572929,0.013838899222865356,0.15049868187771118,0.0580083767685502,-0.7341425432122959,0.012276778998878862,0.014433311081296066,0.00800486720598161,-0.020523656548595157,-0.00041640065178300163
10990,-0.25130309950910623,-0.11640034226506026,0.425296229645112,0.16284446654857315,-0.037927924923095706,0.11890885524038333,0.1252007030285023,0.08236769992139634,0.020917508231897742,-0.08613258423289274,-0.04840835204217171
10991,0.2205015153028349,0.6821734012146987,-0.017078549627061648,-0.015740948230363573,0.003154676385603503,0.251517646542,0.012047216521038748,-0.01586166052636572,0.0029302838027143977,0.05881431583638477,0.04765672997836853
10992,-1.8436356376347025,0.013691201459893738,0.14571988128358038,0.10124662929675549,0.04058500926921211,1.744624691775087,0.05071771175370096,0.08119088932364013,0.04607842906468729,0.05562457761091175,0.09021850838102846
10993,1.6706980989183609,0.08162249548163666,-0.046940044207437075,-0.03375491948276715,-0.02622041236061357,0.13511088379037625,-0.9694147541015342,-0.09434533293955746,0.03843335951362557,0.030328973571475088,-0.03429782775691412
10994,0.8770176456050315,0.04727139741727459,-0.14595379604875358,0.18456276915160386,0.023133704726415877,0.10336710041839335,-0.09969092840676821,0.09212694414279352,-0.09277877865954755,-0.06123794419471292,-0.12376698206168217
10995,0.6284907551492349,-0.013215493192521795,-0.013492804534572522,-0.0054881621354696646,0.020498998477991623,0.03255896666821696,-0.04343209487947111,-0.04378240864740661,0.011490934931315581,-0.012934424842519499,-0.038934591357209315
10996,-0.045149174878606216,-0.06367677977245974,-0.18455906080062554,0.0640901179459489,-0.02870275534907946,0.1042809634661736,1.2469356312363982,0.034368913899521014,-0.010274662399109293,-0.881093767710341,0.022324695543510315
10997,-0.0421813838382302,-0.7512600540627079,-0.009069740244294248,-0.09339118348972282,0.11123507342672571,0.11456701373110574,-0.07199670911492714,-0.07962233425260291,-0.05597196483197905,1.0169485933474063,0.024287950903688186
10998,0.09158526051483906,0.7699479966358576,-0.025762958853037213,0.03520849667155761,-0.14159969953417828,-0.24415340569662666,-0.046072543923949334,-0.6645054313522607,-0.06448103057710433,0.006446526671938724,0.029419855917492903
10999,-0.2123642210252858,0.20726199702166842,-0.043288492318537784,-0.4965614616975917,0.029878269814702783,0.03465410671880735,0.020256532722989634,0.8392261066315299,-0.0999670117047711,-0.15446323425038613,-0.026378099149510465
11000,-0.1699126888657774,-0.017902083000971267,0.03365468092457772,0.8408904846518267,-0.05676125428650325,-0.044486141974724655,0.09432368901972324,-0.012386611744533526,-0.06616027701816597,-0.10120465166097131,-0.530697594900956
11001,0.2176402013022734,0.03554254349720469,0.03482065088472806,0.056875602189551996,-0.5384788238155742,-0.1776635905088744,0.12883849603967606,-0.1624599117466247,-0.03598680252531291,0.07630278530875881,0.7879449415636827
11002,0.021065712934469707,-0.16052630869881232,0.052821272593588695,0.018046162535427134,0.6135111615337822,-0.20057238156649995,-0.10527507396794131,0.18624851157548428,-0.21483320364381703,-0.0432349364026496,-0.01574208974683773
11003,0.10018124563568816,0.043669659867713304,-0.27737613039942766,0.0041061512858876215,-0.001015005557722361,-0.06988822912784569,-0.16237325780690504,0.10641419743540768,0.5172645018820533,-0.23299071903298973,-0.03504298294610286
11004,0.10867988288882698,-0.021335248702053035,0.6294850643198497,-0.04620024748106233,0.16803100000896268,0.07911791134503103,0.14958963079175502,0.047741929402694484,0.01148028052920497,-0.11078962673648962,0.04575513008663427
11005,-0.00418614415030772,-0.019910947534756456,-0.05278477659852044,-0.04609118526040537,-0.04068724301971598,-0.6330870525353527,-0.029480750836130654,0.04179930970308312,0.07115222148266327,0.035038686717315824,-0.14038941267110752
11006,0.023521820096275608,0.09884681560813927,0.4254011556533975,0.13158198255124337,0.12352893017571731,-0.112645135798967,0.011232161666163,0.03912265287029187,-0.08468700910529788,0.09046372148644241,0.054004302946626434
11007,-0.12325541002807422,0.6427807670108676,0.11595527072786303,-0.04884795443255025,-0.013576438484189348,-0.0349919691692509,-0.009383829011909386,-0.023755141369526188,0.012822327499052806,0.02610064211395354,-0.005854421885159063
11008,-1.8397527168762926,-0.010579277356134066,0.01894678336058772,0.07548876804330153,-0.2186579212333581,1.7654055135513445,0.1405828455495911,-0.02529758558974183,0.23598385180541287,0.06576767908426717,0.009293148962376775
11009,1.394662971332207,0.03563499120791956,0.1581600266754007,-0.024620173154888274,-0.018067921450010967,0.17845456684825484,-1.0264541751756022,0.06100040979366227,-0.009024778882067075,-0.013232996206435994,-0.015268605600262629
11010,0.9176138241218728,-0.00797082456376543,-0.1195840772319216,-0.12333878766312864,-0.029048536028178397,0.12065666254373458,-0.02206502277787788,-0.17293084204397516,0.13787891215097914,-0.006040150434337398,0.054864802667514395
11011,0.6914978472368021,0.025101504874696597,0.11272626705036361,-0.012719613134723976,-0.045068103993269895,0.019507097137832594,-0.03742543925347096,-0.01644000907991974,-0.05621120001608839,0.014315358262105294,0.0400174402959212
11012,0.18826234862805047,0.0252694453597002,-0.08970799436050637,-0.03743412066705584,-0.08312933454789473,-0.028902337189565228,1.3431247584023447,-0.03014752788274466,-0.04483347765631365,-0.912043788356,-0.07810873905898054
11013,0.06668184295008427,-0.6826741898946943,-0.02929990310734289,0.09931655069614527,0.09111698802374776,-0.044170034850605694,0.07645479560554251,-0.10003351534251265,-0.14147426501047858,1.0876959418402612,-0.06814923746704328
11014,0.021507929779526362,0.930214870178097,-0.030580794824091033,0.013905374628625865,-0.17101130245588367,-0.16624196151387452,0.04564540192538195,-0.5371229296425413,0.08929597887579564,-0.09474953526672181,-0.07019455956468201
11015,0.1330818741635366,-0.06233396767553191,-0.03183328543598477,-0.5910270307378362,0.11973913413053822,0.04043997624802622,0.05758827418266451,0.7950577007547719,0.03031661585201381,0.06422009676230622,0.06059218541333216
11016,0.037849548256031366,-0.05634664076410272,-0.03530132619948881,0.7653301290785681,0.22999682028064772,-0.06234036853796931,0.053271475115718885,0.017271347141898742,-0.10097329729773073,-0.2434221211818725,-0.4358429590158839
11017,-0.22688694371975132,0.2122918426306163,0.0932845775529069,-0.044198764890213765,-0.5210909539046297,-0.07205185104277972,0.07075601632750966,0.027376900480773105,0.0009650131794817522,-0.20132091052248632,0.8734475333805998
11018,-0.06581846794306642,-0.12497969682517093,0.11142109680459243,0.06582086588117463,0.598946634583822,0.08434973980024203,-0.030752617981457005,0.21214201292762835,-0.21046688731974075,-0.15934844853680072,-0.016408966528849482
11019,-0.11712073381011592,0.039407439458443175,-0.09253873668749109,-0.010140391588029356,0.030329183174491854,0.03998781815331306,0.15842943597954434,0.0919029489717842,0.48865618512014586,0.01246404635849146,-0.04385286040587946
11020,-0.03996942440135631,0.12436908316807951,0.539604980460673,0.11576412201426535,0.09711022253968458,0.18889798474723693,0.002286704028220221,-0.20811049985424832,0.015005189159230088,-0.22326192473988216,-0.011507219108384906
11021,0.05108492599237799,0.003650572740723736,-0.02574346433938026,0.0953194260729821,-0.046057948599971726,-0.5998393681971609,0.020080559078248295,0.0018078035731349123,0.03501271290534544,-0.06315025789486367,0.07511416992461221
11022,-0.017731412568752193,0.08982564353623466,0.39841219351921364,0.04102121078164953,0.04491207744503083,-0.040372604592458616,0.0025326148659460075,0.025916699955822027,-0.04222127014782371,0.02872760939529259,-0.13016208645289984
11023,0.10965682673962639,0.7801270770109685,0.028468739283294603,-0.04961504952480003,0.10496782680714689,0.10199585117829119,-0.0638619183366658,0.0070341661459965696,0.01571282907421323,-0.05985328609629274,0.0439935657525859
11024,-1.8043280320703114,0.12862042964130235,-0.08318800288659463,0.07291948657153335,-0.03059402043124938,1.8032112659886503,0.07865959458619626,-0.009123014199731808,0.05698450034467115,0.06938960134125385,-0.05885584560831459
11025,1.5170192018137767,-0.020067964205824188,0.08978789540273648,-5.8779480513173644e-05,0.027269284139060372,0.05707691442455535,-1.0170816262236353,-0.002769008724092403,-0.04102384753680938,-0.016798107222911005,-0.07003633205288161
11026,0.8007966151298662,0.08117367768247452,0.02125592885989475,-0.033239348192669174,0.005596531272472715,0.0673805980735084,-0.06132770701642002,-0.04370679915733096,-0.10080405948159854,-0.08110539759174201,0.13373041301345737
11027,0.5941600833424547,-0.04835594438273707,-0.0013760293904841459,0.006569693906857942,-0.06534690924454632,0.030724880245234894,-0.006793523765955576,0.030472154391778035,0.03763516443541082,0.0006425983934360202,0.02232970680792399
11028,-0.04334854894693915,0.029725410658203978,0.01655451858289844,-0.04027101013292346,-0.11032845967203823,0.10039037139509538,1.1277750295035176,-0.10707361603032149,0.006682078664902844,-0.9599653581450052,-0.011700962070048553
11029,-0.15609971557761562,-0.746999198545335,-0.058039760507324935,0.0771505099131815,0.027200178744312124,0.03258626981240534,0.10187606265786311,0.028976059667715933,-0.0059463856510841,1.052991550280784,-0.03118789467156757
11030,0.01417849144871855,0.8670902630347274,-0.03442887926584644,-0.07391331601954224,0.03440659916542136,0.10096873651410278,0.060552222758752494,-0.5286095062775158,-0.02888124138064621,-0.03125691858876903,0.11992956369839322
11031,0.16911579940177368,-0.06920729326478117,-0.01420747340106092,-0.6510031303578292,-0.026169585702418025,-0.08389952766917236,0.013485999098861104,0.8251922857194532,0.16893352763367142,0.13319101137689499,-0.03627928838042123
11032,-0.18295935868426375,-0.07912978853885085,-0.04871830001261653,0.8046149363953964,-0.07877964463623778,-0.01197949960437888,0.16248435048609983,0.026522445332757168,0.061843914464889904,-0.13526447359962124,-0.6631244605180138
11033,0.0898023819735624,-0.0229416482711138,0.00910828095809818,-0.012724377693616066,-0.5847864552763739,-0.12121116765513765,-0.07395891182407652,0.06685631996306239,-0.06968063272672309,-0.07452170359385496,0.8681750733815515
11034,0.10083623979132761,0.13102073737088493,-0.09798853193405571,0.040124670461645286,0.6575649196595733,-0.10077953126518886,-0.003871856118624033,-0.2295584791853265,-0.1958787496553335,-0.0833697234026452,-0.037263121587068605
11035,-0.11169488664483222,0.24908680965637636,0.1338811352918623,0.0816745815605714,0.009640193250650058,-0.07192631666729112,-0.03561642527458115,-0.02904989062459993,0.5112168520900978,0.026551721894673287,-0.014468795745703693
11036,0.06884759819230706,0.13302505612850357,0.5672977293476371,-0.0846672339690306,-0.03870997380769821,-0.028294677384917415,0.08466126923408282,-0.07412309947191004,-0.042013362118746386,-0.09937724258562637,0.18439495432174566
11037,-0.02962137718839674,0.01663799978972522,-0.04338602024789587,-0.002218838256416966,-0.08750995278224877,-0.6449941088834095,0.0340161210074025,0.04824684586194391,-0.09593058874243719,-0.06999257318771018,0.015095576870665296
11038,0.07532979618635738,0.06026649689363323,0.4190148569630429,0.02412107646881659,-0.06554676036974835,0.13351123048880828,0.0159383876134368,0.1818280289469901,-0.13247987212422296,-0.2057146644075286,-0.016062715501166197
11039,-0.012361816224702208,0.7075508283154143,0.013594908310180353,0.046974104981768766,0.03723040369474187,-0.0051319954751069125,0.15287390858171557,-0.020757976139781916,0.06466463103938949,-0.008326121202664892,-0.004816511923611249
11040,-1.7870406390305607,0.10622775952395411,-0.12615659412668526,-0.009086065409346457,-0.019448488017292317,1.6146662416604909,0.013357024942861328,-0.01156984032510342,-0.14731591519325338,0.1511089364883935,-0.11899361950526155
11041,1.3379079942391128,-0.1478544321879604,0.1020307203069703,0.012175235463691505,-0.05268792435025117,-0.10914710447834465,-0.9760716915210504,-0.08306020119895557,0.08154187402711896,-0.07914403525042063,0.06744682912573124
11042,0.6451219597636975,0.0208549034400049,0.05566645809968406,0.015752549184770818,0.03908018771863313,0.07193622116827622,-0.024090542707507403,0.13671441307717921,0.08401169146174223,-0.09353843377591226,-0.2017817636320054
11043,0.6176501675536675,-0.021240229560631443,-0.03210228402870254,-0.05791089557007872,0.005512699193407773,0.08631131639629559,0.02247456486975452,-0.018041303815584046,-0.11837804091326302,0.047295025160721135,-0.06027356620642473
11044,-0.17217579404707398,-0.01523048160949262,-0.03268874155115699,0.07344941381272414,-0.10859608228035908,-0.011307468813971789,1.4579069746881457,0.006279437085794072,0.13683297009508277,-0.854459489342541,0.31248542136221796
11045,0.12840686873445484,-0.6897352179284657,0.07995030448412255,0.09358316084059468,-0.10437666793707882,0.039786085910788,0.042975899618553304,0.0007591644350143643,0.11506532520563359,1.013699108767568,0.03698266948599295
11046,0.07315923655917159,0.9274457465920848,-0.054688669827363215,0.031287410581143635,0.07516778972230731,-0.1256031725592576,0.10548748822764785,-0.5535781048524018,-0.16172757627303047,-0.012743112493810788,-0.02274354950055594
11047,-0.05457392998863642,0.043124606213340876,-0.032285172011134664,-0.5275292987651825,-0.035204969565433265,0.09049823986678907,-0.08937244995550428,0.8489038202469035,-0.15398601568514916,0.028421496409213914,-0.002349751979847506
11048,-0.21840827477094976,-0.05906450356552586,-0.17522013817282653,0.8459742649550602,0.0026827863575961818,-0.06235239387429783,0.28349126572460315,-0.020865082135094012,0.13472745717579165,-0.06920476538629122,-0.6644321803728954
11049,-0.2979424615548172,0.16920324887789492,0.03429231264097122,-0.07237204121518728,-0.6482044306469337,0.12865127977961074,0.0006289872552494094,-0.04363276831991923,0.09740487807841328,0.004276253168768917,0.8612950650130319
11050,0.06428427218474307,-0.010053203026898456,-0.10599280017306444,-0.04791055054031221,0.592616348973649,-0.03039069228152497,-0.03519603766044961,-0.08521050583762935,-0.2839013964571582,-0.09949120440798467,0.04709841486459023
11051,-0.08410311500609466,0.013934525691481632,-0.1262159739878701,0.028491997834930612,-0.027396036067018476,0.20955307393401482,0.08415783382824756,-0.09433285549236092,0.46559728478282186,0.049212284522079146,-0.008543573952042659
11052,-0.1666879690363611,0.04292310608553174,0.6230990610515986,0.08506406836178915,-0.06790362273071401,0.1420347532009279,0.017777420001033054,-0.10998133063450889,0.04487014432452979,-0.1759613873760864,-0.1026754002693386
11053,0.023562948053654595,-0.03022201961092202,-0.14056607824916703,0.057701549914525065,-0.03958655356691219,-0.6233941358609806,-0.010738941951870619,-0.00714424162503669,0.001248284547133827,0.0401895100891846,-0.10640553542352632
11054,0.060513903195256874,-0.11537711663120855,0.37982489989096935,0.15630119183522312,-0.007648722724724481,0.1883985576803812,-0.1457032096287637,0.007066329204192437,0.03403245992100239,-0.144443889084366,-0.0064191963748774505
11055,-0.01479585728020639,0.6640508780665358,-0.13945157194183777,-0.061640811597545656,-0.12404989994649752,-0.00847341544250746,0.007623571585240688,0.022857175924504744,0.00956280021350244,-0.0011444337214657485,0.013009183334245845
11056,-1.810947432562182,-0.03825761044302608,-0.030917526627419274,-0.13953025298701868,-0.05045346432581434,1.8276324005020883,0.0688202410753131,0.0790277110432418,0.1031653379625126,0.10108674791246572,0.012062740017646437
11057,1.4075186930968768,0.08058398952664687,0.12078535670778998,-0.011725983201226343,0.0023596868189015782,0.02300963029270913,-0.9546166377219903,-0.008509670488490984,0.07093793272571401,-0.015809622192317956,-0.08025440411091259
11058,0.8983782082712748,-0.1316689422767557,0.052548871762482484,0.052129008722526,-0.0031200754927546166,-0.008211996046904063,-0.15119074698705698,-0.03594212560875467,-0.05814389053183622,0.09838257292018486,0.056002167875936384
11059,0.5690198666521576,0.06509818716501523,0.07264265498560397,-0.005816496969285364,0.02387265110420403,0.023176876690786274,0.01410670581381291,-0.046944317363666915,-0.03544695100482141,0.014183648244896754,0.023321593921335874
11060,0.022156737050303972,-0.0902228250088225,-0.10128305402333831,0.027259246990583234,-0.010658640509817845,0.12010686901229506,1.4644966799008874,-0.09093961731053463,0.09072254074855567,-0.911424115526435,0.10737544364031285
11061,-0.045504006946760905,-0.6354665605968396,0.0849075434094244,0.1622590617683969,0.07987418578508143,-0.030352794976149795,0.08524990798227974,0.033180176171162264,0.07468918500969092,1.0017302612900585,0.06601771495131478
11062,0.016227524693116294,0.9103367730514318,0.0581437620645838,-0.06219126230225856,0.004621107025378368,0.06515134209766835,0.0471871055458571,-0.6743913268856102,-0.08014096338827656,0.08528322770198736,-0.08287758675252055
11063,-0.018163346692531356,-0.014937657569050555,0.07529419102319405,-0.45079581597650054,0.07596102964264177,0.05612469653666873,-0.11092674153567977,0.8280362363402011,0.03291866992135707,0.03535046065111357,0.032203969973357345
11064,-0.017549953686803756,-0.0075827481810038806,-0.11213220124693991,0.7915727707091978,-0.03916208184300153,0.08973958974367971,-0.08390902207979581,-0.14016128745668235,-0.005379732344164332,0.07616033930660285,-0.4890890824988663
11065,-0.11543578462758924,0.05562205810975242,-0.0847522964409205,-0.04075453777064309,-0.8000842000208657,0.013562087116576305,-0.03930122588845131,0.0019481232107110644,-0.0649966499362422,-0.06217696323655145,0.8673637934078933
11066,0.1029221158222662,0.01690412495670792,-0.09722630843027005,-0.053243794650094066,0.587850235269877,-0.11606314660606985,-0.18724462300630587,-0.18712908517433124,-0.14976863223454745,0.018584424023920233,0.0646992057566295
11067,-0.13384427503482202,-0.04490653236455096,0.022053808166369634,-0.07320740053100065,-0.019824213229816805,0.1412293344394065,-0.06458432212255188,0.019565442275766606,0.5251145778854158,0.01795601402171596,-0.15658989003109944
11068,-0.031228760542431348,0.05640928663087084,0.5415704770635855,0.15323216404180273,0.06687865095425671,0.012769637203961466,0.02887890961887214,-0.21406585816452398,0.037025983643181846,0.20229585334029723,-0.04077662257942247
11069,-0.03190233490198366,0.06054827417300524,0.06475499558018127,0.034643307684799715,0.06489045546157407,-0.6246118472600894,0.05119884825168577,-0.0022986227586166857,0.009641969707915365,-0.007741971535958035,-0.10621377468973311
11070,-0.09907685949882507,-0.07319788551906449,0.4501695261705946,-0.04467155822288687,-0.08885016916574742,0.0389331116908121,0.004070168358794373,0.00692499685689053,0.07522656491054398,-0.21955772620056516,0.07111784856441941
11071,-0.16005802435788924,0.6975070643136216,0.02314375536138233,0.0033625480008128658,0.09043376453545701,-0.0600207710586996,0.12890668357480217,0.044105749448763235,-0.008806509085597365,-0.059784792211797624,-0.006654857208365325
11072,-1.7919649029064655,0.038179827167500575,0.07768834567059048,-0.004612070843368813,-0.1388666079738277,1.8511795111024274,0.09855250412372069,0.024507723976341877,0.19058307423798443,0.02847631083151055,0.010271228134738753
11073,1.4593837888857302,0.0072475144566165675,0.09765280138547537,-0.05174089614504092,-0.026457652196164128,-0.18868451433139025,-1.0574654415987799,-0.12312939000156368,0.023574408370912795,-0.026304879569251222,0.14374590861543066
11074,0.8563593360300341,0.3039538930919635,0.00390420181518137,-0.04144641913577437,-0.08269106360970518,0.048816361316280046,-0.005866270270875323,-0.08483515324351161,-0.013397886707802672,0.07713070775517135,0.018966994759622505
11075,0.6022644003182777,0.041248330370194736,0.12636244457087625,-0.023199002560841,-0.04768912901269767,0.03732207364168337,-0.0005657475209111995,-0.022451989587578963,0.037751076079073485,0.01138948083879819,-0.021115354216161026
11076,-0.012572581176612151,-0.03728890806825403,0.019921661539699737,0.009624676681761424,0.1395257026479442,0.04881908157729285,1.3479618534448945,-0.07888458948014129,0.04674414222268199,-0.8928117350928925,0.025391051714047104
11077,-0.18505881284258696,-0.630600946766998,-0.04746471519546377,0.05633601551675356,0.060391295044180206,-0.09281584304926112,0.03455567094024285,0.0016665996848889769,0.07544735657508081,0.9615888175826327,0.09596876887013515
11078,0.06664008428412321,0.9546580558351088,-0.010654169750588851,-0.06629311923254196,0.06952156468721293,0.01474828669607678,0.028919895205173733,-0.680963216369424,-0.07974656004750817,0.12274025913804698,-0.1374044313369058
11079,0.10150147955924634,-0.10211211159210337,0.013169113623126432,-0.47890922489199245,-0.0010118374500470966,0.2282109924766586,-0.04101078572228875,0.8722667396774129,-0.05374825065340365,-0.12155019028048725,-0.09031102205731079
11080,-0.025001193017550705,0.0655248032204934,0.13237775788374195,0.743932225962157,0.017346930343840633,-0.03777704368326255,0.06891191590902543,-0.007574389206893798,-0.14340750286173307,0.11702244024108445,-0.4941614631270389
11081,-0.01037205939852338,0.06078623553322037,-0.007234518639145782,0.007400456895456533,-0.752852358794476,-0.0030478001520464286,-0.12572627971729972,-0.0076770599961673,-0.11228515383821783,-0.04792831038767092,0.9065373294169682
11082,-0.04672924228567307,-0.11756266668790301,0.05017905330225507,-0.028306060888090144,0.5683991128756156,-0.24777267523461888,-0.05431691903330409,-0.07157717952798928,-0.40907088128512736,0.10452452045112172,0.07679384099777062
11083,-0.06970105952031194,0.03239552186128797,-0.2964665739096557,-0.03623068675316728,-0.029641173346794305,-0.07873171997822388,-0.0793694302832474,-0.06302815770340994,0.5020080530573032,0.21320158452301377,-0.062181890854825894
11084,-0.1474337010916137,-0.021295796225024692,0.5647436736001186,-0.06753556909270651,-0.14256695249705428,-0.2619270241176274,-0.10335604089811434,-0.05011739944708722,-0.020016803975707244,-0.030336206460489897,-0.11336178358316379
11085,0.012704312424861058,0.04941828062434271,0.02608446509003348,0.04630410750583239,-0.05693986979437969,-0.6598903119321211,0.015925061449135035,-0.06992421550267594,0.018413588597848012,-0.08200818440983788,-0.027170265164709086
11086,-0.05810977361128801,0.15046956516149398,0.4110587976563908,-0.062020511853894546,-0.01661500174477463,-0.03130950244065214,0.15397543127691296,-0.10133128305919133,-0.15372137671992336,0.16431564248447675,0.14766004762601542
11087,-0.08900787717142498,0.6323933118273831,0.01502820167410095,0.032292412828727184,-0.03468474092602648,0.2208732006063857,0.22274974435601247,0.01285732494211464,-0.07542670337674515,0.010745372804661783,-0.01863753188456398
11088,-2.036396680902524,-0.08912223160762908,0.004609413266518734,-0.053744406671069625,-0.1839458743447577,1.6179948985604387,0.0791442711791038,0.04020954014910761,-0.14245549714373357,-0.035878439030899816,-0.17513548527753317
11089,1.696821876815179,-0.0827682483514526,-0.01028121631510977,-0.03452353815960941,-0.0331811643972493,0.06061180557968862,-0.8766386104761398,-0.07184048389084752,0.14136863142333453,0.002539101892811124,0.040308194084711396
11090,1.0033360488596583,0.11411299848641522,0.06235599637091945,0.008538902565075775,0.05970292435184456,0.09954735389276413,-0.027468832481000762,-0.1109998534821749,-0.003740100015645984,-0.005871075599742322,-0.03704118361473847
11091,0.6201727089023542,-0.01757914640359258,-0.09140238582303978,-0.048637698747487024,0.07448110374151076,-0.05537104962877909,0.01401058371973944,-0.01627428783181325,-0.05606316513919209,-0.02405143035197073,-0.05215079661474504
11092,0.011049108165110816,-0.11186821793285863,-0.05020132075769047,0.024965800769398302,-0.0508335019399394,0.14898711721626148,1.2851576474072675,0.033952154649657354,0.07486049535944994,-1.024233134824416,0.08228032711568038
11093,-0.05189974286248145,-0.6317564767399955,-0.16778055699387512,0.016755504592814024,0.033591967415761204,0.12106931844929573,0.007139866106146704,0.03157279192196921,0.04548931212534706,0.9697866136670668,-0.029014805690430998
11094,0.1471154494828157,0.83357585008625,0.039604100266913536,-0.06090140053441763,-0.1277353183571668,0.06055874941879045,0.06295892410926776,-0.7088749392926886,-0.04062997003161954,-0.0416213503530993,-0.07975364273481814
11095,-0.21955969063377462,-0.021483947200443766,0.07467663395848367,-0.6075594039732537,0.04295086682602891,-0.07307103480407448,0.00585775373775156,0.7900170046684956,-0.029974183291793903,-0.016499254706784112,-0.04420299512884467
11096,0.050793019403205436,0.018604606619569194,-0.03320647564054473,0.7892522586211723,0.007693090797420105,-0.06719833012428696,0.004164765205777593,0.010099114606588105,-0.062112216127985356,-0.047917405395078216,-0.6833641920386441
11097,-0.044047993246549885,-0.016232986710777237,-0.05265484011055,0.0196327374692835,-0.5143947954176079,-0.008508700691841578,0.05594299998205857,0.05718591372091621,0.021998059495328705,-0.054113761436451545,0.8140538389408591
11098,-0.0026090237714148823,0.1422722269266156,-0.0107189163602163,0.044177611532017526,0.6253093705041994,0.14784128592048834,0.018743761197145315,0.011138434222137604,-0.13252470632632374,0.06626827412626039,0.007643541574336506
11099,-0.0322672037339747,0.23488518262073094,-0.18736483045188002,0.1459165044075327,0.015294367985143323,0.12576389561671725,-0.0004457806397251043,0.028771443783915426,0.4732561821866354,0.10442085888070676,-0.07936605118834045
11100,0.07834891694730983,-0.06628256343089324,0.5678419890178182,-0.09712932344971884,0.2367642857414758,-0.09115478320142069,0.1045248161797533,-0.058147121208962996,-0.0031709006751129594,-0.0479730385000156,0.04623527686784982
11101,0.021925533271745505,-0.07505131079072863,0.011416351339511497,-0.09804090840811576,0.05999052189060386,-0.6716289333774793,-0.035263863747980774,-0.0494935962338333,0.0005044951789570243,-0.07036843551188676,0.11950273758897642
11102,0.023617844516470272,-0.12842800121245823,0.3947476180330221,-0.1343175088316184,0.00737060232324057,0.07935657249816236,0.04168730991478721,-0.011183847286601177,0.03982736478822062,-0.16661561283234344,-0.10572336582413952
11103,0.016099190723394937,0.8167000471707093,-0.05110223564051054,-0.01196621144321861,0.05236803030984433,-0.018670179501064116,-0.011212347241507117,0.0015369415552033347,-0.0011535349074558185,-0.011610566856373539,-0.01732634236771963
11104,-1.8436263964397646,-0.034032094279055784,0.07752901911676843,-0.0019041188761046207,0.13079724062474085,1.6846760233414702,0.04407466084298312,-0.1866126396016673,0.04348492173730018,-0.033596145864056605,0.04025216586268387
11105,0.9821678204780323,-0.06708084971395234,0.1541148041330025,0.03892068262649733,-0.06990076091279779,-0.01821329519401125,-1.0152329622601362,-0.06478804928702639,0.13112066518739804,0.05101030147598382,-0.020989105687577538
11106,0.8696561616807691,0.04753941079463144,-0.03818620186752928,0.023230249991225343,0.03897125955542409,-0.040766346851733457,0.04733786216678421,0.00381839206774851,-0.05085869642140438,0.09128664195986017,-0.057820694404087436
11107,0.5541701903854084,-0.026058182729477006,-0.03832859090501067,-0.02554249619369204,0.05400758067383445,0.0327822928455235,0.042254479594362064,-0.05634378436149744,-0.00020457220491999946,0.0315243354116378,0.04773171804236882
11108,0.16546857859056405,-0.001753009871803581,0.013990969246585435,-0.09391228380867822,0.04988175661648053,0.010425476736018624,1.1966514849431162,0.0834908005821887,-0.058804903854593235,-0.8769443616592427,-0.08830414766678227
11109,0.09675769187633981,-0.5390289793566431,-0.05427171091130196,0.10800094180126249,0.11440137150073781,-0.036919739824931616,-0.044403557890556535,0.07222565973425438,-0.14086157940623792,1.0474095487970039,0.050988160763331736
11110,-0.012629540614447524,0.7898995980382151,0.04351232084557208,0.05698823606207021,-0.053937750888413086,0.03750093876569964,0.15812165423711855,-0.7123867137291547,-0.015442718851506042,-0.07156094584232334,0.013426262439581109
11111,-0.11209051128840904,0.08793369551547264,-0.12022145003259725,-0.6341838544722311,0.034416821470460185,-0.02066607976280653,-0.09118943498045413,0.8145891733860768,-0.00908040338393971,-0.04483216955349454,0.11523823301153213
11112,0.02266576457205083,-0.2728491692292488,0.08514246521025408,0.8061889253154257,-0.0016059760104501788,-0.06951454825722687,-0.00109540961485917,-0.14425368693430182,0.0010423751781038302,-0.1214977925240596,-0.544370189358657
11113,-0.02972953446111239,-0.05727399536790176,-0.05969407559610289,0.11955113756312163,-0.5010374207115746,0.10414344958382138,0.28541831823523095,-0.060894433277679925,0.0038154585345717825,0.15819163173653206,0.869067370412185
11114,0.08636237939995332,-0.3021554169900747,-0.1392870908423881,0.08977003204875289,0.6065789148176384,0.13153976451912852,0.004832934815647747,-0.08377605249714061,-0.3141182294845644,0.1149310340738723,0.0052765280426374855
11115,-0.04762470201705419,-0.2553367604048587,0.05501575758712267,0.07368424441556934,-0.028554600794941747,0.010194115894064429,-0.1196133156460018,0.10434660784255702,0.44224005186520404,-0.14376432341507597,0.0363683248697835
11116,0.10109089359150601,-0.028669611638536437,0.5783506464034345,0.049940235213870435,0.06744726705945561,0.03634223766024368,-0.07786590878580486,0.02834622496244038,-0.05396986732901971,-0.08013137946171281,-0.06922220595071395
11117,0.0398609279280438,0.052385981664786606,-0.01659409765373278,-0.006926009372151256,0.007848045682887342,-0.6331536294702044,-0.0948070392703036,-0.052361318667155675,-0.0663053675429231,-0.008150421185621246,0.1079726138925987
11118,-0.014820232816556513,0.024787441427691258,0.4576656637897428,0.009378434717436103,-0.013673584714394046,-0.233995832284959,-0.13518655195896853,0.07736100542821968,-0.028110885860542747,0.05187480473332999,0.17343238270320052
11119,0.07465171581252313,0.6458776213360948,0.0249508622403896,-0.10122249169383547,0.046890643878976485,-0.023644291498745876,-0.0028963887816004473,-0.025708855213819524,-0.015615710942333046,0.09325885626831945,-0.019700780940481204
11120,-1.726057316579588,0.030926987375214897,0.0015210899166514958,0.08947524477299464,-0.06975463790692747,1.9032688842299386,0.1346007490981436,0.10042253863101998,0.036761360789284894,-0.12413294828608432,0.14283214240285347
11121,1.451180344150392,0.05792147622587126,0.008277824186002656,-0.02545284918651689,-0.01875432231225699,0.017686178629690033,-0.9610690659617221,0.015870530821074622,0.025019968187729006,-0.02787978633430484,-0.07673197159555045
11122,0.8897704980785347,-0.02202710647061544,0.05799432542209359,0.07630575609470694,-0.1519744614520094,-0.006761089829654274,0.04342213390452153,0.1314393690607324,0.010193160317067601,-0.07330117464222877,-0.007783671456571827
11123,0.6896860177863697,0.006734562186012174,0.0804154059341439,0.007362066639677063,0.0006228535070942369,0.023169973949107078,-0.004047661037261412,-0.021949211213627716,-0.09196468191391512,-0.03681695720956941,-0.026974407027910617
11124,-0.08726093163104862,-0.056544281309996995,-0.09936369644119934,0.004750504235207156,0.023214002496985204,-0.19090915946081055,1.206860910635236,0.12769731322635358,-0.13902454455796567,-0.8313344898497639,-0.06630382381191814
11125,-0.1034504138710628,-0.6621833164544398,0.1651609116901548,0.11388326260306919,0.019832015810021225,0.09192020761020268,-0.003926981875916977,-0.0922730547107837,-0.0008725893614864279,1.0409226054637843,-0.07539997088218242
11126,-0.16954596889865475,0.7686559304138466,-0.05867445893104306,0.01979301284998407,0.02662546021032858,-0.08888506299973736,0.035720351092275796,-0.6320310991641164,-0.07878380971758026,0.14499987316882257,-0.09847331774359476
11127,0.029588313278820257,0.07762670126493537,-0.031812764120279814,-0.566863286976939,-0.04105019238738976,-0.11283254234393578,0.002074805129787775,0.8332116546017084,-0.009435089453648158,-0.053055112492332475,0.0631834209992572
11128,0.26012445756770913,0.035775368733650795,-0.028733160407398,0.757613937739327,-0.07208330847904776,0.0734344490314628,0.06988337047581797,-0.07576847179774598,-0.040365092335023764,0.0056259676774761454,-0.594450116037951
11129,-0.06507534196077851,0.030483643976932612,0.018775234978398895,-0.045242227501209265,-0.30948770791886765,-0.1968974162962962,-0.12844727403580966,-0.06948414818881536,-0.017478194642419696,0.08910484964655614,0.8737865378704974
11130,0.1993336042419407,0.03696777907596998,-0.0884802748125661,-0.09021724238435962,0.5893978469348473,-0.17533455941166773,0.012598777387452992,-0.059031291072633746,-0.3301185184146043,0.15465467814687034,0.010656231495016584
11131,-0.002287061954526561,0.03015804934713838,-0.22758872204129238,0.012088850092758091,0.047255607943687744,0.13075935889031085,-0.06334549370430394,-0.019342445614425344,0.46096545346467255,-0.03576381268620511,-0.05280710206889212
11132,0.20151406320868165,0.012277309036296672,0.55210929974522,0.03459973606688036,0.09537442148929284,0.2107180553199853,-0.045821265829645776,0.0024854164879909487,-0.1694701671958936,0.04071291685000427,-0.14651783915722022
11133,0.05911816910253123,0.1340033688890842,-0.15428236907180576,0.0037296766099043305,0.1129107376962652,-0.6945613201995705,-0.009390776369832123,-0.16370887611315021,-0.13550890256416287,0.0041698392718647614,0.0018606255042559264
11134,0.11251868608423594,0.020292939569061898,0.4111694551630423,-0.05878961211109227,0.09360719018583007,-0.01613171531482012,-0.03333340054961499,-0.09483777294737819,-0.006931582393703073,-0.15946095698315654,0.11293502215371573
11135,0.2682635241939451,0.7129037991567246,-0.004942685428864135,0.01821374384046372,0.027393593244343442,0.03672770520872032,0.03990336783965486,-0.0433494740198465,-0.02009191802350661,0.07964047617506957,-0.01636793117071762
11136,-1.6951496081374988,-0.09558407980061163,0.03713964324344349,-0.0072497840323897215,-0.00213499666867273,2.085547949932406,0.1898168259047164,0.062025465448108434,-0.07370850585227269,0.036858742278287886,-0.04514448018650568
11137,1.186282287033224,0.01586325196999938,0.07604996531009284,-0.0190269249166711,-0.1556722255843081,0.05100989405874066,-0.9886231956944102,0.046788677393836,-0.04365558994840173,-0.002369601587104575,0.0281474857981991
11138,0.8918698858962246,0.08045872702172156,-0.015588297905377357,-0.018647497491865835,0.04351133896369532,0.006350254840255157,0.22078343476400622,0.054245484733566426,0.11320208418150866,-0.14527792459745384,0.05059266206534773
11139,0.6774957461102542,-0.013546535428982199,0.0616009897384024,0.019680957202663323,-0.06177772895646404,0.007757997953962863,-0.0030643609433802753,-0.022079996688070105,-0.005429533296805189,-0.09237222123406637,-0.016955689253834713
11140,-0.0032270460939654855,0.03319509429186971,-0.13996208689643116,0.06576325967152212,-0.024245842253176466,-0.18951730074024978,1.267408602203866,0.021756546462140987,0.10777280297034458,-0.9651279973506391,0.005841561880230854
11141,-0.15587971669889272,-0.565370274985161,-0.005927846022414672,-0.0690695994124002,0.11379337731424054,-0.0661269685737862,-0.07140056309178991,-0.03519337898220206,0.06702766917285068,1.0363770247090103,-0.05493482603715523
11142,-0.029385107132443057,0.8881916422724061,0.09285746802243887,0.012841197932276954,-0.03095623034562803,0.047597062763559315,-0.04460414964447737,-0.57889915390095,-0.06207088245128163,0.09596452650289994,0.03935834571565711
11143,-0.2299076028581168,-0.08536580441397243,-0.09781949608227535,-0.3822563926623851,-0.07867413994606344,-0.16621553596883412,-0.22122857635535145,0.8395069617586385,0.01840258141015776,0.14451892336594152,-0.19640886353362522
11144,-0.21900236624572728,-0.1116717742908096,-0.0595120144899357,0.8582618501341371,0.06990864243243618,0.011203051687878638,0.009791670409965567,-0.03273685993904836,-0.1702639816051807,-0.02055531650833689,-0.4513195413687516
11145,0.15280003158681343,-0.02906561430445014,0.17814838996864393,-0.010787327994591986,-0.6855232769336805,0.22022155858383147,-0.071250108751174,0.08301541886733868,0.1538755474143901,0.04711425576733854,0.9033560344556119
11146,-0.19578450659937283,0.07465791233561857,0.1736345865528555,-0.030856286791438634,0.5716306941126956,-0.015662763060472824,0.021536069633548698,-0.19708446833341445,-0.07209880319196829,-0.08037363246203008,-0.02703648135891945
11147,0.052423682215545206,-0.08715277163501403,-0.4640456357313685,-0.14953614052640382,0.0921360049747863,0.03851955198328259,-0.14138179393019076,0.06889021390565887,0.5001261236182762,-0.018954222301844348,-0.06794701392134717
11148,-0.02478077936991027,-0.0341635671012038,0.5666871189804836,-0.12568278110410333,-0.020173080642424127,0.19999289222236552,0.029435244345491312,0.0493287158447915,0.07003530256647467,0.21424672368802639,-0.07348357482125764
11149,-0.012550654119007113,-0.1193012711157185,-0.01182440978883561,-0.09575548574578695,-0.013396058612748682,-0.6490205494469631,-0.011587752333610202,0.041313370012493966,-0.16381121833629086,0.08544692927820767,-0.026796396678676816
11150,-0.27762756862759913,0.018372730806828826,0.4516261346220293,0.059233365902081545,-0.02034201710855217,0.06020691824352024,-0.04529545227102574,-0.0005971705894884036,0.0022576482742886657,-0.1205716360559659,0.14303193834263608
11151,0.2285087668124735,0.6035730762185749,-0.0012242959602688404,0.04161221668585807,-0.05369886337191575,0.08575284945648387,0.07953839340917637,0.03627826536921057,0.1526271776591755,0.04466757040743293,0.020294906199843005
11152,-1.9231493592731896,0.11264612347632844,-0.0054576193677587734,0.03437040475504547,-0.06963195303758794,1.8869055303129716,-0.08163573066997874,-0.023891406448804484,-0.04313406152068434,-0.15961985635021453,0.17915086869396432
11153,1.3950768763697414,-0.023393032840566572,0.12453235419627064,0.030568209002993778,-0.07463606770252407,-0.02675496917780211,-1.0162116113003805,0.023528510685747253,-0.16884834928049947,-0.029779067311144373,-0.006198695662221155
11154,0.9599654302893754,0.03331121509405715,0.03583904312864832,-0.010217668261314983,-0.013116426597944025,0.001846281410508216,-0.040985115972732786,0.010317330252512094,-0.05575894885057754,0.05433052302333945,0.02842557673716343
11155,0.6798409405402692,0.015983519626932917,0.06376036953186949,-0.0001846524206029843,-0.04791525552718448,0.07207196655433898,0.037257636746445146,0.02884386553595005,0.02396493984341836,-0.02632360554894453,0.03318212558279558
11156,0.033985855705364144,-0.019910033373019474,0.04499803699809206,0.01172271452289202,0.09383493619926146,-0.16854154691515097,1.3186920874882562,-0.022562104888944123,0.15469243963491566,-0.8906841593568378,-0.020828686828975224
11157,0.06123692541501958,-0.5556046316514917,0.10419513243634873,-0.06824436155568181,0.09045355522202395,0.042883470886080396,-0.023669286850853666,-0.0030551726080652523,-0.023337367749752404,1.0153242846067934,-0.04686069122088654
11158,0.016518650980760947,1.0109766174314927,0.12701410269426763,-0.008479643781591922,-0.04111467540389971,-0.011822071142388197,0.1432574934996932,-0.5951432592591206,0.1485799432663021,-0.05374842151916724,-5.499956732155087e-05
11159,-0.008473424346683493,-0.028357152810239664,0.04797117551390108,-0.5054724676013976,-0.01070832398338623,0.24528304398590275,0.01918715076001877,0.815872598319835,0.007657856026825782,-0.07244033775469746,-0.021504576729074368
11160,0.08648103005600635,0.051706126267865686,-0.010670278903704592,0.8472829676217748,-0.022126831645002634,0.018855069926205566,0.1509440481841099,-6.719625322084289e-05,-0.13549430317621267,0.02177073681936424,-0.5299183149214174
11161,0.06158357577035306,0.032145423387251355,0.11323293693657555,-0.0600226943381621,-0.5542665404668885,-0.15727306522840212,-0.06943868053979914,-0.10630418696268215,-0.1050939683197961,-0.07498926277280671,0.8521002705818012
11162,-0.1387362015553616,-0.05203910156378036,-0.07202198324916718,-0.08863236525339878,0.6670327263129903,-0.03199755809734564,0.12946764112420703,-0.07406520299531015,-0.05989454008787798,0.09147069821907802,-0.012698258424906553
11163,-0.024651071011602323,-0.01184534307995049,-0.08981991606212403,-0.18886218389426113,0.04773419647155596,-0.010910248340941314,-0.10788617177485607,0.13946483605939902,0.49499380839942325,-0.16940086353052888,0.11389150746507049
11164,-0.07997722860715803,0.0839267501525693,0.64188941567529,-0.01585206044327506,-0.07859601211628907,-0.12690946084259064,-0.11447531960579749,0.1797196625715742,-0.012173466858056228,-0.010788645979670393,0.025383407698499987
11165,-0.021740170030611218,0.03945700442778734,-0.07400933590558241,-0.004149320428690934,-0.06712428141527978,-0.6662777310729788,-0.0021448659431347584,-0.055717325369982376,0.040476837611326914,-0.13711630694527221,0.02752738274034084
11166,-0.026550657311275563,-0.07891311689285829,0.4003230269541853,0.04026651500768178,0.047508115731798195,-0.050144396278958094,0.07139526983370015,0.0038559909205608963,-0.03403718318799216,0.05947676746269426,0.04375396461312406
11167,-0.09152400961474573,0.6305968099470253,-0.0734412690600167,-0.06493747916736542,-0.03949899423306452,0.052984220459877635,0.019884068512156985,-0.02488950686481758,0.07246659188300272,0.058844041414355404,0.019203239795721756
11168,-1.9761033168768727,-0.09361209609777284,0.0005271278459501975,-0.0025224868212969345,0.13905543343797333,1.7041321107324754,0.061042322567466493,0.2492059942303992,0.04928864658882503,0.12454096000135888,-0.0030607987346327878
11169,1.1638681190999258,-0.03821422531568876,0.06434630067231845,-0.08822150545398465,0.1153850274985642,0.06197176580933942,-0.9047852214572207,-0.029348740328713367,0.03825008186203134,0.039681006204059004,0.009446824691458494
11170,0.8342028728808019,-0.0023450429394979624,0.1408514182010444,0.04084618477984095,0.01679116857728334,-0.07909096245299876,0.10837773310365613,-0.013007193870219792,0.10994014661198702,0.14262540035213433,0.0713712472829277
11171,0.6075257349020755,0.0007781501028989238,-0.012221109381190342,-0.0534888893352824,-0.04996503204837849,-0.007190383035705961,0.07881160859212188,0.01588918056938924,-0.020603066402789298,0.015009780908062738,0.009145168261244205
11172,0.03833975303288324,0.021936630147513035,0.25417688029810237,0.03261202970674513,0.017061557809030722,-0.19134913316517818,1.1317064197023223,-0.0699971096850444,-0.23995827742094838,-0.9521202926415975,-0.01631724968681241
11173,-0.16507810355780253,-0.6487127716284026,0.007398483491884305,-0.007237647434533204,0.03479345140562873,-0.011009236056661287,-0.047001844114981525,-0.024576568360734956,0.03398942774170895,0.9593646164506981,0.005109245997441155
11174,0.012576321658697386,1.0860200930303798,-0.0372276950899521,0.009784978586909918,-0.033848481918434606,0.15832091608645826,-0.016560817144029905,-0.4507637265884669,-0.0781132331565217,-0.0014989495527164285,-0.014254935145449274
11175,0.12622275370822997,0.04595972323926929,0.08386435033428308,-0.5410893190606456,-0.0211879873632745,-0.1315552265688121,-0.10511758170814643,0.8136377410691076,-0.20759882567831972,-0.015850157030149713,0.030510823868239875
11176,-0.10501968622639021,0.07225568099836667,0.004025429788877796,0.7729802356714428,0.16364872719142268,0.01653724491621931,0.12694421309136356,0.11750133931823714,0.024505609065201456,0.046757221510463555,-0.400538995080632
11177,-0.03079347246811723,-0.12593567868006772,0.004226089917572189,-0.07595324265969629,-0.5883013319092921,0.05545470076248521,0.18646108814065104,-0.007268366762836325,-0.09501397990511418,-0.073450417036722,0.8645276317166191
11178,0.002961601223011995,-0.04896634025308066,-0.2090717144973487,-0.11173177944188066,0.5526307561598985,0.06924771363491782,0.07131730308568586,-0.027756626521163494,-0.301374150745187,0.114157701538151,0.03208409991782098
11179,-0.21721195439147883,0.01757003998452606,-0.019414575995449282,0.15459695681737645,0.017496243245096885,0.06859069567947311,0.06126091114367321,-0.05571320192979482,0.4851346800348466,0.047345801864945664,0.0056090246805139705
11180,0.04297049946623001,0.0718276965764558,0.5514070182716326,0.0892399160146472,-0.13575284696548867,0.04523615978118087,0.10800642105179611,-0.012692584167761799,0.06005240701359345,0.1710773614186168,-0.07776103316363087
11181,-0.08633065059243997,-0.04450397581829226,0.08552649455230525,0.15324962670281947,0.07020710539547866,-0.6543210410022556,0.004388361516509134,0.005553116681260073,0.043144232361847445,0.0019465266558780104,0.015064812828759239
11182,0.1548119834755425,-0.07478544625601773,0.41071885609195896,0.1542647632435047,0.08702900182658303,0.10783143034215302,-0.09077369243034739,-0.023902208840647553,0.14984178189507044,0.033301404531096195,0.06935041114789894
11183,0.10262320585240527,0.6404079162430588,0.20051798411577854,0.032198991890271235,0.07275753756072856,0.1312656598007535,-0.11837183197648081,0.007674199933744587,0.010402606316907521,0.05999833587696743,-0.007871071485470917
11184,-1.9832064411878307,-0.13637250822128794,0.16495753934751756,0.02824163260042457,0.1187007540263634,1.7326290634351866,-0.16290262115370027,0.019331197747128992,0.1459739649588308,0.03781695811056548,-0.062043641096252995
11185,1.5702480207557843,-0.008216282401562816,0.025334942678320416,0.03104081784365451,-0.05812806202652217,0.040590444630502646,-0.9943411880256112,-0.07140645432928133,-0.21495542723286143,-0.022688753273947457,-0.021452561974874117
11186,0.9308338779731682,0.027415372515725914,0.04796073629747336,0.02276957276287209,-0.04266445959815781,0.12725510566464093,-4.6964304500803945e-05,0.09053665953059854,-0.14010108182033162,0.013718662229518657,-0.012432266055548145
11187,0.6454964142640279,-0.07615328923872652,-0.012997973268305962,0.009940062338396224,-0.0555602145330121,0.0657293701989462,0.042784780582761694,-0.035511645994635875,-0.01941426502623226,0.036598961983557374,0.0255753610047456
11188,0.2693639537071577,0.12455388807149777,0.019012436943971964,0.051060767773485706,-0.10571056108222758,0.045992623038443134,1.268266939347797,-0.05437953890955387,-0.04093900773466062,-1.0220266477961206,-0.04664302123652153
11189,0.10860594913266085,-0.624542560868284,-0.0819032099081875,-0.05946524133026003,0.0812008374530174,0.02023011834174531,0.1074319851996047,-0.014279143689511963,0.024105507081297207,0.9126312579394549,0.06265199312318812
11190,-0.03171526144749297,0.8315194689108518,-0.009449558795740998,-0.10441217195445358,0.008645269385908948,-0.029637757190328635,0.014437003080867306,-0.5667634102762795,-0.004058313380676642,-0.10493352749942286,0.06588225584554325
11191,0.04435785677898274,-0.045009634527484806,-0.03012326835873958,-0.4354711614909884,-0.02039071259587836,-0.06337936898946309,-0.04105104053029205,0.7465124595859491,0.10635649443047406,-0.08832266444414327,0.08221660547508383
11192,-0.05147847265435312,0.04825124073610005,0.08339838423915195,0.777709308187525,-0.07822275238119848,0.013661562002973762,0.00826117755865527,-0.04076779699539381,0.02329053271385243,0.18913515284811114,-0.4027690496484214
11193,0.15265931372812483,0.05428409082391478,-0.07280403936501606,0.05342881351104181,-0.6231130930436999,-0.12469223517721591,0.013311925818481112,-0.12060762999194932,-0.06960575589781166,0.08285968516068716,0.8675388323881114
11194,0.0030178771479114045,-0.22215470917967742,0.1468387856178708,0.11328638992889802,0.6086585188527421,0.03380268277686379,-0.06323045984693688,-0.06446623016865338,-0.3222975839122706,0.13440544518344585,-0.04227637356371333
11195,-0.023302303241735742,-0.13309921353002702,-0.17004531702355452,-0.04651928629232549,0.037259788928455134,0.16134278230994492,-0.01565784330716552,0.03207471899800458,0.4631733142893886,-0.04008857189941667,0.022949856846682333
11196,0.034644609162186056,-0.011588400712701034,0.5279425190922203,0.005219675444732487,-0.007004486599100475,-0.02248382970593594,0.1437207891318772,-0.05756132662884428,0.07194627361006563,0.09137270116631634,0.11754740993695988
11197,0.033480814897912596,-0.08195053967709515,0.18037599185175965,0.014253392393157198,-0.17045632754356357,-0.628874013244953,-0.02387797592418874,-0.042230098071770514,0.15740480193313594,-0.0713417665222348,-0.0339192181829023
11198,-0.12732387953848334,-0.15609633549146926,0.4252068953552637,0.07683027184880238,-0.12300789648400201,-0.18603615437861673,0.05310466828508621,-0.05012673201883868,-0.11649208753608993,0.1363645891755022,0.10388376508973843
11199,-0.10333133548497926,0.6555434591312733,-0.07131917705052275,-0.06237677724628929,0.023410403575940816,-0.04620181998443833,0.08225533612217734,0.05519681259263853,0.022672272359835648,0.12718271617891153,-0.04601799776415449
11200,-1.9651787751672882,-0.11754034158439186,0.014972984012504745,0.0761158003224935,-0.036705274969213,1.728687593057222,-0.006743838026863088,0.03927427386615944,0.18136810105529713,0.04388989458840884,0.040710448971111486
11201,1.2788328333437817,-0.08561643846984845,-0.050632111333652446,-0.05686218091497787,0.06316109547190601,-0.0017260957178209615,-0.9210696919426729,0.03242214798790612,0.04644720959502259,0.01811303601048899,-0.017148687850966394
11202,0.7639342266929794,-0.08360759158651518,-0.05070367249919378,-0.1551286830276145,-0.041311402382457216,-0.08682660523311882,-0.05581624453215667,-0.05165389062278201,-0.08560937959196378,0.10268076481521583,0.030088515887885678
11203,0.667751952908327,0.020652764688837623,0.11078799029085375,-0.05032704794523639,-0.057272520286439706,0.04703638983879474,0.027141223702050212,0.010344138730108653,-0.04780513294807832,0.029430076960421353,-0.028596377084790365
11204,0.11506396872628943,0.0010756594342316251,-0.0660267620708197,0.043230873346993326,-0.020741977979962457,0.08850035772379544,1.3024592438245048,-0.059659058478010396,0.07689092798482595,-0.840560616781872,-0.0219016169761785
11205,0.08751171806968328,-0.7237471766847411,0.08677725507737687,-0.014056292946525965,-0.07339341162796423,0.026393680689234044,-0.030868607194147975,-0.16061348243470067,0.059782648928292915,1.0053694902605559,0.07518394549774852
11206,0.10462711837913784,0.8644646928981092,-0.07917348911278453,-0.06343190009527805,0.019412648748586798,0.04217781910932204,0.13059065602428416,-0.5910674148124518,0.06781758702495795,0.07524251298423686,0.04248793442257026
11207,0.1314295656558399,0.016509022601379247,-0.13143198276356546,-0.4483831972096312,0.04037048026720171,0.1047370002001074,-0.032453472774002665,0.8915474396255708,-0.0744949695381572,0.32188528506745767,0.03851292835549652
11208,-0.04472905747802655,0.03966350564564803,-0.005358287571925846,0.7988812089109337,0.003425632857871391,0.023944744758521354,0.09960668899940853,0.029385536302407277,-0.13238501012446827,0.0018389665566293583,-0.4689340127799698
11209,-0.08104584825755948,0.15155463330377492,-0.03396545601642254,0.013150943144302126,-0.3396945354679851,-0.05665242708255493,0.1277629064580374,0.0011709528826359733,0.04288327722515421,-0.0581064573281809,0.8578545220047256
11210,-0.10179603090346324,0.010908093814311308,0.021413810727261503,-0.03199298210025552,0.5856584090379315,-0.11368937288744292,0.295232237956195,-0.036146232373957886,-0.25433116117358834,-0.03773317969943333,0.004342502387446308
11211,-0.012706193553520078,-0.005110051766564596,0.13946200765156702,-0.08223219394800868,-0.04531217285599128,-0.14397608915532026,-0.07420983233787534,0.0320969730658467,0.5052998283478916,0.07897877078932133,-0.014738829350703059
11212,0.13206987995198508,0.09595758173921373,0.5415866012050754,-0.07717089143600893,-0.1944153514829429,0.144359245289866,0.032897230247509485,-0.11388318659683884,0.03534626599633852,-0.006145284651886877,-0.14324939556306482
11213,0.035938441937080554,-0.016915452703650222,-0.0603529553913447,-0.024694885368096976,-0.0644594964786269,-0.6955543237736954,0.07484693484442911,-0.0550890755591117,-0.10629868822719711,0.043232449975718755,0.03130409204421634
11214,0.182421883775811,-0.08379435148871056,0.4445652628307652,0.24125588171707543,-0.039165442156874425,0.0950641073773409,0.12004788393147277,0.014173550655731443,-0.029954525658758578,-0.017010925137846238,0.21900163810032472
11215,-0.06539268944286614,0.771106125818355,0.11126584970100542,0.011437577261642485,-0.04725937875458654,0.30729703555144416,-0.11569524461842214,-0.05794481850265132,0.07049444582453657,0.035436278925066636,0.08897541899804291
11216,-1.7559849994187027,0.17028778387612353,0.05531622139416688,-0.11806155425702095,0.026273002765646623,1.7219016918111711,-0.035709206584397704,-0.033568621221648005,-0.1052705835164534,0.07813246256234231,-0.03061675238371281
11217,1.4082678922892455,-0.027782747981186694,0.0768653431255262,0.05754424816457983,0.05737614322032512,0.050156465891824376,-0.9744067300342335,0.027496248028220878,-0.004814783881169105,0.031907553389599635,-0.02477054200298751
11218,0.8244493424988203,-0.05545088891619172,-0.017627790624245018,0.04079740973644917,-0.0718399725800924,-0.17621333892246355,-0.032160936893777685,0.024884411193075773,0.06745466231244707,0.0978693210638746,0.045852797194782274
11219,0.6077604277431814,-0.029349106626330314,-0.03959383537446827,0.009976379273559554,0.04342895186016472,0.05956087765424908,0.06751316160989637,-0.003714478025752403,-0.0001848134034019653,-0.03854360740701149,-0.025158150585677816
11220,0.06930880609870359,-0.01881109618837232,-0.058869307614642076,-0.15532807488108222,-0.029698369119386357,0.001335170508204574,1.4314033650257196,-0.02013794136868248,0.14144804645942194,-0.9728404706632354,0.004952350562406901
11221,-0.06930775695055122,-0.6916114701652694,0.015524159680245408,0.08490284806117457,-0.11680617976814729,-0.07924506413139666,0.05570367921100146,-0.06891017817656502,-0.08901075195840831,1.0516076972922042,0.13661107014317392
11222,0.028749715483961075,0.8688425452858658,-0.027028080995174016,0.015672977824971474,-0.05997835326928029,-0.011834497371400377,-0.13644662371220362,-0.6138717213969476,-0.06264041263590425,0.10996459029309297,0.024973105319820423
11223,-0.020141024616932502,-0.004298500156175002,-0.03627442611021228,-0.5833219201717033,-0.08597434426324778,-0.12365476548603777,-0.1164745425084084,0.7952155073733899,0.014872322709299005,0.15454318848824122,0.03907665063829881
11224,0.07999411146871027,-0.26636343967887977,0.047626050757021296,0.7904381924458745,0.051557332231536177,0.0989368562858413,-0.16391385681704854,0.05540327547467782,-0.06779027977879949,-0.01009372024661471,-0.38339807870663056
11225,0.1691693737987803,-0.08809333746283711,0.0281991917879382,0.03269245433650088,-0.4714872046427856,-0.27844353667500404,-0.1399908782501592,0.1013500965856759,-0.005664458531106275,0.07719702263164399,0.8397057807604712
11226,0.14760563665763213,-0.0732790942379896,-0.07447739373244032,0.017927039725039822,0.6176424618454213,0.18434163421403565,0.0003461977759955156,0.12248421616617552,-0.33858400801755184,0.009393316672674453,0.058809001707979244
11227,0.16419909542383174,-0.0951994246984798,0.0729050937896986,-0.11852011359497476,-0.04116733352532775,0.05997158394557166,0.032880312616034135,-0.01460926119109946,0.46697622485253165,-0.19203920208302494,0.05984281165043894
11228,0.0910636177271474,-0.03683073745668619,0.5899795381251908,-0.08684929770343942,-0.11070382532897008,0.06803935372435783,0.07160461605989218,-0.015926345553858183,0.07081007348068497,0.04515387732519506,-0.007207356994681032
11229,-0.10663457837682522,-0.03998805763224817,-0.04907649312168789,-0.09305641469026367,-0.013411352401446319,-0.6933087738396624,0.004895700871220035,0.03967187111507536,0.05629905443350863,-0.02614076866499754,0.004917216358232359
11230,0.1008772306161433,-0.11340262458017279,0.42685974861782794,0.01056158963030367,0.0220696786372889,-0.12112105886303141,-0.12474023959032557,0.004108286355518369,0.025439879019102357,0.14441483546819858,-0.06108983494583364
11231,0.2112467696621793,0.6255424298568122,0.026811588676924236,0.047392580747333574,0.017738579524880435,-0.044943656821175626,-0.02105620305576137,-0.017537707914725535,0.014688434698306486,0.13054825896955252,-0.017949175123977593
11232,-1.5581779978854755,0.07781408578908468,0.04575483845056709,-0.12249142764273975,0.036311370618070785,1.7546244934100221,0.1005436958957403,-0.007564423704212198,-0.03196885849329285,-0.022515254745102742,0.0028439891247612264
11233,1.2191121916941787,-0.017141444447646318,-0.034188478772076265,0.005839295893486574,-0.05276250431435273,0.036862694716748655,-0.8803644049800616,0.01924384545484625,0.03722174909570949,-0.006315944091035813,0.007778258518798815
11234,1.165099448604942,0.01124484432916593,0.056692939939365875,0.11028770400142816,0.07791460600254788,0.17430033703187192,-0.009262241640558071,0.011491797918539317,0.028512470564514312,0.0709345424358968,0.04057950036792662
11235,0.5357193341927091,-0.018995501195621982,0.047967788441160654,0.017529372449901392,0.060398661934167715,0.020828462399144113,-0.01306396894948939,-0.05231058236110071,-0.034161699209852917,-0.05237079674979199,-0.033819817094229467
11236,0.051152841899153687,-0.034502219312143735,0.12196902159931938,-0.06207728370430035,-0.02831287010166839,0.01305292664746445,1.400878041574776,0.05564904991470698,-0.09512891828495858,-0.9341366651147356,-0.002724051657927966
11237,0.17448581946578326,-0.5304580296217447,0.025054729378193783,-0.0684734078651985,-0.04651548705299649,0.02380599083158386,-0.013642328575946746,-0.02151066826169383,0.09380731446732755,1.0136147839979621,-0.07540527966222178
11238,-0.10366300221007957,0.8708652709847552,-0.01342301885109245,0.05374052207821191,0.013647279713528512,-0.03357315794454615,0.025687740021710627,-0.7574890884689328,0.0834995510003541,0.030206979476609077,0.02885944338716769
11239,0.14109056065852965,0.1400002647765645,0.07107740903006972,-0.4625569964377917,-0.1060707019478869,0.031922799768297205,-0.23509900367669243,0.7651633104978133,-0.08020614622379063,0.13870174863327514,0.06397287805709748
11240,0.030788959006570794,-0.013269299309568284,-0.025734084300536093,0.7703744366090172,0.12511089021956726,0.10167266192457039,-0.05612844819959046,0.01780682038252785,0.0997103165047601,-0.07567318156764151,-0.4329516122374527
11241,-0.0009675389655164025,0.05829312230867745,0.155104876011124,0.14242532100018004,-0.7928807443690082,-0.09295516974311517,-0.08015679191292828,0.006824869514049036,-0.10593954102913712,-0.036063581737320105,0.9560736283496695
11242,0.15886232639530737,0.04778987038042436,-0.1504325139091305,0.1273769326975555,0.6224514237896676,0.014091075878358929,0.03003103135128676,0.09814984058968457,-0.014503223255861064,0.0235193291372767,0.022953504080507198
11243,-0.0625114770238047,-0.03427785747567981,0.0518567666256438,0.0038133712425108103,-0.06494311549766418,-0.017409703674019134,0.03291747861166165,-0.08929656509977753,0.4922172835211578,-0.1628784569867952,-0.016119021531997634
11244,-0.3283306734617718,0.08354643992162171,0.5867582081826556,-0.018173278086439097,-0.06628935465395801,-0.1351348012978848,0.10632505608677888,-0.09809482194846403,0.015398790922281316,0.07028427018108324,0.017841164246628415
11245,-0.07597544051340581,0.034634749880141265,0.17571084264265643,0.02555446930561126,0.0020881714126706604,-0.6218039736088632,1.5487932560226316e-05,-0.051175866068452994,0.06939016480172545,-0.0033097781392350378,-0.002464269121554185
11246,0.030386120118953207,0.15794190367902108,0.4261076746043006,0.06258455364862744,-0.008567756112162584,-0.11820265287845609,0.17195846002330603,0.12040856300791032,0.024263355622929937,0.11779111008519415,0.005329859546615574
11247,-0.2320768530410765,0.7537237137024849,-0.05993837979313383,-0.012773248428338248,0.04319808882263561,0.06330046915413717,-0.0404570250729618,0.004104163830336275,0.024442597437493028,-0.011858617011066276,-0.0038019630076974033
11248,-1.9221127243043705,0.1451911585449109,0.027821097768912454,-0.04737986961907854,-0.01861178869616906,1.888621007467225,0.09804396751627072,0.04627003614827974,0.059179797377668875,-0.07123901207016609,0.19359883289133786
11249,1.3968059567925115,0.03317343764353438,0.1371720811307672,0.007895336405284779,0.05260998705431621,0.043397586759824885,-0.945198561770632,-0.04371534875748853,-0.015286358563317367,-0.004171317232962461,0.05931518367732882
11250,0.9545808978236985,-0.06563511871683587,-0.026207368724748135,-0.1578551574719557,-0.13757043113279505,0.1453070024647785,0.1846526464632975,0.04378798060153564,-0.15183290073672484,-0.03664008849483493,-0.01556947534982409
11251,0.6321148950399778,0.009443832854975359,0.01439820934660678,0.0073100420432011285,-0.05340116268861797,0.06594376023223583,-0.00996230758205647,0.07022014894647377,-0.010998416901066604,0.03383319491152958,0.04521206248371478
11252,0.07147415669640113,0.039124165894181516,-0.006652416924648367,0.09084403293306698,-0.031048267182118346,-0.043090442219447384,1.144311605559301,0.07407951390077601,0.0014710158344569562,-0.8912925230346787,0.030478060203296863
11253,0.23711482767882724,-0.4711003646922588,0.02897706889025918,0.06799819732777303,-0.025583483656090915,0.21000654929126364,-0.044912980740595077,0.021254653572472092,-0.07241116224879827,0.8549055477413448,-0.1550141982033885
11254,-0.15688061376924364,0.9005014211033662,0.07208494629785005,-0.05103566108110147,-0.08988675909174025,-0.08109238735756139,-0.019358421027779814,-0.6594189605144775,0.04243954327113915,-0.04339881025734774,0.006552560419963208
11255,-0.178928865888403,-0.01636655718610187,0.048113935787218245,-0.46939417554350404,0.10670694870059114,-0.06087494903183976,-0.006830557257298942,0.8239884814846724,-0.049543856224378235,-0.01693121039316486,0.053470873501370746
11256,0.16879654454320184,0.016310956821713234,-0.24548778820610564,0.7628044835237223,0.0039059804947716658,-0.02751504039047093,-0.07717836244215959,-0.06019428550323827,0.13517242492962386,-0.022506830217383065,-0.3768146146053196
11257,-0.1013411434809953,0.07895351960126282,-0.005769695472850918,-0.05844751743083019,-0.6808749669830549,0.04738428096882866,0.03248347220584008,0.08919335283951728,-0.03904899136370436,-0.15176686065840736,0.8662702396476949
11258,-0.0053959444287900935,-0.0024664350627673394,-0.06962519778209063,-0.10473629600424122,0.5995474191204234,0.16606634911119988,-0.1923467026329058,-0.10315133562601783,-0.10174241379953139,0.09249216466650391,-0.07368585237497183
11259,-0.0775637183049781,0.055377657969830345,-0.10734963040059761,-0.04522153721994766,-0.04372066340396392,-0.07747433457712738,-0.05494279127303449,0.015898219777774666,0.5015011745037906,-0.07716277216560118,0.02491862717174744
11260,-0.22634015758087392,0.15104049068351105,0.6277705432978803,-0.05926892171343172,-0.07793739893443734,-0.008184297952471708,0.08391317015106825,-0.05627288681471894,-0.050149423138768766,0.015115093375659402,-0.04700118766058078
11261,-0.003074493176900239,0.02909266250731504,-0.0365266603288591,0.002142619590604344,-0.07489712180419732,-0.6833700824672984,0.10582334221516926,-0.10961252847689586,-0.08682583102835346,0.002674503756252924,0.057406577155043124
11262,0.22932401622003448,0.03067859246135568,0.4012076875739158,0.03695398464625883,0.05260947162013828,0.07713148889998765,-0.002732775469887548,0.07913047425503891,0.03497380975526363,0.0038254955336905626,-0.04546880884291664
11263,0.01686026071560137,0.6729151132308315,-0.23378696346233213,-0.002828230410062154,-0.002972310535673155,0.1721005928359174,0.05838743525585083,-0.06318127742952553,-0.027644280802234602,0.09129238404075038,0.0015282661814382905
11264,-1.737704101810298,0.13496573431026881,-0.1271225027576598,0.14353809264670422,-0.024708584704101207,1.6970121188632592,0.09966427385172273,-0.02898829406649403,0.009431822955111396,-0.003670233772505963,-0.15634122861941493
11265,1.499073507345481,0.1613802911328794,0.003539149759808068,0.08738597763749589,0.05743712019380736,0.17874297266952915,-0.8942081284891382,0.0622075369050561,0.021784343897413384,-0.04531157117582885,-0.1026844603124223
11266,0.7688634845600197,0.08409153068281558,0.06263398762427445,-0.060310006314161196,0.10184806711194469,0.10333547895524504,0.05676227270021848,-0.11000664559994881,0.14301415592222133,-0.0012132393251453573,-0.1317488397614606
11267,0.6360867230961593,0.010686722444988547,0.08133173889741435,0.050635961023794064,-0.02848321661459806,0.027345985874690053,0.029891425111758383,-0.014049837189204632,-0.017402065805607783,0.06668508608632374,0.04366970116679443
11268,0.1312364971850684,-0.01653196783027746,0.042644830503842344,-0.07492478738298589,0.046064749848187175,-0.05705091980238876,1.402981811262397,0.041746594761838,0.04995082646547213,-0.8317533918029894,-0.021813156720687284
11269,-0.011743995349545719,-0.7202305091314429,0.37641404175294774,-0.02684055330283188,-0.06820186266689329,0.10866696412603258,0.10801568951437326,-0.03360332941784236,-0.019350327238296314,0.9450740186820497,-0.10644233538720221
11270,0.11100260688383251,1.114400688495991,-0.06676664009336303,0.04049455453389053,-0.0892268728740865,0.06419454383744708,0.017957530924402023,-0.7044198991084829,0.05803960378332704,0.013257020943854527,0.022681816722437194
11271,-0.05627139755250845,0.08567324334998638,0.1016186687200105,-0.5266683689330155,0.04812593009097168,-0.00981523790684097,-0.09767286315736533,0.8859092827381198,0.0988632675181401,0.04968793135502179,-0.07346878020759574
11272,-0.01623477470472022,0.04518956573156838,0.08611508175598907,0.85366419452443,-0.11558144135316435,-0.005853365028586596,0.09388731372988515,0.015494646797423689,0.04905329228182723,0.09662239233627028,-0.42748269983847254
11273,-0.3538583758747795,0.2623658864797824,0.07650154258367459,-0.098484610168557,-0.47010032873009244,0.00993402414093935,0.1498642405984134,-0.011352287628252262,-0.14113154276212617,0.04632176050244302,0.853377412231738
11274,0.060256052136899704,-0.04834135554187471,0.06140805666512657,0.002270696840646031,0.572378882916929,-0.24379812211753515,0.01865288197788295,0.00379686829776608,-0.42797252865401336,-0.04933109733331217,-0.027732049317810793
11275,-0.23457685496478758,0.2026366483119974,-0.043257917986116015,0.004033310284572599,0.02362259657073362,0.15072082058599492,0.021730035957461345,-0.1161658666835506,0.44611999847439254,0.01789778430510718,0.07581411859348793
11276,0.004876192895089681,-0.030733146469106805,0.5695408341513496,0.026160535895758327,0.06861084389808358,-0.1646759056265688,0.027945248676381443,0.17749997024801953,0.013581993789245553,0.014111250793335018,-0.07724855336641374
11277,-0.014520779382997503,-0.0638275122045424,-0.007664136139599067,-0.0804030647343825,0.07419504653006835,-0.7268596514810425,-0.08104667136866231,0.024862710211747893,-0.059411117935185435,0.013094399352206042,0.011516230519552362
11278,0.016933828699386633,0.10332206957678786,0.41219365567829025,-0.06695642803171464,-0.05491969322061241,0.016881301732603757,-0.02712449366713941,-0.0683593264523937,0.003364484346909229,0.14409944100971583,-0.005239782142065533
11279,-0.04181576732604896,0.577597052732817,0.007375992591977475,-0.04656649434766709,-0.043262134398974264,-0.1218706323078854,-0.04329653143564227,0.0008570694970333262,0.10368480017619389,0.0008752080404299135,-0.0004700759002934747
11280,-1.652128374796709,0.17249131083743108,0.007595033884689411,0.09853452339819709,0.05408346334991268,1.687075015600013,0.02911895154742662,0.054485550704327174,-0.13524712725900484,0.14390480161339214,-0.09606023938241998
11281,1.4568875906191365,0.062419954880181476,-0.006666802008774104,0.027712322329974278,0.01034813179433539,0.058517661028354574,-0.955805120166252,0.04848201180903168,0.004311623542335,0.02366543565719295,-0.13588218030020294
11282,0.958985513196162,0.010231520107262837,0.07788676443665223,-0.021729869657519954,-0.0134623656738198,-0.017934085277563933,0.12395983918787573,0.018679760757428044,-0.027280908728114037,0.0008344210291647497,-0.0029655515520721053
11283,0.5304207341264225,-0.04540353008843937,0.027456112560046934,0.07539509068502814,-0.0019058792828438717,0.053104109885265316,0.0011216906998735212,0.06975358103322271,-0.10080030277325154,0.01875508972684386,-5.954574220044199e-05
11284,0.137033711370244,-0.019713719708204697,-0.13569975704601303,-0.10603639643659976,0.11433089705722572,0.09901119457917928,1.1726440753360243,-0.01678433123163604,0.016236786915775844,-0.7740067804564227,0.08849339547776633
11285,-0.13285344001022895,-0.5289309888476631,-0.022756213022941677,0.016686704863764917,0.05394608386265402,-0.07972711050584644,-0.2518649457523395,0.021661481220502817,0.04095301563853548,0.9843625217770174,0.060645638758370965
11286,-0.07884391652569468,0.9687268554758942,-0.09188040309417983,0.0045669556487490885,-0.03891279205985676,-0.14891844147323113,-0.07508974304133222,-0.6681183459245462,-0.10785421954461473,-0.01757663993952284,0.0351165252955606
11287,0.26034111780405433,-0.045263035209724606,0.06589423362035549,-0.692443332109628,0.0097719022469208,-0.05980241973027558,-0.09751464587574821,0.8474674011977676,0.12087788502716192,0.07306729470779108,-0.0181358778076056
11288,0.09086393665849161,0.04976994744780469,0.15659849497971956,0.757083774886157,0.03006985537192265,0.02856349573093249,0.09059323321145946,0.011360861177631756,0.009233871901135345,-0.10383431668082461,-0.42495178863836
11289,0.15224842346064615,-0.09135180604550436,-0.043695865297409466,-0.02414291710191045,-0.5394511319518356,-0.13401353909781982,0.07632402146905277,0.02827117142256169,-0.003741206996575732,-0.12108685347340171,0.9268148933636257
11290,0.15356522507409798,0.11374160196174747,0.0687635803200326,0.12179748272455601,0.550309409032039,0.09589632958628155,-0.03086629215416952,0.07128372354220194,-0.15744366442694296,-0.16120331909171556,0.007643934382708374
11291,0.01925260916057212,0.22521878719251429,-0.08116311324019365,0.0953277275627098,0.007436196573560526,0.14786583948603804,0.07117367782628571,0.14354609370323465,0.4820106495607757,-0.04522906917649534,0.0319288234520766
11292,-0.030299242750260646,-0.0001216316773822411,0.6413282777378617,-0.09617658738277347,0.03518658977875001,0.013927990850631077,-0.0019493761912279346,-0.0588915045647572,0.01202696351289123,-0.1251608107462912,0.10677271294900578
11293,-0.026463518985255903,0.04882690867283622,0.05684068207015408,0.04745924673016474,-0.06790802246755152,-0.6940228128471456,0.0004819053164261721,0.007163827168290587,-0.06853879702062052,0.05334051488619785,-0.053611570985541965
11294,-0.07327566918390918,0.2439109264460408,0.4037780698913999,0.027888624537174535,-0.06788572265165552,-0.07076068952680274,-0.25289123556632787,0.04463860473071345,0.007170480856935713,-0.08357795000399527,0.11528410979883612
11295,-0.008456726528602755,0.6907715271279884,-0.01836241508989667,-0.06298144370585088,-0.0721672436319855,0.11792817119631505,0.056621769260193994,0.028218591156836923,-0.02100489517574281,0.00957810520427194,-0.06694746471092276
11296,-1.6314938940922201,0.06121689665195776,-0.10582655763972887,0.023253091002321296,-0.08481625302983467,1.7210379932148887,-0.12627665865817722,-0.01687467680815613,0.03157141444284494,-0.051022224716777365,0.015357597714683206
11297,1.3136094033880736,0.017297824778283045,0.12153024510191819,0.04856778363936028,0.09572934817561826,-0.08263868332955855,-0.9142372498836642,-0.08129351205476505,-0.09310066839114088,0.08191262679581252,-0.059002401996030976
11298,0.8785946443916646,0.017600163535959792,0.1099315868582655,0.043099784463237006,0.14895063419245247,0.10182464199280553,0.042849702029835464,0.05955051406907502,0.10399895521471021,-0.02653222992198213,-0.07638271378096874
11299,0.6501398779262747,0.00920361724655073,-0.022337634685026544,-0.0774351450521479,0.0493308695765185,-0.04757317308471093,-0.010044636244079731,0.007693736421451573,-0.09417911503164979,-0.038887612110844245,0.03600995080248344
11300,-0.1472789785203495,0.050219128601524936,0.07403335428459014,0.09169964238973385,-0.025272334645828815,-0.05410055324938686,1.2964632374515161,-0.052848203279085286,-0.1660162504434174,-1.001307823750636,0.01644646187668282
11301,0.028222955207854276,-0.3568039820608193,0.014636021994787512,-0.03890710049168684,0.09269143765207148,-0.030557158915521836,-0.06289620379547278,-0.1509959620837482,0.05126857834430919,1.006952868539814,0.09042660307407752
11302,0.04695702360651612,0.9470047715604981,0.06967728967060396,0.04490758939288579,0.016668302928459132,-0.18093124727219198,-0.1690103900946154,-0.5958315931685564,0.017086673657361294,0.0347546655913243,0.008405276687256106
11303,-0.07343630998881706,-0.07054344611701659,0.025870884175714634,-0.6218616064058068,-0.04581548566429538,0.10082316371740135,0.01715385692851163,0.8338024439560802,0.10179249147340613,0.0781558528715571,-0.004011067329146101
11304,0.09688459287267047,0.045777386512065345,-0.04170947880635521,0.7439411848355356,0.0477371603345362,0.07414966724909676,0.05155079667555942,0.16190626751128576,-0.0077027219142525305,0.026132088354243854,-0.5694435480121651
11305,0.10770654906938779,-0.07521082357699188,0.11568219668157037,-0.049995502414586945,-0.5010542188892337,0.17708291322542313,0.021166157650092016,0.0985173435415949,-0.030366260087083537,0.025734346714931113,0.9088533577719716
11306,-0.0005442257900912352,0.020941858090823516,0.044545765365164205,0.09295476894651487,0.573884343067409,-0.09163671229048047,-0.04145728784022432,0.03499155170986176,-0.2932707533307592,-0.01454279757165584,0.007237414783950414
11307,-0.1711991608164906,-0.1189983714511238,-0.026132754008783884,0.1351901772527617,0.07507373556771436,-0.04465008198572854,-0.1837667979363547,0.034801838211647826,0.5065617739025661,0.08287870141328978,-0.053626537550021704
11308,-0.05228495745229023,-0.10436084491924756,0.5809512535985749,-0.028622992764674133,-0.03865921389962827,-0.021008975934415135,0.16288384877334672,-0.05068699022722707,0.01241244080218264,0.0440987400123992,-0.04296414474198629
11309,-0.03318573756949773,-0.02937940300186686,0.06926942218407156,0.01791357359759248,0.04386329824252718,-0.631348760270369,-0.00976896539620928,0.12493551958068343,0.060618151108528064,-0.003481350268722445,0.013041869778268307
11310,-0.1654417707458044,-0.050913551769120644,0.45808823300723456,0.05200514510196542,0.00881136807358963,-0.09516635585532636,0.021961164231677526,0.0592533063820754,-0.034333245274293794,0.027440832490052205,0.031742483001644554
11311,-0.011845562907516793,0.683020701741058,0.03055139802524693,0.06710008441331976,0.024628655266738107,0.08761970845575137,0.10492596418628596,-0.04136746422115757,0.057174906385467565,0.1668979862945253,-0.021655784198249553
11312,-1.534627367535514,0.04678196771039702,0.025406522713404243,-0.13004341728039812,-0.06453146784802109,1.7292610040837382,-0.04551469178628764,-0.013565573719412033,-0.036963599040722446,-0.04275475635275039,0.02967910274733904
11313,1.3968783198706878,0.013246438204858296,0.005098001508558654,4.3499645857702184e-05,-0.024429514649781426,0.0034631611709061362,-0.9720981980192125,-0.0470681668197091,0.10827472653125816,0.014346194507168283,0.1480163682557177
11314,0.7787808899905688,-0.05509058005822434,0.27936819720254363,0.020048359048387417,0.013116488086139988,-0.1466424804766449,0.02386167701531439,0.04478787285451486,-0.002977278218005871,-0.08693816929737484,-0.051346229268159335
11315,0.6176960888866783,0.02030239088955734,0.005359882060385949,-0.011810203867155691,-0.05581914804868185,0.03321131701956795,-0.052447097379733174,-0.029759219892437537,0.02547726511707453,-0.04208480119422998,0.0007711394022526527
11316,0.03134652107442041,-0.0821242284822585,-0.03280557350413846,-0.015416707626612909,0.09026119109330388,-0.13106811893359688,1.4107442394783687,-0.11749920787720014,0.05750750984860288,-0.7026387281906129,-0.018833886889237293
11317,0.06321316555071486,-0.6468531537326446,0.0756472990307251,-0.13454284336667593,0.0782115510785287,0.004142354905916754,0.03936771262263,-0.08471136144452746,0.1356007316445513,0.9752398523808979,-0.05918959554065903
11318,-0.030231905409704128,0.9660557713990622,-0.11308784264586984,-0.11072087270935342,-0.05619324607985218,-0.13432612427106028,-0.044250207836759495,-0.5903236942683073,-0.06273306520588914,0.11685879587929766,-0.00685419703736956
11319,-0.11994210882970356,0.0006763353242278055,0.04238156929513655,-0.5603248137929073,0.09820619234878988,0.047090853379154016,0.17388588464604662,0.7041927984215851,-0.028641144782528376,-0.10657916096747752,0.014262404194720385
11320,-0.04347011365176673,-0.09160420015344006,0.01388425278683628,0.8266361262012838,-0.034480480409687715,-0.12149700837969715,0.047365264213221014,0.011071377229297024,0.02991308620521305,0.11105386674461293,-0.756985952619416
11321,-0.10956082761553372,0.16260033759572623,-0.07789891192147017,-0.019895952058916862,-0.6979079391153575,0.04903886537150207,0.15606341899321122,-0.18447298145931595,-0.0606351658834712,0.02204317491303485,0.940564259267985
11322,0.10067203609644533,-0.06503525189917084,0.01650799834589039,-0.04792416486120788,0.6435661598236242,-0.05886926824314223,0.12397347266389987,0.02207418409717223,-0.3238270169038268,-0.08181840557193434,0.053530130641197396
11323,-0.10474193196262409,0.041007102965790417,0.10678917469622197,0.06500015923421984,-0.01295038316771334,0.1791922016803151,-0.006759759240114299,-0.24221550744351927,0.49373282903654836,-0.21119682292153663,-0.05626543229825507
11324,0.12202288664575318,0.1429868693327555,0.5926428249788005,-0.028685477857672798,-0.061537867685098904,0.05874153707384172,0.01284127075662458,0.010983278888604873,0.03719769812902893,0.1788383040009127,0.2133598903058685
11325,0.03400909741489297,-0.0032578490948267204,0.004057319653031046,-0.08695768596155554,-0.01827659948261961,-0.6361858926646679,0.06261466537642336,-0.028163755781470633,0.017898912483982624,-0.05201609742219964,-0.005782201416314518
11326,0.13710471008320416,0.01829168635955293,0.4087983627047012,-0.05048369259225908,0.03472349734763206,0.025811639519375797,0.07277875115498252,-0.02318423032014315,0.0022977475632290443,0.02403133986873559,-0.012072702657816185
11327,-0.026137175003034398,0.6602958811289835,-0.09418767897711468,-0.02006982885592248,0.06320330972540338,0.2037017557482484,-0.046369676431141454,0.0050625267960359484,0.008697709286815966,0.09206363397864227,-0.014929250778033837
11328,-1.745175560373111,-0.024757088872778533,-0.00440234246683655,0.058615203399215166,0.0547625481580497,1.8420398694805855,-0.04663020341965304,0.035614600430690924,-0.11851214681604266,-0.03797633504759049,0.08347226478432129
11329,1.5167239016424723,0.0584325771072089,0.009337828806394565,-0.0001515850683129422,-0.04595113824579285,-0.020670819329492288,-0.9752620891943299,0.03433909629072083,0.0875661564247103,-0.02743998754672838,-0.0308594369899425
11330,0.9852612051493322,0.08525565500275421,0.16072853401373297,-0.09183066509221073,-0.13494983196780552,0.3117031207788248,-0.018456749153762688,-0.27652263702213375,-0.05497920509565489,0.037463480438831805,-0.03710033286665487
11331,0.588570290893369,-0.017536364608491263,-0.07602935078952633,-0.016803405932134995,-0.018473652563681484,0.12654092181111,-0.013072239793247474,0.04018232595625826,0.018264849513556145,-0.0681296475034881,-0.04240567261545847
11332,-0.12354479686124614,-0.05680324998268545,-0.034524948355232336,0.08114102315853539,0.13469223727546442,-0.23621154434449862,1.3729694076247494,-0.005916809868170222,-0.1687273258289787,-1.120084932170498,0.04396716559424049
11333,-0.054219999531566504,-0.596451469353821,-0.0890509337908487,0.03323212981044918,-0.011821405704259491,-0.19218173363916394,-0.008161851841947319,0.05604358362022463,-0.03397051427568173,0.9824951591219881,-0.04181942298526943
11334,-0.06611180898979908,0.8584572098963122,-0.016633772077891552,0.04274432874989864,0.07000061240633654,0.07596873948710532,0.09486489042917257,-0.6368710054673106,0.04762239988860428,-0.07703641697480197,0.0359289345153943
11335,-0.061937323609445996,-0.06631944918664615,-0.05319124518315542,-0.6025465584211679,0.03427881951729089,0.053900453924732125,0.06976494857156941,0.7897827499295512,-0.14654632301442647,-0.050980103530949346,0.06415743538658089
11336,-0.030262274988422315,-0.08392541737563415,-0.06106572277811948,0.7974091797077887,0.07338919302205903,-0.021546585889166185,-0.10332148467865238,-0.01830720359013534,-0.040063117838736464,0.014233287322066017,-0.5256930409166427
11337,0.07970972496779885,-0.03965575193007164,0.005923684278878462,0.08563002045752606,-0.760053098239272,0.18317684989999786,0.019214524019215615,0.12411826870068493,-0.027334665415837397,-0.04463408782901286,0.8904061230849172
11338,0.0569856818896308,-0.09557565446496495,0.06072097192255346,0.09631100463249519,0.600285288819017,0.08126550865704196,-0.14044551793201154,-0.15211695046368845,-0.3945918042106178,-0.045937045027355565,0.018872050004706785
11339,-0.029062545225187395,0.08827394506587477,-0.14217157944137931,0.05982524756230062,0.03389340499243748,0.12783323619286355,-0.12979736755836033,0.016856666308623307,0.4727239164966326,-0.05965404067341678,-0.07261588815691115
11340,-0.022558893210922634,-0.06283814657629654,0.5939180119766237,-0.04971615571155624,-0.039388410894265244,-0.08032749691761835,-0.13890111156704263,-0.13400868838660032,-0.004403622838716981,0.022385753409920037,0.08374228602405004
11341,0.04007108551825132,0.0655206312719635,0.08327365328793856,0.01841679912469907,-0.13815455130486867,-0.6575570200690668,0.11247933690390212,0.012905989124876645,-0.0035637308942181424,-0.013320067352183947,0.0882101338200875
11342,0.1302945553911534,-0.02263402460495996,0.43880863021507505,0.07868977668049558,0.06848254414715822,0.10412584151212455,0.1774767833306697,-0.06688086248756223,-0.07208635131846627,-0.03717741966220011,-0.06566271980739
11343,-0.2524383297493865,0.7089073348254379,-0.07230369103320786,-0.028494863205115538,0.021867850409003083,0.0006098326993019543,0.11312257634105347,0.056248877802124744,-0.009334315660928188,0.030466302506302195,0.003656211883956845
11344,-1.8213956298664893,-0.024799291914575965,-0.1107723544565945,-0.15169434044302513,0.027839567445110732,1.8516620356250437,-0.10101970772617683,-0.1396612904842139,-0.08465692474453565,-0.1124971453534185,0.07155556645622158
11345,1.3892293988538342,-0.07395310129386946,-0.07538148739582659,-0.03631981762050031,0.03531962493639037,0.10214454245968517,-1.0237053360461634,0.10550683977246317,-0.14564759648094056,-0.018837652176321096,0.025074871396312676
11346,0.6873201705965477,-0.02923243336532385,0.019799470009812206,0.057679605056619246,0.18587047927839456,0.1661517835164441,0.046851554100184316,-0.012286112562951448,0.11676739281235957,0.027175919725084055,-0.08495287753757083
11347,0.6320176691053921,0.03733021536148509,0.001651519969358359,-0.03922205210541484,0.06201711720514191,-0.012749064275414265,-0.00466825635493029,-0.057487208118078344,-0.014000918400477284,0.04575662040164368,-0.006065462174028472
11348,0.09579449880345692,-0.059038694376908174,-0.1213459444237584,-0.158310300527972,-0.09695555285998374,0.08392890700467531,1.2723188144871405,0.030465406513988033,-0.05379736026983305,-0.911984571693563,0.10642656377109598
11349,0.19018080819704594,-0.6737009366534866,0.005048768742699365,-0.10719862267593092,0.08357408700562016,-0.11096661548618367,-0.0840259025269342,0.010431939376684806,0.03321972429074342,0.976437121518661,0.043612262648346875
11350,0.01037147217461463,0.8973914738168421,0.054231648885311755,0.022352469305838195,0.0350649274428539,0.03562926381899728,0.10321569614825317,-0.6147374970353628,-0.04114846461030969,-0.06141535398553074,-0.029332900036031073
11351,-0.09689220563637917,-0.14480246003474426,0.015366477566919168,-0.43800296676332257,0.008989433387745377,0.2370337225346293,-0.08126478165043943,0.8148280191082539,-0.16106496397031553,-0.04712905757367929,-0.03184307280342423
11352,-0.035269151788255855,-0.0008977162789621425,-0.04088451112109524,0.8719307720477403,-0.07850779121565916,-0.03794513943402891,0.058440070252897394,0.03977586106447375,-0.0295981673002946,-0.06539389685507095,-0.3927274723107298
11353,0.0414566707192026,-0.13454525177938548,-0.21872234928930848,-0.06714016848187708,-0.26161906095247744,0.14070283948494267,-0.02070098490106977,-0.03996388318028522,0.08309224238675994,0.13049218398775983,0.8161446973526271
11354,-0.035689264347823824,-0.11928070066204115,-0.14643078909301183,0.04682933116254829,0.5573780109330716,-0.09769938011272072,0.04621232883962228,0.12914011115922244,-0.24215105176428542,0.051743274613996845,-0.05480485959633923
11355,0.05849844738344666,-0.04419963259685934,-0.044133022435482464,-0.21161597461654397,0.010970346075856638,0.13689196984238336,-0.010071363269470031,-0.17807367960273288,0.5275423690492433,-0.05752099794405533,-0.17099815840519036
11356,0.1331784374184682,-0.05290672343683069,0.621441837705105,-0.1790925255715429,0.1691576075726025,-0.2954234526474587,-0.02932207348929288,-0.1491305990336282,-0.031445366998007485,-0.09987527748160001,0.026953964729947627
11357,0.004266010497684462,0.04233169624595538,-0.0049148859876799195,-0.02909260659424426,0.1382625065338758,-0.6736879261870911,0.04794425142298315,0.08593922041569582,-0.11262738043146561,0.00976872851015096,0.01318754307261898
11358,0.1955984526312789,-0.03784518370446472,0.44169566296101037,-0.11098301191462781,-0.11519280366457202,-0.08170807550954105,-0.1551422504350282,-0.07825744977998327,0.04525629491193844,-0.0035046376113127605,0.02888719817228441
11359,0.05680467541447827,0.7278431139876835,-0.015960941702106584,0.013678747737562919,0.00792812708444174,0.07842597373610316,0.07857203887311102,0.05254915212562292,0.016753586004219397,0.11455851088732963,-0.06448395875290971
11360,-2.068228889495114,-0.03692045221393856,-0.06032944238449915,0.0033418376150902156,-0.08281025237685728,1.9316888265852008,-0.009725559206996545,0.08071806112944349,0.04717811728875917,-0.03378713320302252,0.058788490180451444
11361,1.7429821429963752,0.04903726319770818,0.00020699564046738008,-0.04366219510144278,-0.03182396280047518,0.11164142990028325,-1.0126803002263172,0.009424127657718252,-0.16283974255693617,-0.04611911384985019,0.08390484418011367
11362,1.069493226095878,-0.06635657978700224,-0.017024531421753235,-0.00020552923776072547,-0.014395822821270556,0.015745687576241202,-0.025101067305872915,-0.11181241770572055,-0.047390402823153446,0.08554078662719758,0.0515772044395699
11363,0.6203181036924073,0.007704649948629893,0.11208691595710552,-0.04638992416588586,-0.07202413896581733,0.11472526009795049,-0.015007550308470893,-0.04466424745519296,-0.06115096821587315,-0.0018801877548838613,-0.0791295522133657
11364,-0.07736736024109607,-0.04553390866359264,0.007542077380766982,-0.036043315392863484,0.04170671827508503,0.016421297042743217,1.308174480835499,-0.14239248493444592,-0.06699665533967364,-1.056424658943753,-0.006135027037419401
11365,-0.1574461612900394,-0.6346312629335467,-0.03658896173691018,0.05359789102142081,-0.005373448674013989,-0.016943856492008025,-0.014429675020273775,0.0819405860490375,-0.019959687494429848,0.7896193521020188,-0.013275831537935816
11366,0.07135556519855604,0.8300640796624899,-0.06348228744237724,0.04548740536739253,0.04856559464154295,0.11781126380849939,0.08661297440630916,-0.5471806811399558,0.03209508921172563,-0.01868153968482373,-0.09596173632830321
11367,0.184075050093854,0.03864198205136657,0.13655123352910425,-0.4763725936331486,-0.04227437711336815,-0.15203254855134843,0.013799977107758637,0.8198530241797222,-0.010842155171397024,-0.10123822226140433,-0.02697801931189606
11368,-0.18387973965397827,0.043804432359953765,-0.06988077410716124,0.7973806949432573,-0.057940305724311414,0.10434981149661504,0.08163250838366443,0.06131004674931253,-0.04896055599447545,0.019563677472159466,-0.3927130656056901
11369,0.1528588158710341,0.13708965971574225,-0.1880494797038697,-0.07347487678609553,-0.28148409097676313,0.22250844448493626,-0.10242118065868709,0.014152155576119381,-0.09330819882121488,0.06215393265848403,0.7829374357223099
11370,-0.04374893275414044,0.006466328209230437,0.0745524763214063,-0.07988954602156982,0.5920349001415729,0.09107001233120511,-0.06896254237227264,-0.013401184072406465,-0.283534971706786,-0.05272202846785345,-0.012159864191844177
11371,-0.054158499022452525,0.10482823044208894,-0.17746154487852617,-0.031860684998554725,0.04882700867422006,-0.02455433922522734,-0.2640199856261532,0.13181677601088232,0.4625449432937883,0.05119329539837231,-0.0292577597290257
11372,0.1760091980916095,-0.011855973428660302,0.6278862843117797,0.14639207335204485,0.11021188384245802,-0.1517200668874081,0.07541750337432182,-0.0922873247806596,-0.1690269072664936,0.10626032611128877,0.09207196501189986
11373,-0.010810514627863666,-0.05784476203984165,0.01553788022730073,-0.01032259524357241,0.09701355323422883,-0.6839651736540497,-0.041099517260353935,-0.0852397305367328,-0.018478027369568252,0.04650904797790947,0.0381686346753562
11374,0.072945827392692,0.16838180756919385,0.4466889825155953,0.06599334249158952,0.1434763619489059,-0.006375153519960089,0.06873997679284902,-0.038485300287453166,-0.004654703933744259,-0.0893891289826214,-0.00885034221196777
11375,-0.21625998633219118,0.6778103169624394,0.040181890516799504,-0.028564794061658443,0.04233349106381165,-0.05234207270441603,-0.3092258553470015,0.04567901105193928,0.10033790413105856,0.05346503197933546,-0.017017473909253886
11376,-1.8147772783811436,0.033268249864728865,0.05911112835746951,0.0837027787607619,0.0484533109183598,1.5733669861451154,0.2060214476195535,0.10043576031969963,0.07534611880072192,0.0780603718481885,-0.08906118544021768
11377,1.451384705570457,0.037573824745345166,0.06608240919864539,0.02675051188846404,0.06485547135997607,0.1540119179475057,-1.0003202956818513,-0.03370419383400723,0.017665425684019576,-0.0020493851108675156,-0.03889393570780336
11378,0.7412048803978926,-0.05261455479878848,-0.03614683285984829,-0.1472543615406251,-0.07295931319416644,0.06297850833370204,-0.05573051988136976,-0.16004231967300953,0.07110696840545974,-0.07299728724359215,-0.12252638163720199
11379,0.5754781500903335,-0.019013339608467926,0.0653567574620473,0.0015332138799514792,0.04343541259044334,-0.01993461454677388,-0.04438402156653274,0.019513712597495736,0.011536901838076107,0.07158052041732564,-0.04692239641428099
11380,0.028166852765477958,-0.013756063630805311,0.1595092370833654,-0.03368416832240903,0.04229666778146589,-0.09280320482917709,1.2924848396821382,0.005849772552000067,0.13590125508507817,-0.9696942353748798,-0.22069447128732084
11381,-0.06617340496814549,-0.5242375057156763,-0.026863805944821847,-0.02708110093523384,0.06403166258237213,0.1016204427188321,0.014244595713235591,-0.06363265958465246,-0.06315666671526113,0.9917498352916252,0.027711318571220188
11382,0.048156592291102814,1.015118078991745,0.0687683265968734,-0.0028995001214517425,0.046321785009873405,-0.027378548938045776,0.14552035890543388,-0.6391710502875975,0.05804036588844008,0.01655779499456833,0.005048620347889182
11383,-0.14647644717213065,0.12708996938265657,0.025026198221960397,-0.5287861004255611,-0.02433891622137096,-0.02278707734703826,0.020675631057163246,0.8494909735437614,0.05382042980070463,-0.043345873986096385,0.07520825159234648
11384,-0.04163803581296211,0.031206527958259327,0.1607044875644267,0.8013950104181808,-0.06801218544546729,0.0842399439216787,0.04870072107805216,0.025087454136037652,0.051688231379745445,0.0601180978176703,-0.3374646863442392
11385,-0.07441117769505756,0.08193426645505829,0.11041671790249291,-0.04122533321766179,-0.7100128919816235,0.01476531406268742,0.08855724888211189,-0.05646581415998318,-0.06072037981552882,-0.18069969807131947,0.8991042763581772
11386,0.2026959535784167,0.041609469382492055,0.1189626969575757,0.03981551550020988,0.6292674236619966,-0.09199184498376592,0.009451554386176036,-0.015525291378752604,-0.13132407874785723,0.05788554150871677,0.00672129937384564
11387,-0.19269581271199734,-0.017856729798773813,0.015891447504873868,0.07449652024612452,0.1272737857685232,-0.21087276319729914,0.06257344744768166,-0.06613722631294078,0.46157627068580914,-0.04676619665239976,0.0329699104922578
11388,0.12670079442343707,-0.20042835501434525,0.6684766095130237,0.06533284236188606,-0.013238258753368686,0.10771775603090512,0.09774893044063196,-0.07618220813004156,0.08160587550002846,0.023559690803096105,0.04708642397742102
11389,-0.041834972007216836,0.05475616485339646,0.01848905389159177,-0.041507167908320174,-0.1873818973013298,-0.679561142971202,-0.04474350765859776,0.010918571045833774,0.11723213111885071,-0.015029843791110883,-0.07592755622568931
11390,-0.027578724147751896,0.008513096032209674,0.4562853921204073,0.006987189648676222,0.10829020949085107,-0.2753700711105215,-0.07236460378815447,-0.1166708681208282,-0.045128625009591576,0.038162403760883506,0.06347972975013061
11391,-0.1349941605152178,0.6638956763494942,-0.02943862576245446,0.026494030984580145,0.003062884277680403,0.17259069851774883,-0.0053485949117303075,0.027730680831793784,-0.1152017136115003,-0.017145175415915863,0.03439207546775478
11392,-1.8191755513224481,0.044838179857213424,0.016018529317928906,0.02985087831939148,-0.08779112991800046,1.7665229440264079,0.07616788907642925,0.08312880244654562,0.14910063239708835,0.10329502011849613,0.10970850485406528
11393,1.111297106866641,0.11160554970678377,-0.08477706182537069,-0.028247237804772733,0.10121585939292915,0.0559846925688757,-1.0279452007085181,-0.05007994615321703,0.0022439015448807486,-0.07140803390538017,-0.05533779086889825
11394,1.1366079266576594,-0.02325307147572747,-0.054548406169672777,-0.015230698572019042,-0.02582451906235623,0.13825514036767889,0.03448283779543223,0.006149702065821532,-0.07332099550056145,0.16388189922998017,-0.011303787386709334
11395,0.5869208745258203,-0.04159545051628012,-0.07939128476515434,-0.04537572828796724,0.02094798534056997,-0.013196840017423737,0.005984128556916768,0.00862713445150336,-0.05152873186892862,0.00856511457562044,-0.026019765066158374
11396,-0.08821682727903686,-0.20177805276629884,0.08659956334258095,-0.05292557343545992,-0.0667789127275229,-0.053223667177021004,1.3983910324794069,-0.03940230984145286,0.0225342880709679,-0.9009475035232553,-0.1482887148856083
11397,-0.024967047153695836,-0.6516763724488195,-0.0008522157546279841,0.15508990484666452,-0.014846512416808157,0.08722921536126275,-0.05366866945210509,-0.0025455964149466936,-0.11634454981320762,1.02486146452184,0.02983099075571393
11398,-0.1967226321823421,0.8406562621347401,-0.08401954514254077,-0.020329643876530246,0.027782539440971497,-0.09157124313581003,0.24348652612704108,-0.6236350502445601,-0.0833931186968887,0.15199699986110893,-0.03481422918990171
11399,-0.18637034940188418,-0.029807878953014087,-0.00833068557408676,-0.4927308485928872,0.00472512595361234,-0.012456030424190336,-0.14904250266273744,0.8262442797740058,-0.05130487528360206,0.13676773355345906,-0.15315046007720462
11400,-0.015771023325938573,0.0403255737050843,0.11961171323678246,0.8164764529627869,0.07889322812842324,-0.06832314631885006,0.014934002387431826,0.028412300109398228,-0.11152477972290906,0.11933399770587048,-0.5255057109993717
11401,0.07327648715948343,-0.04437425831272154,-0.10211178127329448,-0.0653841834372345,-0.6408272247814892,0.055455749130986616,-0.13819582452536194,0.14883912149749068,0.005532390652360257,0.0013519491002657218,0.877959071434276
11402,-0.03175433380671975,0.055876368885853525,0.008347246471101397,-0.011847385782458225,0.6265096067935109,0.1845380915455595,0.01722306805542801,-0.03241756838523643,-0.31043547358774637,0.022553934694516498,0.05194273946555898
11403,-0.2981108568232386,0.0562824687818656,0.10859128779360476,0.028410989375650942,-0.018229390398500078,-0.025641354519467054,-0.05130539021560049,0.018421545871586842,0.4823907862024212,0.04710671453840721,-0.11893614203191163
11404,-0.0982951045549462,-0.14110840600791175,0.5661251118014142,-0.032037707149675576,-0.08989753448000644,-0.11318960280302667,-0.04586167176294178,-0.023419062069522344,0.01593113809884476,0.04778032459259713,0.024640503245398765
11405,-0.03880032066521878,-0.02115011165696361,-0.015616302790945882,-0.029381115107238814,-0.0040005636422002664,-0.6223100661396364,-0.03642412009512255,0.06983635948968757,-0.09324160498655346,-0.03885978638788729,-0.0168757434175816
11406,-0.07784676095775003,0.09693454860040836,0.45386996080444747,0.05587338492413932,-0.0932582129369384,0.08009657852844633,0.05609241343744195,0.03292453867158336,0.04453144667272545,-0.010075560155552067,0.06632539348496848
11407,-0.015720597642355887,0.609702404488736,-0.06705856004276053,0.009886010150579857,0.028135881921657682,-0.09092695462683699,0.10842426129813222,-0.09011503598298161,-0.10184364711318253,0.06072261397687286,0.009777466939457332
11408,-1.8855073501569526,-0.03881464915512923,0.019046578906448508,0.1471869968160023,0.10046700521518398,2.0342317675341635,0.10193920317019849,-0.059509447890319596,-0.07089932930602243,0.01883086261780902,0.2592110236622946
11409,1.3982697461098414,-0.00948779830870555,0.019404179815890137,-0.06837576419648812,0.06242339267510114,0.13551507912857425,-0.9778004873715992,-0.05120111798464855,-0.03035687635236583,-0.04904019984474064,0.08713575607787338
11410,1.0130877206222297,-0.1027423574230606,-0.08793148053482018,-0.07985247576907173,0.005762423702433987,0.0789512252987857,-0.08511341436279217,0.04396162394625552,0.030965574349250586,0.10788317004650577,0.14296926192058756
11411,0.5673493206919543,-0.019782521792620328,0.002127383364921842,-0.03955602786720271,-0.015576940924282245,0.08804439551260602,-0.013616700032375946,-0.003579788528079555,-0.07182708363673365,0.011517969982985399,-0.03149700819544912
11412,0.10185744135241136,0.01645406175628937,0.07416061941423382,0.00462216077396731,-0.057830420643271506,0.10673872264108134,1.2839268008989202,0.010589150284147593,0.01951064415359571,-0.8792606415202076,0.1310902034204651
11413,0.11257575790741459,-0.6572582901327416,-0.0425870524428317,0.12420713048966275,0.21388540348338508,-0.13902831823729903,0.06481345820748909,-0.005196754707784502,-0.11762873649638945,1.042205233365082,0.0300874442432056
11414,0.06345726059961339,0.8970993233605563,0.002754851855532687,0.00016871573421895327,-0.00801158268540925,-0.11800658148383836,-0.11912051378229212,-0.49921959968456553,0.10963863260818478,-0.08583488973451613,-0.052356591042294606
11415,-0.053695752393253394,-0.027061588490885125,0.03130850137036382,-0.5058340768841755,0.056533047150426015,-0.022718881382749245,0.07791044146937687,0.82118881679221,-0.10808704088494614,0.03493076529665774,0.14283693079707538
11416,0.07864175706308382,0.0018076361274584033,0.09670890021742455,0.8509875456721708,-0.018020596237075217,0.0007658536211738887,-0.10341723256981572,-0.06374001999062263,0.046171521223617285,0.11073305691389143,-0.6284488674406863
11417,-0.08371807856133648,0.16198385270668011,0.09367761073503458,0.10200548743135186,-0.4291591213055966,-0.026941448237031387,0.11447722818196773,0.1386599332261126,0.08969719980377946,0.04459861024223332,0.9479777268539069
11418,0.2021960345412126,-0.0021890388740494517,-0.08611529386688248,-0.04293304599420141,0.6320077772861622,-0.10192887717924003,-0.29849056368101895,-0.041890567182437714,-0.12228417147248477,-0.10517021918748307,-0.12765995831027188
11419,0.17427547239394003,0.17082587465611956,-0.17648105056946234,-0.0843115594832398,-0.000232145907703394,-0.042099398465824805,0.03834755579506824,0.014883430830987629,0.45107460291646273,0.13245539712009283,-0.0703468347078082
11420,-0.009395777906482817,0.14460867747739523,0.6050106431372537,0.01190130846140923,-0.05683731642680645,0.11686605033515322,0.032682722300704486,0.14916026084649653,0.049719775583806934,-0.15954121963252915,0.00027969429765678337
11421,-0.04616231666350865,0.019670475663238308,-0.008638208599092529,0.08841340437515396,-0.03860549912608067,-0.6651506252826713,-0.05508076020252032,-0.035628132715024574,0.04142589708686111,0.022492712672447845,0.0719771983252066
11422,0.30317033704216245,-0.052146820074735256,0.4797432457935974,0.02652795545823783,0.08257950760457264,0.046680861165136825,-0.13938487786780612,-0.10396060568142566,-0.01759417390310149,0.051231374967319,0.11235010086078569
11423,-0.005938405256794553,0.6552170208013538,0.03635845771309535,-0.06979165990429524,-0.011730837621869276,-0.13129611231366506,-0.1311787027541761,0.001736772231043948,-0.03599788673239835,0.05166869497008439,-0.06195526643387958
11424,-1.830842225018222,-0.010857734332743984,-0.1316397730628259,0.1786604865992142,-0.042312101981011443,1.5270376819766807,0.039781030201861425,-0.0008704462750911517,-0.11841290548484788,-0.3179185999780886,0.014060549737255113
11425,1.295040679580662,0.01224308339434103,0.023139552518522198,-0.03437449690243045,-0.02999625820057214,0.11261977132983592,-0.9910886010612211,0.10057189197617059,-0.059928667316326775,-0.013246188865311159,-0.11292296714755858
11426,0.935335659766007,-0.17201103450238062,0.0005988046844942244,0.0973473146812003,0.03074867962314872,-0.0454954381654203,0.06572878271023935,-0.1279952687533665,0.0983526024721436,0.10015100289604022,-0.024119274510344353
11427,0.6282799067511965,0.053532125956827395,-0.12860703714031665,0.05801012636898921,0.020222452238713388,0.05529810810298619,0.03311767977405038,-0.036473611672901925,-0.027027466202332963,0.0005353556002930353,0.008005533924963618
11428,0.02274496837230865,-0.07791039363525262,-0.05099426668395298,0.023902284764632645,-0.12137686101679948,-0.021759404017318927,1.2828355387205626,-0.03612589286878273,-0.03572462229650741,-0.8794915279634581,0.021199947697639648
11429,0.23524228958062637,-0.7442154902741795,0.06128777800808073,0.07077281393057439,-0.013518080433560384,-0.09995689522513121,0.010726345888847822,-0.04714702330011533,0.11788306896837948,1.1257384371372259,0.0864483608212179
11430,0.08730284680828584,0.9449852941607407,0.054523060256902005,-0.058057492272287126,0.12599635657773597,0.2385699228748931,-0.01055196351802321,-0.6135418098055075,-0.12401229798457808,0.07803447683989347,0.009597018215605144
11431,0.03207659494623669,-0.014554943056759988,0.06906605067070616,-0.5381463333332444,-0.054760110147931286,-0.04474762017048857,0.052350573528738405,0.7975913945092062,-0.047238039190398984,-0.10725440912737885,0.1001678721267441
11432,0.161956341665184,-0.0026574244801970725,0.02683283535018609,0.8366263395383117,0.023861530357324655,0.04605647750460114,-0.0025199444870435614,-0.017475956863682852,-0.042696199457658165,0.0723790185489038,-0.5461190275411056
11433,-0.16839704653216528,0.20874264896635672,-0.10086235817573233,0.001143252665766461,-0.5959853900204256,-0.09572390611579437,-0.04090694676666998,-0.07256206567632911,-0.019035496636137406,0.10206395671106279,0.8613920215935544
11434,-0.030807209212508326,-0.04776700425078955,-0.054523903185239336,0.03590395200441318,0.6192253592385409,0.07535301192472213,0.20921846282286657,-0.1266975940395473,0.00412265888834995,-0.03673670268541594,0.009022460728628069
11435,0.25595358841103455,-0.05787650182250148,0.09144730846748951,0.019331146958836365,0.036455396147101894,0.062430392977212035,-0.033441391713081844,-0.03365303867470794,0.45789848528588756,0.06149467685057442,0.0202569160936966
11436,0.025174101168047202,0.031978086758095665,0.6141214964272419,0.09639729104035476,0.10258594307841565,0.08900710860972315,0.20449762386486933,-0.13940921763742198,0.026573782155163622,0.08329170476415365,-0.08459397668607116
11437,-0.017140699913187327,-0.020035296966398237,0.08432286781184582,0.00566765700849861,-0.11156830466144414,-0.6863237163845117,0.028291776790011446,0.043935009808636905,-0.19769354699458566,-0.05981814329744881,0.050506547408144344
11438,-0.0806804598412895,0.19079728621784825,0.4505796942281845,0.09116909051153155,-0.049496407496353825,-0.17815599497023343,0.07136265281485712,0.0024482076776257567,-0.018915376360334323,-0.09481342492881499,0.029453999998784314
11439,0.04057390057803432,0.7251048256585684,-0.02091704808618594,0.012285853122643051,-0.04725651328241319,0.0887601500346303,0.06237868148573576,0.021904393580330542,0.009581214652754189,-0.05038861799506333,-0.06608338156737241
11440,-1.8099559487791277,-0.027841385918799894,0.004491186628513833,-0.08603534744888136,-0.16314490886746796,1.861416553530342,0.02261581826789111,-0.06860061454436503,0.07779762578020456,0.10614840762580605,-0.21837765041126478
11441,1.5457674448695464,-0.04641753625439751,0.03264661281270633,0.02088627422314033,0.05851984929205717,0.1060541155624448,-0.8917399009788953,-0.0036806469053451375,-0.011558184204524868,0.007382806069483502,0.03288061965870694
11442,0.8316698410223694,-0.048779832950915404,-0.036906620641810564,-0.12095671226958182,0.014410722489972059,0.12323527987801372,0.08841439689497183,0.009064210742312081,0.03603619906504857,-0.02400963370276974,0.10217881120822644
11443,0.6436099798234468,0.05554539501615064,0.0703876891060792,-0.04977094999731165,0.038913295043785406,0.026029197309139183,-0.03281705868701954,-0.026543700955269672,-0.003211423017255275,-0.04995068369090659,0.016895632471332644
11444,-0.1684946009880104,-0.05017220973380659,0.10823896533956051,0.06698383630543947,-0.030242804615773927,-0.06396654548472909,1.2073039025079761,0.01762099386470242,-0.17127751830010035,-0.8819508541815252,-0.06699345347560651
11445,-0.04834534284677039,-0.6267183596227985,-0.13271455085273418,0.009374735842981364,0.0717754684213879,0.09801805860109306,-0.03900571753720541,-0.02842045489990634,-0.08295401445382403,1.0020435785210002,0.04046127565878617
11446,0.17124987543370954,0.832043057314104,-0.019535584437869354,-0.02245011438968399,-0.03874474460172663,0.09623856224987351,-0.19730354276965575,-0.5402914426633336,0.004039667707995959,0.007456013109285882,0.0468878114999774
11447,-0.2409506099557741,0.0023561548774135056,-0.1780607137072548,-0.6270557956465904,0.08005721423613171,0.10643531418049931,-0.20933709510732126,0.7886905725112165,0.05061672211308414,-0.06497146448716998,-0.14549654789026717
11448,0.2067120021709604,-0.10131913524299986,-0.0037754477065635138,0.7443087187191042,0.10485353215135305,0.06313430462139602,0.06208186781808491,-0.14881293224825484,0.01791772096723767,0.13407299944996892,-0.49308140721934296
11449,-0.0376935898406129,0.05273950333034905,0.02531771665266614,0.07448329300147029,-0.5863799932192821,0.06205525482466347,-0.15113758059353485,0.06779083797992887,0.008659218572771802,0.027043739326553344,0.8624577906301756
11450,0.16180095282999377,-0.0818593665173876,0.01577367812268497,0.003335871884667046,0.5740398074269852,0.010043041002536788,-0.10210844766735432,0.05274095182379237,-0.205236750992033,0.02678053860667046,-0.05450144123666705
11451,-0.10697170350615881,0.15963580988637727,0.018427353755945494,0.07183894074104641,0.02968918289906957,0.04954098805158966,0.09885605112228112,-0.013717645730562935,0.4937797790511116,0.0052375705622798386,-0.0030598571097581084
11452,0.049261989447072385,0.14712761318491158,0.6395793085440741,-0.04077069959861107,0.16268705493816374,-0.10444752295739711,0.13017509099139202,0.03165900558693376,0.019251652783237212,0.08126089293312166,0.0465045310334473
11453,0.07978928556797892,0.14739671601157944,0.1056962240288212,-0.031009375644005466,0.08857703325050346,-0.6327004478382632,-0.041053988235885394,0.05984696194380135,-0.015183339489050637,-0.029667940477786127,0.10630414417822516
11454,-0.03477394554314048,0.13668742166932227,0.4467459066909893,0.008944063419444231,0.044137119321867396,-0.013620928527294874,-0.004507651193439536,-0.05686926197681485,-0.040061174909512005,-0.02775726351728495,0.004574262276194894
11455,0.0958357729343401,0.7382583934274277,-0.098276740425589,-0.045078388320959895,-0.05472716246711461,-0.09175579016844877,0.08959413774876494,-0.015754779586487522,-0.031390130152908174,0.044053706601221744,-0.03064188861878877
11456,-1.855508846094274,-0.11975331336814979,-0.0531137918546683,0.1008182458613031,-0.035247787897231576,1.61478651991241,-0.057332711841241,-0.06460395622333263,0.08243089630426058,0.12325998001518389,0.13830410525723275
11457,1.517041638103604,-0.028106110914695993,-0.047375454062231356,-0.03847608257117381,-0.09105587401510465,-0.1414034160036118,-1.0248695034274498,-0.06557006791250504,0.06444075976013525,0.009290994798557568,-0.09522137945510721
11458,0.8475817811913183,0.015325446313088643,0.024974843249683996,-0.09844687127528419,0.024827346794898265,-0.01009943791345836,0.13013276879718605,-0.08134531421927392,0.04172603269374328,-0.028483889108651468,-0.04660872515521388
11459,0.6034236482799447,-0.009265141931238627,0.06755528028872688,0.0013901826807086225,-0.044347293548805,0.007167521789309364,-0.002264441406393854,-0.025030849599357675,-0.013117985595626009,-0.03488121616186511,0.016711598141641807
11460,0.05271001383262435,-0.08400711589061453,-0.01015966034316241,-0.0071080934541038025,-0.07514794140034485,0.1119698040138847,1.4007111581002465,-0.03299925700867973,-0.08542615892906001,-0.8636517757387182,-0.057669158983725655
11461,-0.026966268687421076,-0.7346380768360583,0.0035885668220589965,-0.058763514648213847,-0.04563494082715589,0.03818843023158312,-0.07413223496504294,0.07195984001018461,-0.10693350440824914,1.0348275525573758,0.010169267166485684
11462,0.04605031555359569,0.9154533767281122,-0.02142511923220213,0.06498882843231922,0.02002180965261497,0.12591767032683623,0.10220464692669859,-0.6527470065685727,-0.04222833189553543,-0.04206910854363417,-0.05896606668161993
11463,-0.05681633036527752,0.004810169572742697,0.028456883629887186,-0.5143926670632923,0.05364107866899822,0.021547652251269627,0.014365781061555727,0.8854646023123428,-0.07215250661297186,0.15324826039942946,0.0955130960455566
11464,-0.20564172802225894,0.06668669604136193,-0.03695837306018974,0.8366739569623619,-0.18426495690618483,-0.11805879679084749,0.12957256765657543,-0.045794503872353225,0.07569025352438251,0.18808181928575723,-0.45135774252564376
11465,-0.10376975177420329,0.04843162202595112,0.07595500101174427,0.002831611227651597,-0.5730696913895019,0.06837519510099385,0.09864362656570382,-0.09476368844484252,-0.07125099951654704,-0.09229570676742531,0.9403155360245569
11466,-0.2175151017064278,0.10392606203568001,-0.040042604331181085,0.04813914617592671,0.5655918969668313,-0.10980322736050166,-0.03014764894384275,-0.01026528989828337,-0.3756573393951733,0.11262535601106936,0.010879587522164995
11467,-0.21993475927002754,0.18217184318140114,0.13964033706690654,0.12049393730350726,0.04492618924006332,-0.042937942063205455,0.0529708200903442,0.024001297859657704,0.49713646775447795,-0.03418783272369312,0.04481331756702652
11468,0.21356171479338723,0.10411510771803667,0.551732566190895,-0.08162882190228306,-0.034858836028166904,0.007880361871860267,-0.12412234408967396,0.09222223524110576,-0.10594751559287416,-0.01212811175682203,0.05576199232408171
11469,0.02761890741633661,-0.04058771405757828,-0.09288952685738243,0.04078031361645916,-0.006469406994816027,-0.6080698743573405,0.09952827863336572,-0.04710487628016568,-0.005683608815282459,-0.025179325042391443,-0.04116560692771081
11470,-0.05993710423675144,0.007850148140304694,0.42350476276773186,0.11490639444370253,0.045317517008040945,0.058477483613857476,0.0011448318724897812,-0.005952187834338089,-0.05918116775206617,0.10552746590915568,-0.08877694598365225
11471,-0.03138570800058958,0.6843376234829416,-0.018966713099204665,-0.07714562922485094,0.017703819525203557,-0.12639659093192723,0.12285975464134427,-0.03270918552598184,0.16471072785916815,0.07214804450907998,0.018376548405177058
11472,-1.906540162221142,-0.14751390835961836,-0.1193960990706935,0.07783364658903272,0.044898437880085795,1.8551976617747956,0.022154937947667066,0.12097266430725606,0.1607444203602674,-0.14236194846900413,0.02622773843138593
11473,1.070728345514338,-0.09892421248301474,0.021546035196490385,0.08381650409899555,0.04560303990137215,-0.006132551351223406,-1.0159574076403806,0.028754088825390035,-0.06145775340390372,0.0802089643725544,0.03359780112029986
11474,0.859511181757618,0.01805890750466424,-0.09070212491880257,0.03980741359995878,0.08494810765681106,0.2488317507310715,0.01613439996863851,-0.008797948886577854,0.13809301644169705,-0.10077123146807289,0.043842051393427485
11475,0.5806135352259113,0.05057211803012749,0.08317155409923306,-0.046715900649904496,0.039215834946412544,0.030578817105498916,-0.006761410380978151,-0.013769114484124786,-0.015931827380650132,0.02894331557289826,-0.021427265915728366
11476,0.009539358475935763,-0.043900566427307906,0.06433805500303452,0.030822885868704283,-0.05433788931240029,0.13014359397685213,1.1154749597149645,0.024749221943297227,-0.06864014223224292,-0.8535652534732217,0.10579878256618551
11477,-0.03226778680364826,-0.6940612469735068,0.16773221805428173,0.005643999086790118,-0.11562548330958479,-0.06494978450673522,-0.030057789777807153,-0.12306906443655952,-0.08819610254847655,0.9394543558518097,-0.13420088245947237
11478,-0.32734939881276376,0.9110732050432567,0.11429156750969238,-0.03540523072373153,0.01979701168994517,-0.1936027785520603,-0.07683627217136875,-0.613839156361594,-0.06281879226166101,0.010398818656625536,-0.11702600521851787
11479,-0.1258901600287617,-0.11742787573336474,0.03331971188358323,-0.5325428033629317,0.05572024082174385,-0.003887981149197653,0.18966936512747018,0.8587749464020916,-0.06481391643090842,0.099873422807503,0.10220053195168285
11480,0.017596291681591297,-0.0714356222675014,0.08228115539993017,0.844933316549037,-0.0349063554471094,0.057635986117609846,0.08915997774956277,0.135860995555918,-0.043386271976098,0.056767821348560905,-0.3489419314428107
11481,0.1361919187469871,0.2852075454479132,0.0366966762376498,0.012042484125748857,-0.36164916218468424,-0.02245898245166253,-0.050281809232713345,-0.03678011626133062,-0.1479988155631355,-0.02934470476552391,0.9385012782158124
11482,0.1259710089111783,0.055297432228985574,0.010894855035338824,0.0830307415063264,0.6322540114680718,0.004527182847251598,-0.14808923863484355,0.0380248614524336,-0.25671215722879337,-0.04905814865314485,0.0400977951228097
11483,0.06655525436845645,0.05863129804312962,0.07423900804606183,0.07073966450421139,-0.03320959416926051,-0.058747978898834874,0.005898406126863354,0.024645790532432814,0.48347775128346054,-0.20543887737149633,-0.045572715042445776
11484,-0.17594498114961526,0.09146011373493569,0.6081543228693419,-0.1423263193970355,-0.07198437033473934,0.004540044320031839,0.07171654021311817,0.20710328257433874,0.13781737719609316,-0.03822360321779433,-0.12421190919495986
11485,-0.022187915993288627,-0.03610132149632755,0.1486432437349707,0.00723250877475939,0.1075592013916144,-0.7375808589564699,0.07103743064490627,0.06924455126991749,0.02517553858823716,0.026903555270841605,-0.07904322669375302
11486,-0.17083203798879965,0.1482178062977749,0.4153558027938517,-0.09531453945975607,0.12553017097680833,-0.2833680111406779,0.0911507996922181,0.07234952483815167,-0.06140690233851358,0.2230221487725216,0.025012059683806723
11487,0.057747597233382,0.6502941678859688,0.008410382247215999,0.0239523943113822,-0.07408859616573307,0.07175036333238606,0.0738660895199148,-0.015329208766065385,-0.05237206377974637,0.10565574663540699,-0.009839728873219777
11488,-1.8853817715060623,-0.13919606321982206,0.06346902598645919,0.03459486269538727,-0.07853106057763735,1.749787457938702,0.10698556385305504,0.0019135776369063702,-0.07415381667019291,-0.03318132055937474,-0.10906528767628237
11489,1.280089273436839,-0.0696536569256677,0.04046326105298518,-0.010932970855669043,-0.023073195757014178,-0.07739943958359173,-1.001761909567604,0.14638462842355332,0.016763311735961194,-0.008847222265198369,-0.02021354895250869
11490,1.0181980979024488,0.07577783990560144,0.1253280972142138,0.019404499907642783,-0.04018491218110428,-0.08046253078761935,-0.1898419448153215,-0.007221178998510816,-0.1398138145491373,0.023895198177991742,0.05777355820574084
11491,0.5834270038034896,0.03174892458172569,-0.056700179852659384,0.01318164536282248,-0.006372394478894056,0.041799311168886154,-0.0017560956649383269,-0.01677487767026582,0.034092426287099985,0.01545761626334693,-0.0095271077522171
11492,0.14975025067217843,-0.017815585210944285,0.04796227092654242,-0.1915872089243676,0.055340884415457675,-0.1924139161826492,1.2107294570470701,-0.024664961877878047,0.026476721187449696,-0.8800310963514955,0.0059856366571945565
11493,0.024629142633037393,-0.5283800033733513,-0.07706641142080185,-0.04671047247585674,-0.022488105453850982,0.032626445642729526,0.09145709782753197,-0.07361863647154837,0.054195411793014465,1.0816932521862777,0.11136952309235598
11494,-0.02317702020830322,0.8669792048522005,0.02181942047921455,0.020657584702675952,0.038374369085505365,0.013361877741171693,0.13323672329387656,-0.7052904904471187,-0.0046116902312271085,0.127284267422908,-0.04146452204196239
11495,0.22565938358011545,0.11884731424017535,0.11082940300954752,-0.5562586868919956,-0.03379432475128593,-0.12470468417380617,0.1432174303634123,0.8485859992117121,-0.028473663300877635,0.040264483306846816,0.034116838732246524
11496,-0.07812294334883076,0.12647161916870076,-0.04675012281293105,0.8087899710199642,-0.023922634095288324,0.18662933846054716,-0.020493230201733298,-0.050375787481702884,-0.0843718313045515,-0.13462457173700515,-0.5808095946511124
11497,-0.025430234770999316,0.1575495201254869,-0.026665558772199265,-0.10911839518790603,-0.5517631305216337,0.240544351781186,0.06680837124054638,0.07451750523436385,0.0015306423989159138,0.16823737633187436,0.9265345561263914
11498,-0.1955917333301212,-0.008200729918210662,-0.062237121941080886,-0.06874637849433812,0.5652187570880312,-0.03208631819016387,0.21343300265621615,0.07571515287581268,-0.20990164543697404,0.12611194776967993,-0.008001133638051935
11499,-0.10883336156766804,0.017011611948053874,-0.1616062404247221,-0.06207569022593501,-0.007892299004846911,0.19427601091041743,-0.08480960528689818,-0.015794736282807975,0.4860259214134366,0.08651346752580476,-0.03424392563512499
11500,-0.06662179673330242,0.08871757575577295,0.587896130429644,0.03562898846378449,0.04085374142911716,-0.05660601586218802,0.08412732528928762,0.16618218997977025,0.07176391457618209,0.006001711555527929,-0.04907116317553208
11501,-0.030507899799882846,-0.04493506571412344,-0.03886135687860993,0.047500300023000465,0.04414087710659884,-0.6737861976534717,0.09566875828244248,-0.06973005463837136,-0.05896466023364498,-0.03903222234651383,-0.01947718453459151
11502,0.22687405942048525,0.03438786612944834,0.44983234097627395,0.0029270077055926257,-0.025200050222769346,-0.2735266694575,-0.023364677057580843,0.10456623595875836,0.0017833927125159358,0.04554455263934332,0.14043594296175244
11503,-0.020214609501753446,0.6995636540570678,-0.000775125712782836,0.08611261505207095,0.048919543016229014,-0.006217831374648444,0.06693964081061027,0.024205085492437543,0.09782511545253891,0.0024498255160759676,-0.05117771304202315
11504,-1.7939193159680649,0.12364841720467623,-0.041057426442044395,-0.11873220585727631,0.05416367469829388,1.9014515811591788,0.042813924092327024,-0.06354306149135903,-0.004313139503166056,-0.10411739116647863,0.0482973191794228
11505,1.49705085274694,-0.013213795258655205,0.029567738537761224,0.05776797958700089,0.06367587016259053,-0.0339929549496388,-0.9908241305918923,0.02844114676208282,0.046578738358641555,0.08125247678569822,0.004137808882748174
11506,1.0005717666480374,0.048644737172562076,0.11489481748902103,0.10446324183418783,-0.02415785976708644,-0.06555486841619927,0.13411298902012178,0.1474727531262362,0.007916506629868779,0.06478676932182842,0.11012520006156318
11507,0.5950437315285899,0.025234296296164298,-0.020726919480269064,0.03265224455149368,-0.041268767796535294,0.07601761396940154,-0.07090709545651154,-0.009504621723540765,-0.06996552447590298,-0.05898362770006038,0.007177452819450889
11508,-0.13096978730545242,-0.06354338982942731,-0.08181262603010747,-0.0887987496645993,-0.05519330303085924,-0.03292660109257672,1.4335708092166706,-0.005795070700915561,-0.10850017765486182,-0.8636149869565346,0.06927073455107867
11509,-0.06162108746701447,-0.8101756747104034,-0.0810124915061826,0.02853363395282074,-0.058760788723521355,-0.1665945397496164,0.14411679200222555,-0.07087905458090005,0.09487672654555242,1.0167892414018338,0.10156488511688107
11510,-0.09298549593171251,1.0209873668587715,-0.027048442288332815,-0.07668578102390472,-0.02920380843869328,-0.16793235977334814,-0.0509124453664791,-0.5861571578499346,0.04865889002245957,0.10307891097235232,0.0475348223232665
11511,-0.015583296697869028,0.16409985957365195,-0.030309371684398234,-0.5599187556443483,-0.020123601706388577,-0.0056596663969768705,-0.005477349646717576,0.8512218663946368,0.04521740944287929,-0.05862461894109313,-0.131782084372236
11512,-0.03156076330552875,-0.05014909898308111,0.10599841791845466,0.728890237238621,-0.007121276799364716,0.09314464903497895,-0.05749378362803824,-0.02273261871375362,0.0588025089619099,-0.0166793642995724,-0.5581410509546666
11513,0.0371744399573027,0.15843100222540457,-0.033805238620335645,0.034432562214376176,-0.5878676920635327,0.0520090132852249,0.06498571789254788,0.004996619035608965,0.08917114474101265,-0.08555449997555709,0.9111126931189648
11514,-0.13337220351847484,0.05381766239771755,-0.14415972861561038,-0.03225062595057002,0.617722859196989,0.2410374061871205,0.1275658332041346,-0.13342728172510293,-0.23313169770851347,-0.1347289945442758,0.049178965749705435
11515,-0.008944300358762381,0.08418392477652997,-0.14705771640253096,0.022873036688982006,0.13258204632920836,-0.1525832749554132,-0.2155597248264808,-0.0030873058919140203,0.46802151507964534,-0.048592913461574454,0.09786385440339784
11516,0.048653413199672715,-0.18367515824194938,0.5733229836572667,-0.07882827107346693,-0.0439288663426351,0.23016229519638817,0.22301490529721138,-0.12938144704205784,0.03590007220411097,0.011202149869445854,0.028710841003326198
11517,-0.015850543723895237,-0.07887143117978229,0.03383140069264263,0.03290768874043882,-0.03267328608169598,-0.7157368069296476,0.013756472264020743,0.0545252327742246,-0.048710890979569495,-0.0465909877287179,-0.003023489875699859
11518,-0.09169430006409668,0.16948795869354374,0.4288643593213849,-0.11085085133643863,0.10705008179168393,0.022104331171811105,0.06577487061487287,0.1234128936660084,0.008584025755229794,0.1526576118397249,0.005782740114149365
11519,-0.135221562466516,0.7595620541710779,-0.06644891834382817,-0.004190292837995263,0.009716072757552596,0.11903420212918527,0.0049115149348058044,0.004394293889693603,-0.08117552639888809,-0.07725113007264386,-0.02780681427300148
11520,-1.7614230312752275,-0.08249635000494074,-0.13993570876234213,-0.11665231292267875,-0.08449413202328777,1.6734655327444379,-0.022562844799241963,-0.009662271447511464,0.2687927894867927,0.06383397135156481,0.05905255661673594
11521,1.4895738597999555,0.12043314356004205,0.043191775800539206,0.06302064345297656,0.15137632296841438,0.0917832025444713,-1.0383220428238908,-0.01071088266518052,-0.181457804316136,-0.013056793042917408,0.021496950704327562
11522,0.8355286466731695,0.08510474432899523,0.06872868614107666,0.026663738866172796,-0.007711690960754186,0.11948550724063298,-0.07010267916102297,-0.13782416045517032,0.025815947089870523,-0.031480582834010236,-0.012427747748313133
11523,0.6350192569813292,-0.07871585953191382,-0.03849133317561154,-0.037519271923974494,0.03683759629667367,-0.019990824823075966,0.012282230958320582,-0.02161784284610732,-0.06371315516341927,-0.05362619926810704,0.03334196659633237
11524,-0.0014057017500429055,-0.17598313335434074,-0.04684877442565707,0.06380556357436021,0.0696728737781093,0.1796924908344799,1.2063061916388231,-0.09060246220972519,-0.0723113924191024,-1.108688423158977,-0.038332478318156074
11525,0.07623150706204913,-0.708138211798108,0.04213392240213476,0.06222429393538439,-0.00772842626331201,-0.1204147318872455,-0.007502683030815633,-0.029723752810388606,0.033134282056270344,0.9680299371675887,-0.020817925443312135
11526,0.004690728706115015,1.0049768425437662,-0.003044909685550108,-0.009318273582735435,-0.018478869992840704,-0.14360177665590346,-0.09386479504970603,-0.5444652011367601,-0.12456899531139656,0.021063717354483334,-0.02707321924348903
11527,-0.02929178965897471,-0.05547215536981316,-0.017865483148888056,-0.4296307767398123,-0.00910571185351305,0.09787020523708734,-0.22607963960236377,0.8570487001276307,-0.014113379261870758,0.0002746004812013798,-0.028139887790327497
11528,-0.05327840435945826,0.12140484196610021,0.039958986142165476,0.7471042570371261,0.008430188655227948,-0.09651495834757128,-0.00195129936525103,-0.14158208195737104,0.02038689636924482,0.057664435984193727,-0.3117233369055292
11529,-0.21476819227496993,5.6256767519924106e-05,-0.1114278086282601,-0.12342177756177802,-0.30511431491757096,-0.0979696694161596,0.14883678352979557,0.018403491403522997,0.08208332332697016,0.03298301356313905,0.8805666263228252
11530,0.13075178343218194,0.2422865179710415,-0.05468562530161934,-0.08782606642003167,0.611778893781029,0.014924409133492172,0.15168998717595772,-0.02478083712236253,-0.4113336722885119,-0.12786588304228924,-0.05810594679381559
11531,-0.12808060136634314,0.04795668021523093,0.03020255664232656,-0.1090396537692449,0.00047382093931518945,-0.04162525460285491,0.041872124536003655,0.12164482845504172,0.4637340572434196,0.14417329532044354,0.08831715061382509
11532,-0.026326740051326257,0.2886890895378884,0.5796651554877023,-0.016378384158310163,-0.03255118368924534,0.012524609217290978,-0.025432077806030108,0.08390705246026899,0.07218961786161104,0.08242507600209358,0.002366339133318936
11533,0.05296741279699593,0.03834943659611505,0.027204840274052983,0.0777638490018795,0.041973320163462405,-0.6693998452883333,-0.0035682419334980855,-0.07409385722022709,-0.09257366737379222,-0.11143883618632966,0.028091010366085717
11534,0.12439924390108364,-0.2441049505598835,0.4407371986316756,0.1927863372585809,-0.19745751286230612,0.04802083180063848,0.23540920475362007,-0.013746006414799646,-0.009659372650058156,-0.017599170051477424,0.12011308616361432
11535,-0.07585045893234833,0.6796428707137361,-0.03363093010454271,0.055630956623236055,-0.00777349077342156,-0.037341237441896255,-0.15746569452699866,0.04557019583131823,0.013581589681491858,0.039942879342653816,-0.10358946672321993
11536,-1.6530187677461956,0.07396718235960396,-0.13468338754929657,-0.08401424548396332,0.048963548099144286,1.865170631244161,-0.052887291088390735,-0.03210506661638402,-0.15954525898962052,0.15177867221879063,-0.0851289151843388
11537,1.3990035532715943,-0.008410762906273475,-0.050836024776802484,0.03703598774313697,-0.003794655686820242,-0.0763121930941145,-0.9501221405666325,0.09003134457447115,-0.029180932359625118,0.033777013389499115,-0.15606952330032237
11538,1.0165870444817984,-0.04628911933513015,-0.11880321646770457,0.003046461436409891,0.08691930172594674,-0.022165366329674217,0.09617860188166426,-0.006159392703578827,-0.0826309526337544,-0.10088135605410932,-0.05759376129277132
11539,0.6231107223188975,-0.014946991667836267,-0.023303248323360625,-0.010615255861572215,-0.02607183772731156,-0.023070723935735366,0.07351875774868397,-0.00641449490983987,-0.09766509000310487,0.0388400014460019,0.011518703140383786
11540,0.16048658485149958,-0.019045202786678823,0.03154379980746809,-0.021435456698918057,-0.04287477063552263,-0.10372521211983249,1.0934966495637644,-0.05132721256254903,0.03778944971535774,-0.8933275575094243,-0.15601198754582987
11541,0.09875934960885376,-0.6675405184948949,0.0001608199722428743,-0.024463816827549167,0.0036349879059898605,-0.012990147326931111,0.06205095244973512,-0.05210565065288437,-0.060588977152571596,1.0020370823679963,0.07480820154466573
11542,0.05581531465953031,0.8924174539525502,0.06641856095369447,-0.015087120020176321,0.017308168475474315,0.11155964825505628,0.04561525273764091,-0.6970580866301455,-0.07400718234210804,0.07714315921735997,0.13724554550058385
11543,-0.0002164304203111432,-0.06300468171168215,-0.053006158220893655,-0.5665798667966269,-0.14842448458957008,-0.24123172460742703,-0.044166530349791525,0.8425323659882776,0.004119335403379561,-0.08927607577250735,-0.10186437028437309
11544,-0.19915947329596548,0.04067653462899976,0.05828614237982337,0.7591906586144022,-0.044011285157648496,0.029184887428203257,0.20540608978491082,-0.07165887378500348,-0.010137141138534636,0.005225698460673464,-0.37990791307404076
11545,0.07361967853607013,0.04497627606075318,-0.01330795535906171,0.024122782432241724,-0.6567421954330916,0.1630743873180942,-0.09406449545465162,0.06147468448798495,-0.10902776634177704,0.024742451371762685,0.886760970505342
11546,0.08768896655274036,0.028037111179795446,-0.08603063621887794,0.04634076368960755,0.6047539179258233,-0.1088744831578488,0.07175536132845196,0.052833168333167764,-0.30742160536857843,0.0804153299031525,-0.024771539137468136
11547,0.10015397307032978,0.10528742624342857,0.008927441352387766,-0.011990319388995873,-0.027268021226497477,-0.151024805200245,-0.10152804273966613,0.048524533787449385,0.5163393525186478,0.022992852710166267,0.01664135022331302
11548,-0.08448102306637095,0.04254492393499399,0.6091334067360474,0.15278784034534307,-0.04172495023941798,0.12232361565265645,-0.2822731486807729,0.013643592258339277,0.08437491449898915,0.08766152401180934,0.2018709772706003
11549,0.057711029716529354,-0.06804660323102368,-0.04041692319799962,0.0387925984724459,0.023861130933691403,-0.728291464981598,-0.04805022240749521,0.0461983275281439,0.05054192184952326,0.031116525696437195,-0.010543640340178883
11550,0.06401040825352029,-0.008432431919040249,0.3958465916223021,0.01731925438513497,0.06873330629467511,0.141938835684046,-0.02991550941709448,0.15740060824770383,0.03395266468074323,-0.07019788347552128,0.008856290787693177
11551,0.24064821977209294,0.6621090512380529,0.11324386338987617,0.06170874191639017,-0.08162398294243738,-0.026324805446704555,0.018883484233208642,0.018127038199875916,0.0684552929536576,0.022869611206810955,-0.004342501270236061
11552,-1.6881294614596165,-0.12985644473201755,-0.0009144242120010162,-0.012806744798509836,-0.15697534146676514,1.964689125949533,-0.027215008139909,0.15168510947616698,-0.09022034336505642,0.0211911517337732,0.13025912471647144
11553,1.493917630451152,0.05076325847978897,-0.042880944760848846,-0.15258959163139868,0.0685342508679805,0.13670372303488643,-1.0101174529969026,-0.030590908877066274,0.05189325073533994,-0.011631533795233922,-0.003942977107747103
11554,0.9894136237011035,0.11903292924537448,-0.06322327178963587,-0.08804583613051672,-0.08616530402131978,0.020132682070347758,-0.06576217427199922,0.0007319166980068914,-0.0202696851503172,-0.09170398260329639,0.06233564963250224
11555,0.6465467250500473,0.03770916561138294,-0.07363524397605477,-0.06819501422210326,0.018326421145742976,0.02374342469192007,0.03341816683065597,0.043903422350764346,-0.042159541090029964,0.037683401792812675,-0.022720857378010998
11556,-0.01145064826554979,-0.0019906280461215705,-0.07005136637683793,-0.02966432587262416,0.057101916563368396,0.01618294807474722,1.4292693290569265,-0.21385105364474105,-0.040927893724203405,-0.9460766354870537,-0.006957934909593896
11557,0.061693389505987656,-0.7653149225382129,-0.041293699332987883,-0.014546437759883365,0.1022741828327884,0.12633590707855358,-0.03656025525962684,-0.17423875609533054,-0.14722571782871674,1.0005182146988796,0.0515060261369938
11558,-0.2500518450268426,0.8624778866956918,0.008591434259689043,-0.017842955543901983,0.07596547200069304,0.04288636083769712,-0.051040380330454015,-0.5877142562866506,0.11832978155724785,0.10729129335783158,0.013357990252486945
11559,-0.04086638105734022,-0.009528304304409704,0.061921573070389535,-0.568202092486908,-0.04602293627698607,-0.021194314980688425,0.12261582316639043,0.773120871590019,-0.0126376214527632,0.02378049221611775,0.032432897672483786
11560,0.2012042476313688,0.04229983962808387,-0.14284046045102203,0.7147589564084624,-0.18878942490516767,0.1115132987304269,-0.002072856676783281,0.05747525082187974,-0.09167962050101895,-0.1326564255904053,-0.3426047076107689
11561,-0.09113229874134492,-0.07841796058008099,0.02610766840110094,-0.06796618983320592,-0.587836128016548,-0.09395488067595939,-0.12707169623743758,0.10383082433506134,-0.07651510402089468,0.020916390670888588,0.9007398922769035
11562,-0.05686301892761126,0.04687433156603964,-0.07485457047042357,0.05298095030758581,0.5931928360805125,0.15901272916843417,-0.0898638627102256,0.0007964190185753491,-0.24576019565838922,-0.014932797148346642,-0.010949362492586013
11563,-0.27803389438780374,-0.08270627427516242,-0.011222748849532657,0.024074534650014273,-0.0029733306169585404,-0.18831069079969595,0.05005356053086822,-0.00965861449097676,0.48418012498411916,0.012459049632492534,0.007299558223666087
11564,-0.10602623015878226,0.05253377115726289,0.539117108143547,0.11840907756995372,0.021728439688238073,0.08829719759435545,0.024819534340482834,-0.11983754660188976,-0.14622920787334792,0.03194767984974739,-0.05658399171196641
11565,0.06416109683270516,0.03247568629097315,-0.0465338721870642,-0.135995649777404,-0.05980975346399632,-0.710103288493584,-0.012385946330697836,0.05610829485162215,-0.02859038803606765,0.03849841192939876,-0.1236700824944554
11566,0.06334306187809986,0.1728774985174073,0.4123754486951944,0.09967395267495724,-0.0458466400360458,0.009579527669083196,0.11346185412950664,0.020327931294461785,-0.041595091037766166,-0.04271290224668108,-0.02397311634784727
11567,-0.06082764051023061,0.6366762196134479,-0.028737419519813713,0.013166501609358769,-0.016681837367885918,0.07850185705325755,0.027489987060658347,0.02775835259165132,-0.042060624776357025,-0.08176290505196937,-0.007420267811787231
11568,-1.9737923396488604,0.07627923079176241,0.10051709997354397,-0.03456544537724928,0.15775145594936343,1.5707605047707187,-0.05740765038259336,-0.010013368432937259,0.0008702787067290228,0.10006562145874734,0.07645308434200263
11569,1.6990648241214599,-0.06362585422982618,0.0007212031772513354,0.20006479743778086,-0.03430783399318169,0.1577083607038668,-1.1031983656908042,0.013409194848155098,-0.15029964149051073,0.09236093303308088,0.06365011949512166
11570,0.9551187099785243,-0.030603208919858897,-0.05132011991058047,0.02669625941057324,0.027429696084448556,0.05621871109878376,-0.051602423545158316,0.02653576660072711,0.1221040143032408,-0.12738242806531477,-0.04812299369919278
11571,0.6343288407108819,-0.0331984195172279,-0.012411120689466183,-0.04012841211374547,0.05800982066803515,0.036786616823780656,0.06544323417536252,-0.007962618308623649,-0.04440746363664798,-0.0624485101313712,-0.04526500353382745
11572,-0.1463257740440302,0.03663779386508527,-0.1014975544508166,0.16090833725779094,-0.015525784752635635,-0.09146155180953941,1.3798923576224373,0.05007202055962445,-0.06318904413271012,-0.9445270462414609,0.0722226479560839
11573,0.019123707445918202,-0.5988711619558529,-0.08561492669005033,0.06015547056053566,0.16314858182618502,-0.08017352333851374,-0.015546556387037044,0.1015268018926782,-0.14149418552599366,0.9757100316252619,-0.032400473945838254
11574,-0.12816299143290927,0.8650569561553831,-0.09138039081755357,-0.082929067701052,0.03598513305058292,0.16822193375424893,0.1817015427211133,-0.6492613625140682,-0.030437425820254962,-0.012718865687350592,-0.12218491958694291
11575,-0.048735995112050505,-0.05655774630552597,-0.029215897603703224,-0.6075460062688514,0.011417754679451239,-0.05170304282592924,0.04939005159750324,0.7723457401591823,0.09061696359293908,0.06053442024056811,0.008915640167750049
11576,0.03527625968367453,-0.012766608324581107,-0.022848446116950055,0.7064692675311015,-0.009232326157184978,-0.013760476397981914,-0.03387727030308877,-0.10082325010944754,0.004413809819466062,-0.014467504866757876,-0.6649409519183938
11577,-0.06569227524547502,0.04251362466239047,0.1842662846417142,-0.08266081746630306,-0.6438854378453664,0.10739751798600498,-0.0824337686325795,0.04885521207615583,0.05545394531902786,0.013253820968817973,0.8172496942668325
11578,0.21561180438602395,0.07694449183574788,-0.07752480771941167,-0.06417498890589385,0.5705884166500831,0.017518792632083474,0.03672218637617284,-0.02205035787075619,-0.45561606526041265,0.03749901165878751,0.050153238334851476
11579,-0.006798185106327617,-0.028181072648308367,0.04856636100115906,-0.07158403589352588,0.005226538581821704,-0.0519069638618955,0.05774051958203922,-0.06940244570451938,0.47332228988425235,0.03480439995973868,-0.03930525396423603
11580,0.0050050730865501495,-0.061303178615346975,0.5962942478935149,-0.07862876592491846,0.169478982466209,0.11169539276310886,-0.07503613650856143,0.2386237376801582,0.007702831331105007,0.06443094879669402,-0.1009772577472623
11581,-0.018024844189070535,0.03526325098144631,0.0026903672343698494,-0.034842166206922764,-0.018090886833170193,-0.6163095613067527,0.04621514102636011,-0.016364539360272625,0.04078230126073273,0.020321273291232685,0.04669598794865595
11582,-0.16662774816862058,-0.2630659406856298,0.45367117894995135,0.027404337677683455,-0.11610887584110786,0.012706229771206203,0.0008659322696664387,0.09330853687494613,-0.02683867682860399,-0.05984504012262588,0.05149551814163013
11583,-0.17222961794651687,0.6927888947878282,-0.060983781591888914,-0.012174062845512125,0.02896848732412253,0.1318378158438417,-0.018926110009678858,-0.014695151923692699,0.037579212612976864,0.05281410546048793,-0.01298842894307544
11584,-1.8951526808277124,-0.007892826422283764,-0.01393818182469805,0.12845653861583353,0.0617406135887295,1.9385211434780498,-0.03065033644015787,0.014780683960588271,-0.08273092380344818,0.05485904896942538,0.01930884656607579
11585,1.5978525312732503,0.05227825634179911,-0.0773745743258631,-0.006928508212432496,0.08926329601770328,-0.1723646841760853,-1.106205683331612,-0.035515617684763155,-0.04520720149842482,-0.01156912612301139,0.019339825878083413
11586,0.6368600816232458,-0.05799978269333017,-0.1410523589038057,-0.02343921431282832,-0.21117649409004094,0.1289597818881713,0.26147932169107274,0.08066177069396022,0.1255615782659569,0.06437320610856227,0.042704110779346924
11587,0.6437783299387223,-0.07754539373026842,0.05112350367960877,-0.036296873519705904,-0.022288857334610265,0.013242411593995456,-0.04073313785263968,-0.01417637905508237,0.016398941879366732,-0.02305578524929878,-0.054798655805910416
11588,-0.02750545595220923,-0.11124854100375105,0.020233463366424575,0.07979274958496566,-0.10651274280730323,-0.13233755485736684,1.196425239973371,0.06157657304380978,0.1466407157346518,-1.0420331544684232,0.0597057531023865
11589,0.09553328202765046,-0.5095304657420047,-0.06401512448526726,0.17194104917911876,0.0658253537979504,0.17888001050906252,-0.06236637313296019,0.12047504828038984,0.16741455698801025,1.015132965390083,0.03272716398488901
11590,-0.05673677746053556,1.0553286525380938,0.011109979431262754,-0.04775522065010468,-0.04856033174840654,0.09031613759963569,-0.10734945601013257,-0.6692488158296432,0.16261001273909187,-0.03596893191634282,-0.01915517841479302
11591,0.12659625273884137,0.08396030294270447,-0.11603119831235649,-0.6383994882485947,0.03542119629529768,-0.16066948666880412,-0.1795548466149212,0.8360445502904453,-0.04423429341489411,-0.023879243845055347,0.02799462041066856
11592,-0.08636640250554212,0.019156113066474623,-0.09062407902930719,0.7469882289114633,-0.07905476128148889,-0.0009018489887295759,0.122007823820876,-0.04819590484032763,-0.008688975438912058,0.11658789374511848,-0.6165671303776492
11593,-0.024416992279334686,-0.03665533830924637,-0.0395162511537759,-0.042708598993195714,-0.43008087879095913,-0.11056664542684866,-0.09949905291704368,0.02437575706196857,0.10286858023201495,-0.16095318491157815,0.9128857032339124
11594,0.016472869779300747,-0.03711696276891381,0.03551297429382734,0.0601025365571927,0.6019536138737824,-0.007556667529389003,0.019954850135630222,-0.017401556732966346,-0.20212279670805908,0.04088885466113708,-0.05761497811121527
11595,0.21333365666630696,-0.15079581759953262,0.0785097414065238,-0.06983959303957585,0.008288284501029511,0.08776888979549909,-0.05642316503446289,-0.03002040845394298,0.4837362465702534,0.054691402379185565,0.05590034613939736
11596,-0.11146470397688513,0.1797846647070289,0.6553685433599119,0.03176742175694354,0.09115866706976969,0.14035251873624924,0.07388374830058819,0.05655684303069453,-0.02844943431051679,-0.11972736210217873,0.018925795410228666
11597,-0.03095336800791547,-0.09107488112108823,-0.022751272105745478,0.03494978158350541,0.033821804246570455,-0.7233514073030446,0.11414090099656012,-0.03487906348839869,-0.09286567889715729,-0.07370753933168545,0.001070864836415465
11598,0.3006331610695689,-0.043870724053928375,0.43547108003851875,-0.11951631386048545,-0.18716309239274873,0.16567238468227855,-0.10185898006849818,0.14894655511906374,0.0627875344229195,0.0730635038626425,-0.022730116202241957
11599,-0.028950104139163817,0.7577825089076852,-0.0313420896030359,0.08463795518082387,-0.0017046203933557841,0.06844653709471457,0.03996080660487264,0.012850139596848695,0.08945554721277393,0.06581979813213644,-0.04478492295325158
11600,-1.7421973134563031,-0.14327250819614143,0.1338316772129296,-0.11019347021522397,-0.07231248758537785,1.7996843467985344,-0.05924863870808066,-0.07589756426163845,-0.03016269986944017,0.09139891145298801,-0.016429467120303066
11601,1.2344103977405723,-0.057622254938476614,0.049245676526138045,0.040794468305465806,-0.02288325819900924,0.09744052113258396,-1.005163854326913,-0.020517388732225895,-0.04024298315609739,0.009346005463269486,-0.0074492538779937
11602,0.5896929697979959,-0.2169680056529384,-0.09580012156058723,0.005476790153722565,0.053719786831939335,-0.014999789106816729,-0.16507355868779003,0.06631427344478397,0.0501689820873599,0.03519106430840518,0.035242227847459257
11603,0.6245602699174743,0.001699860638282898,-0.05108489202211583,-0.031823694524941694,0.01937525722617981,0.01695888730529045,-0.04724764519337171,0.01452958359744406,-0.002244462938404357,0.004114291695558891,0.020831652437982406
11604,0.07209467407614359,-0.07217418878469725,0.10112663527469706,0.08511489845119337,0.10896625180061588,-0.16753328999466185,1.220545520996093,-0.06857408824696988,0.03819479422565794,-0.8108809573943732,0.020964903386799762
11605,-0.010570081015120063,-0.8175399052213816,-0.22694348639762943,0.022268871328242505,0.08064115006326163,0.032486420025712795,0.01790046069488104,-0.0253480051807139,-0.047806292127559206,1.042930685782185,-0.024104122791469028
11606,-0.12715729847073806,0.8451348758487327,-0.017667280049659326,0.006472117911746638,-0.056331059275357004,0.08809399761292877,0.10078862045152966,-0.4890360678511201,-0.0568601120930861,0.07723906460867978,-0.03996000100510581
11607,-0.022904607934201692,-0.0005291270647748733,0.019142675642696696,-0.5515073963665477,0.11129437953686942,0.04481144413569135,-0.00837028093415988,0.8025783078222894,-0.05837071205570146,-0.07654335345653501,-0.01544122853600818
11608,0.04999830102117283,-0.009705145945859334,0.01699570276505711,0.720325483488941,-0.02982439359875573,0.06073857645625369,-0.04862967076014426,0.09305822144424754,0.052773012540407394,0.09457358558125573,-0.5278514008014609
11609,0.18857758858748222,0.01156225806102176,0.016960866748463643,0.06717203498627619,-0.45571775111643886,0.2602107385520267,-0.07183411154982094,0.12787744099888043,0.06795800339494523,-0.03109595048072637,0.8456173496042728
11610,0.19126712382430963,0.04058865842762017,-0.07832805194050461,0.05211374606278467,0.5797940546834581,0.020099443430292404,-0.06197847167615945,0.044111517367295815,-0.24529015425277576,0.1786074148501235,-0.02892339271707204
11611,-0.05449113025769055,0.11244412441674145,-0.02953215113792424,-0.06658946975118187,0.0029539583709500402,-0.10642170543556609,-0.10286869990524182,0.020264649404345476,0.49004028784736187,-0.03293895531519305,-0.05563237074066681
11612,0.1404144255768379,-0.0896675980877694,0.6090213269151411,-0.03216920309309357,-0.12604513377820642,0.13687920691941827,0.21987873085570833,0.15099199154307266,0.09524258017914425,0.005880699899524378,0.029264154956731056
11613,0.08021099711553188,-0.07529743660071667,0.05980719026475963,-0.008879799007652914,0.01711206020051314,-0.6485456372395723,-0.09422089340570852,0.055890921540222155,0.0155994339629396,0.025017851945999012,0.009727169940764816
11614,-0.16751253431277602,0.000140763899620055,0.3977669610580783,0.00909755603257613,0.013341576739094585,-0.007119443449998245,-0.1856406082128549,0.06018259639194174,-0.19679055521947839,0.0005620284678234094,0.048620112305205326
11615,-0.08884592755675727,0.6080982668759377,-0.1383562841027941,-0.003757372774569776,0.031485575489273214,-0.01650188669928307,0.03152843508269496,-0.0015428063457749962,0.016488038703545736,0.0651382998150795,0.05346413897842507
11616,-1.9713849602418467,-0.18285689206578684,-0.12457328626205123,0.1522432664908822,-0.17075569684287806,1.6722062697855005,-0.0327886681435136,0.08342873222416948,0.08961529313159569,-0.06253542835712803,-0.1655988182662505
11617,1.2165483208598242,0.011630189186763016,0.08313612745582828,-0.06307093186809802,-0.0070550871712728586,0.039358990189987626,-0.8362382826144374,0.045887232657045335,0.006576698023117925,0.04086913582502066,-0.1527539041062028
11618,0.7773149778936402,-0.1281249845570578,0.04577799550650287,-0.07651007476011067,-0.029887490602875003,0.11977504478675594,0.16053935810954106,-0.09166204581835612,-0.09614320617006691,0.0045579814083956125,-0.015167405816685728
11619,0.5912383877810226,0.033959156943688416,-0.07139226994425253,-0.018835136098181257,0.024966081781332545,-0.06690867182465068,-0.00719530433478532,-0.010319438251504782,-0.038246534574182436,0.004122483945727166,0.009296962539239412
11620,0.05812430597888231,0.03792942187495357,0.03082588738827397,-0.021087737886613882,0.10555375407823135,-0.25026414462335766,1.1906959153410632,0.004566786439994162,0.11653820699541273,-0.8575188101133691,0.029170846308699646
11621,0.17927141941714275,-0.6587556650759769,0.07376224459613662,-0.0842841371289752,0.1400872071216579,0.00836306195755828,0.05894666143800468,-0.02376867350792375,0.04092125916522455,0.9700904164699119,-0.05711667155721217
11622,0.17022502773121337,0.9779881290853901,-0.13093218020333525,-0.04417639209014383,0.012851685636778753,-0.046113167116138006,-0.014345359090974627,-0.5865138283188018,-0.09131337744909136,0.0011092452953372581,0.03779886884228821
11623,-0.09103568914607967,0.0764287617404058,0.15596171486900293,-0.5665422840930261,-0.03684631059893848,-0.04886043700810106,-0.0977066686637506,0.7524581788743795,-0.0032014234968365095,0.16645297488486827,-0.04560185114816212
11624,0.04612492905855208,0.06356519946226523,0.03518291441767187,0.8762499754593687,-0.018424630675175507,0.12235845648695852,-0.0648406444091196,0.001315872378151354,-0.0746594946569759,-0.1082831944486451,-0.5936806016244189
11625,-0.17653915172428306,-0.0034763558659300694,-0.004363603387834991,0.024163885077273628,-0.6058004703942069,-0.018342537970279432,-0.030969366422060676,-0.06135984693047655,-0.11972773906208276,0.09020309855188012,0.8961535701720145
11626,0.05319600067776996,-0.05682557255530291,-0.08972492354368247,-0.015941391869255517,0.6208252368310034,-0.061714240220751684,-0.02149207502118066,0.1317598763800126,-0.15419169194490656,-0.03511813397121563,-0.03528075652076671
11627,0.03899656299149137,0.13337006723642997,0.07304555100127956,-0.03933268813301745,-0.03460106322586873,-0.034423343017020276,0.2101386164362935,-0.19725029285672924,0.48075527778279775,0.15371968379204323,-0.003032120715350225
11628,-0.07686014239395521,-0.02252791299218175,0.5533654693775175,0.009567951878169143,-0.00023584622374898424,-0.11900176665742666,-0.0600308665786856,0.13435324477074728,0.0013732477885539558,-0.019470861283413174,0.13694127568418124
11629,-0.03739562473701807,-0.02340595243078138,0.0047197878185951045,-0.01236526287792867,0.008262279125982423,-0.6745248413235739,0.015619752223059684,-0.008863829662782317,-0.013385699727371844,-0.0043539665667519005,-0.08086084767290394
11630,0.012602201328786625,0.027937291623318712,0.4355751729980394,-0.047267653318535045,-0.059066237661454,-0.15684014961613324,-0.17041286467913425,0.04013003701781567,-0.1134803171662515,-0.008773712745831668,0.006132312425453964
11631,-0.00799876778590774,0.7527559447013554,-0.06507500497921243,-0.022621412956799387,0.056954897696644455,-0.0012447655218970205,-0.007163006595181251,0.08990627258240226,-0.014002706544663446,-0.14586302849163404,-0.004182010542790297
11632,-1.9253613306314232,0.11798622416020248,0.02368081562425218,-0.017829811872789526,0.14776970422773134,1.762348302231925,-0.10393562218332375,-0.0005499198146017414,0.10339108799701079,-0.3286227937997078,0.13298609466172107
11633,1.506632151375647,-0.056782363751235965,0.013795594305955956,0.11362278665698271,-0.05816095695780936,-0.20625245634501696,-0.9167016434139492,0.021190719047668526,-0.041581355320264135,-0.009401376266134836,0.00041728818338660194
11634,0.8352688795241334,0.03272843428843777,0.03087355494395346,-0.07345201253112017,0.024111929380418604,0.05184454368499313,-0.05614370210481514,-0.05377934976975489,-0.11217727355524865,-0.09807148738521716,-0.03938456785733261
11635,0.611144579299287,-0.017953366152663772,0.006222950314492736,-0.010246595150913808,-0.03826508940913587,0.029550925115087924,-0.052935848239364675,-0.06642541760909614,0.013221857162948183,0.018507459064077747,-0.03846152158538961
11636,-0.03805380858822621,-0.13448153058909376,0.0007062003094381968,-0.09361413464391588,0.013476256216769728,0.05388611350884356,1.2984329988693049,-0.015398589627365825,-0.03069756817784614,-0.9695014164835645,-0.11546414185591433
11637,-0.15274672776183543,-0.8093968068241963,-0.023798445655013847,0.07677934747480912,0.12731711908581303,-0.14350903089342051,0.07271302896327624,0.00312269099341796,-0.08527695185356865,0.9371360246463811,0.044303211207872575
11638,-0.11491726878625579,0.8706589342318785,0.1981897421500697,-0.022299316448090984,0.06067690886030674,-0.10558114625822068,-0.03728182840443647,-0.648676571277742,0.09776184431907342,0.07174072725187888,-0.07895779847962382
11639,-0.19398322533156134,0.016394073815737462,0.11200013133495304,-0.5339486927954359,-0.11786611297733847,0.07537084415472498,-0.07920531235612781,0.8231640558227359,-0.05457088518850389,-0.06377589948590148,-0.039732414255758394
11640,0.013995138453697861,0.04681154581090239,0.057736177947047405,0.7562077713630193,-0.05516025243706772,-0.04258017898883201,-0.009211352962710908,-0.02399633579866258,0.03268550882611444,-0.043518140122248826,-0.5179142210752047
11641,-0.10056702127945301,-0.13661607881614019,0.0032756007151403654,-0.13411993700554953,-0.5513270400805521,-0.04769732314517941,-0.155494378218761,0.040764466478744855,0.261269259013892,0.01725318747388008,0.906178834054646
11642,-0.10489692464342225,-0.05208641442592538,0.13379081174900403,-0.0929552295798229,0.6162978274166213,0.09374137651742769,-0.4557253326610881,-0.050335708611227985,-0.36558656032492765,0.22189845157970975,-0.039627052757045235
11643,0.042173415425545556,0.053634224679890256,-0.03953445930907844,-0.07990862882930255,-0.013352463250300917,0.11012447493120775,0.0073025659472743115,-0.006710742080319944,0.4753822362482764,-0.07357046630605263,-0.07667623954038111
11644,-0.11602471792752891,-0.026573628793589668,0.5391801596412591,-0.1176164322966971,-0.06367852940568376,-0.0017929832611267588,0.05300399889961971,-0.07295972872461476,0.022283467224935287,-0.010361785851083768,0.07967002822210471
11645,0.023631850263194615,0.02728418988763943,0.27862955404521383,0.0587461779426583,0.005718432384968806,-0.6807699881410171,-0.020054671312738463,-0.04982410091820456,0.05419263266300896,-0.10734018465890148,-0.0804754075981002
11646,0.25312562830731633,-0.02637574136229362,0.4526502005340054,0.045587234072169275,-0.11523676849273952,-0.035687307197318746,-0.13641847127444257,0.058946456542027376,0.04692852789712346,0.06992490250536733,-0.1819584144893232
11647,0.0007333768316502651,0.6754464071650543,-0.007464811446689809,3.1595760577405457e-07,-0.04349669120719668,0.2605373953952191,-0.08718031424399293,0.10556837447560152,0.041782342595407786,-0.016542801797326943,0.013695632406805894
11648,-1.9266063125245199,-0.004204787182490365,0.051937876515347786,-0.030184088037445274,-0.01258056946052909,1.6697794959734757,0.08558585204875631,0.04602463554910094,0.032656029723436085,0.0637786772187093,-0.05018012867041244
11649,1.67615747365403,-0.057416347683307146,0.0017302191344239822,0.07096339306338402,0.17564619618291008,0.012956903091851938,-1.0111248864848355,-0.05125599348558746,-0.06173207267750186,0.03874018879300116,-0.013515198895249159
11650,0.8237027557985326,-0.04751344899551437,-0.04908929457393649,0.13908906420914757,-0.08960635360457944,-0.0763020483491059,0.1025992441189625,0.16793622123648397,0.053973534511944324,0.17003130957684362,-0.03981380127949116
11651,0.6478765114571124,-0.027972023386513806,0.04060440227853778,-0.021025748857421967,-0.040428444091288214,0.027715298570673945,-0.010891530358859099,-0.05562587498612858,0.0036909181181053533,0.021163833063356577,0.03704264688299865
11652,-0.18711202146154673,0.008441635545987224,-0.11113636375794173,-0.021188505750672302,-0.06774853664207522,-0.05850825179319745,1.4183029511521843,-0.0077807149277755675,0.05722987382113978,-0.8909593615005676,-0.12402873742303297
11653,-0.10344235719922364,-0.9138323461709676,0.013849904227183216,-0.16172710696362047,-0.03733878925318044,-0.1811551992963816,-0.0548264134996281,-0.015987457906990733,-0.010292658463856635,1.0059325527547147,-0.1161269636241203
11654,0.08570707770414722,0.8521292935599352,-0.010732901827124598,-0.021140137723688744,-0.003937896561663087,-0.04155713333254096,0.018609757610152405,-0.7271133679793348,0.07924480336770418,0.03107211744699038,-0.05376326862402199
11655,0.06087852466654237,-0.15318790582788952,-0.14010061184799533,-0.5957798104157626,-0.10061514316511301,0.07220129229580463,0.07402342477631747,0.9144375193272086,-0.059577730348201546,0.04471778340172283,0.018767606653471186
11656,0.07796910247362661,0.08515750086270446,0.001613278516208968,0.7747964579306504,-0.037421969487168874,-0.08297890834695063,0.03208351217764722,-0.06304680050788922,-0.1299878716411352,-0.10937432664156346,-0.6128319666178793
11657,-0.08833135972512421,-0.10238317893175634,-0.10320545211923449,0.023025365758307784,-0.5679728300296768,-0.14224079171174733,-0.1954140594359296,-0.08575676699353803,-0.12451930376976106,0.11877382031532303,0.8086454693757414
11658,-0.10345193272378818,-0.13832847839787957,0.0726543872582966,-0.048955450344838454,0.6202949212504772,-0.09859965699442344,0.0071098574524068635,0.03386776347227941,-0.18320100961143382,0.1156986964847824,0.04090106361846719
11659,-0.11134521809581842,0.09521413668716186,-0.09530684246514688,0.0662688726585831,-0.07454476153811451,0.12365479834918243,-0.06708646956951121,-0.04457544784346972,0.47712700372281497,-0.056484920820965144,0.10047100715853716
11660,-0.14280792564689673,0.01992376728139,0.6314051129220736,0.09930498901429881,-0.07326753744072916,0.17432195690916424,-0.04739408103665293,0.07656257305421366,-0.17528175041298824,-0.022495247092468574,0.01114837726307166
11661,0.029710667318451442,-0.0535781963197824,0.11669613079819856,0.033112675744278744,-0.017289657370986988,-0.6913947130644498,0.013429816745180366,-0.006053091318198787,0.058397639200506765,-0.010056647962756474,-0.01992904293192338
11662,-0.023622030132087284,0.0018508136619950002,0.4268941861367402,0.003770636783388414,-0.20078460063928724,0.26586623107250107,-0.1185121424940511,0.04328674571797318,-0.10193839458306313,0.1693246402259419,0.018073598040521176
11663,-0.05780380493203911,0.7418515186996089,-0.015590695839950472,-0.050862715764348435,0.054727069645016,0.061793304778697634,-0.09119195976460648,0.06222183020575474,0.025568199512340063,-0.008758737609969777,0.005481187883213567
11664,-2.060428770109179,0.04644963775004574,-0.0956044942082824,-0.17393628921358836,0.019684871392036757,1.6912791976438728,0.021499663410401035,0.004736653230946825,0.1314897063427917,0.03973565758287892,0.06867403695455035
11665,1.2931487263195505,0.02512963427251437,0.07878538355031678,0.012954318143524584,0.024020829134685808,-0.1142586899182465,-0.8867300404197267,-0.014605759401987807,-0.03264643502378385,0.03217043699727122,0.04803604719989925
11666,0.8988395091882004,-0.10835949184527957,0.05542949798572594,-0.014145864652252753,-0.04119861923167297,0.1262721873720389,-0.043193666922986734,0.0593533940917948,-0.09473787667511656,-0.02529770779707175,-0.010820886200163717
11667,0.5942654089205702,-0.01980525239336422,-0.09452431675507947,0.014302102928199861,-0.02433688950378166,0.004605558187943018,0.038996845919088106,0.004420383554756898,-0.03736097139704519,-0.019479271197005293,-0.0277280109866707
11668,-0.07809521847018118,0.013617619911307976,-0.13387641940887818,-0.1699032708025535,-0.04898331120991585,0.10445999090589617,1.2322520602858764,-0.018932202380898207,-0.047999053387389023,-0.8713008475303919,-0.0422145026771175
11669,-0.1399967801551642,-0.7596960443097976,-0.1528169553987334,0.0742832515204586,-0.0820188714830445,-0.07264699230928329,-0.18472195412999784,0.10998057267600964,-0.19245098057223084,1.0581405257145107,0.07292698165301195
11670,0.053422722979815665,0.9024983181838455,0.03593867009615553,-0.0092742244629852,-0.06627401617943542,0.08071710505951082,-0.021612635278976056,-0.6233606166479811,-0.02123317214196855,-0.03517842119496085,-0.07284977403661405
11671,-0.3495846639994163,0.08918204296784116,0.008540852649760265,-0.6799320979134597,0.11415402073205091,-0.3014143586337293,0.17832175229800398,0.8720070569795938,0.04431005143278688,-0.0827812054158944,-0.12118227494146364
11672,-0.06090546440426194,0.011917413933614795,-0.02761436416347056,0.8211788152519226,0.05215227867296954,0.07031248679569627,0.02886422552503842,0.008216282122057864,-0.10393210762324971,0.022713021423561134,-0.4203376485252509
11673,0.03999292464742897,-0.27165743027017974,0.12292659390618477,-0.024672558045103404,-0.4762469242236282,0.12184927306596867,-0.04951594581881706,0.05778131096214489,0.07004234689304424,-0.0503304125627055,0.8513489576588051
11674,-0.22456673009605116,0.05248090368372993,-0.027826970441602532,-0.060484567628422324,0.589531973850445,0.08712520579670767,-0.2514832182926228,-0.0018136550455621363,-0.5386066693981152,0.042037973067551554,-0.06013542527494216
11675,0.2343188797255641,0.12127367923360499,0.07420981818180196,-0.03503640742469612,-0.06695857956005438,-0.022109796496046236,0.12154701156362203,0.06426363439633428,0.49910018296963227,0.04043563703488481,-0.015276536452156524
11676,0.10371940674667351,0.031489203093509666,0.5504550243286297,0.11589833912669197,-0.03297193677490841,-0.17551597242819036,0.1402523096715826,0.019514139475695105,-0.028224692730492003,-0.01610662226359751,-0.020373301815140417
11677,-0.09562622776097565,0.058344032578391734,0.00026564892005027517,0.09443348331839567,-0.09549603599128895,-0.701569695124633,-0.08068092970615964,0.04154501655124448,0.12195974031821213,0.018303303124307307,0.013547068976275351
11678,-0.06251099108918129,0.03651600008127909,0.43743782037494106,0.11559571449430806,0.16835503701202886,-0.12618270148566127,-0.16960471472209074,-0.1893043239618954,-0.1064354426133131,0.05055843955549105,0.015243745684832275
11679,-0.0862253979861277,0.6246463667338877,-0.0692116806472104,0.009117127524340728,0.08326458290282528,-0.04778662146498583,0.10004819873724549,0.039951325015898445,-0.06417789520297132,0.02059357050843772,-0.032612619267554245
11680,-1.8423561161954982,-0.05101513334574279,0.21468576103112832,-0.06045126507891924,-0.005014696199975363,1.6820151821290734,-0.04167214152893646,0.05186791156770136,0.11350697664728138,-0.03147667321166919,-0.08507711282390437
11681,1.2389923015135826,0.11063890604083698,0.11977254662069119,0.0355493676387365,-0.0713647218635422,-0.008951963279101341,-0.9239538585981274,-0.06990940943493902,-0.05715727308502641,0.04662277660225767,-0.22348848238894756
11682,0.9173607045762413,-0.08358207047793724,-0.17171927797239492,-0.11256012232249639,0.011176101129910977,0.01082320218030981,0.023919365436988894,-0.0049421815316931916,0.08178049475549552,0.06446618844531987,-0.08332572238306415
11683,0.6517924403480043,0.05905711108346224,0.02261597591775965,0.0250309282577469,-0.011230554894562369,0.07682968773689243,0.02281744778236758,0.06475604221506712,0.025638806209735,0.03791308446016665,0.07694798574194772
11684,0.09022420248087773,-0.0673036278306692,-0.09868615168829106,0.0906572980603449,-0.01128393704668989,-0.15137858346993868,1.1435382779550838,0.08218155538189834,-0.07481293887506275,-1.0470522571617777,-0.051086702390169894
11685,0.10566769553162679,-0.6177709180707424,-0.02343525545940902,-0.030178101346310576,-0.09580319653892197,-0.05745531306517629,-0.13021107667504905,-0.0036151822197372516,-0.1098607516778599,1.0263370022678013,0.0596971225554121
11686,0.02192927513266508,0.9488642456370034,0.06985033426862357,0.07374871277699588,0.0764670411129528,0.06797197792968795,0.10343211771138623,-0.7027134003701129,-0.041016911398604666,0.11060160278107653,0.0842837809817633
11687,0.0951280865245549,-0.03968360006711533,-0.0322458241728015,-0.5549367280462113,0.0035730304226007873,-0.09291976962630513,-0.027431302648158157,0.8396106917943542,-0.15120580250952134,0.13690565256308745,-0.1329290126535976
11688,0.15690237437076385,0.06395398824700253,-0.1264397771979753,0.819276980127133,0.06515706340145512,0.05640443087540572,0.09776845785388413,-0.07873063599439438,0.010787408948815538,-0.11901099582697595,-0.5017913226412088
11689,-0.041151117933299564,-0.033170847744034,-0.027632817445546097,0.06752770159392539,-0.5353521569755753,-0.05110798174991061,-0.20548107527462942,-0.11058417789249485,-0.2042070990466635,-0.21385709501891162,0.8977517383087185
11690,0.1309423760721354,0.04250026737882463,-0.13499755991449794,-0.02195265172312241,0.6049003537551544,0.14699330639384903,0.03437627145785064,0.05323449942004727,-0.4068019316848803,0.018375477681541113,-0.01436086914505807
11691,0.04317514857699292,-0.2541958351535417,-0.26202566325654053,-0.05139031752321961,-0.02574232670055076,-0.1901582745018046,-0.02558298140554359,-0.04140932550330004,0.5104451770431525,-0.016417756657887344,0.12236742262666182
11692,-0.041733536727500346,0.061140807939514416,0.6593534023487797,0.10092056243740379,0.0576263048380934,0.10790134207531206,0.1538439674295782,-0.012754677873884181,0.11241926618867162,-0.11295735502841214,-0.16475137530018855
11693,-0.060692654007749376,-0.04866756332438039,-0.00567033304220485,-0.12278603412040359,-0.002036360764428433,-0.648912910818291,-0.027463665520774366,-0.05610643741456357,0.04004461978532785,-0.021545176341629457,-0.01428436043772511
11694,0.23615641277410523,0.1346307701679287,0.4330471069682995,-0.08460375799883904,-0.09704948954541921,0.027043344629626806,0.22518247988053255,-0.0989839242210075,0.09033943046009034,-0.04769622900326992,-0.05495771768517346
11695,-0.03388618525702182,0.6999873405949482,-0.03958446110937302,-0.008967574907151134,-0.0035558537465242273,0.08551729280425381,0.045092868125732447,0.04379983673138525,0.04466223013115372,0.0894929261459516,0.0053791414814691445
11696,-1.8976713425012595,-0.08453897685737048,-0.06969469664854276,-0.07133505061440971,-0.04796113899283842,1.6184630470761925,-0.017521926653467187,-0.14176144535893512,-0.2251950609955278,-0.09335705311085513,0.07336714741061473
11697,1.4690811593425255,-0.11438943922295351,-0.02228178072374871,0.10221581479800235,-0.00765374421131256,-0.07618552916202062,-0.9130987997981189,0.051521267379237956,-0.07921923798500792,0.006173089525813756,0.02473313892102322
11698,0.872921134714392,-0.0795847332492742,-0.02196947385892439,0.08347550313890095,0.11436538593775088,-0.015413467873420468,-0.004100112352423958,0.09931657883498797,-0.00456675545973358,-0.18303951524584763,-0.12963205511422266
11699,0.6060296303988093,0.014979425116788661,-0.05786223060836955,0.015118519313493645,-0.010864378487851122,-0.012767464508120378,0.010280566484888577,-0.07848789602513362,-0.021081191441568906,-0.006700521387693252,-0.013531537519574071
11700,0.12238415291469912,-0.08931748672847377,0.04878300853569859,-0.0472158243589502,-0.03308292407881898,0.06517422461813305,1.2994435885941624,-0.09026242170416546,0.012444430394248475,-0.8255984562954745,-0.07803323133590365
11701,0.1296806396213585,-0.7569423054076975,-0.0669751135269851,-0.04910523943906655,0.06479653741748265,0.008041030432585871,0.08360454522046358,0.0010854547276354513,-0.09997317391457651,0.9202072956562926,0.002890445983658259
11702,0.17532740825007162,0.9142508130790503,0.07236090379355893,-0.04327642115680816,-0.03038192410884903,-0.005938440391753766,-0.060879977365149524,-0.6099156279316229,-0.0019585291002009388,-0.09972802893566629,-0.009404286492191948
11703,-0.018601247553613743,-0.07364764507438805,0.019238547803066747,-0.5224457845839039,0.07229872866575682,0.03873157837594256,0.019703276213452144,0.948218733808314,0.04816279947806973,-0.0060271372071816175,-0.01805085642331997
11704,0.031127249471119067,-0.13940283889372876,-0.19683345754216827,0.7525934396680339,0.053810772779231714,0.046166511788772034,-0.008283699340960151,-0.08309941982379915,0.10454910118195519,-0.13269142768053302,-0.48843690975435206
11705,0.2625623880769279,0.14583939158484827,-0.2605141177550248,-0.03600681564496277,-0.30300648689742216,0.009048879285743732,0.0026110819485920507,0.02381566042711125,-0.0825820246292705,0.07006872991255958,0.8550231937239023
11706,0.017190762745140007,-0.04571603225835234,0.050214824439084205,-0.055792080168282306,0.5997847726743826,0.05364320733841103,0.04995049439595559,0.016322643885531448,-0.1585898723645408,-0.025303788092457973,0.0625358126646686
11707,-0.035567851018336684,-0.10882395907821757,-0.11029297311043045,0.032106865944160984,-0.018482874761716145,0.13680448050606672,-0.07466615938008694,-0.01839169352884238,0.47648516620174763,-0.06589546748205875,0.07858965640772655
11708,-0.027384675558185433,-0.18274360126659533,0.6122923639066834,0.11149788837219957,0.06890960365231692,0.14117938318285253,0.0274166329085684,0.09900541857806026,-0.004992050742149756,0.2813355204944391,-0.0205345196237066
11709,0.012769681563243327,0.03738680317067507,0.04964583656344355,-0.04117828585400527,-0.08323544058579677,-0.6399852993178173,0.002381414102428627,-0.019107065890293144,0.10528764468757895,0.09140339485531572,-0.06485005673821231
11710,-0.001527930228356969,-0.052650378842229124,0.3886145817490486,-0.0736318963775212,-0.04018376694005462,0.018544857382069714,0.03757168971678001,0.13231669892576456,-0.048866632372753765,-0.05116469370829347,-0.15647591701574873
11711,-0.10804629757894385,0.7221436875274108,-0.03521462386196233,0.017997767427583043,-0.0013337955339235456,-0.031604425247028806,0.013703648773481332,0.037757451130093635,0.023240212010528977,0.025993338281364277,-0.01679066612381294
11712,-1.5857779800126548,-0.06426217041215904,0.049897311909037345,-0.05932686976469127,0.08193932116478744,1.652658437367357,-0.028475990695874497,0.10420795807771224,-0.06547951102944159,0.141381076988659,-0.028852271328664192
11713,1.4960291714829834,-0.09346705230446103,0.17723138718427084,0.11135044797800034,0.012025574417890685,0.1075611016467689,-1.0332774596374434,0.06859644290584062,0.08839821023300799,0.014802912009769558,0.04037966522832378
11714,0.7314234302288165,0.13861127984361582,0.0031783526512827306,0.22635852934162626,-0.05352423396021211,0.0776939684399354,0.023493959454505872,0.18859200117374936,-0.11083150652449003,0.03898466042207645,0.15786506846530798
11715,0.6741843882851019,-0.023207943756571474,-0.09432766071262354,0.024958896073265895,0.02167843671242119,0.024901133069128153,0.02880451859880651,0.02577444070015212,-0.053251659567452383,-0.027942883560159816,-0.010412275709039503
11716,0.024533756542397787,0.07364275372058121,0.05724377075984751,-0.025105453778534247,0.023208932074182995,-0.047681933434252234,1.2220078222214328,0.05859302167340292,-0.041569856092814585,-0.8464491643281756,-0.15597029846739371
11717,-0.04630813736679917,-0.6522070429974721,0.14712456202085814,0.17090844928004142,0.05086718971420721,-0.0878727443465135,0.041801318055438214,0.11965754253833466,0.020005220323595103,0.9766144531704303,0.031617355698748545
11718,0.18444761805181603,0.8970143462213549,-0.03420829673976875,-0.07769120141003169,-0.05504814230690803,0.10852829468294843,0.09444844199233823,-0.6070766348790385,-0.07401499810178645,-0.06255158078750715,-0.037521118192271594
11719,-0.14955077153901966,-0.08562756131494455,0.039370975398514266,-0.5376494979202113,-0.04313403222273878,-0.10305314366533444,-0.08425779000322542,0.7316187192556147,-0.02584945813577552,-0.05923524363650955,-0.038324492104434046
11720,-0.0361029249095901,0.03310900929013855,0.003305975916252031,0.723824457519485,0.21614762784729732,-0.16765018831197423,0.013710688662207185,0.07128980102374974,0.046810538337590205,-0.05708521902598481,-0.5814838954337829
11721,-0.01048284334748901,0.14268907991641663,0.054526454351074984,-0.014935347487482618,-0.6246135685897546,-0.024315260702501947,0.20335395899123834,-0.005007742150469015,-0.14180145466230584,0.023912316392698314,0.8805152209408422
11722,-0.008217160340592326,0.034600644928797844,0.05506694404159537,-0.020238055179589032,0.6545082983694817,-0.08998079860116188,-0.04657737949763751,0.025954911592304473,-0.4747034325663446,0.08428784077808182,-0.08913450850493997
11723,0.10295438310921255,0.046181579638334094,-0.2188530974520732,0.05983179385844578,0.019176743298870945,0.08794590323138592,0.13205698465272558,0.055467345439898626,0.5094170178389671,-0.03205050719111521,-0.005604606419419169
11724,0.08700332924554005,0.1201315175048043,0.5774881454479325,0.11701065132055406,-0.11834604869244743,-0.05293926960543902,-0.06529283142822948,-0.023125930219931604,-0.03857098434513134,0.09477404573662956,0.04190719574903774
11725,-0.025502590835531143,-0.11969986039518339,-0.043820429914407516,0.031560787936715996,0.04442157967133604,-0.6697447601595782,0.05768893446165804,0.046275482339334144,-0.03151148848714698,-0.009023331917886578,0.06889307991580833
11726,0.008563469330407605,-0.09396044023874858,0.4226863303383128,0.07679128152316227,-0.11141207753676416,0.02355120569828745,-0.25546774380388154,-0.21743831638014474,0.04767796737945972,0.053202798749940335,0.005314866372044527
11727,-0.08799880659532716,0.6485952086613812,0.03352380797738489,-0.03623851470760663,0.04381179416915662,0.0874594591814652,-0.004811913202608684,0.018961923998876945,0.030875481545978405,-0.051579997126937026,-0.03400855421835698
11728,-1.930987928460293,0.05848387426860108,0.09161314510926279,-0.003600137624820624,-0.01817243899753905,1.6376898312815644,0.30742081913466857,0.11204742571118355,0.055032955706167064,0.1329323432714406,0.04968614191233233
11729,1.3912437375107174,-0.08950785030923979,0.04547810297387166,-0.03206765259984711,0.0325084103280316,-0.039815051424131484,-0.8608502425334839,-0.021925233850428532,0.043577777972884583,0.0706196501702312,0.10702648540846353
11730,0.8318057491019506,0.04377089530769657,-0.07249366093803535,-0.16712688846565055,0.030468938655105228,0.11999522216581097,0.0881247140846968,0.061270486959212535,-0.006538756968766798,0.03449065761427434,-0.13378248201072976
11731,0.565255256039601,0.011505457195825035,0.061349076586911154,-0.13035747638712103,-0.009364063451387438,0.05826308610147785,-0.038391402792132316,0.03238364354402633,0.032877497516557434,-0.04096548522317156,-0.022249524799016224
11732,0.09130789156023804,0.03724177073672247,-0.06640418124492325,-0.012572716695308222,0.044186431299070295,0.045367389913222575,1.307221165088739,-0.09655272546765023,-0.15186446552571334,-0.9050132053824685,-0.011709100827423902
11733,-0.18658539481723363,-0.5866160081387484,-0.022876355827577813,0.129212426669278,-0.06625758838594664,0.06306428860842025,-0.12720635339614314,0.00981484823021897,-0.007503925069224589,1.0520221158481633,-0.10596391718700764
11734,-0.014774251636336772,0.8460557832645472,-0.09170356202307614,-0.014854625692925835,-0.08786648862522187,-0.05685943746922534,-0.08105030564615645,-0.600726308852901,-0.1474371741571036,0.12521422811594102,-0.037093398497962546
11735,0.07986157359605711,-0.07813679176813418,0.011033057749682175,-0.5347104419893146,0.07090822728559068,0.20215744890426554,0.15411449752976666,0.8968768917278503,0.01275331486569628,0.056019539481431034,0.06906143244062363
11736,0.023900927835199114,0.056823792279130585,-0.05610865532135136,0.7026341509263477,-0.18258919671775498,-0.015901158034294288,-0.11477030846851546,-0.05651842828820239,-0.08287120586636149,0.02999376759041694,-0.3498697818466979
11737,-0.2529633748833634,-0.03025979870349944,-0.1331983604530396,-0.13140427271279215,-0.5001341480479892,-0.030306407965968552,-0.018587086774560654,-0.05956680860015911,0.07044603938055802,0.046487338699950906,0.8676779691854885
11738,-0.060584938736871395,-0.08677277296307867,0.12195718349286959,-0.0389905918280438,0.6559931885027425,-0.07655138831040342,0.11718010917559596,0.05901969841896963,-0.1534755432486627,-0.0696421810567079,-0.046322571820438654
11739,-0.11553042562254912,0.23578708615177468,-0.03883536028547145,-0.010390518336333851,0.03115835454260486,0.11778096820602998,-0.014800701928303886,0.11123168265973195,0.5015497393154745,-0.09650458321412726,0.003762436710758509
11740,-0.1408547803497405,0.020913295886826517,0.6268830524568754,0.07511471709127218,0.011738940341609173,0.0003820281256989317,0.16385231288094398,-0.17798760681289835,0.05211001262967499,-0.08947847597540565,0.002299503306607706
11741,-0.008602198967845757,0.0476610215823737,-0.033954086912621015,0.04243734060950355,-0.06685981436034938,-0.6449199485438187,0.0229280157215858,0.12694522228665367,-0.03030951271845217,0.02192849027279784,-0.07103900352194598
11742,0.21298538754741161,-0.17305771400552336,0.4355862366661748,-0.07920817461193386,-0.03181865888928045,-0.21788925517328936,-0.03657439665204798,-0.12292869791863764,-0.06851183627664668,0.021839754863050898,0.21865718830972022
11743,-0.07096268940745136,0.6092846432657905,0.01573423191311827,-0.08532597941887887,0.015486531182478377,0.16564996687883418,-0.019159320822401675,-0.0380109281327366,-0.015896248416297797,0.040324739154739254,-0.015038773468169675
11744,-1.8697129128353096,0.03217307522160285,0.08136535842770337,0.00079609421822581,-0.031758674120443954,1.5354625411336924,-0.04553217452306691,-0.147973421859121,0.034140319930520774,0.0014015976046682392,0.004881112113533807
11745,1.6199435591687656,0.010147202098897266,0.0978287108299153,0.07178159013800793,-0.030409052599768942,0.015226242253885065,-0.7987602570697351,-0.024068619515297394,0.061593598158431996,0.033342018908933554,-0.06307992412519219
11746,1.0758388430449595,0.044569310295267936,0.04431346647117836,-0.014544182449977624,0.08804707904287118,0.12791305338678055,0.10024391811882952,0.13687634327851342,-0.10299072338827303,0.021454190831691002,-0.001455400751984476
11747,0.6609297161655052,0.007535649929066855,0.03017469959378703,0.017423088637278365,0.022967446486223432,0.01995529964502475,-0.013200129227857266,-0.027870331754095805,0.020371830557906055,0.011702446602740677,-0.06115694287396119
11748,-0.06275152598055173,0.0042298206999216905,-0.19271040657090238,0.15169675314649228,-0.07818752071906537,0.03755302510861686,1.4605860359854494,-0.03130531989437671,-0.14748658753734162,-1.0021337752363397,0.05786394689516519
11749,-0.11143994254075038,-0.6646160900402459,-0.01629176205599285,0.008863810676111923,-0.05667600377999385,0.13851234893407682,0.13527127993153154,0.0022791956773115197,-0.03556200299941445,1.0595525299532866,-0.012145042378336027
11750,0.07956604018123867,0.9457645011746777,-0.07121108613733304,0.06841390166092931,-0.07439832544821799,0.02458324264307854,0.1848279059304128,-0.6930218571464742,0.027831893659762786,-0.13495544246905197,-0.030636699686664375
11751,-0.1622192737704696,0.015520412369991283,0.035170996818582455,-0.4927518838806754,0.10790441216579894,-0.057878065828803955,-0.2114608839075449,0.8440204308584928,-0.048951572291658,-0.07681354646052374,-0.09149930508781814
11752,-0.10057190593466023,0.07246026685976226,-0.18849853038591524,0.798633094727198,-0.0029055984579934918,-0.15805036565924493,-0.11599805828307014,0.0655918755150848,-0.07786667750453881,-0.06249303065250448,-0.44975796480459673
11753,0.059081058767415276,0.06290847696564228,0.05587351998637745,-0.02412667179589344,-0.4795078631240868,-0.11450130465282832,0.253697127533732,0.05570581837699734,-0.10262908255322094,-0.02003088265085225,0.8651506401147907
11754,-0.09976002785139161,0.10975720091447934,-0.005849375032313224,0.04352079730763428,0.605450417269247,0.053827277997505384,0.13205803545191394,-0.04511205707092074,0.12194923847320657,-0.11294065280194286,-0.05266229415654276
11755,0.066740771661766,-0.0977650720030889,0.1290471956726877,0.08379394603896151,0.034487924315810686,0.20256156828033245,0.05599324434214832,-0.02230175738399305,0.48611443852029995,0.002527869032484996,0.03423584338818586
11756,0.13641119573348354,0.10341419811107377,0.6139317834669116,-0.014508506383871907,-0.019946171711148514,0.20756511084228882,-0.11502345846306986,0.11584810764560237,-0.144609937998521,-0.11306820832180901,0.05437857745806503
11757,-0.011040848437785638,0.04717464099046248,0.11892754964402175,-0.020388794932058276,-0.03857863240315635,-0.7343218018878754,0.03161402526868736,0.11268280345749483,-0.023797317794487363,0.014310450489620211,-0.10945175384286947
11758,0.15023844460135644,-0.04813403155294952,0.43054176055487015,0.17651438481088497,-0.016302879869339308,0.1891031825570861,0.03661019158329493,0.18021567834718324,0.018426089195667617,0.1856232989245265,0.015864703083875414
11759,-0.0603207341508402,0.6936341400717554,0.0029230864194742436,-0.058984231414272566,0.025835753215167123,-0.042976270791752896,0.10255196284908713,-0.012720909906283839,-0.051310065078597804,0.06880345250516545,0.011191272246086875
11760,-1.9220522030275868,0.09627806289531496,-0.01626026362827778,0.03229756491819024,0.07545028762888893,1.6023813504129012,-0.10022423147102216,-0.0007786095199947586,-0.05089372304187457,-0.07893049001580714,-0.18520849337796969
11761,1.2248173314615547,0.0780965941059866,0.04142250800057192,-0.054248216162921185,-0.024749930938953623,-0.0366854681088819,-0.9428517715785144,0.05335834871637408,0.04599830403980684,0.11222157602384583,0.05603109003051775
11762,0.8851698530739277,-0.11083238291793784,0.01813640192726184,-0.16435633666033128,0.07878105500239703,-0.0894011346857186,0.09657170178393602,-0.012075979933955637,-0.042974214555006704,0.12786702968956962,-0.05048734235229396
11763,0.6348977818071336,-0.02285438804959076,0.017644522486215907,-0.002225898377033772,-0.050874294117483704,0.04108984312239602,-0.0011240871472278481,-0.01804088568534282,0.04142430720135395,-0.029913508584824944,-0.005540187979609962
11764,0.015376933812036031,0.06011149273855423,-0.10365248938407488,-0.06616515744860063,0.10090820994493967,0.09953359565255679,1.353151311281796,0.18245088814571295,0.045383054005727605,-1.0010227827049567,-0.0030112680103100593
11765,-0.0008449172452549714,-0.6335538935831718,-0.046608806171136274,-0.005273401355657565,-0.17869235239617526,-0.16447000016443294,-0.03417535784192609,0.04801948198546414,0.03790525492000985,1.0389958902462622,0.008050934260808464
11766,-0.16740018350717012,0.968109817786761,-0.008071663150399606,-0.07131320183529789,-0.05508428201717097,-0.15545231360397058,-0.01346260694164927,-0.7193691154204207,-0.1013754559766417,0.0009696584766079883,-0.10417835245462191
11767,-0.07609134947081124,-0.16296582949670038,-0.05560903529441356,-0.5558844332393119,-0.08821773533951607,0.10741063419121974,-0.06922911338037693,0.7932984619139634,0.019836595035405382,0.058538996408435226,-0.04716356243200463
11768,-0.21967627288067484,-0.00460202069709912,0.011302409169318552,0.8219283299832641,-0.008524072955953742,-0.06379536575316258,-0.042582175650403654,0.06434954810181337,0.013268032920367035,0.13124559236938788,-0.5227235123100393
11769,-0.0813016063869871,-0.14691072697017155,0.035106330194044244,-0.03763096005486175,-0.39303367230857117,0.04032032040783793,0.2164824479693805,-0.10512795963969203,0.183584155027327,0.09884499244700122,0.8447626654077539
11770,0.1039246643593368,0.20976007417928658,-0.04467779599474189,0.039137296374459334,0.5504294316245969,-0.09055645940619243,-0.02180798735324815,-0.10191848176268703,-0.24898774372401064,-0.03897201359927483,-0.07969577798750382
11771,-0.01934793398075764,-0.0905365108692387,-0.10269804084123704,0.0006549481167534878,0.0027819744054988346,0.15969420845517174,0.11014008309879096,-0.007699320517550913,0.5266330709245199,0.02746690710477636,-0.03911960303432069
11772,0.1434451913065751,-0.018021485573440486,0.5910547423130236,0.027839786678158715,0.044722653320103986,-0.03846999659501804,0.17151860252493314,0.18649146240703,0.17384088279096685,0.07965957465609247,0.010435060203463829
11773,0.03530255705641645,-0.08568059627676677,0.0639772505786719,-0.11279709259903596,-0.004629260414251386,-0.6624141794519061,-0.01545286426147834,-0.07817713710967503,0.04224545350943938,0.0030872014100451683,0.034447736128428094
11774,-0.01264078139416647,0.05087350718583707,0.42014909194872013,0.03639343643658606,0.09578749911186113,-0.028616069601534462,-0.029663879901869496,0.11898552994773853,0.036379856572547935,-0.18326673578974303,-0.038917214316074714
11775,-0.10261273196427814,0.6304080684505505,-0.008484485206203398,-0.0019437959920363952,0.019955849554773065,0.06424032797897576,-0.0547590868143181,-0.09620331976074024,0.0017065406517865578,-0.0160517123530423,-0.05578277711338464
11776,-1.5646408862526506,0.005210187959331787,0.2123997544450913,-0.10980751612089207,0.10718792450798485,1.6682247220928814,-0.05164645955806962,-0.08765017753850823,-0.07171359912336002,0.022755049630095364,-0.11184605650903442
11777,1.5074555416074007,-0.06830670968159455,0.06414661396358297,0.06127927462560871,-0.07138863107576084,0.15292798376609076,-1.0220667951509113,0.01520690233451286,0.05108031867532477,0.10082793606877496,-0.0053947294697527255
11778,0.9295091347677175,-0.054155007446369224,0.0849728799618246,0.0910473982287892,-0.0033563639904217735,0.042039952544750854,0.030980992574045848,0.026796987587850617,-0.16861147598081588,-0.08854399957689187,-0.009300266006380432
11779,0.600770757815272,0.001695128514115572,0.05931890944212715,-0.03146511737557051,0.0257081759745697,0.07799975582761509,0.024103840784525113,-0.0021871570979679123,-0.08242974838419014,-0.01604286947049391,-0.04943462209880569
11780,-0.04010057922931592,0.06157286559524299,-0.0012350714484427906,-0.09906002184035566,0.030856631953041905,0.01734581658533412,1.1176773197135317,-0.006249200840673642,-0.02512811133130257,-0.9070801366598811,0.01972320561177754
11781,-0.07921275235828587,-0.6986867718678722,0.00800962321484943,-0.057153754923278274,0.06860974030783752,0.04116717506503011,0.05347947637565991,0.05929607518781923,0.14487676434760344,0.9068823057116275,0.026783863693073173
11782,0.06939136025469199,0.8622923549766375,0.1722613721984163,0.012784960494615834,0.024533716948013942,-0.14660953256486367,-0.04981657622715121,-0.5405738799122501,-0.033269962424653854,0.0008080185402500155,0.024511803757258793
11783,-0.21410947254576101,0.020733644340286194,-0.0752177491859274,-0.5324666430933318,-0.13835495456813396,0.24221985537984603,0.307596210226762,0.833017016269546,-0.008173273703307213,-0.08017128617538699,0.042471876658777316
11784,0.06669914550888999,-0.0463166814898749,0.09247033113890726,0.8090009974752523,-0.04946946891787695,-0.2400502401732621,-0.06263448743310313,-0.04406114779209367,-0.13300441770724827,0.03524086515221322,-0.6840952589468716
11785,-0.023963632376743736,0.06440200818385104,0.2672495616929918,-0.03162623158327154,-0.49611653303891945,-0.2492586808056227,0.011160488239800224,-0.08923564394596377,0.02013903530782514,0.10090078421326092,0.8898686683464616
11786,0.06348960100824415,0.03996076878079463,0.025072289050225068,-0.036871772134172635,0.6010752189056273,-0.03311948572844833,-0.273142157209621,0.06854005858705121,-0.007506167127777935,-0.11838928508906404,0.0040724268438401216
11787,0.018776222811843404,-0.06147800266470942,-0.16584687347951588,-0.009104825834022636,0.051735269611275086,-0.2237935020663864,0.06762429154471288,0.09506111649580058,0.4804971720140898,-0.115369343418373,0.034058588497739066
11788,-0.26429844832412475,0.04887361279913596,0.6063192499703559,0.11263641376170416,-0.048506548355905676,-0.1955483187636001,-0.010247984770397161,0.06096966544770111,-0.03505641835329311,-0.13388711609426732,0.11164226169904323
11789,0.047490674576903286,0.011045810680697973,0.11046311878722599,0.029692964499571196,-0.03805340219359799,-0.6362503928685123,-0.003520833321177518,-0.003691215651253276,0.118087694817907,0.09747232045033456,-0.006587819456779744
11790,0.11205561343866444,-0.038720317575743075,0.4045107270506061,0.003940748492835904,-0.07630362913276646,0.1872504618796225,0.027642042223070123,0.18421975572084023,0.03209689040841097,0.03359975752060446,0.0734263902750218
11791,0.06101329283706461,0.6724291845874625,-0.01831861033738952,0.030180850596370396,0.04018061938453989,0.1222955810613189,-0.03273062752757196,0.009345719844675839,0.012771755716238562,-0.010482012496580708,0.027056304929985314
11792,-1.6404217002942718,-0.1337936827208213,-0.027492396692791552,0.0769422007582927,-0.14704745798277477,1.7645062211408657,0.03571542704330107,0.024851528106460255,0.004963799104918964,-0.011105090672256675,0.04308338008639801
11793,1.2182514872473884,-0.043175358755705814,-0.07951981737124154,0.0109396438267974,-0.08555623046423072,0.07912579431521398,-0.8123343225957129,0.040385940879997737,-0.10786670763287542,0.09958984676181792,-0.06360508798026945
11794,0.8560713114715542,-0.1304919020697337,0.06811179431867735,-0.07936813885186526,-0.29748395668441757,0.018328854671551355,-0.040346266538180846,0.06793946106893436,-0.02091335950294647,-0.00801660315645333,-0.07480693129594011
11795,0.6208024983561364,0.01045001080576857,0.002862289793896363,-0.013000537495528328,0.009180438195907064,0.008672540579293776,-0.014890748974134978,0.020661662336398268,-0.05698898268746204,0.0009115296630784787,-0.051511560358093775
11796,0.14870681758225301,0.03168590498102583,-0.10182946036459276,-0.09915365477855069,0.019621767770097703,-0.0024201094152540275,1.4012067183077066,-0.13917203803677197,-0.10431329100932728,-0.8986566214369207,-0.0014302535131144008
11797,0.02349019889080572,-0.6855869369133418,0.020022206663830498,0.15009347977703713,0.04613286460338163,0.09107189723205962,-0.005663565118606082,-0.008086062340191668,0.1428861503523752,0.9822883406940555,0.053665618500139636
11798,0.025340327630383325,0.8459081321611521,-0.16047565927774143,0.06254498184567724,-0.07050148185207278,0.2242053697415283,-0.13397352159075368,-0.6309792503916222,-0.041326800585635606,0.05674634677630134,-0.010956263342263628
11799,-0.13998097292339481,0.07583571393927206,0.1985572305559653,-0.5814967505663271,-0.009807055269093286,0.029534808503243994,0.13713756005048539,0.9210576491019695,0.012201638111402416,-0.0004946017739907065,0.043767707754053295
11800,0.032163876582100306,0.030523701801825755,0.044595333323621436,0.7830160604681565,0.007308347810669525,0.10472552300394254,-0.08494031179267561,0.014142584035933693,-0.02544807834433382,0.13719175845434037,-0.5096496307850455
11801,-0.030024498560774472,-0.02233391243017119,-0.14943504682615988,0.003824071353554862,-0.5795413631045814,-0.046859141003855916,0.21488778373685888,0.15592733743360965,0.1332607612895051,0.05496410495644126,0.8730804962038111
11802,-0.15500131636244707,-0.1327102700299231,-0.007330132264751027,-0.08944122968766806,0.5931594637443438,0.18771194281021383,-0.026684989589716778,-0.0688228062214014,-0.3047751156431675,0.15927305375954381,0.060955619947261494
11803,-0.12645681881784915,0.08175979908371897,-0.06469625310237256,-0.022912968768809102,0.0928784980791241,0.13019847758655265,0.028258129200953698,0.16033226665540184,0.4757773785892556,0.053618145869915805,-0.03726185455424915
11804,0.10070800720372139,-0.12878891978356788,0.6533817527662259,0.12593794555011348,-0.06338131234126898,0.1363122761612367,-0.0050033196455628376,0.021485248561631674,-0.11579476255188811,0.0191178172486475,0.00804762153673138
11805,0.12806075853410878,-0.017753477689992175,-0.12680239061253148,0.05559420201994187,-0.0767945675984224,-0.654948071862265,0.003579905403919889,-0.03803959875628391,-0.030367758395863413,0.11742908074872181,0.0031832901360501144
11806,0.1508861254338358,0.07465773573418301,0.4450313160160667,0.15083197012050428,-0.0391965206888237,-0.1563976053573875,-0.145936289430515,0.062102341593067774,0.01940387721741847,0.004387888935322183,-0.023518578628507248
11807,-0.055128959477857606,0.6760949920001372,0.03820798066986042,-0.013463504418532635,-0.08759433757280034,0.10432452594786792,0.21728883670378946,0.012089250169895892,-0.03929123726599513,-0.02583636794599898,-0.04279905209218287
11808,-1.9710483911324241,-0.11087512163588996,0.1011023824942821,-0.11028114730693615,-0.032704983989291,2.055480290162323,0.1003202698794447,0.05518283691391981,-0.09928530558149318,0.00591320035776932,-0.0566657163801925
11809,1.5665306488714572,0.023509024310596226,0.0171753953992508,0.05961427626657167,-0.044766975374202975,0.02704040387816932,-1.0087912407702915,0.03194784958067992,-0.06936511253158366,0.024561125826455404,-0.028761804051899813
11810,0.6145563395199867,0.02043596997427865,0.058639544957772384,-0.0023138294823304723,0.020358740889865133,0.0019885151295744863,0.1540258009935355,0.04744997195521775,-0.11337152708888565,-0.07322739202314375,0.01475151506961153
11811,0.6012929396682156,0.0014455594349342526,-0.02730410664682919,0.015610299796907718,0.019497420704519472,0.08642550898452338,0.027391600761131667,-0.0024531185224456863,0.006259251275559225,0.02658774664500975,-0.012849460203819364
11812,0.06031550159732983,-0.046586156755095864,-0.08074701167480725,0.06925108828482665,0.0021360178277222883,-0.16285111039128644,1.2850971501705108,0.005961633001400365,0.02875369723134419,-0.9735574046796639,-0.06464568205220948
11813,-0.08719106054361914,-0.6783281219217482,-0.09956783633862912,0.12310824783839247,-0.04147789980844872,-0.003074330875806528,-0.10695460273821253,-0.03985861280432894,0.12860239822539948,0.9987110545178786,-0.08770176926351032
11814,0.08405963042823517,0.944452174220484,0.005162485579014435,0.00654175875487047,-0.10611646459645042,-0.20503083114791837,0.06972681508045898,-0.49906354087033644,-0.18183269774415028,-0.006257208572800102,0.07265800674239264
11815,0.031606784396804866,-0.07787978031697503,0.0389988078744365,-0.6250640432819625,-0.025753458815769372,0.05403206406264551,0.005756973418383761,0.8202429061549905,0.06517403924039647,0.043008334253927444,-0.058914842227346435
11816,-0.13959658417666737,0.07990751499573576,-0.008396642768081379,0.7896139245567793,-0.02740369047569932,0.3013321378146002,0.17073923421670992,0.017545945913407943,0.049741434967978185,-0.21465882876948772,-0.5559029204406234
11817,-0.11667992375362776,0.18380166061432596,-0.08414497549221275,0.01008170421895637,-0.5977882420078788,0.08076084656846079,0.0964218249735402,0.02188604599420239,-0.0644505553583308,0.13700868105827185,0.9055895004645571
11818,-0.12841948346069162,-0.060475155493405326,0.026794911852618997,0.008961796600087734,0.6059352369637738,-0.005052992722799361,-0.07793275623798163,0.029561136646053244,-0.15576610291780663,-0.018014370579732042,0.10729055730008832
11819,0.05915096502438516,0.06437084249512419,-0.11568901995727399,-0.055166283851802125,0.0011757368257923882,-0.2557728459035775,-0.08478145015438139,0.035019379484456256,0.45010527245544696,-0.09825236838974871,0.041759223615798216
11820,0.09829883783178944,0.028569796655750213,0.5515429145273469,-0.16047157991092492,-0.07126943685518879,-0.015067622376708263,-0.04409212870638828,-0.008669735159869843,-0.04216632780114274,-0.10114633848099039,0.10856818138266676
11821,0.03095144642466538,0.017306629710990756,0.018454325796715753,-0.1460887001938167,0.023232345531683116,-0.7003088303846032,0.05405575696382011,0.09582113594450628,0.15473342486163674,-0.01101848037190908,0.08902774758920841
11822,-0.00858155744357621,-0.16338858009709897,0.4165257517972673,0.05754671997986103,-0.011596360781792946,-0.12062393266756975,-0.04698310345816487,0.09524797092992181,-0.11311726742299091,0.18814934561981644,-0.13254231120179624
11823,-0.19649069885849105,0.6622552156092246,0.01441184740675347,0.04439973965570201,0.07148645271687687,0.06978068845227643,0.030909771577987112,0.007982798678938233,-0.00015995984631548372,0.0503711941678831,0.04231016930234545
11824,-1.9936910417829674,-0.023204738815769094,-0.05287132600588644,2.236300778546722e-05,-0.018117102796984086,2.0175581234173476,0.10175778944127582,0.06612274505699173,0.015955383246832096,0.0242789305873984,0.06446927853190454
11825,1.2840726762043486,0.00516768028170191,-0.03067036678774145,-0.020798858654631637,0.06464336614669917,-0.16143862034484285,-0.892294272909718,-0.09508344708397039,-0.012955064713367886,-0.011494759057251471,0.08557773490283889
11826,0.7003365771206291,-0.14215718944560196,-0.024417349293503823,-0.12167209930772542,0.08279680942282439,0.16409725973414357,-0.18801935875399703,-0.16122833088083632,-0.02787857776232058,-0.047021654162483044,-0.014824992488661766
11827,0.6736123703636958,0.04293458840553468,-0.0035561941597158377,0.059057996235785906,0.028077821738139264,-0.02510529757141601,0.0028291900317936125,0.028136436766495646,0.04616652590765564,0.051875761039019974,0.04170804594114451
11828,0.17113576882182152,0.06793340514460817,0.030178143802096255,-0.020125416434738783,-0.06970146443146422,-0.07527027242463374,1.1360261082200238,-0.12612917594812842,0.10381071772848793,-0.9487259681130914,-0.08579807460132959
11829,0.03728772696327863,-0.8167401641622023,-0.002466337677725531,-0.17551210103350529,0.04656724787200959,-0.1339037214386202,0.02983613321823566,0.1501000175784915,0.10636166824536196,0.8860045374462726,-0.09421615706676884
11830,-0.05549959765977285,0.8644723358115136,0.07527815186233162,-0.04140682999725613,-0.017330440838188948,0.0016570595589108711,0.05187069100987055,-0.6716481133785818,-0.0017372813780977912,0.1632890528464999,-0.014609937023871554
11831,-0.1823057975677457,0.07844398083041093,0.009380483526769031,-0.5873590803007139,-0.02768594537764483,-0.21779799622209,0.13207269566100124,0.7767555231708136,-0.059230570011591,-0.1388380599183085,-0.0014749555088583825
11832,0.05542252808707636,-0.10037433724107346,-0.03059091454481401,0.8018082934357526,0.041173566151841305,0.1291688244343414,-0.08630635655630695,0.07247965147464423,-0.02348079637121199,-0.0038881551583332297,-0.6958273250158901
11833,-0.03629906624286973,-0.06295493331815659,-0.08362076813973188,0.07162280570859851,-0.5926228142631963,-0.0002929922265698026,-0.007343225552489444,-0.009956206778520195,0.18302929954440142,0.09269369838665219,0.9057587407274106
11834,-0.008857180917213998,0.08253155178213856,0.04524581748234621,-0.029029205680463112,0.56050738302984,0.21233811236208924,0.16717667074754464,0.009723529052855704,-0.2829915271080672,0.03417076365281324,0.050247361352447756
11835,0.03308033806607172,-0.09608096693752396,-0.004323776759873277,-0.029072443686431134,-0.031108708885167972,-0.04359754912889471,-0.15642007146300196,0.0020271502897417247,0.49111757998713185,-0.08410892499230448,-0.11236190255459534
11836,0.04464330654382836,-0.09060241598133477,0.6484565171255049,0.017296078257448028,-0.09212754698529264,0.03394235185604504,0.04962066610012955,-0.11954063408017994,0.03200707484165614,0.03965560626851797,0.1055850862799445
11837,-0.05202068208560563,-0.045155656864921755,-0.10701421986821061,0.10002678413514289,-0.008693746700811869,-0.6969416966056413,0.06492244634363724,-0.03439115792104063,-0.0045880364150995626,-0.0008883326007953643,0.052803031013781226
11838,0.041753826054040606,-0.005648627692629284,0.44316163844655104,-0.027097112319675622,0.059942125672361034,-0.09395375680005524,0.05885653404511837,0.08797376680180309,0.04386386848769305,-0.14186364751560038,0.009458165401264765
11839,-0.013209146789153315,0.5754861233719124,-0.0765182549087659,0.04665631978939089,0.06063634314191335,0.06323987464011824,0.09283188523928569,-0.07436032467308124,-0.020774537104605542,0.04264175503536068,-0.040748782284696465
11840,-1.7424549320863232,0.07095791439536983,-0.048257785224977354,0.08581179681197827,-0.005513839391179646,1.890738546973503,-0.037684564642785176,-0.07052283368227265,-0.11161153373811587,0.0278461094179136,-0.09967726380977418
11841,1.1437770828766691,0.0043583909761143345,-0.12015275261966547,-0.030836977782599324,-0.02625630874793303,0.08463928611242423,-0.981056221461646,-0.023248768713185968,0.07632484357554688,0.06262006620020136,-0.09085771222219587
11842,0.8182970554351656,0.04482248135701392,0.07612941774608908,-0.06268508495994687,0.08993504985033346,0.16120320380198655,-0.011687502924618225,-0.004112232243935218,-0.019247956649293047,0.07226587006183992,-0.02175043973606698
11843,0.630350589916204,-0.07048313462979035,-0.054465819732055845,-0.008226551074817524,-0.05600411580052523,0.05165766570711897,0.006517381790602644,-0.032257956995299944,-0.027292587364440072,-0.031479908665339125,-0.0056439502921425974
11844,-0.06727074330142144,0.016663058492034796,-0.2310381658094476,0.03910067360076328,0.09132664744186297,-0.09755571796710522,1.1686719689014018,0.06528881991886679,0.08116717763329188,-0.9540377939258717,0.024973066345164847
11845,-0.10205694422370865,-0.741647938775079,-0.09388254741865369,0.028102000805444553,-0.10516310685701791,-0.14445362937649042,-0.09739922691761428,-0.06638949493268705,0.12359751449696202,0.9640241497466044,0.028131382624150117
11846,-0.030560628426244595,0.9502797678791638,0.20901287711777145,0.047175658065728474,0.14435272420933515,0.09860422116483512,-0.04999416458193158,-0.6529617238859259,0.020814521550257,0.06065609322385074,-0.09148948212789161
11847,-0.19148597667276446,-0.01812142975917186,0.18694306209352124,-0.656128133408224,-0.16919804858561682,-0.09870248398068668,0.11525276693912342,0.748785313114893,-0.0033023840835923694,-0.024254811103679778,0.11385819862474583
11848,-0.11004298491000657,0.17442536907722178,0.049532312244584285,0.7352062542591971,-0.027583684886878523,0.008107475973042602,-0.09826100246188077,0.032164887109743044,-0.034748952615007184,0.1464978580743652,-0.5922319826876551
11849,-0.19598883816360763,-0.0165652342516755,-0.07222689959911191,-0.02928774887234803,-0.3882988438020723,0.02380742353693274,-0.019142830859863562,0.036777805515209226,0.200736871660765,-0.04043585300670333,0.8748358375970794
11850,-0.2440324594552246,-0.07230018234533934,-0.03802653363056435,0.07280451981447271,0.5546036386784059,0.02075914169109502,0.06168166040224748,-0.030564683662908185,-0.25782101646495215,0.0706047628642401,-0.0707976446627093
11851,0.010164522261205053,-0.004011165010859394,-0.10982276758940601,-0.15085418353419255,0.06295608854816812,0.1984808589813043,-0.14651193759381342,0.024372999434548744,0.538726182720629,0.10421687190428036,0.06419008572509226
11852,0.06403236918063096,0.010256205262081904,0.5569235836385289,0.12754397724632704,-0.023862433110074546,-0.11808685186180022,0.06024836065990591,0.0779812147501372,0.029380700381570535,0.12836915620302078,0.06922660983605558
11853,-0.03734628938721759,0.01597943494937091,-0.08752037962568296,0.007307550153326505,-0.012076659479527633,-0.6498324752494101,0.01606390819878363,-0.025581288514534003,-0.037280718035385366,-0.03648730255252598,0.04269001285581952
11854,0.005483639836474185,0.11107464379148962,0.42746077025939805,-0.1431246878051636,-0.05152027587276146,0.11553254872025129,0.12648581998385988,0.08103901041603585,-0.08804799468083405,0.10754895537406307,0.04306062258874448
11855,0.11164648657563941,0.6248394552918908,-0.0305315922139572,-0.021200401261911285,0.06493244302550856,0.010240149187188415,0.043552466023691165,0.02895336573755946,-0.03688056613828626,0.006000434027600492,-0.033380021180017615
11856,-1.6098670799739656,0.032180318330418706,0.12993592380960012,0.20236588105921302,0.01470746623137005,1.8125011715523882,0.04305784361347811,-0.012863797536008205,0.12217506138811879,-0.161563699600081,0.0031622274977467727
11857,1.4533013872709746,-0.04268168776653398,0.1310065682540956,0.09403279277857966,0.09148973067267968,0.042826277913493624,-1.0370988256170843,-0.08015503667886774,0.041709609679290355,-0.028610779351750992,-0.051325607472230056
11858,0.7190996505202986,0.09735801010655373,-0.0488322037155568,-0.09374870298074872,-0.0012987702817864781,-0.1084156607479372,-0.18475234582764982,-0.03907199986982048,-0.04709041264576297,0.017269819877035235,0.06887918098482086
11859,0.5384025422421628,-0.028912313961880445,-0.10589237074746052,-0.02578598730273375,0.014766864574634577,0.05442715051018737,0.05327527849562071,-0.04208239045508032,0.04681155701093667,0.04532456629014858,-0.009361264337260474
11860,0.2485778871467496,-0.02035828333780863,-0.08112380796818928,0.004825710500408334,0.026946599539392456,0.04484589124657475,1.4947289130022519,0.041536924806797965,-0.11478419151957835,-1.0112504880817643,0.004071256666332192
11861,0.03854986830262697,-0.5601948961866179,0.02824127602564227,0.012507713493979495,0.09064012365896047,0.1913640682722305,0.07463091423253798,0.07408443251864652,0.05687966179199507,0.9330031043108246,-0.05741838078123529
11862,0.1675134105966432,0.9245568303463629,-0.14635625675819425,0.0632757809709966,-0.002652816755641123,-0.22660672830331885,0.027589875801668697,-0.5653572625826039,0.13360682862311757,-0.1285686277908974,-0.1222400493433025
11863,-0.08787256615900657,0.0771926393011744,0.034546344068846095,-0.41384473287671564,-0.002745991541624252,0.07831025568979513,0.061699161746222426,0.9266884032546863,-0.049718603037423634,-0.08680649447483785,0.009160421693895162
11864,-0.04307162566631263,0.14805057876713248,-0.04539271885332092,0.8236404652777741,-0.027008884053211273,0.018469518754664592,0.18021034292258317,0.04066270559344067,-0.06120676477861248,-0.09835251951600864,-0.45006827562596885
11865,0.03311600126937618,-0.00982874047985835,-0.05261032952805366,0.020941131013043575,-0.28128625005015034,0.011733461910213594,0.025026536685176157,0.03941373395333619,-0.04052308559401176,0.05558054350981403,0.8323270616513037
11866,0.16641357045952718,-0.09906258091101525,0.11135978383939542,-0.037219298065960915,0.6135513564722938,0.15720487955637652,0.06635518299194378,-0.08327094108769874,-0.15837928292957162,-0.08693163806278711,-0.018576737736343815
11867,0.014958917296158662,0.0548653802448475,-0.12779880243868116,-0.012833124289239606,-0.011020299534372134,-0.03875338925958057,0.18689495653134122,0.05567593619430213,0.5103051444471876,-0.09117222850918402,-0.07285846635864689
11868,-0.03652346575491367,-0.024969601840447934,0.5464548808183578,0.024001209826496825,0.19414030543886932,0.184936552076912,-0.05191166087975146,0.2167985505548437,-0.06599126780126738,0.11651326493798156,-0.027002561165661652
11869,0.06203725588814164,-0.030927356995511787,-0.03134095406182642,-0.08093425719572107,-0.06373654975155801,-0.663302632114165,-0.13508007169945044,-0.05293764962899679,-0.08790125534911572,-0.006883457074184762,-0.07409530554237907
11870,-0.029387133597307668,-0.1698008807841222,0.4136615481306006,0.030249317454274727,-0.017459684412883966,0.002383440795158164,-0.10106215614237957,-0.10271021486258008,0.15434336862107095,-0.0003784677973991948,-0.04319927699625899
11871,-0.29956165283935304,0.650845946442646,0.0695132769472907,-0.1230375518527656,-0.014799438655002047,0.07993248316527951,0.09269301654679168,0.023773129642476916,-0.022057275617820515,-0.004241523210552163,-0.0647661361873499
11872,-1.853626337558049,-0.03673834976323761,0.10307723858576012,-0.020207595604785262,0.07962394003611459,1.701208938977326,0.10706210134236144,0.125348763271132,-0.059838406894082284,0.03586790758784125,-0.0003300300315366659
11873,1.4217960974759882,0.04378535454644822,0.04600143338748741,-0.01519296386932369,-0.01037577367102277,-0.12892731428027168,-0.9567909662372067,0.1408548482557338,0.06067324326833397,0.056250632094037564,0.018207336541941583
11874,0.8832922662807452,-0.022898564599549885,-0.04349892389743058,0.05335187230512753,-0.04525224218465171,-0.04902132448647814,-0.04002697613050169,-0.0016249029301673512,0.03543688962608664,0.11511829314247925,-0.037091035027956326
11875,0.5982465212635173,0.07108176646822088,-0.042679554647404236,-0.012296307474837485,-0.041134899862569956,0.0426813521483493,-0.02362100875190272,-0.011289507479505313,-0.04961893890599706,0.01861644562500807,-0.011554517393532138
11876,-0.0462093981389229,0.022145470097756824,-0.0725644747010232,-0.06679970207178569,0.13967793046430205,-0.03811178760248479,1.4756301079373872,-0.0158196456133522,0.01739777416562397,-0.9532437126737217,0.004808770836682681
11877,0.15147876883179157,-0.6809382794501919,-0.039297766127173984,0.04757106111063778,0.114685780613688,0.20055590440861332,0.020809826208095395,-0.023267090443554076,0.07424115506780074,1.010194660895667,-0.02795074361863836
11878,-0.1733871953289854,0.882993836127931,-0.007762169825193753,-0.0017063335675309233,-0.13065185272608087,0.08818951220582996,0.011332848283382347,-0.5189508642902843,0.08533405929385808,-0.030306950284609335,-0.05708205394753962
11879,0.09565428109053048,0.10607390468707716,0.1475273664060769,-0.6516097256415805,0.011053855921408813,0.014635467395071499,-0.004788948426205508,0.7946401609472274,-0.01426601460762761,0.16314413052695972,0.03011355755862373
11880,0.15441632719264142,-0.1726086405787235,0.1485840570666299,0.8090585309285249,-0.004488292488063596,0.2939427003297436,-0.04080610317445615,0.043569404685013975,-0.0007350121992515538,-0.011212228073211176,-0.5981785286953045
11881,-0.09028601532033452,-0.014526950055875322,0.09195684969710446,-0.031090779957846842,-0.6829100232885852,-0.026662400682574253,0.018125035531961018,-0.0950038971974175,-0.07927135987785125,-0.2485764650540793,0.861746945851722
11882,-0.07122635137409283,0.194441391976352,-0.0652644039913601,0.13519775460435435,0.6046116689155693,-0.012156276189374978,-0.05402156730110262,-0.12814636865987755,-0.39172715594030766,-0.10509062001926839,-0.03207241749069049
11883,-0.06538879417206392,-0.16129430308849443,-0.07672940350873832,0.006106772270020228,0.013309662267287905,0.00847689401535348,-0.05808132881120162,0.07257318624259808,0.5046595405581841,0.04508691983141941,0.10481183511784836
11884,0.22441059486336157,0.1455605731377906,0.6075441661967802,0.04576414398415764,0.05853373356590687,0.17112716961960514,-0.08147801215895399,-0.07610717112746232,-0.21063991549629937,-0.1745429361273962,0.02704566802657124
11885,0.09560062465650239,0.0566545425271546,0.1273078078831763,-0.0545951147274463,-0.029036311147627676,-0.6562603760588038,-0.02536208765503212,-0.010321372108461358,0.09901222396856693,0.06418895784680186,-0.11027953173815526
11886,-0.06190076379024087,-0.13749408829299672,0.38411052172259785,0.020235748217212635,-0.09142447746258245,-0.0028394985714413692,-0.046163822858519124,-0.10052089628032285,0.09610877741388715,0.04340593273321776,-0.034441689939282136
11887,-0.11041824096639974,0.6228952408179862,0.05578460899872749,-0.009671002898619298,0.0037958944499921032,-0.06185291699093903,0.00021624901138916908,-0.002224434243756984,-0.0075801727857576036,0.07502992763104457,-0.05752268315195216
11888,-1.7966457353974328,-0.12403870523056759,0.04227152677065929,0.04567712656173371,0.15886655390190954,1.646291256453907,-0.10513012240157979,-0.02176144019851476,0.0274363865812733,0.005659499594241885,0.11988594845720008
11889,1.5821130551556728,0.003797315018305702,0.13349591794242713,0.09578521009682094,-0.0763309334827584,0.189076812722886,-0.9523987662167355,-0.0005257088483363488,0.07197467750337484,0.08804627844881907,-0.020533185801163003
11890,0.8172105054847291,0.05561603188326939,0.065331297591698,0.03231671728841791,0.14007371894555853,0.1522928575891917,0.023361309965557034,0.018846362773697427,-0.1686576657098805,-0.06399589734081487,-0.03251418077302805
11891,0.6650968341776264,-0.03573493213515018,0.020933709958266097,-0.026921038358073742,0.006188561358604446,0.022546478350424393,0.027752035879459763,-0.0049291965464944906,-0.07134446380386299,-0.026008308883068022,0.014682186379585863
11892,-0.060078526120966,-0.02842299521011169,-0.0028356087384124595,0.08258359103346954,0.0757648544453872,0.10337929257271741,1.4098835753967,-0.18545068003221832,0.002843791558668958,-0.9526595203834293,0.07424469327817683
11893,0.2678931048559459,-0.8068732910316982,0.029857034128018115,0.01686632291175816,-0.04897197319338921,0.13386668007671945,-0.04057352118650376,0.019829640141719156,0.11141475602440747,0.9876806804385807,0.13868664061372915
11894,-0.052680920825520956,0.8669793757896754,0.027279496120365416,0.059145415492439776,-0.0019580622181720364,0.1032450303608435,0.09085326818976402,-0.5988986783609004,-0.011468147543501752,-0.07480067197320071,-0.045735772322628356
11895,-0.018196520835815667,-0.06894936932387478,0.04735843608476327,-0.5669421359390462,0.07714692644727608,0.03915722166202164,-0.0843953657425624,0.7604097343623615,0.07511805817554454,0.11380022123250152,-0.08912834897777333
11896,0.06344294263856746,0.12288238093298312,0.07964625066759771,0.7721173718451384,-0.18059338630384625,0.05263981005348576,0.0993216585873056,0.00012205220337820587,0.03077960033205405,0.1697249736222306,-0.5211092486043875
11897,0.021013079654286015,0.019395688335427274,-0.09172788846591695,-0.02690291268139497,-0.5625310897091106,0.0032548320365030797,0.08302917215101076,-0.0908086562084394,0.10108676178549063,-0.08005718388399086,0.8842372316262607
11898,-0.09984639820843234,-0.04402434967183308,-0.002330360117918753,0.05278410039799375,0.6151905093994147,0.06973058900545608,0.048365317191672245,0.036010603543962884,0.10203859331832191,-0.0920323112956103,-0.04435953636191698
11899,0.059991842021916236,-0.014457565597869221,-0.06247841702497718,0.12755401541197575,-0.03704698669212913,0.061360957471390316,0.22743188126581299,0.17269024191421367,0.4821869025885216,0.2752254132029601,-0.10289052716002924
11900,-0.2707876479861816,-0.059805730267643305,0.5218277880293709,-0.05236152759078341,0.01291318573661187,-0.055968669271024375,-0.035085313338963024,0.0074753117572845,0.23138784249487584,0.008890271011595665,-0.038746115270703575
11901,-0.013160582713212103,0.025492658383929962,-0.12232524317195761,-0.07235672124201814,-0.048285070145492874,-0.6504133399111744,0.042345633043722,0.03441117036822405,-0.017252902114967435,-0.027003006375433517,-0.02238303432297519
11902,-0.04599541246216854,-0.08969556797318819,0.4319124672241708,0.11500952635527786,-0.0038733730497123005,-0.025364385497939228,0.17301615401169543,-0.017967925527854377,0.05569937647986438,-0.049492085639056195,0.02673692469592884
11903,-0.2062282487549542,0.7228721486710573,-0.12189271219574233,0.05130617491043227,-0.06420715891574583,-0.0731678267165594,0.04423794961091875,0.083242424176011,0.06607892114820371,0.05831455798200962,-0.009123894915755092
11904,-2.2493439050633777,-0.006099102734225356,-0.10627977485065597,-0.00687802527616417,0.002380129741091822,1.823879226648518,-0.056693729286502015,0.13031881191093195,0.051112906341846884,0.15084434809820393,0.10857084904260131
11905,1.1816872020706102,-0.07843196422100189,-0.07852360995038614,0.023129645561905717,-0.0750696167992119,0.024989545588816928,-0.9274656099664531,-0.06599147871307116,0.12433140953320365,0.012198853474752707,-0.11331633551644732
11906,1.0780157982637808,-0.006008849077971319,-0.023928850293697686,-0.0397730462067466,0.016555926110123777,0.10313877175589391,-0.0014077024606949152,-0.21690588597214278,0.00893755469465227,-0.08284359529457701,0.05565241472991582
11907,0.6192575771709349,-0.019373146013849332,-0.06910118911169699,-0.011061258464750832,0.03916691710859689,0.010256273302358423,0.02120079634996874,-0.025412891188792523,0.02220524388528015,-0.029036191182153316,0.01888875302858687
11908,-0.1512437797765219,0.0212143649895589,0.048939339467361634,-0.15032651485000176,-0.007083190952250041,0.0640358733761909,1.1665095645261216,-0.014014787973618591,0.059637092294245006,-0.9139720846130364,-0.005047366962921464
11909,0.012883840546810178,-0.5633751491129653,0.11387244441718403,0.04007968761984542,-0.06636067779038005,-0.034824331282881024,-0.021857820368045917,0.04505820849939163,-0.027329828853765913,1.0284485684306475,0.07718550764895564
11910,-0.11397355775989192,0.8795588756775072,0.15331721171277335,-0.017724315583677066,0.09667538932283905,-0.04550121683381685,-0.13216427522614613,-0.5022585569701812,0.01642403496178901,-0.07493737614043981,-0.05301263728180375
11911,-0.207006811953234,0.06552691137677198,0.21498930852873527,-0.46613333650751587,0.09431411950601076,0.04452898921034742,-0.05118938426949182,0.7582395401160219,-0.04986939958081679,-0.09728915643203151,0.08043414485547162
11912,0.04421262147729713,-0.013457693714512565,-0.10989805104720585,0.7289701523317252,-0.054749419780074964,0.13435399446524815,0.11227396781374799,0.024978464885169097,-0.014625053924806144,-0.15087553001546938,-0.3987250347799215
11913,-0.12776136773252714,0.2153293683380094,0.03390081911293715,0.15041055356950536,-0.6536890385137554,0.0965558135956397,-0.13342375180569674,0.0027790543259430976,-0.033189509045075644,-0.14277482711869297,0.931366953646628
11914,-0.05868718060180411,0.06273967872897314,-0.1500259147721788,-0.09794106029570411,0.6387900887857276,-0.0824505868253463,-0.15002803645151716,0.05787237987653426,-0.1273631021122878,0.047891321418875726,0.047676770685352386
11915,0.09517414299003009,-0.019718296889905885,-0.08293460047927592,0.21746623754408329,-0.043731604600696354,0.095371517395214,0.03791158324273781,-0.1686026834365953,0.4235625416723546,-0.08655349120698361,-0.0693593844947216
11916,-0.1838023526773743,0.008581242775193525,0.6534973617444257,-0.032521286890466516,0.016910244329795085,-0.04351319128521087,-0.00913366230363983,0.025478705105706018,-0.06312067504136618,0.06356900929010595,0.13807150763706402
11917,-0.009220606924806153,-0.007444112681338377,-0.030038963573579536,0.04246288763254483,0.08843048694173514,-0.7146057758807665,0.04964558960958461,-0.06996223360023004,-0.06613443911248686,0.031106751489128014,-0.038498315925435254
11918,0.1137991187218442,0.019216088742959027,0.4397582262744471,0.16395591583807084,0.1486445537107328,0.040583786694878686,0.2827394915315297,0.1406468208549641,0.016544936082196898,0.11718788177879043,0.10129508935899102
11919,0.029146609657346625,0.6915781413845866,-0.02485047135799809,-0.054852923915835496,0.017741106431472493,0.007174621280881421,3.6512780291920316e-05,0.007437845026221222,0.0008639896768044858,-0.05512331338471174,0.07703712782404773
11920,-1.9797168466285102,0.05086373715034519,-0.03287270688093859,0.12256609480671418,-0.0027205055817361382,1.8263901801081353,-0.031073345927056167,-0.14571377124710522,-0.1405073240296822,-0.0176339230459213,-0.07973164166246499
11921,1.0836592644127536,0.028249102144257517,-0.005432975500291928,0.0753700425592511,-0.10707194259190343,-0.10844348596039186,-1.0230970117604876,0.044254120416267466,0.00015355329324550585,-0.032319920200526216,-0.032919145193601125
11922,0.8717022140497094,-0.04284687922708759,-0.09013325024598628,-0.07562801025417952,-0.0037354170227109963,-0.0866374864346904,-0.012621180137599212,0.0456225578419037,-0.0543106210585106,-0.05464671328121499,0.08512447411984098
11923,0.6481972070186098,0.01967212428351653,-0.006563391647575839,0.045699255833520976,-0.05632537511913837,-0.01879406976123904,-0.04315779499207097,-0.04046874863557697,-0.026687385093859088,0.0062439068406564425,0.02092371797442194
11924,0.027224776702927986,0.03396064789217071,0.11920087994643253,-0.041011781870047,-0.102256711130183,0.00484070351505491,1.328731519115452,-0.0009883477324314676,-0.01865475408514318,-1.0604069741081064,-0.06547145134056798
11925,0.11215964296497694,-0.6516483871026937,-0.06735579004671668,-0.019060254191419226,0.06791725414570352,0.16293186303662927,-0.06906878946105088,-0.02292422942189636,-0.1311076936588646,0.8988176671679095,0.05113432350762416
11926,-0.07709380847600432,0.8210721305164814,-0.05824816987781593,0.014417759032083737,0.07957341212912149,0.15444072421066216,0.15871954721681583,-0.5503255657963995,0.04398540632811533,-0.06464940052912889,-0.1480580162913334
11927,0.0484864928745412,-0.027995826383097347,-0.049595960881952825,-0.36941504840831635,-0.05559158765236697,0.042817814456379215,0.025416848803439383,0.9594010792763528,-0.04889275036008861,-0.061868861097206025,0.07117071130657285
11928,-0.4286516921726483,0.005434989295477524,-0.004968574760466098,0.8237306748886374,0.1399307700606532,-0.12914067883357128,-0.024839584147456545,0.07805856826757608,0.05212087192214457,-0.04008370508616362,-0.5311881353022103
11929,0.0057425946359443425,0.013818380988963534,0.15604057784876274,0.06560649546275715,-0.6292806842385161,0.04892764615276604,0.06557043352870665,0.11815176957274647,-0.2985075619018076,-0.10768811953721995,0.8737491023348759
11930,0.05323670195993604,0.01758761039587784,0.02381031386072247,0.0507860940536915,0.5659679263868717,0.057180262967887016,0.07938127475969331,0.0002234276369908797,-0.4034083443636852,-0.11771374340863396,0.008483597733251212
11931,-0.09099744060409694,-0.1257093140820729,-0.10227546313252237,-0.0296290495167611,0.03246440812950975,0.08089318647522172,0.004737903324464602,0.01416938225776778,0.5308789563140929,-0.04101656877519534,-0.06932428110433723
11932,0.09552066195389702,-0.05237771143395079,0.6035481530609449,0.07023500627463107,-0.15533902095520605,0.12484204362175436,0.04095159107895883,-0.12095995534685287,-0.07753262281302489,-0.06627585508049791,0.003888127499264234
11933,-0.02570875109310651,0.010563542794955968,-0.044060296762854174,0.051608478317864345,0.08491542028559934,-0.6505769152225824,0.14732946195119984,0.047351886799356514,0.07134779938325536,-0.013550079999530704,-0.055809856015993045
11934,-0.16626829697294168,0.1622365464102397,0.4118129164332394,0.05207987343230754,0.012037025808650376,0.22771181708646265,0.0018534143852073286,0.09994100296777139,-0.0033926647436942426,-0.01746324705092761,-0.03537860747606504
11935,-0.09924473306653424,0.603450277379479,0.03262171895288607,0.04895494428577148,0.011815284024815496,0.03408600111613974,-0.047196290361531584,-0.0027512506237896417,-0.09046614544385223,-0.004755928786419585,-0.051885019215934504
11936,-2.023595954455711,0.08627481828745341,-0.017692415023801745,-0.01458846237511357,-0.053453648125522106,1.6580077249560228,-0.11647830095237867,-0.033598112636105355,-0.006545154962737266,-0.1939681538915116,0.013634444396672905
11937,1.24050915306645,-0.008980743236287135,0.02685559970533437,-0.12776656741194153,0.10254918720939618,-0.04024568392396142,-0.9032120701987649,0.018348171149514248,-0.039608002265978944,0.06697955685012921,-0.07819220442673754
11938,1.019703334522754,0.14516524205265516,-0.20639609964770575,0.09664242098068475,0.021498883560003824,0.22529399457351024,-0.037158178014666046,-0.07157453966337332,0.15457083711126998,-0.11852854077364815,0.03825913743209756
11939,0.57647876192485,-0.01119752632262596,-0.012968097286543523,0.01907040176294482,0.10868967369515828,-0.022815706341675387,-0.006781494837668015,0.030791541801047817,-0.010411550707203466,0.028842788027190182,-0.015594121036563102
11940,0.18048910105727464,-0.052733529652647874,-0.05193301446558229,0.011646079026285314,-0.1473358135986485,-0.03311487261401288,1.162334312166223,0.009016235234179866,0.13793487216186584,-0.9265485616302708,0.020586189985367303
11941,0.14773080199924374,-0.743087525179637,0.06931630595392549,0.0808755203494211,-0.0074374891660577225,0.10262322005994684,0.02300970282076307,0.008707052051789916,0.001979225512946889,0.9367109933872066,-0.016852380070558674
11942,0.045380738877209933,1.0380921020690277,-0.013437139093996277,0.04907874311482137,0.06479297332752991,-0.08395117764410091,0.009536492264783593,-0.5940239826020832,-0.0004549692588932306,-0.140445021362432,-0.08722154024183545
11943,0.2839493985264815,-0.11080693446280765,0.08756769231138994,-0.447003685297124,0.0816594359587094,-0.07868659299282404,-0.21459457034995216,0.8220346350062367,0.05354376968655214,0.06954298150274721,0.010518768921542642
11944,0.13679324543014554,0.051717851368242446,0.06372678121038666,0.8334312091330396,-0.06507847478684133,0.1740533155293917,-0.01147258092320701,-0.024619519022334575,0.04707109973602008,0.03896059221275363,-0.40981943936403464
11945,-0.06989758424702365,0.14532748910348833,0.0962645611462993,-0.047415894091006536,-0.44719753936456125,0.025634411507283125,0.18151387350312326,0.029001301755394275,0.025882858078594393,-0.015411364239533164,0.9539366413745078
11946,0.12667298585535863,0.0956966521112617,0.03775699311543208,-0.0296284283990115,0.6289375300121929,-0.09951632825137534,-0.035922173307090244,0.07422350604328075,-0.30733979791911814,-0.11452293029385091,0.034551901074184495
11947,-0.07759253961634935,0.17527501419656125,-0.1252170707947218,-0.017288481029367708,-0.03255486711101346,-0.07656383822086174,-0.05876923884991679,-0.07304324217509997,0.5080738042185058,0.14325247348196488,0.1084158666269383
11948,-0.11274860664939157,-0.0984971370917681,0.6564757447492585,0.1355610328849754,0.13183926232174722,-0.035329371274417196,-0.055493140649476906,0.12178436263252604,0.04568623889563356,0.06358853746488442,-0.15675540679115493
11949,-0.018918243956908026,-0.06887119468581586,0.013772645811120334,-0.05183309392639362,-0.024844152654241447,-0.6889906023650408,0.01030421885239284,0.0750549098082658,-0.17116850456428223,0.03347772490772437,-0.03471940057124137
11950,0.20117188319067977,0.06122359769748632,0.3856291992717435,0.028753058413681705,-0.17151398121720593,0.12874742574609413,0.0016783982987988114,0.1470606340774222,0.028888246430972306,-0.0011449035407050815,-0.012629519158373913
11951,0.11417972862918048,0.6222037677906131,-0.0066273167229561,0.012957001654824362,0.0013264624612005396,-0.03430690373921416,0.048643529207517085,0.04912125687708646,-0.0221513207124249,-0.008610065647652867,0.010749866499987841
11952,-2.0142006295420503,-0.027422690429234876,0.06561454478796082,0.009497032179166948,0.05088859685476587,1.8834800375998288,0.19784215832073168,0.10161035389492822,-0.20780474003620317,0.03231459655859806,0.02512970743959418
11953,1.4990619618112841,-0.017248654263621484,0.045542805170772575,-0.051136956911932305,-0.02873383443508916,0.05430904217633789,-0.9401479247940167,-0.021622019737206816,0.04297159589254025,-0.02227569017305438,-0.05530524677640506
11954,0.8207304923312854,0.023948774559761347,-0.06002011592759822,0.028164377878908717,0.09561126108126243,0.06652771083377891,0.10349306698325779,-0.09687195644364369,0.028489070171304618,-0.10401630409140257,0.05620155148500388
11955,0.5638170347185097,-0.003952404001034567,0.05729291761096287,-0.04188135138966658,-0.01483940756539641,0.09279002169779638,0.008306122564249532,-0.027529725422946086,-0.007896585577945908,-0.022364125625295155,0.016617605280630436
11956,-0.10664144559413774,-0.05666758331234495,-0.16851859090605847,-0.011487691847669929,-0.1211048517268386,0.15192963361017467,1.5323862426366526,-0.018139833453575626,-0.005493747142663297,-0.8965221873072,-0.008883862003329588
11957,0.051818811878090426,-0.6259433843976823,-0.06854016100093147,-0.04253429571428792,-0.03908089767278451,0.11178010178354188,0.011329723826080183,-0.04275294208961383,0.07057534292633291,0.9316713417242426,-0.0495618432020897
11958,0.015509436107508,0.9341222577680316,-0.1126682061033239,0.06860173947869257,0.081406763294278,-0.02060646057371769,-0.15120073863965702,-0.661361901625174,0.04700819089041504,-0.054469932010765734,-0.10283367009422976
11959,-0.11057457151376321,-0.03648013262498391,0.0147082384861942,-0.5447653091748165,0.07279241180568935,0.11240787447727357,0.03861452989114516,0.7859215409142297,0.01404815611283185,-0.023942320899171275,0.013625477687197258
11960,0.06891916804831928,-0.051528926264234824,0.03953441309018346,0.7373135144645215,0.2128629174126407,-0.009937039355002683,-0.19394597551976855,-0.08084353514886432,-0.1476619920915145,-0.012053672901352846,-0.5574981549375437
11961,-0.14002986404098905,-0.1184623316479408,0.024332662158756124,0.004104093744342403,-0.47496982654246156,0.13971349539548703,0.03804703657411687,0.12549197561712866,0.026333748870119845,-0.011215167247620055,0.8612652731544763
11962,-0.012800956052665641,-0.03794818045421693,-0.006718583965432529,0.04281099520866421,0.6082512226242933,-0.10118111937325874,0.1457616842516542,-0.11575229254167455,-0.34291822239294245,0.0722480986151842,0.049503754101800634
11963,0.012312538582292368,0.27444797006367366,0.18124496937441004,0.021830064763291586,0.03377433857489335,0.09764205536902773,0.03728372709980572,-0.028354947760810906,0.48531802257291423,-0.2746327788914247,0.11869908150637827
11964,-0.12146948161359294,-0.19927655018149787,0.5915549048828445,0.05553131614662703,0.09920552240562154,-0.004434336089267665,-0.024203036352455614,0.06180848591847824,-0.046030484689510515,-0.12317274174193199,0.13269166010607103
11965,-0.006873623232571743,0.049376764502436894,0.06389691787790792,0.06227703448474898,0.06512415687435658,-0.7222592200764784,-0.0627297534780998,-0.028305548922563917,-0.053579677506199255,0.047550299358417814,-0.055180756330780366
11966,-0.08532230272187392,-0.14210247868446055,0.42988809736556677,0.10993594644714418,0.019063866027316377,-0.09963485669669123,0.1740958778659884,0.18429081858291038,0.019224790912381495,-0.01264373409688258,0.07248827065295706
11967,0.15085115884808734,0.6395536787340643,0.05196509366983,0.012820041633577287,0.004437517655818303,0.018939018288314555,0.08121567478680489,0.05188018591008475,-0.0034119090779752706,-0.02094379783494104,-0.014420884208281162
11968,-1.8258495343618215,0.04109215991629711,0.0029621025012932928,0.0019229884531866653,-0.026118347662928146,1.8204685136068974,-0.06877359731698138,-0.10809029445874734,0.034601840016396365,0.0643024996911181,-0.2649595833533243
11969,1.387816656108643,-0.07610710383181647,0.11075111067444048,0.03924058987968303,-0.01476661179437275,0.14892008274353752,-0.9759318447473707,0.026315069450406316,-0.04558025004337366,0.037555308487944146,-0.13348100622368536
11970,0.9607076841426356,-0.03423445089283726,-0.04814339236935138,-0.1480384943863339,-0.06315267604242561,-0.11871040063198758,0.029504829846973047,0.05849196034300282,-0.10147064236295994,4.8095481217945435e-05,-0.05800043018408177
11971,0.648265636827529,-0.0017706516882149588,-0.0658725078375624,0.026727752827631943,-0.056266539303083715,0.021202839645568978,0.027812554988174483,0.02328921901113587,-0.07231709540574252,-0.03955907972899818,0.007170344337545198
11972,0.07991432963624105,0.038976795341945314,-0.057137727200869785,0.008800653676054239,-0.024652150143146985,0.010096859406362409,1.3592184411854813,-0.019201217400727402,0.009401581668420596,-1.034650487801855,-0.1845620583582152
11973,-0.08557998668693348,-0.6710941454740881,0.014743279559413167,0.02623337208028345,-0.020949616290550543,-0.36065364511339204,-0.10196350485379782,-0.010882649050881066,-0.05058650915938022,0.9659276501675461,-0.027041416106615177
11974,-0.12323732091281332,1.071075239672758,0.11527330623184048,-0.02159803062950894,0.03406919874954425,-0.09509332790823559,0.041809711917991536,-0.6116223178210618,0.02236433624247755,-0.04929049441986026,0.12662805320869722
11975,0.21401566931382826,0.11961145709268906,0.09917446194398674,-0.6434542099991419,0.0495548291316949,0.04297406418977121,-0.045178718296455735,0.7982778630173037,-0.07591319708547405,0.01353997164845849,-0.07920906487731763
11976,-0.06416709819406582,-0.11495095803596671,0.13813486880709108,0.7683942505411345,-0.06168205043167378,0.19771696271804023,-0.0769134773830275,0.04457362528605029,0.16613542380678464,0.07879832025186562,-0.597786496859552
11977,0.14169855594739744,0.042692783513152435,0.09534702074601509,0.03565077603971817,-0.3069119272458207,-0.0841125249378362,-0.013702673962586879,-0.024327219714767513,0.031028011960422108,0.06800989904712315,0.8866748427890243
11978,-0.08792806295460291,-0.1613636240396797,-0.00309166437946814,0.0684576914884741,0.5645489487100369,-0.11554536518138853,-0.33419867112887874,0.08548271785312266,-0.4148926957778618,0.1549255590889772,-0.018419196791218118
11979,-0.057975274223908906,0.0059539284158967795,-0.14789909288680686,0.06556330234758474,-0.05880739529670562,0.18105115659979382,-0.03202688383488508,0.21673743637869353,0.47018232336460647,-0.13464991920593486,-0.005400193581777438
11980,-0.07193545297910643,0.07603241900105234,0.5306858684527518,0.10919822835237898,0.018989684748474032,0.1335282958912412,-0.15134217353322052,-0.0667610441890339,-0.10220673689987905,-0.08251625572273845,0.23844983167002143
11981,-0.07626713715175577,0.09736520409732412,0.011435975183195383,0.07175647764042015,-0.08702662035853856,-0.6557169775362002,-0.0191773166594666,0.05282122289339443,-0.062287792049430524,0.017641861170478734,-0.04731919784102851
11982,0.11229251761128055,-0.13902992558177943,0.45733961355255837,-0.04803076604987407,0.015938568142455457,-0.017946267387552846,-0.013689798490952455,-0.1906663806459857,0.018397156526562066,-0.1108226692528382,-0.13774590215311353
11983,0.02127333284733498,0.633227666037669,-0.08521156388088377,0.06117393628081519,0.026699704756731907,0.06950998058648705,0.08036245520395172,-0.048623060330763496,-0.03496802731631146,0.05004585006872953,-0.025016529868589224
11984,-1.87923929882324,0.019709851079128843,0.1550817869948294,0.06692085180734426,0.07463546002362903,1.558312879919727,-0.02722464489293565,0.006476869673204403,0.06908522407477011,-0.03990440437490093,-0.0003959660217236526
11985,1.2929648563509546,0.008423349716318872,0.05189178383791309,0.0017446575439577546,-0.032201582117884986,0.01740598518429734,-0.8961661930907655,0.0675562515068627,0.02465581995024002,-0.012734282327461452,0.010383886147932404
11986,0.8500050027705026,0.06781055317295402,-0.08399589981743856,-0.005967854417220736,-0.016753151781717535,0.008795685377447168,-0.066715430534645,0.00389487745035005,-0.02728521535946983,-0.07946085126982728,0.04137736771470372
11987,0.6410421535061288,0.03458235921865536,-0.012738003568573365,0.03902330610507419,0.03256362364923247,0.029089787201998254,0.00612248171475937,-0.01721442254358713,-0.007858024579507216,-0.00687768075615312,0.0005414021605713625
11988,-0.0018041033917934263,0.017658957073316016,-0.07054916390016107,0.03223917132576516,0.0176752077815647,-0.04720595473747505,1.1009151788612097,-0.08251688235015095,0.08749180084561284,-1.0788689337110637,0.036741346541338746
11989,-0.12310384493662845,-0.5263726597352701,0.005045910351126451,-0.011076350867640113,-0.07321997891673343,0.29658572854376564,0.05374134571327657,-0.051200413226555226,0.016590877248561866,0.974959548185797,0.05706651923549132
11990,0.089075173937539,0.8869563756045878,0.059423955892715104,0.011840501821657858,0.0034763070831196497,0.35051452274580686,0.07634632311920654,-0.624753313878198,0.08151895934075148,0.10293814230506819,-0.021640011032625524
11991,0.27355818292799977,0.2570996580632005,-0.04225280590854376,-0.5954762060707889,-0.06695595276464554,0.06183521729023719,-0.09644958298167522,0.7818909843521334,-0.06762176693111732,-0.03417189200999032,-0.05386517478970606
11992,-0.05827905279836023,0.10344750951113907,0.030048681830510054,0.891419226220802,0.015876220470892797,0.03025904449403801,-0.010865792481750961,-0.1436519237084393,-0.022447548232943943,0.01769171575475218,-0.4685703219898147
11993,-0.07015655654297656,-0.17023865258643264,-0.07751402070570551,0.15456268667831968,-0.8696764312828671,-0.17295463711822906,0.13313545065343482,-0.006663330794237881,0.1303651277578022,-0.15507812655309927,0.8893085404741544
11994,-0.06338630036027074,0.019179363321507263,-0.07499998051876532,-0.06065391629544088,0.5949691399133527,-0.0970028489479507,-0.10315565763171401,-0.14467239509336305,-0.2723534458058879,-0.017777025316605494,0.023245080668942375
11995,-0.08948136403613131,0.1122015605690081,-0.0330667338259496,0.0318099764879525,0.000814625977211661,0.022157508363029692,0.044375401071606514,0.03735079653048317,0.4864380277519569,-0.07980015860019837,0.12484332463627178
11996,-0.21172517091453455,0.12800876598683572,0.596077180195563,0.09392156473600072,0.10662230857692946,-0.007200564577142533,-0.00241173140472195,-0.01530738263337812,-0.08982755468831682,0.11451154015249321,0.06073701963058764
11997,-0.10301321712778137,0.011974662653653767,-0.1612939824955214,-0.038690373611962404,0.017342832365084195,-0.7362606937290491,-0.07202953338938659,-0.023140613606869066,-0.011110726523288147,0.015081808150854296,0.070481541125855
11998,0.017215325768428744,-0.14427495475504892,0.41424847489941713,-0.04661612111743658,0.12447555345207019,-0.013478232729971206,0.10089593905394413,0.13412086716458055,0.011367519883192147,0.11452804578224236,0.04247702397258016
11999,-0.06827119656911389,0.6567473108380087,-0.011811852815616126,0.09179029008505388,-0.07547958853855907,0.09739096165828942,-0.10860869892598717,-0.0031691819641297397,-0.06278017420992885,0.06411487403701123,0.09845094469791975
12000,-2.0314875142456854,0.03890281972091331,-0.07117205976286685,0.040900004989175315,-0.023037257809566853,1.677349011894585,-0.07951742743568722,0.09076528126513295,0.003975765630400767,-0.02674682643236404,0.02843007586043734
12001,1.338484112451844,-0.039534106446362384,0.050246579790866684,0.07466684663609378,-0.01238838922000713,-0.11146693528865893,-0.9186685547445553,0.0424962802935888,-0.009361229026986388,-0.07171405748271975,-0.042240704211551905
12002,0.8663048423143501,-0.062158628114350994,-0.06080845048472508,-0.02454940569531203,0.012362327838842892,-0.11676347924297416,-0.031931977000466565,-0.14591730404033262,0.05231070471651798,-0.13463445160681906,-0.0647754804920773
12003,0.6513309169867237,-0.04605385691642542,0.01568714161664685,0.03477558647750138,-0.11268353824832866,-0.011174923969411062,0.02349911020553892,-0.07089408901358216,-0.056656660685840785,0.037226747276099696,-0.01628996778377586
12004,-0.09940941885272771,0.07101150192800315,0.08392334903128965,-0.1014881783103228,0.11506186022430615,-0.07778340135907022,1.288305060237714,-0.08975455293957671,0.1497510778465499,-0.8915559744302862,-0.014474372198833315
12005,-0.012732074611606959,-0.8432832944474531,-0.20975745264273993,0.13063705941722117,0.16595351435353065,-0.21038771607946988,0.0032754738549106007,-0.10401199596138928,0.17461899695147404,0.9314490999197081,-0.004499347844018828
12006,-0.16564788651095258,0.9697318056305503,0.08612066819829182,0.03536611130276621,-0.08627499372447625,0.07360057574171812,0.08457806401372178,-0.7236737096330591,-0.06529259649192515,-0.0007173456083177125,-0.07190160026151207
12007,0.022460250455784633,-0.013731893625689806,-0.19425920393530385,-0.526713663976305,-0.007258212911362831,-0.0128672091689279,-0.014170535957402546,0.7904490621996471,0.06567910192931116,0.06561771000781585,0.00807389156999547
12008,-0.035552316562267115,-0.06774153011681582,-0.028685291061899043,0.8067320441194717,0.15742826132601223,-0.2634111635962484,0.11793590753800351,0.029685414497579,-0.05633013737373324,-0.09139292018419175,-0.4722005130420521
12009,-0.10544437650145579,-0.024229401142008233,0.012551829492455325,0.004262934850106887,-0.6894748017084067,0.03585990645356245,-0.18763035879550358,-0.07947663063263612,-0.020346401488095953,-0.11580397287079482,0.9078339329600736
12010,-0.11236776607393666,-0.02131735343425601,0.11059591967757974,0.01530048915282315,0.6287369711182942,0.23296703540925642,0.04629563698301797,-0.007439397484146599,-0.2704090607771269,-0.04871193449582154,-0.046460495662496264
12011,-0.11095762260388012,0.1259832945081776,-0.02244947491111121,-0.0005207401882348882,0.07291305115674002,0.170677667303273,-0.13657770800020724,0.0029369379331322977,0.4995250269342058,-0.1456756202432297,-0.05848121753207203
12012,0.011572638125439638,0.06185843300203321,0.6360874010994431,0.033912471543553584,0.1603778365163412,0.007109361818542616,-0.007865284312788271,-0.13274721353073368,0.03467528511336145,-0.09112583632623578,-0.013606372270902141
12013,0.03946413687442431,0.12881711263713355,0.0746113324138716,0.030603917390124694,-0.060689032929809955,-0.7338507565303243,0.043357855692410435,0.09049061294828563,-0.036174808714396135,0.08545677191260585,-0.03772211427265988
12014,0.11555757171647271,0.12678957733567606,0.3894685323583364,0.09288972231210457,0.22201903139959858,0.02361784202200358,-0.20544773819042345,0.05733356844850896,-0.0920807588437991,-0.11551955567263289,-0.16169875441140433
12015,0.15827378468944603,0.8004635979648466,-0.08895427428124227,0.022341895897958156,0.0724650645340916,0.3172285310783275,-0.021694037986220924,-0.027463035619495365,0.10822495308559438,-0.05490761944167567,-0.019039335906760626
12016,-1.7991655519628997,-0.14495782935804796,0.05010100325688943,0.06454937439745591,0.08932844792542148,1.9570282960153915,0.09333941789280441,0.029653787759119893,-0.06472070795435987,-0.04399398110202626,0.09570126203291654
12017,1.4696209072160855,0.07785955670874968,-0.04687555577425724,0.01061875947964135,0.03286926577387537,-0.10235277344268524,-1.0053917566863313,-0.016604223843796506,-0.042720290191395796,-0.09380902863086482,-0.06205390664899795
12018,0.9294287448145785,-0.051544270738211224,0.021202623580227443,-0.011476324296614382,0.025334101586611237,-0.04148795233191964,0.0043633404459197155,-0.06578187211094348,-0.1288015972298611,-0.07285261165439529,-0.04871088029575929
12019,0.5309203514800808,-0.025689673206905975,-0.02708887263826821,0.01770907584089509,0.03998785404144927,0.07084160336340113,-0.0189030570520509,-0.0018285420525809694,-0.0012869154811978355,-0.025320600860279062,0.07747475784724653
12020,-0.01680976675863633,0.040121136648001064,-0.029324315949104708,-0.03363851103245944,-0.02478328160646226,0.08020819360197423,1.2124131384493104,-0.06324769491133829,-0.01433208090105712,-0.8418916605238167,0.0470257246515086
12021,-0.018677710023977712,-0.6876841770325679,0.14432753122369427,0.06518644678271691,0.03651841057977798,-0.0425232432098516,0.03517757318088136,-0.05431528533569065,0.08340276880366289,1.0360551035529326,-0.028580960448210523
12022,0.09950994563955648,0.9405997925114258,0.004272883581392265,-0.13447585300326217,-0.042069416935867854,-0.14287123898530554,-0.11850647335075287,-0.5124002024408252,0.043057285174330176,0.06135913223994932,0.02261218127812949
12023,-0.24297469625319576,0.1754226919442881,0.07111625719147752,-0.4831454880870947,-0.008266212492333952,-0.037780611362196063,0.10031681544570294,0.8304435948257994,0.018906355152067584,-0.09163523757677769,0.07978551571509665
12024,-0.0390594938855853,-0.12907742306170855,0.15239233240546227,0.7427419113920027,0.2008205161884492,-0.030861975619715418,0.1175539065013457,0.0015178890848904234,-0.08046382149419354,0.06039538554714481,-0.3793977664586985
12025,-0.17548188002314646,0.04445105000255571,-0.01391920022241083,0.02197963182131378,-0.6289352695895464,0.08991312340694058,-0.11153763460001949,-0.012199518913830122,-0.0878020169286273,0.1467026026483693,0.8635172759835614
12026,-0.07446986506747734,0.011502684043052913,-0.12302445076561315,0.06911921355112878,0.5542316181884916,0.05576703338437112,0.06101274360890065,-0.020350898210927264,-0.13941476885506665,0.19721932607743098,-0.013807246756083332
12027,-0.13776524223659523,0.16072608539325395,-0.03235969774675618,-0.04238783819640035,-0.04975669136631543,-0.03958730285511066,-0.047529875742635674,0.1359702618593592,0.5054308057158764,-0.06635049953548264,0.013861228201984436
12028,-0.0022789429880313576,-0.10076633594466093,0.5756331889084412,-0.146428084233645,-0.1068548917826562,0.07333746543548712,-0.04816679682112287,0.06078765207542526,0.1351479745309068,-0.034347446846969866,0.0638403218051011
12029,-0.054861934998154345,-0.03482506452276808,-0.022614309912705507,-0.07212248105882851,-0.03579472893534069,-0.7172562150861663,0.029566375441644387,-0.044587158081248864,0.10198794050309276,-0.036112488393965074,0.0590424798364594
12030,0.16871150644578553,0.10400164819370775,0.4149060217269985,-0.03872666136166529,0.0319277478720279,-0.03589137110373264,0.00400008025305278,0.16225116920465044,-0.0010528986487167071,-0.08220070079786698,0.08087411840565564
12031,0.18842401431127828,0.6586090769422434,0.07224763287618369,0.015748842429316526,0.0198971131196834,0.06219977108670685,0.10175702389644149,0.011075928105565984,-0.02688149087613662,-0.0321686609895876,-0.0723778690860633
12032,-2.086920724346491,-0.04683466972514039,0.20594009112211628,-0.08975012610057805,-0.03991579631780801,1.6035353957256928,-0.046845353972431995,-0.0244924683897242,-0.11906931689992364,0.07859102821560558,-0.0649267931689679
12033,1.2859701985775,-0.015018663447627003,0.08646571086196786,-0.04838311478807735,-0.02909011900300633,0.046913232937751626,-0.9579961617573673,0.005010712634184751,0.09426947971962739,-0.007503217066529417,0.12016023154568725
12034,0.990214501742895,0.052526306278196634,0.12471419949544377,0.006476842598039458,0.02295714343062997,0.000603474589645811,0.051847859395885904,0.08717775611437385,0.07124958275560545,0.030300515284278955,0.0725476959416065
12035,0.5818993136152331,0.035258450453465554,0.12408498898096103,-0.004089159001601986,0.030004285997459083,-0.08387705041962505,0.006916483540510196,0.007770602738229038,-0.044897226479927506,-0.030903518932112864,-0.029518774977773877
12036,0.07695986219880847,0.08025627940546348,-0.04325983959884119,-0.02081323458333506,-0.04693782503854865,-0.03752125654075325,1.09735360873128,0.09272110557926216,0.013993156448530336,-0.7298579615853357,-0.04233108966374481
12037,-0.293775685350988,-0.8198770531811195,-0.009035186818084174,0.04785226746856348,0.15046799913110165,-0.0011040667957000275,0.026881906088883096,0.03734169809473081,0.0780792058401228,1.064652153362599,-0.004404897174580157
12038,-0.2171898786560658,0.9275487969398862,0.0504898103278487,0.014704381263468649,-0.16822243026342099,-0.004185243660307266,-0.029005684173780508,-0.5566442363497055,-0.05046905710477137,-0.051259361508925703,-0.010610176741101433
12039,0.04677570588403804,0.021984275216625267,-0.012162760414486029,-0.47113243884878564,0.006545339428442277,-0.05310958507463799,-0.08364738483991006,0.8736089095707774,-0.023300706317353342,0.028778235660615947,0.10118523925148695
12040,0.05693611764185091,0.015022531613254977,0.10897018445432125,0.7796422937882013,0.06853397926373903,-0.04918868551571816,-0.15998104237840827,0.04552752816643753,0.0016253844510062954,0.014508830022472765,-0.4224907286089385
12041,0.19747910360699697,0.21142004109137402,0.08928862321818656,6.916092412438788e-05,-0.5538257000141392,-0.023163920152809533,-0.18992205536410844,-0.09738631008861336,0.11306664166633638,0.03213677362574227,0.9062422672866892
12042,-0.005405843420259772,-0.0045427057895261,-0.06111023659466827,-0.09635126070497124,0.5576424830068177,-0.11939667810472941,-0.014652217453871172,0.1619093906843186,-0.31383926526371986,-0.16739092962597946,-0.0007970272740880583
12043,-0.130080122562755,-0.19163121690337262,0.09126378228605676,-0.1032592654476268,-0.08852822750041243,-0.0017977320086616532,0.035104425369277124,0.2315662554723036,0.47188244616801955,-0.05715889098818137,-0.15521219832161057
12044,0.007775028236159022,-0.14216181341190678,0.5384077943249933,0.03934182083490989,0.007594041066114776,0.0575646461251685,0.090328073195159,0.12112432438405969,0.05688910771017448,0.10811771263591673,0.07686945276106828
12045,0.01809777968029362,-0.055916334118772636,-0.0128365394205898,0.012971444425394767,0.08155386171747349,-0.6540260620097936,-0.009320094832885668,0.0677367666752314,-0.154563835011622,0.0344495047289414,0.14192657367402722
12046,-0.01824275741738431,0.010993331370748115,0.42733296887272004,-0.17768902535119882,0.04367578165629635,0.01703982672630653,-0.07931289346250223,-0.11967660995441778,0.008128627042282,-0.045876916728973774,-0.02497839175511646
12047,0.10111318810459678,0.7519361830369954,-0.10127453497579314,0.043977690096338874,0.041168648530309174,-0.14255287279877654,0.10122179272533782,0.008156030251843365,-0.0008398279605431564,0.09833077914843608,0.010892138495869567
12048,-1.870416563697349,0.06451434625920212,-0.07902647235656607,0.022000559653266055,0.14456392736490897,1.4563222573565886,-0.11438079039696761,-0.05894123540337504,-0.08680973381368293,0.050078946172883304,0.20100395177727468
12049,1.4439051778784553,-0.051035022541197496,0.17719373439804986,0.008589761700647717,-0.04162614536394233,-0.03157437512681044,-1.0334918781718492,-0.09663458078173118,0.01707692332218899,0.0861725642911407,-0.07045753672715196
12050,1.0708683839794666,-0.03229031863321296,-0.04161297227189053,-0.22699674342887363,0.018102332161282694,-0.03667636407263172,0.08281280693893643,-0.024982319561843654,0.062067403661715564,0.09398891090398341,0.02182664348228496
12051,0.6351791121944061,0.03294961127244391,-0.10588491389054042,-0.06593182266108498,0.012389501954666406,0.06043069453680877,-0.022142304791388408,-0.037272648537048085,0.027658563313143404,0.03024909217109094,-0.03521342111604928
12052,-0.1092597615251864,-0.07035386875948244,0.1433217168887386,-0.10397560157994415,0.17272435046137993,-0.19136623075080003,1.19738063496318,-0.035452050359117145,0.04181437923513966,-0.9217141720463508,-0.02605035933201256
12053,-0.019791312711753734,-0.7094033443341166,0.11324320775268212,0.043212278864276324,-0.021367869228073037,-0.02204433710675459,-0.03259348796263256,-0.07127159184332063,0.10293055031250951,0.9756206405181325,-0.06323186143054582
12054,-0.14473426971731757,0.9805344059729527,0.022840208045517875,0.06782864234053158,0.09691827327345043,-0.12452942447414875,0.03349638439051138,-0.741078765956659,0.009671365053294502,-0.05303552587299187,0.04143612386446088
12055,-0.1511775859489106,0.06569794538053557,0.043987100662695906,-0.7043092809287567,-0.025060605408335872,0.11473107440666838,0.22587314846389375,0.8883294995629047,-0.08077533889624816,0.040792427784613096,-0.03576690177513503
12056,0.043817715840006384,-0.008694506956280247,-0.09269522077956606,0.7968022347982651,0.0687842496542413,0.03071821848214791,-0.09247702145254388,-0.07102581478294653,0.034907502248065186,-0.05249435144630935,-0.5436162673452434
12057,0.05487818346529219,0.02985075248434143,0.05542626032861865,0.022099382035862127,-0.76339383564729,0.07427324450143494,0.1502026902694218,-0.09876016807303306,-0.025820881782408336,0.1240572416235802,0.8672633681307849
12058,-0.12299018494317841,-0.05534586152020124,-0.14309376169091864,0.16987005439120814,0.5828370879675594,0.05720846139063713,0.16886782342750592,-0.09644822281204647,-0.36402283996656043,0.1835904783017595,-0.005209088232946907
12059,0.032125044655726,0.09737040871359826,0.10890840991025112,0.12615557541641112,0.1021163713511725,0.04226682075708949,0.016185350474495475,0.022261542030259235,0.4770936524877891,0.08825292799200811,0.1075138872338981
12060,-0.10721140840069993,-0.03290681919936779,0.6170944761063801,0.05722149723567267,0.11781554470127002,0.17180045975447145,0.17249581791833052,-0.03400057741424931,-0.0009825539252580305,0.00217108658099075,0.16526966220815395
12061,-0.06996986936148544,-0.05285163535402831,-0.0896815060656103,-0.0943130318861052,0.1352387791127799,-0.6598982908989255,-0.013219146228757845,-0.026667254156781114,-0.01017757669734258,-0.00784185336092395,0.008931538465951443
12062,-0.0394186357162158,-0.0716447609666061,0.38734258579975095,0.023249758642843833,-0.03908575921262455,-0.09184062307753714,-0.0850497467786316,-0.08846467788181177,0.05944565844876681,-0.0062405211688304225,-0.018209039017578352
12063,-0.0329869193718341,0.6830838254447436,-0.03908901544859518,0.021769988108579417,-0.09839741073380412,-0.03764638640606742,-0.024603545164714823,0.09531576763187205,-0.034534024064192044,0.007781250470164412,0.031481892838286965
12064,-1.9733171118649642,-0.13068782920058503,0.16537194880658979,-0.08742591299588923,0.10620860055401243,1.8112835631349358,-0.013038763391976356,-0.08762767334490135,-0.02290470228809629,-0.01620847112961487,0.08162034952929845
12065,1.3312827529674334,-0.10092292639127284,0.08263044285518517,-0.008582831763773328,-0.003028472712648091,-0.079929144728903,-0.9019602087796551,0.07991809121146595,-0.05654897710025592,0.1134263259980691,0.1155733745485137
12066,0.9090492113332892,-0.0774361425624343,0.06217651063530207,0.14340187607037838,-0.15519311386833323,0.209412117036204,-0.07552019490529838,-0.11044024652820852,-0.0723824943459742,-0.16594892771211853,0.06936295087732823
12067,0.6543276013174291,0.024746845624540784,-0.03464029449063635,-0.003888777687011653,-0.01126007037849731,-0.04290675290779958,0.0154969559110202,-0.013465313148895298,-0.061776347445528595,-0.007455857276606597,0.003418019251194202
12068,0.12987479010837852,0.025917021870938826,0.009976844276345966,-0.0600597549282729,0.04719303520909802,0.041001455952974664,1.2284670988954858,-0.09152359008183188,0.07051403461226571,-0.8825250943852789,-0.09992673836439159
12069,0.14084339175803087,-0.7396452822274565,0.10314596890906919,-0.0332791009673956,-0.16097350722729403,0.07739847725025738,-0.2221531577673848,0.0593442750757632,-0.12996315682050563,0.9189266907617568,0.05857404602458453
12070,0.11261528895558294,0.9184970643083329,0.03139921219179998,0.029649774328770865,0.08848180624337793,0.10669461930787151,0.12401162338105395,-0.6206794997244393,0.029519577004352492,-0.04099425530858634,-0.011703972947535897
12071,0.0414815348903831,0.07545313368590638,-0.08583756753350137,-0.46299403347643664,-0.13794421873775078,-0.09000584590360039,-0.08390524293039031,0.738670289191419,-0.12857326014434772,-0.004960673141354632,0.06253485077794824
12072,-0.05712211312858209,0.02079658110607113,0.14548870346331413,0.7861893217229399,0.054441315549978206,0.17887651484690303,-0.10660488870267609,-0.06797939062010247,-0.004075165544767034,0.1715039533298472,-0.3931598872324506
12073,-0.03891492169739566,0.03183990361755996,-0.009702338966995867,0.07682473965677297,-0.5432025823792532,0.015144120849490277,-0.010155738365118884,-0.011329874797046363,0.016539520560041113,0.03176334408559271,0.8749609324900666
12074,0.04899334474314107,0.11505428230313045,0.11801877195566508,-0.06364314136877405,0.585593819763233,0.10459490623810543,-0.018770807690909722,-0.10843115627274015,-0.16119588697630655,-0.060767593685100874,0.03981201283749761
12075,0.09489548443408519,-0.1932766651644344,-0.1783652688221768,0.08217694704301062,-0.0003617116203969502,0.1474683733916578,0.004291646244179581,-0.1726516343794196,0.5161967103152498,-0.07962008267818155,-0.03814324149151658
12076,-0.0893247989635818,-0.13727888074850758,0.6141089407497795,0.18119840302273657,0.01280730447283834,-0.062426294825232785,0.06432159950014057,0.13123409888674556,0.14806328079865225,-0.06587886435883522,0.09077435587997426
12077,-0.04928120974173703,-0.04328708460341789,-0.060787755817770815,-0.04477471222799461,-0.05835885818208239,-0.6994605376536709,0.05651070382857365,0.03306673983590147,0.07966283729476172,0.021942881424564197,-0.011453561892820997
12078,0.3598953229835213,-0.0009649296651234474,0.4342037466029778,0.15293240733951666,0.0625354517783009,0.02678502964430242,-0.1637795735401341,-0.04572470581327201,0.10664024512821575,0.06676306947272036,0.0071978190611426416
12079,0.06358196735792608,0.6487248184629397,-0.06939052873956227,-0.04032533462059208,0.04429586301270651,-0.054881560059006795,0.14228178465315322,0.012767225334165432,-0.03383796004775638,0.060803328076571586,0.015421182783094142
12080,-1.9089662678480488,-0.04548625952608209,-0.07694619435346835,0.11276122575138289,-0.08887022107196466,1.6084652702785256,0.019306448802239994,0.20668465362870034,-0.23848811701606287,-0.022793640338035544,0.04169046626162743
12081,1.5251806203766236,-0.044041777799539744,0.0977937853590426,-0.0006542740185926594,-0.06064137448764754,0.05657897789555284,-0.8948742698448586,0.015284765554863262,0.030348972989201767,0.008103252400187305,0.024242824393757693
12082,0.9684125695617349,0.08558417956560907,-0.014946002677777737,0.2000368721333154,0.1727681515842005,0.27158721727995294,-0.08640711227089756,0.03189092161695856,-0.10300215377517637,-0.018782646812183387,-0.11899595005108267
12083,0.5769024460571747,-0.0005113389307922923,-0.013804109595751079,0.08695979843590952,-0.007236193584478039,-0.039665912881603135,-0.025265264080284778,-0.006129732242624249,-0.010862938890978013,0.0361720809399062,0.02716243224837409
12084,-0.22341887717098924,-0.05279560456255327,-0.08048285761538095,0.05684584266893433,0.021871880251826594,0.06033290514610349,1.3010721858241754,0.00437394698358705,-0.1637287961023608,-0.915855449551395,-0.11868922255264547
12085,-0.08677286827593164,-0.630075258048419,0.07380754041167444,-0.04616335007225608,0.004064600539387669,-0.06490810076564962,0.16390562233914685,-0.026624475987972067,0.04172897521263106,0.8848501038577722,-0.030537724528469094
12086,0.06547168672408943,0.8917154825369744,-0.013712999631432025,-0.0879667433895537,0.02584342339490181,-0.018311940140481382,-0.07660806561858774,-0.7299947242327584,-0.17954012205347297,-0.04494949418074162,-0.04756361825730023
12087,-0.02083670975613069,-0.018463742892906174,0.09717690229803819,-0.567238700612054,-0.06778262086977907,0.02912555876758355,-0.028350203511089855,0.8501198251403244,-0.02551522047091096,0.11911872659664255,-0.06022819467016204
12088,-0.011883504581877369,-0.12866386848403702,-0.15723268509799704,0.8164686481552673,0.03078894442898353,-0.10182274499901954,-0.06484195930307285,0.05393710225557778,0.09683985041321705,0.23623496575706532,-0.3532122650981137
12089,-0.0942910471836219,0.10895602787838558,0.05331497408875966,0.07983480143166548,-0.5820300469157432,0.05536977225231446,-0.3685140019619114,-0.10812978396655337,0.05792294789338664,-0.13325120233876245,0.872883759455735
12090,0.09735179753184485,0.12313718029071323,-0.017991941017648387,0.029298461760508224,0.573805390694128,-0.206311830866837,0.11296950356808202,0.014675508735626761,-0.3015480457530713,0.04040720487682602,0.011786165611935193
12091,0.29156915798613225,0.01824362574378468,-0.1165384262392135,0.10190281678582039,0.07738913070816006,0.22058650789231551,0.016578182587931645,-0.011175684846419254,0.48219120779018143,0.08840216752920156,0.0016476426028925195
12092,0.02097453371669125,0.21345342235652326,0.6186497981134406,0.11991991130240391,-0.07493932382047278,-0.009754135845022079,-0.09980502865489618,-0.055458738961850815,-0.1318249195699657,0.011642678201519754,0.0807215864206494
12093,0.016407296677898947,0.014966676754118714,0.030370915658069094,0.12274971199838638,-0.0013238288091350948,-0.631687729056076,0.07293383926831201,0.023267806298207717,0.03981186474795688,-0.023995482938173256,0.11395119239869607
12094,-0.10527183211481456,0.17495917172186995,0.42501185544702713,0.06983039127322796,-0.010838977433369052,0.002876428221086703,-0.1378550695589258,0.17350350158996344,-0.12354225258651912,-0.19590846389037397,0.07923742727243253
12095,0.06597397669397809,0.6590181965458548,-0.0947526826562412,0.09035466772287015,-0.0810500022761435,-0.14332680194238984,-0.1909209039365164,0.08589405821972605,-0.00410486392380073,0.0034353452999645916,-0.04891221519353316
12096,-2.055786236008717,0.10831516949131237,-0.004593791699242126,-0.17335136636238394,-0.04430132824683598,1.5935917409587448,-0.029243065113111318,-0.07678548223766707,-0.026395554701533507,0.11086757494292503,0.1523347624209725
12097,1.3851154427771033,0.02905057913883536,-0.018419467168211082,-0.03345462927655347,-0.04005985228045799,0.0185630502420569,-0.9140081992012334,-0.030273696122286843,0.12479666386991355,0.08457801713398969,0.01670653967856505
12098,0.9471422207903422,0.002728232035116792,0.13954170711839037,-0.11455201428463711,0.019452775565101457,-0.1953781083507385,-0.03662044695802156,0.12030874297895813,0.058520006800268504,0.021987734346341395,0.04253305211460292
12099,0.6647338793710409,-0.025395789987225234,0.08020793565591326,-0.0323918284446491,0.00455241301769272,0.011066638250177004,0.02573950529567471,-0.012486542193131276,-0.018105367608346037,0.05597150039859975,-0.0640034804978909
12100,-0.008889155614090444,0.08531815804859877,-0.17229344173294292,-0.0018553334078816423,0.006720604176577898,-0.12740843318742634,1.2746005963424336,-0.09224426711387688,-0.0008814029338446798,-0.8794412556415669,-0.07149024831638515
12101,-0.16031997837986187,-0.7146817479503071,0.11380294118773887,0.10409957171516389,-0.10977562201832806,0.05991156251830082,-0.03480720291393863,-0.11201142524099733,-0.11947882314737271,1.0190496007739587,0.04629400276953917
12102,0.2303833007430736,1.018870098503834,0.1293287943174806,-0.03600177218321782,0.03523219325757876,0.0806366914131042,-1.5914632852739516e-05,-0.5614810397474803,0.09869444706151864,-0.04902198319311546,-0.1301155506969731
12103,0.2192333036443476,-0.13308130108351388,-0.04934445462878672,-0.5928393110074991,-0.10529335017236066,-0.04694414770283056,0.13905918847683105,0.9039996225186909,-0.030820466373570724,0.016338988396896306,0.08047813837031126
12104,0.027684699189934926,0.16044180655541795,-0.08548152730204547,0.7921302644835271,0.02982156663362081,-0.08024531828908857,-0.06842918342019172,0.07775293285120384,0.09280122669164122,0.13051241387245502,-0.5674404089038194
12105,-0.018125875996966426,-0.10946107128742107,0.02987522499096098,-0.026560989885116387,-0.682418064437171,0.18770841369576174,-0.1674565528166452,0.06051106534556553,-0.05404600313132088,-0.060523245248322546,0.953737188238469
12106,0.2073037067500945,0.054412382213280985,-0.013029186992026646,0.08840947371459372,0.62437130715917,-0.02412274839301806,-0.09926125587833455,0.0013765172297105829,-0.38195234513550225,-0.1677017797417721,0.039875167304346294
12107,0.0899709318959774,0.03756510494071574,-0.21738535869227538,0.07809452337047548,-0.060777294275677976,0.17883371917423094,0.04525206141423293,0.1155735696771537,0.5134424838401758,-0.11734666877174724,-0.027928676997941625
12108,0.08634968356539982,-0.04929852260159987,0.5623543125354246,-0.07742387879902539,-0.0797539633697546,0.008022771761478122,0.12236014403439682,-0.13889630344667045,-0.05344330034178776,0.03259464677759326,0.01936639118415224
12109,-0.08289058146389444,-0.02979328933846235,0.024970762132616346,-0.03286113387987482,-0.04909482370405801,-0.6807415059001499,-0.020424388051589717,0.022943410372291792,0.06948402695512337,0.0015724164195830082,-0.01602298418975507
12110,0.06748490674251818,-0.06843036916986035,0.368401450950227,0.04875724457585741,0.14069571292818311,-0.07929873966782511,-0.09351787454435836,-0.03005365856974229,0.109212518101055,0.007643327289915233,0.15562236905581994
12111,-0.018442969996880013,0.6339071533962835,-0.09220877508503537,-0.018500066390055355,-0.06095481442723674,0.09500255528640525,0.015166542750543686,0.04100032215508154,-0.00846026944066496,-0.10252677805754663,-0.02396826132791831
12112,-1.9092645592908775,-0.020533174950794854,-0.012843516012690286,0.04515672598120992,0.15647917234827569,1.5871522093352903,-0.012049037822901962,-0.057885920231076825,-0.07382471798107294,-0.14692445841912694,0.05072120000222871
12113,1.2355964656665306,0.0014900827570692465,0.009541928762126237,-0.002420884838134332,-0.043721677633215265,-0.03104857305264136,-0.9186224991394475,-0.11617214443644609,0.03009528462086945,0.047417057782109945,0.03914190721320573
12114,0.7222391588795825,0.12162068401925422,0.25850131158677625,0.00681105225619856,0.2037738520523329,0.275199088036481,-0.03176345619942422,-0.03690891737896754,-0.10074062119935961,-0.08683116577674715,-0.011914878047042027
12115,0.6338567262534355,0.03509856756029993,-0.01813848064355604,-0.0479619629558745,-0.055045551454969484,0.02074430826743099,0.0736216180128734,-0.057190731904768734,0.06707087702635624,-0.003673636902244422,0.0691791065897731
12116,-0.17192910693854022,0.029654987168511893,0.03557655180208535,-0.06329226610891331,-0.0207768236108882,-0.0158169268962398,1.3179632400593313,0.061407122384194504,-0.13745805885656098,-0.9617870378610723,-0.04851562007696726
12117,0.07730096682694146,-0.5406501546511177,-0.0594088707818636,0.057682772888381924,0.08752702162202074,0.000321347872114925,-0.09731745290654209,-0.037492215134702,-0.15341791081401207,0.9526662734570736,0.09013744981247794
12118,0.01873548785678689,0.9705524465845232,0.043162362116584335,-0.026637510339418843,0.0008327046482373398,0.17941224364462058,-0.2370962889498451,-0.5948177230675427,-0.08552171170134563,0.160994593035753,-0.030206935736707827
12119,-0.1260261059692054,-0.028746702747064663,-0.006108176723752405,-0.5526153233488899,-0.07601173997356292,-0.04279989088310182,-0.0985387972910972,0.9184897009834404,0.16013602099723154,-0.07441287597407409,-0.07514630754101823
12120,-0.22603865453137506,-0.02982352546871734,0.04960299453128903,0.7390610851050898,0.15576883840552466,-0.03947943217746787,0.13683231201902313,0.009696312372465016,-0.10392248554408828,-0.04754533664248923,-0.4883764888470754
12121,-0.010833599083707554,-0.06111751243613035,-0.0843985467060139,-0.11596743110056955,-0.7702859705460696,0.17385957189135867,-0.06188327717690589,-0.10650491447718693,0.08258468438606707,-0.04503202316279962,0.8479907420570518
12122,-0.2065811361713763,-0.015847166430497106,0.0677449477992203,0.0588864740204152,0.5933105351054138,0.029184083049602686,-0.057335338425797085,-0.002035008107357944,-0.3411614537382571,0.07145788681161912,-0.01890862757099389
12123,-0.23893288700665624,0.08667745694811999,-0.17731714157525755,0.019445121515037682,0.027631304610434487,0.07396354239611215,-0.007604029617242365,-0.18524943631000818,0.4887481155884574,-0.09216494643301433,-0.15444469289039328
12124,0.08507372660220712,-0.0875208494721608,0.6310387989199182,-0.018590745618215252,-0.05871842044092475,0.019622563086428835,-0.09731230806255994,-0.03315861470938253,0.09708099050237515,-0.0017113483627382107,-0.07446028310754411
12125,-0.04350758587317117,-0.0070864664257657434,0.013176914431500875,-0.0005821132482311279,0.12849001024163223,-0.670640942263864,-0.02240803709350905,-0.011425677137393958,-0.09102438539842411,-0.04380088797836447,0.11621855948975017
12126,-0.11180498456095374,0.0006848719770719157,0.45025425669923635,-0.03349656718950308,0.06368489518607943,-0.1221390220688038,-0.008273535965239002,0.11439738125008382,-0.033076988679180824,0.07077317072473464,0.05836354672993839
12127,-0.05238331843427155,0.6388546007832447,0.03431177867110546,-0.02783141905567433,0.0006789282523819657,0.06998050513212897,0.13320508224023164,0.03735508727095237,0.04280513834304749,-0.020564877258244955,-0.0028758048817841167
12128,-2.051950180027612,0.03439043570733615,-0.059020603080397555,0.027720004631023382,0.060261106528113874,1.821262581653616,-0.021780276396808754,-0.057512390592872976,0.05425512959285173,0.06225474240633929,0.04101222994918852
12129,1.3974227825013465,-0.052164345796849886,0.01411009394198253,0.019543179972081742,-0.03656839269216694,0.06838109756872139,-0.9680150801412123,-0.014834407949357045,0.009140307176401827,0.012623870392913874,-0.0652287302131003
12130,0.91669188769386,-0.09285827450258619,0.12105050251904347,-0.13078908843410536,0.10090608503315684,-0.04290136046536078,0.005602575275223328,-0.02716097977409046,0.15512082372066602,0.031020500730200393,-0.00017841251158899813
12131,0.6325925905490111,0.03570025853164559,0.06663855248512608,-0.009099032012755321,-0.021904901789825224,0.11432551966605528,0.010796703656848932,0.009588853156816615,-0.0014898428064680884,-0.044663464145350426,-0.026659073962377395
12132,0.0489081754605873,0.05956048663256693,0.005645665937675718,-0.044687009690840565,-0.044522182458712374,-0.009469746653963435,1.3178703315134352,0.0007837899493860351,-0.12747151245013238,-0.884063142966561,-0.09132136363974148
12133,-0.10775132783817984,-0.6363985361247706,0.10232500422950763,-0.0182039042737938,0.0023677636268613017,-0.047249458756628004,0.04216800999215616,0.019512151071957036,0.031348225207851715,0.9566248206421993,-0.2099391143851639
12134,0.12976692283541286,1.0146145939347226,0.008149023937793322,-0.010771200283738333,0.06916849724388172,-0.07555938705417585,0.03653485569056549,-0.6645289466899034,-0.07279486557626233,0.009924651087030684,-0.11067938597475942
12135,0.19202477486255623,-0.14493568270809676,-0.06769090788660251,-0.4353112607638615,-0.007927976644673153,-0.10300974057127354,0.08103196190578901,0.924806500520357,0.0223489471024188,-0.10189680031689743,0.09060667106023845
12136,0.07140511631501942,0.03241005921823922,0.027905718691270325,0.801635686471223,-0.0019887703931708574,-0.045686351286863075,0.05901841623289028,0.10617729504653792,-0.0650569306894764,-0.03374217308521953,-0.4075536985575966
12137,-0.10894093117061937,-0.07603585704540393,-0.09182786851202754,-0.036634100544495604,-0.40609039240328837,-0.1421212209710571,0.14651002883727132,0.014494564330190148,0.13199508646884192,0.049827273931208,0.8656183714894119
12138,0.019182082581614072,0.06768051751063094,-0.05816904381151135,0.04067144563557713,0.6138952783195624,-0.0836318586322427,0.12539311943553727,-0.0007505278940661861,-0.40586714572622784,0.0484104417539074,0.04120091273109351
12139,-0.08427807145182149,-0.025364222021403496,-0.04927085225194375,0.22605096738913688,0.05253769907941527,0.32338087069628124,-0.00024187193604192393,0.10086089243786658,0.49129393388230475,0.17550018226843667,-0.03635598545068124
12140,0.1566867050893306,0.039614453795640464,0.6280341905775809,0.0248226339607857,0.040763751363996695,-0.05583926486675413,0.002526026657116747,0.02850195730709012,0.04353535577205596,0.14232266838567809,0.017800241813350257
12141,0.0086824619439845,-0.07741861793529084,0.03798521049655451,-0.07934178855389609,-0.03999386249946265,-0.6227698083760599,-0.041205176412907836,0.050128952791765914,0.053972114327349247,0.009496465818500041,0.004112569030728217
12142,0.18428360699545265,-0.0857927481972704,0.43013271372423967,0.014167737275645301,-0.009479367919123311,0.2446036162721105,-0.030352779066003494,-0.03134237376792597,-0.022905741191268408,-0.026783371718454782,-0.16176507076140145
12143,-0.0060915508712112,0.69058604511081,0.013235205651093835,-0.0699038340062755,-0.03634257052360239,0.39584970150904986,0.021592831227885093,0.01606099757465443,-0.04999281071276385,-0.10429168036061547,0.026261450013722865
12144,-1.9901589399594095,0.18360824459130665,-0.11773155681443485,0.11618623075973947,0.03734377828775187,1.6279543254306221,-0.0039841548024563194,-0.020490270477834832,0.10616812955021061,-0.07041652448239685,-0.07053600072288663
12145,1.6730937659124017,0.010244622974765569,-0.038526439089181075,0.06157651871299709,-0.0400752110770559,0.11938922525153547,-1.0415404959582968,0.0037054281160650584,-0.16277711770859155,-0.03794840448977461,0.006232924910325088
12146,0.7229526212279933,-0.07190659168139675,-0.014341487540834696,-0.05800635663117511,-0.05748773555223598,-0.11428255992613577,0.008420323250461546,0.05978516302174972,0.007921239059524552,-0.2152019637973936,-0.06787674086093909
12147,0.5997038442435203,-0.06052069314625725,-0.008928327291263093,0.0050544816422370955,0.002328367403836175,0.06694008359095419,0.06766117679142905,-0.0005563281142832964,-0.03235783962777941,0.01681716097468336,-0.054675814385769274
12148,0.040053270856156724,0.011175793040998283,0.010019676758429522,-0.07275349589993785,-0.022238648655947785,0.15854321037733307,1.2877816397810056,-0.05774764617549377,0.10982957346838063,-0.8680900393817705,-0.02000593570305284
12149,-0.19707888749634728,-0.6510652178696114,-0.057214351628197706,-0.017082362770615082,0.00026977343768298584,-0.08137398095182227,-0.17763350571061376,-0.03545411362453126,0.022733951659108534,0.859271377049574,-0.05890561803150107
12150,-0.020074178189829935,1.0555253628686738,-0.009961992383604328,-0.004369447063979575,-0.035715157360552675,-0.02610949877872376,-0.11718146163524032,-0.5728251128819317,0.06186073925566818,-0.044490565650844915,-0.02846434673947568
12151,0.009648517436627438,0.06992078300041375,-0.031965547192334,-0.5197583858850624,0.003544633562242926,0.12288450616620672,0.03402722686553255,0.7773111302144999,0.024082855981864135,-0.17105482968299296,-0.09072034864946424
12152,-0.03981307458731498,0.05338008742854818,0.15901172344323303,0.8219041015130223,0.16809111923877718,-0.22737030618787393,0.03060907500825452,-0.05080380390969473,-0.00976630662438215,0.028567393342341905,-0.49879025918460634
12153,-0.01922826552554665,0.09800088762936346,0.06223993580309151,0.04821908711827059,-0.4303706527313278,0.014414856726996918,0.20034759397225346,0.10857725867576051,0.03278091691250109,0.10882859082795565,0.8823093187483774
12154,-0.11821913598554835,-0.0035438364718892827,-0.07562151970846555,-0.0636113014548735,0.663308025297406,0.23551496133906993,-0.188172651610876,-0.055285005409462684,-0.24589386930365945,-0.0009938380134663137,-0.08892698088714998
12155,0.020478265235036038,-0.08688832036189312,0.034115936022977175,0.1630984121259525,0.06134424641829554,0.03855240369320064,0.10873607095362998,0.11170662700843198,0.46021865444503307,0.06846746103166747,0.029143861113542807
12156,0.12449049252814781,0.24505004331160346,0.5312295729369179,0.11045335880665348,0.01859883502352612,0.11279270653440243,-0.0860739243771788,0.041217543394713285,0.18379810851045855,-0.12370662248880843,-0.07545170482092715
12157,-0.023985819051301052,0.028648831364777343,-0.07282670241382608,-0.008906863308950588,0.03568405725415481,-0.6599746799920504,-0.032347173442094625,-0.028673612887392338,0.016267995142717335,-0.010918162904211434,0.001494853227786191
12158,-0.2700043317664166,0.022642893446931905,0.402758324590456,-0.00031119841171415577,0.011994146182613179,0.07347682998884059,-0.008434204149053524,0.15510672337391132,-0.07264788536876708,-0.1406139736786806,-0.040968129952964394
12159,-0.18345637887343724,0.6211914052142415,-0.10902880784331734,-0.041654205338295926,-0.010132760397796382,0.024015752654952524,0.2278734728211126,0.0627598556049895,0.02733972344079685,0.1445904181660302,0.010508370109602101
12160,-1.8424010571505924,0.14552158519436223,-0.10112082617219444,-0.1600829666595746,-0.10748670226477415,1.6598642606665177,0.008600382289807362,0.01504576662949739,-0.04311383908779063,-0.16387212998599,-0.007733432507520233
12161,1.1657128484565549,0.04355522424161751,-0.07995723574262757,0.03720407154373387,0.060601101161018536,-0.02798769619385752,-1.0362967078489298,0.005372690400357529,0.04320248204148177,-0.05093968410879034,0.04175922326781673
12162,0.8708066625311466,0.032447369423769835,0.03459029189702376,-0.016163969364115436,0.03264648983089585,0.04744458154039562,0.08415845297563937,-0.06728722450600522,-0.08585096793441266,-0.11549428525714392,0.10350004209055642
12163,0.5635905463792729,-0.057152238058222705,-0.0351123105484803,-0.017910917387235468,0.05605510308409973,0.022990053340759285,-0.007438375975419113,0.019049310901572844,-0.09011202379608434,-0.019758752006394154,-0.027388154189597665
12164,-0.06169408904598888,-0.05841569063196755,0.01671577013149596,-0.09485118101952326,0.1160951061880411,0.098603996899537,1.1700087064729725,0.027664690333401864,0.0159111501548842,-0.9724344622655772,0.08000254731370615
12165,0.11673300302094793,-0.7442764286667881,0.008438812957738722,0.03093411049221991,-0.11143108627011258,-0.040875600960913,0.023434851154836133,0.0782789981854939,0.015698821756410294,0.961931835340955,-0.08048885078006407
12166,-0.12216330186051001,0.9495363087290535,-0.10870116722077629,-0.04998353797461866,-0.037282316347856205,0.2008178795611223,0.10888539677271138,-0.6675307885425539,0.0763221732442759,-0.05898969971159496,0.09309013323137175
12167,-0.12403103472087927,-0.01250185141460223,0.26779217043353587,-0.40801649285078717,0.14247813991619865,-0.040386205859010225,-0.1171385796544592,0.9013481936473463,0.0035660525516352376,0.07088356368393336,-0.020190124194767185
12168,-0.08121654009107004,-0.14076476440980135,-0.16189251089195492,0.8248693616072864,-0.050755257802141435,-0.014788577176807259,0.016520974415119037,-0.07754005752118331,0.05305346470831224,-0.10357389643627182,-0.4810519709783963
12169,-0.2144611944563953,-0.08177066211759483,-0.12258057769281488,0.06668073234777226,-0.5652227097558723,-0.303072383436853,0.09054835893952186,-0.03758607048054347,-0.010273100113599986,0.00878713212520955,0.9154885582894575
12170,0.1060169259013708,0.009497659528367655,-0.03613533989326442,0.0313410871456561,0.6210336396077183,0.03350621446615582,0.030986507559037698,0.0038414666930274063,-0.32094425666514503,-0.09227465816424169,0.029058862120975464
12171,-0.058529722258065076,-0.004299420690280107,-0.24268050202748093,-0.06444711994185788,-0.0029463407750393673,0.08875603217290252,0.0889654633918755,0.026102169228048,0.5044569761584488,0.10357892616896633,-0.18072303792084835
12172,0.12306815448641643,-0.1495927817921069,0.641258124641896,0.0822343350444471,0.16353324355607649,0.1635743118077634,0.0829504846499873,-0.028317846355862493,0.057018923526326856,0.09427518193561973,-0.0023438401032177033
12173,-0.06648192189277585,0.040405536578261764,0.1399246687877356,0.042795016639768375,-0.09232982743899285,-0.6704305629901863,-0.009733774684548889,-0.07510186537255713,-0.026559890207689153,0.028958650779652397,0.022228779697713294
12174,0.025111141248340074,0.06404437423150919,0.4087501410680621,-0.011498155566897329,-0.06318278158173461,-0.057281250768606524,0.1028335027471742,0.025897963654225985,0.10525977960956656,0.06160596346486217,0.035195262936732544
12175,-0.010745752091243748,0.6778378940484829,-0.0350139286143245,0.08404113749276342,-0.06459751015116144,0.08359883411721122,-0.1238269507206891,-0.03122767656381645,-0.006756502956858395,-0.00829942022883144,-0.03082659415669138
12176,-1.913889236456194,0.13874214599442786,0.07896910590387149,0.011901135441667808,0.17948943951920818,1.8501188712106742,0.024602672308864475,-0.048369401281783915,0.0752922300618266,-0.05424470126747706,-0.02558738847360628
12177,1.0610558820299967,-0.1384836906511954,-0.015504254659086062,-0.022163562725794676,-0.12926393212595505,-0.014266387666239099,-1.1128115013994253,0.055231203154355306,0.03475519941613363,0.06187617746430165,-0.025521071248308446
12178,0.7519454798615612,-0.13711315718647696,-0.014445805470261953,-0.19636621692007294,-0.00025029456371810505,0.11695534430778907,-0.025841191056895994,0.05965168920760716,-0.03798556755903312,0.08976420758081399,0.08806637214917189
12179,0.6324285266509416,-0.0027455727000981313,0.06584686972948145,0.03226605004238129,-0.032648527636939734,0.08516230523697679,-0.0524617579982186,-0.029095396212723813,0.002380035234453414,-0.021587653078889144,-0.05681333274879839
12180,-0.1419518123809101,-0.019840351533201475,-0.0488130050536754,0.025787856421425132,-0.07446542310152533,-0.1303517191866476,1.3111901212249255,0.01071445040209477,0.0067508616226999284,-0.8578193709545595,0.03846436709592646
12181,-0.08513831085706236,-0.5676720165674946,0.09499476455749442,0.06316391374916261,-0.038787035185397854,-0.09627709443849702,0.07980139387226846,-0.021638650703709548,0.04710626818919965,0.9118614495034232,-0.03165090898492828
12182,-0.04225320731676256,0.756487172385155,-0.024717747110795822,0.042344881556000066,0.03355207540890123,-0.02700960421402089,-0.22490024474069362,-0.6022191539706916,-0.03252709851362498,-0.10472229159383355,-0.006602142059331024
12183,0.05772091122090521,-0.00033351952207959787,-0.10773313672884975,-0.5803714474696766,-0.008744379029236376,-0.1298700613314521,0.2169056790430755,0.8022550750067943,-0.08275284211879705,-0.010398691626853983,-0.12236672221686795
12184,-0.0671818427084123,-0.01967363587540787,-0.06450684724120105,0.6823991723943803,-0.05575401046102948,0.18307020382493905,0.0706039439778891,0.05183533163446067,0.018610049526207116,-0.08778442678625265,-0.5178268611436074
12185,0.045628321727707116,0.18489648295458172,0.14783820989353982,-0.05721890364623598,-0.7347586136917719,-0.1263486597594146,-0.03750424661960362,0.05528708731284848,0.030601633184517796,-0.29339729248042373,0.9553224301451582
12186,-0.020178645089237387,0.07610608080444614,-0.04649435994000775,-0.07239876597298492,0.6127134079038169,-0.04627538658450901,0.0022736704722954955,-0.011477268976080972,-0.695807318157269,-0.03632209477666841,0.019970236742619576
12187,0.02561146123288857,0.00030453996787152245,-0.007368779192942071,0.05545286770989816,-0.025811789551998122,-0.13533935196657434,0.03830037346538797,0.004013274774833745,0.4998424236135654,0.0348833528052446,-0.013412069050740431
12188,0.048121672968610564,0.037127841805419656,0.6147431582712463,0.20127256362621987,0.0598043843892378,0.1139937675601471,-0.14242555737297136,-0.08105887091082871,-0.07991593407488029,0.11131186856200848,0.027730154124661014
12189,-0.06859499098186649,-0.13102893907618526,-0.025730010198288043,-0.07089561500297815,0.0003978669369671256,-0.636238938370853,-0.06998307724153827,-0.07564295857243848,-0.030085030677286163,0.03778754588861912,-0.01053387104351342
12190,0.022422065990351195,-0.004771968588025095,0.40603780583398297,0.19700342859720035,-0.07292472435773217,-0.0038666803146343645,-0.042583131592882247,0.06471080665521478,0.09716656867412618,0.02223635862055466,-0.10620712771863397
12191,-0.02271251514393261,0.7396667914096509,0.03650265704229997,-0.0013435131903364087,0.01665281735379106,-0.09162926256889002,-0.0548867854272916,0.011880531475921842,-0.05844452686926195,0.06697818812329853,0.020436145892045596
12192,-1.8354785842328996,0.012676892727488051,-0.0983688149063747,0.21269596166345028,0.11039657327872368,1.606779336543615,-0.09825110904530425,0.03757776263203464,-0.008582985386728359,0.05772931216830901,-0.14510453237456677
12193,1.206844535299609,-0.03132195261379625,-0.14268041788704933,-0.035789920067595654,-0.045104598682855386,-0.031281090757419375,-0.9294323194330426,0.02282576522470775,-0.016455892903145523,-0.010556408945123878,0.007898977756625049
12194,0.8006141017631941,0.01617483434909113,0.19494016219315793,0.16181071782035192,0.07635953148730748,0.017850356097419556,-0.1339296981018572,-0.02422028208105615,0.10798351281848666,-0.015141329033249346,-0.0145122663328904
12195,0.633617883185936,-0.012777012649488243,-0.007591014232021581,0.033337118929196774,-0.014002221462318179,-0.033175978159085975,0.06229148969597833,0.002769537498633709,-0.015127256456899007,0.026983785382958703,-0.05898867014135951
12196,0.20751410428841988,-0.029618996991507558,0.07202817437789383,-0.03389857903319633,0.002728266623053899,-0.11906064681486697,1.3038018231258393,-0.024515276645632578,0.1459515539182896,-0.7837145241905175,-0.012863994595839647
12197,0.16679455048352737,-0.66382411512454,0.0710194964032815,-0.06437808107083118,-0.06498301723528478,-0.06510197622392365,-0.09064767671807752,-0.016625475674181683,-0.011144767431118198,1.0130067755012229,0.10133003195242583
12198,0.061780306205723425,0.8006081020183824,-0.09659415359152934,0.022619885845960842,0.034257079502661776,-0.05197262553305561,0.03691246378316396,-0.649174123309504,-0.051626893664349444,0.00904990557517913,-0.044189988525381634
12199,0.09689903393097535,-0.01337096902507929,0.03175267629147496,-0.4787230221966176,-0.11688440858754247,-0.019784549429204722,0.14292420348913226,0.959773872076017,-0.007415635639703344,0.005149054738978417,-0.0845541191461332
12200,0.3890867730566878,0.008066950719812987,0.07789233760152775,0.7550491672073628,0.13001599705587324,-0.11612981877982508,-0.042464112397469354,-0.10610172701436844,-0.025151011688107017,-0.1440248022680365,-0.5648238083973968
12201,0.15931616724010877,0.07352315283094568,0.003861541491012913,0.08041912506171094,-0.6190691347772098,0.01366483143854718,-0.037824050322460584,-0.02770830956651505,-0.174413726681004,-0.2647492131676218,0.8841469875336532
12202,-0.18162856924417944,-0.08284912769217753,-0.013825186970956214,-0.006484510688259486,0.6438781289214458,-0.18117023772096852,-0.08754396373002572,0.04889352918229821,-0.41166272915717905,-0.02802059381504389,-0.05493857870252398
12203,-0.2516511294126522,-0.038744077551629355,-0.3071647424180998,0.20926598457710552,-0.03130239514697948,-0.07150092298395287,-0.015495724193690481,-0.025105626294209066,0.4765710120687049,-0.12779354476362265,-0.06592881141906017
12204,0.025289047177372022,-0.15229438668839104,0.6141919610698543,0.12574530838855016,-0.09183253616249806,0.06140356254002937,-0.03960116488018279,-0.157145052482943,-0.06127671650263989,-0.021258946255726975,-0.06560038613241935
12205,0.01155366178667902,-0.038843585686405,0.029765597242863956,-0.030864052676538807,0.015057771651355132,-0.6561237534132721,-0.0462540884369431,-0.02733668635437757,0.030166315003963384,-0.07889349617577919,-0.0012685631888713095
12206,0.20875943949369277,0.2190061444144385,0.42155864471343457,-0.12219012516064089,0.13478453465098023,-0.11839036416743805,0.0370150567889713,0.19855920103873836,0.06153717051751479,0.15863718298387103,-0.04373666329298151
12207,-0.28708155953440406,0.7587934003634923,0.027359366172100615,0.018842699308159336,0.017868274242255285,0.01713903057761686,0.057422656086261875,-0.024406465585514413,-0.15023172433420695,-0.03302953562026182,-0.06172348289803316
12208,-1.8858564901448442,-0.1835376478868933,0.08201373619120603,0.07416485766459151,0.031838071370791116,1.80510071943807,-0.03910838973460659,0.13978076573578171,0.15465186922137067,-0.04860960493754018,-0.01535679377155278
12209,1.4688967268301558,-0.03691792947721582,0.028301897662832483,0.040408220068694795,-0.0261965633433914,-0.028430873866431186,-0.9977188927303926,-0.07660739558317059,-0.09907663126615406,0.06313292461633117,-0.04236328673455979
12210,0.9461914792529692,0.021686805792624497,0.1536088036462417,0.023585451875660714,-0.1030220568445816,0.25776057250468953,0.03455248577813145,0.07705201807460978,0.05911748870671059,-0.11063740894047423,0.08407027029167297
12211,0.6358833365589691,0.00698434450751776,-0.019662387572089386,-0.02352901471656892,-0.013876078412757772,0.08710875870165274,0.004847345618906131,0.009448698758612557,0.05469329909614487,0.02593153409876884,-0.010264283847426678
12212,-0.006634182236072666,-0.1253890665852091,0.02551335804924848,-0.1617880404592137,-0.04076453186499868,-0.24115309507087573,1.5122859481340025,0.12475199419436099,-0.043367312695190154,-0.8795773661554828,0.06309528687304353
12213,-0.08352563153359788,-0.5532784092786,0.18330464256634002,-0.02282393651688712,-0.0755628873846082,0.07345797702716936,-0.10983819740524679,-0.07282388718592683,-0.03378149128859857,0.9966278910673745,-0.12485574550915914
12214,-0.16516400010760218,1.0011278064912381,0.07551384910010628,-0.08231127564396643,-0.008739584137629462,-0.05328836112807536,0.10781541330399166,-0.5612250760551832,0.05895408201292941,-0.022734226077979064,0.04590642512766127
12215,0.13092887831812516,-0.0386576215357768,-0.07522531139680012,-0.5492726184552286,-0.06032618217954349,0.07279017552613593,0.2386236657694209,0.7718955388961612,0.15999724869488305,-0.0014062501012784686,-0.13548435187885238
12216,0.0652931669903986,0.13581095182297567,-0.06492146087941339,0.7345835438686377,-0.11889222036536021,0.06398593419249164,-0.21304898036789402,0.05946649025534608,0.09078747335238607,-0.15355974963446242,-0.39364796848471234
12217,-0.20374043729683886,-0.13078104746797878,0.1557113464088402,0.02517610634404807,-0.7744791694846593,-0.15007342373221907,0.11237361292134002,-0.021204217657587923,-0.07903025524568473,0.10144721156490373,0.8782209136812432
12218,-0.07163614311482257,-0.01321860013718135,0.023379344093644627,0.05716681770061416,0.5785458770328279,-0.1457393026802931,0.08965988085101934,0.06111922652428096,-0.29941926419876036,0.010802578748794443,-0.035246514187098954
12219,-0.00729119102278453,-0.17803466384629005,-0.14717437598276634,0.007244696962065868,0.030487396410249983,-0.13905453505948337,-0.05491994075019921,0.0664411099089247,0.47715514572651385,0.0002925921677608325,-0.028530037911111913
12220,0.017840055481076183,0.061396130728612774,0.6432835183748605,0.013007529714411496,-0.02921593696117886,0.10573609062038292,0.07098582818370247,0.021729207717930056,-0.029013371694880642,-0.055159056889498105,0.02850461117120756
12221,0.02796956424179789,-0.059779247346406404,-0.046987098446891404,-0.09087287480325092,-0.12350753160553603,-0.6370271178667701,0.010882777031763128,0.018362877121064183,0.050704673273329115,0.03200945206439702,-0.08424815707695243
12222,-0.015153111794776242,-0.09036751704061283,0.3850450825312339,0.06688390008676522,0.0813003125064043,-0.08471543202323296,-0.08827095067292166,0.07067445771824278,-0.05150934123528313,0.11741388107509515,-0.01323884282477144
12223,-0.07128723101718748,0.7006337410689153,-0.13700149051644384,-0.005050610434282739,-0.07006933179844065,0.14939397110375774,0.09788600704731446,0.017390339633528415,0.01640881198525271,0.11498796708375254,-0.058487471994099774
12224,-1.8774627407083688,-0.13651004692157487,0.06002180971482683,0.12263866684872624,0.0124987748507903,1.7466747052727085,-0.004671258988322536,-0.03804203951562228,-0.010142885058555918,-0.020392769322194023,-0.03644421023437522
12225,1.0360416201189007,0.011667534319713721,-0.0022507526828231443,0.04472190996331815,-0.1764365347358276,0.11373352822569319,-0.9959829155543257,-0.012408740489729436,-0.010377951092564995,0.08007200946562787,-0.022839020812152885
12226,0.9151987098042628,0.08683050401719011,0.08946687738453896,0.008700771419767082,0.0071484568921918075,-0.2173052786650232,-0.008555830125184589,0.020081741812365134,0.025194331620960953,0.12985081803470694,-0.1079113348835576
12227,0.5517108537539085,-0.04268618266719381,-0.028331171066330343,-0.06731081082186081,0.020745599100763675,0.08551108604852065,-0.01895403296234649,-0.003342596957137384,-0.10325860255313862,-0.030124225287979728,-0.02368623588668738
12228,0.2389828555828127,0.05415352984140555,0.013070371316041655,-0.0059233622320839265,-0.022349925299988402,0.025707116922078242,1.3367864570787324,-0.1499466114157737,0.13925004220855333,-0.9505352764143964,-0.16693546305426196
12229,-0.11997814020881904,-0.6521898766126761,0.08962997132372816,0.05906246873076522,0.13444020670562348,0.02038335422195431,-0.08077611460682421,0.08787233164215315,-0.054054423423469486,1.0355284215147753,-0.05911989583410178
12230,-0.02249146994481043,0.9787364818198063,-0.06297506114003487,0.053782200568929225,0.011431461880587145,0.026581446251227374,0.2162395420959338,-0.5470888624237913,0.05326753927112518,0.1618977733714244,-0.021845835945780295
12231,-0.1457690142637739,0.04328539246606647,0.009968822393421624,-0.49637054981856354,0.0558806352196985,-0.23034091862458345,-0.060322773689128674,0.7850281550898777,0.06729250812868096,0.06628938449916853,0.09071932091819931
12232,0.1083171190059648,0.04284927151919383,0.08401597898095284,0.7703642647330373,0.007262018696214539,-0.00010632873899311338,-0.08553980314159726,-0.005395815619742575,0.08730782345976205,0.04879863997150818,-0.3682781692346471
12233,0.13366705018664196,-0.020466289849931207,0.018300175441454836,-0.0563319699660462,-0.47045225393847295,0.08569458433413105,0.04517415560496549,-0.1345976424166781,0.07387931280065245,0.08133056515878864,0.8765058191817818
12234,0.19746110942392117,-0.08250359697023485,0.07807875694191073,-0.012842975228686743,0.6087242675688656,0.009032002004417406,-0.30424596259443487,0.05589224700192978,-0.3261079730699745,0.1217739858778418,0.009984148582502886
12235,-0.11675054657271873,-0.06627937887815688,0.153217574873532,0.07518900610946506,-0.1014849377671875,0.0703496143204357,0.08737982103190488,0.03874453208996484,0.48382267008412316,-0.02021058360163103,-0.08156213284304054
12236,-0.03695103899978336,0.08971932453075764,0.547999200620749,0.022696744035129918,-0.10513162747137593,0.14122211969126008,0.01732787910721439,0.1911203428624711,0.13420735333177175,-0.1587119291899224,0.08616080826221961
12237,-0.06768761823036128,-0.03494894876917824,-0.1266214500813967,0.04090021642897386,-0.03943052913034435,-0.6673563210452801,-0.042340694876595586,-0.10028645995433287,-0.09941092935352164,0.010480927756352405,-0.0424431690024677
12238,-0.05896910068334249,0.0043820129156928855,0.422377276665145,-0.056639989213549014,-0.012303018214638143,-0.10385972963193944,-0.22750133791444524,-0.10332991484271753,0.059558006720860646,0.10008289208296149,0.06776760106254623
12239,0.004595286075944331,0.6592558984000372,-0.01345507525826998,0.028798042452892126,-0.05839279579510237,0.12729901763619844,0.13666029840624858,-0.014664510849453888,0.033378775032401546,-0.08738646312138199,0.046388621278011744
12240,-1.9577015872316124,0.07694058004636611,0.0994611506991265,0.03449372453206376,0.030373331527383803,1.7588321421989106,0.14913291151420804,0.060578525034000345,-0.08872697285095617,0.025978852677803865,0.13593636246135193
12241,1.367498551124104,0.04222933265727707,0.04628727089587626,0.020720559612049848,-0.006740371114022677,0.07346668452259093,-0.9012464625984484,-0.11076044655122654,0.24395857516759636,-0.0008080102628871544,0.04984936564806386
12242,0.666417641591666,0.043096252479747514,-0.1962434338806337,-0.024865270127874102,-0.1522259410595966,0.003367107072460525,-0.01433571209588224,0.07381337719360899,0.09574629272123547,0.0242049305707122,-0.037333516594612176
12243,0.6013118039504556,-0.043501416881076296,-0.023005219724494277,0.019162707084189125,0.021526839822272912,0.09856743305697126,-0.0524982169356404,0.04103176963859887,-0.04183056932435297,0.01739889275166774,0.04669870720052513
12244,0.12167567766373857,-0.023529281090497234,-0.013157174001699249,0.026415878344036723,-0.05170779466489695,-0.012454329998713176,1.332210246200039,-0.03438072192767265,-0.029854131459346293,-0.8816507465918251,0.10109850064341254
12245,0.13470081298134612,-0.8113431080159629,0.018228872013748818,-0.062478454469982694,-0.03717388358965526,-0.0899179618376489,-0.10546240869894065,-0.0780359375993614,0.08794571715804253,1.0221164007204169,0.04161555080664017
12246,0.005539043536259067,0.9324595804612782,0.07858209510623315,0.09656357235889729,0.03415344875008321,-0.10701974850767136,-0.13496393735725062,-0.5530201725067391,0.019170952004794746,-0.11392232671513002,-0.018567631414526182
12247,0.14150089527533782,0.005667447265566618,-0.01956426518300686,-0.6243174717574103,0.0574149367106185,0.13791828786232965,0.012895694809055227,0.7645362869261797,0.07192470455490337,0.07601686434879745,-0.01254584259265234
12248,-0.17837159995269827,-0.031313376493769876,0.04136207757683962,0.7843428981390836,0.1266058272995307,-0.14009218033637486,0.10820156891727398,0.01762861330999843,0.030218359059725416,0.14169322067181925,-0.45823138698003757
12249,0.029989818449918135,-0.20445500667210276,0.09149710073239006,-0.0003243616703868524,-0.8505241217564938,0.177345105902252,0.07811457614382239,0.03305704754231622,-0.02432893127030397,-0.03116235693298919,0.9097373298105254
12250,0.21601095362326492,0.08888530799421336,-0.06004645974162609,0.08611518494032022,0.5984376346119009,0.0896311805706588,0.0915673998710096,0.04749105319893186,-0.15303749938805103,0.08466165479682035,-0.00911757657226909
12251,-0.05522145698184839,0.023013436714231103,-0.0667240050040565,0.01937968421903967,-0.02085981078564188,0.1672632854637252,-0.07191971232374421,-0.05155694420451869,0.5040407950284136,-0.0037697792455925827,0.018770378483812206
12252,-0.06797337392076658,-0.014017969755374926,0.6295049106147447,-0.15081101115218565,-0.07211152901684396,-0.10539992016104885,-0.09803495559400457,0.16637541602337955,-0.1374462497722317,-0.06631245384182766,0.005215561730868597
12253,-0.06426654541447992,0.06522063857014611,-0.07026732366901446,0.0884997626838632,0.036606364077154056,-0.7484807023091969,0.0031527293416776544,0.04933983896346963,0.08068643713328319,-0.017634360956993212,-0.12001845179518557
12254,-0.20198132270613034,-0.03254157800580113,0.3943693028835977,-0.11426942818144248,-0.05933556866615646,-0.06259956149673411,-0.1143552159306637,0.021060361313781858,0.010227440576632121,-0.2587397075259101,0.09203810082166632
12255,0.1436762483346083,0.6793315939037038,0.09008971645022106,-0.03893893393034839,-0.020987992628410803,0.09822720559981868,0.013292550800225527,0.03479290206033163,0.11434039503598034,-0.07902289063363377,-0.04381526627356935
12256,-1.79109133841018,0.0790618967392068,-0.046980161292660236,0.029415842865804228,0.02449783878018785,1.531507303579874,-0.21239050864961684,-0.03705396678857113,-0.05774233848521246,-0.09383949805918536,0.02071564181531403
12257,1.2888828156702834,0.01769631149809712,0.04256911737528905,-0.012967039439916821,-0.009462525989573133,-0.014269371576716426,-0.9249347825032311,-0.09191608614736399,0.019767558663030853,0.10723767556161945,-0.08859941577048376
12258,0.7475404566891433,0.039203394654916644,-0.11060778146640246,0.033875931746736324,0.05158555167937914,-0.047017023805616204,-0.11613716233939195,-0.1237291052312078,-0.011240689926195355,-0.15073313687739526,-0.11684890701890031
12259,0.6481494861020973,-0.025866424118151793,-0.024900326082216772,-0.009610959087101616,-0.061877246982303936,0.10246003758129632,-0.0289266525450729,0.014529138978287509,-0.008758626097328545,0.005435089265937693,-0.03606831751493882
12260,-0.0694930257672322,0.09018395922893443,0.008345488471432093,0.06367795142329206,-0.1281284615682036,-0.1461435830427041,1.1848124660976977,-0.00020401617727543457,0.015938102390826363,-0.9108815189508586,-0.0404914287508152
12261,0.18568505459048937,-0.7120166352665103,-0.03203864372463014,0.010074862958890417,0.05275665463164475,0.013594961751104397,0.05666288379947971,-0.09831026450949952,0.16728308136224534,1.0525594410988,0.06307969401794881
12262,0.13324435717337593,0.8300890649917128,-0.20723729846557518,0.009789176951761843,0.05023167845768852,-0.004862111878481439,0.0343800995906867,-0.5183669512587141,-0.07255385667551884,0.05898873335746804,0.03335418398422669
12263,0.17173452604775516,-0.022031905261402644,-0.0890841024618194,-0.6227326683793573,0.030897940808122797,-0.12865981487847086,0.03247650860824249,0.8757197692906523,0.045662692104143296,-0.10332747669257208,-0.009297753549201159
12264,-0.1673254305896604,0.09148827329157676,0.04438623655549372,0.8004076461932652,0.04427016515735236,0.06306286553718302,0.03162785869207006,-0.0023847430173811164,-0.019964238947149465,0.043913747431364746,-0.4259047533039803
12265,-0.11497484956718425,-0.12698971951652582,-0.1046212135970282,0.13434036784371473,-0.5319079767361578,-0.14546249309860435,-0.052845105971493056,-0.020398142718578677,-0.11153283213417646,-0.231621247205369,0.8470432574740526
12266,-0.19149120758241714,0.209397565544084,0.0617205049883254,-0.01791369769616325,0.6442958508215334,-0.004333806777490073,-0.16187172589087823,-0.09954316734732718,-0.353037498919598,0.07108159184127927,-0.0023712834655914327
12267,0.05274922562467859,-0.040659392443601616,-0.1026959961373359,-0.05872716088330951,-0.03297692749088577,0.11103308819781145,0.10323779415625296,-0.03924645385758485,0.5088750675787155,-0.08409539070796705,0.022413913405498028
12268,0.04714761913052208,0.11216468943074835,0.5813407614129045,0.07991640517714213,-0.019312560471842315,0.03005875264439859,0.08258600242069317,0.09355995368593002,0.0655274639161123,0.1559137357286278,0.103904963547039
12269,-0.02384122341327151,-0.06829688801455398,-0.10012015648011946,0.00161223043513166,0.029246072440546805,-0.6361595408788845,0.02707147188208527,-0.026445210138957256,0.07681391937459657,-0.11812156968044676,0.05940870237848735
12270,-0.06818312485098667,-0.08678615484194224,0.40135321436759913,0.009503296031507262,0.08929779257985154,0.15696103516197865,0.2887278644426442,0.15621463526379112,-0.02308390012088525,0.0404288628706708,-0.00906961640584366
12271,0.10424970429187401,0.7420527385404754,-0.07044990457973968,-0.09891711961556589,0.0499435654872583,-0.2679796079866513,0.06486194789260219,-0.02357579784925572,0.0686614235831445,0.03706234997294652,-0.013124715684130414
12272,-1.888099396920566,0.04291239058867163,0.030347247720619898,-0.025663633647335954,0.006316104355235035,1.739315958404835,0.03593891410824007,-0.04967099969959923,0.020246366255398544,0.046096062049595536,-0.11558809000355183
12273,1.4929593026340806,0.044111428148478966,0.029213568054293478,-0.07558166789007902,-0.059753041506025416,0.030758447827651844,-0.9414331293020639,-0.027975258383249775,-0.0304747280064532,0.005861450429011201,0.15026496192102504
12274,1.0861284148669634,0.04075140351217939,-0.17833084052379128,0.07031283054662742,-0.09511386931396308,-0.05447392095849159,-0.0035783208632541126,-0.07447572573612053,-0.030468491971686062,-0.05820737098848771,-0.010777512591917797
12275,0.560268845448086,-0.019328056565618257,-0.02884046440972638,0.002125177664466492,0.020018740789549776,-0.0007625094776722366,0.01789610042099409,0.0009137326244096034,-0.007336818924213269,0.016690124348230848,-0.037026110043409693
12276,-0.09018260708466833,-0.02235283496965313,0.004040797085170127,-0.11898749337555609,0.010751730347743795,0.09092783266104507,1.2411573317209255,0.052781228918394214,0.11128018678090917,-0.847289614559291,0.008255617336355528
12277,0.16481190766522666,-0.7077453157324539,-0.09603873170895033,-0.01871965575665214,-0.09855079158123915,0.04225454082181594,-0.022832511709722062,-0.029855473122445558,0.09644329262744746,0.925150848181037,-0.0326897026058211
12278,0.1073743092518586,1.0299293154387845,-0.041293245941285535,0.03919907267148956,-0.021565203705043123,-0.03560159505353866,0.030596607140732965,-0.6047014970554176,-0.064651986954601,0.07161789568613595,-0.12324869720714393
12279,-0.18606108211424235,0.04136043047782041,0.012931033108235864,-0.5955249538410083,0.13754064415872488,0.047870285374534575,-0.15441540460958944,0.8985926112462244,0.1341037768883098,0.052028565303102535,0.0219944435843333
12280,-0.026987230156779812,0.02163121316836368,0.06138390130794736,0.8048721970129971,0.11797638384878305,-0.09908055083450872,-0.07925961402922918,-0.017261127208553304,0.045582666371307465,-0.021689252404973,-0.5829227240488964
12281,-0.11454584801142999,-0.020536440010905727,0.013879819805037809,0.011679765494748766,-0.5988606589475736,-0.0385444050211109,-0.16338916736469533,-0.005519744145456837,0.08763000407010742,-0.06577059324844123,0.7820001576447487
12282,0.014779601662986601,-0.04483402302054302,0.04928001367956222,0.07272434884104706,0.5880289863765408,0.040733736239840515,-0.1920382027705295,-0.019486826741947693,-0.45898422039382747,0.03096741952263868,0.0075766045578010525
12283,-0.01852410085638892,0.07514027290321196,-0.03060137165633932,-0.11766504186102462,-0.007370840597359013,0.07434239947893619,-0.0656653105994239,-0.004296992236935759,0.5261384113875659,-0.08007085995051201,0.013658618836829648
12284,0.006464394083837379,-0.020021830539648434,0.5882022912401224,-0.0806376697653703,0.09284571805445706,0.06670197367679857,0.053905615325575126,-0.0680303565332067,0.07255850468011418,-0.25834515655467966,0.005834279208955153
12285,0.00901485704146491,-0.10403918788395335,-0.023264383350250595,-0.023824447858840938,-0.2047375065370023,-0.5945531343384006,-0.03345603093392699,0.10017231165298249,0.04304030654389261,-0.023693311269843583,0.11547540384060538
12286,-0.03359521973584374,0.06845549179186632,0.41821567841795554,0.05306599959136526,0.0971222199712518,0.02991370332305207,-0.016045191361893113,0.09011921845291394,0.06500538367294603,-0.012841890523263346,-0.1172154208478985
12287,-0.11843348251005328,0.6479172183251573,0.1088303265807683,0.04932167601874241,0.007137037608589722,0.010109160013958188,-0.08191243770008111,-0.02814084268827648,-0.02058034313525809,-0.15671174704972995,0.04694865171132872
12288,-2.120418903173209,0.0007703511232330061,-0.06519933705361203,0.007433598041008857,0.01531685480634953,1.6600858375572314,0.11460254086482345,-0.01738974683768777,-0.04271338233653389,0.11035202004823395,0.0623131247454166
12289,1.258671032549176,-0.034773659934433945,0.01765643423019761,-0.01736564497070803,-0.0714315287952833,-0.147259530705614,-1.0282326284208514,0.09598421666683749,-0.007231659395737525,-0.05258110393346977,-0.065214785745342
12290,1.011274173234669,-0.003083272781840957,0.12345804175119035,0.10770379940937531,0.08220409933174444,0.08966522094739751,-0.005597337811493575,0.06285025507611577,-0.08045731034802293,0.032010083822757246,0.033783842075470576
12291,0.5108636998817958,-0.019107009598324506,-0.07025224474908007,-0.007872986260634096,-0.051586488150586446,0.04116104109094423,0.014445183119709685,0.036266301257729894,0.05080781335035694,0.012457110931754044,-0.07296267765423557
12292,-0.2897657012080554,-0.05580612621064655,0.1487784425293373,-0.04640616819946325,0.040226021287054194,-0.10917193219350782,1.285942224041751,-0.031476276839730505,-0.003414125194794665,-0.9966634733674427,-0.028472905681613907
12293,0.10206598833038218,-0.7184257275900094,0.06794530200831805,0.10748229594568927,0.11555735416243519,-0.1769988130668741,0.005577737660357782,0.07152120846312011,0.04468233205950637,1.0211012611825778,-0.1257042126971123
12294,0.06449396214669903,1.0339653477603952,0.05535504272250364,-0.03518933494290177,0.00795681756224035,-0.22164834728238716,0.09708005334730534,-0.77689667263429,0.006813833759210233,0.09005175903755017,-0.06942193075611346
12295,0.11108826500566146,-0.06293705143209631,-0.0949518723094604,-0.6142205859524023,-0.08341504568547176,-0.09490665006270163,-0.19555319616265227,0.7489806092565704,0.006062328574160433,-0.04323850987397296,-0.056173106240876174
12296,0.04341967487937623,0.05542486722482983,-0.012875597762997144,0.8255808074281307,0.04284465075913786,0.018532417357332444,-0.06741734440703812,-0.07251234765744027,0.024736648930040354,0.022880124205088434,-0.43910865387482023
12297,0.0771485828271452,-0.13092062606092697,0.09674667268230411,-0.04688758554157278,-0.5367526489286172,0.07200534755490028,0.008543471851265362,-0.09075212216741832,-0.013204670018366648,-0.09822465112679399,0.9213339692543568
12298,0.1564480109329676,0.10147121098380936,-0.0756451776442131,0.04556036313207403,0.5805296684160007,0.016199380156934295,0.07873373964599382,0.04035769510989815,-0.4429691684942648,-0.038319718603373784,0.048224177039738414
12299,0.3112164570919842,0.04366044615596299,-0.15100851448613062,0.06283193397464651,0.025385887826219318,0.02277855648894631,0.08512557429442096,-0.001724171181054739,0.4518360234541358,-0.05467914585095696,0.07081443805429033
12300,0.00785744951682282,-0.05419246965317503,0.6665051877170959,0.1452387351425285,0.039636403427664856,-0.0841956252818842,-0.14869322084225475,-0.09033952714480142,0.09327915078361726,-0.06727609364652568,-0.13725147457583708
12301,0.05378573127458356,-0.11412461301762454,0.14243257521809666,-0.016240525486112583,0.06173696020818706,-0.6520040809022933,-0.02088738785023665,0.02237969184662274,-0.01384216090912086,-0.11826825304603547,0.03546791608509713
12302,0.010836411754377915,0.10788494138598195,0.39976098053940834,0.10622266219022805,-0.06304734622436392,-0.0072093123526771104,0.03233240457515184,-0.032363733807739915,-0.023282159200160305,-0.002781661329198706,0.015709836412673664
12303,-0.06989980425073472,0.65880238860901,0.006769662525457583,0.033400725444881076,0.0143667951993539,0.07919797528674999,0.03362555240706268,0.0540000291590865,-0.04042543790115665,-0.06389776763696443,0.04932504888946314
12304,-1.6201075512222867,0.10608525669965672,0.011803497584764079,-0.08438204300572465,0.051606691771138115,1.7943085008824733,-0.1231055805546984,-0.03901786845251217,0.09452943279186041,0.10084007605184321,-0.09587935786320953
12305,1.4509213865058006,0.0028285863330542167,-0.11309723684189801,0.04081489301559586,0.028881121442636118,-0.0304671383731552,-1.0091724219601608,0.022101140701948793,0.006045970153829549,-0.07459211043553457,0.10078883491465597
12306,1.022000689873702,-0.14261285981388733,0.006652980523754456,-0.11050529686622525,-0.04187996496987959,0.18248774506078513,0.05001775022069959,0.0022076654366246823,-0.11320256695096254,0.15230507823282638,0.05576197450558542
12307,0.5569207730996478,0.020478533492444377,-0.005728772905674026,-0.09015023712953016,-0.045635227729289365,0.06197419604422691,-0.007777900316157801,-0.020874439766584207,-0.017135032741846766,-0.008284349670474912,-0.006383972423507155
12308,-0.21771142104010793,0.10927120045900449,0.005571431263929093,0.06823398802457341,0.05372641886139293,0.0761195028324842,1.1817535626930864,-0.01802299739009334,0.10659276184409029,-0.9113576192704218,0.026602985978671983
12309,-0.037794766979570946,-0.591309418621931,-0.03591130415758866,-0.12820582298740985,-0.14962224702867954,0.07961745633579044,0.0515223419950887,0.06311438183921088,0.10195818910081665,0.9965508809848898,0.04476028559991761
12310,0.20212765119468742,0.8697634325606307,0.14549825604409414,-0.062433936384778066,-0.06321909766229018,0.03046532364184487,0.0336572466494645,-0.5966009037517718,-0.0633726298358576,0.0009978457389584429,0.08562733823324649
12311,-0.0255781773746336,0.004121420156888727,0.021705790692812543,-0.7091732525842922,0.009470452234515125,0.009150265976952038,0.08414224903397485,0.8793298493939158,0.02538284812563126,0.05949420474200583,-0.0032425826315998028
12312,0.09987688635476061,0.08565558027369637,-0.1307799265947404,0.7813646457293295,-0.029909705040753284,0.014816699672755262,0.029658209509280598,-0.16239883318053905,0.09323741024646685,-0.06779778168642384,-0.5209872657039618
12313,-0.025162888491257113,0.018231285947050282,0.02408764877288558,0.11508544919210187,-0.6903330058732323,-0.19582189956636575,0.00926567570058834,0.10294639782327764,-0.12167604170841965,0.20197065818783044,0.939810683350228
12314,0.11942455901453464,-0.10620972704892015,0.03153931323338301,-0.02288907591850109,0.5856538100641389,0.05574150078319604,0.15452270742672533,0.22912330004353737,-0.20915790213969354,0.03296322276650846,-0.0013181889329089962
12315,0.08283203787336103,-0.12607768223493707,0.11256356607078709,0.2052519784943897,0.03159852308651592,0.03156043486573753,0.10104906021345739,-0.06518530674576242,0.5032132978212817,0.03632454930995101,0.16172659622876862
12316,-0.032671150363370594,0.03493787938674853,0.5826610510887672,0.07592694661253073,0.026717352389137805,0.06105387564313599,0.017202025177115287,-0.1735679579429672,-0.08004493397770618,-0.1194375283296442,0.06716521159702869
12317,-0.04287041890982582,-0.04092658108836195,0.08520291410868754,-0.006600818826236576,0.040607057778468646,-0.6518481454881074,0.008397305248196839,0.03421558387077168,-0.07889732537389572,-0.032246748088592625,0.06300976341586675
12318,0.16721070099906807,-0.04531893904878172,0.4317041973774202,-0.05866989868269451,-0.05880675909208304,-0.11460054318784121,0.14454884835235468,-0.21625821089164377,-0.042975808302290606,-0.1579977881891851,-0.04921849379160677
12319,-0.11414457241352315,0.6945311013227674,-0.0469978823038628,-0.008670392989405874,0.04666537448510473,-0.08188356619416377,0.1092808878320058,0.06170166657383043,-0.014525285810834825,0.035204370323521514,0.05138942601540119
12320,-1.928733217904583,0.05049115895772781,-0.03604219873474278,-0.08306868901052362,-0.03271317179618709,1.6129657152934453,0.0171497633351278,0.052115101304942645,-0.13087511526113985,0.05733259210076988,-0.008487962570505074
12321,1.6064252048398617,0.07804001998061699,0.0448491220485848,-0.042044585713562545,0.040200196297383015,0.011041488543729234,-0.8575043102010229,0.004644626851553642,0.08033337787333637,-0.029919958414366454,-0.01004626748406338
12322,1.0594883293614554,0.03482925624301096,0.016532847749207737,0.039870560056240165,-0.11883054823601023,0.04520174138825692,-0.10998580690802949,-0.014895081441081417,-0.08011319762154445,-0.18035413473899717,0.052801242134816725
12323,0.7286272827085675,-0.0006859655781266665,-0.04846339856991284,-0.05375139025998811,-0.0016205629101320338,0.026614316980140683,-0.014323587466372897,-0.0184244550051613,-0.009225314050936831,0.0457034625831413,-0.01755274651287361
12324,0.052987151745606094,-0.05809694075687091,-0.14549851052227797,0.03094597179314907,-0.06953608532349514,0.15514721722147076,1.2851994284643173,-0.10659524474139379,-0.10816053767779958,-0.9316973902360433,-0.04137904492230421
12325,-0.13783004432517043,-0.9309564179813201,0.06122394610268487,-0.007360745673561852,0.1492277262771836,-0.05609020524205764,0.10977371992895135,0.07946129251512259,0.01092992590454128,0.9306600995889843,-0.029585931153991333
12326,-0.20310068671596876,0.8553822088642584,-0.018138470497840196,0.02831285529610324,-0.028830678423942418,0.03528934271747819,-0.0795386750216237,-0.6698066806823447,0.08082113849561706,0.09928483411146813,-0.1385563933136305
12327,0.058352492690900655,-0.09537846190963675,0.10458784101817324,-0.4136117151825267,-0.1525022252728615,-0.07009138246026245,-0.038561808552671675,0.8169861209552048,0.04655248000129267,0.09059327745842766,0.07056266586129056
12328,0.09729515288284601,0.08090055327324819,0.06836052577003038,0.7347962847144263,-0.0626606841157168,-0.023411766864935304,0.041310375651022524,0.01105512389985497,0.04256839731789108,-0.05221288886195981,-0.29224633221240504
12329,-0.12394911266151692,0.057082379989076004,-0.03603724161559076,-0.03489582033590006,-0.6459491264041349,-0.0331935458433048,-0.095866764808274,-0.013667224582007476,0.031143394863895075,-0.2045008246077472,0.9291602797544406
12330,-0.22226186840093004,0.012972483754137334,0.04343648845841856,-4.659864407014023e-05,0.5607179418413067,0.040724797947364076,0.015392140766227101,-0.02290258135545279,-0.06985292265768733,0.1668141370255865,-0.02067154944715683
12331,-0.0749057582921305,-0.03828493704644708,-0.2729205535886354,-0.02077536460777119,0.04020136141851222,0.04135106886780144,0.13623345873848522,0.22671767342486743,0.46671417102320095,0.02603886663228951,0.15851585175774457
12332,0.07502129995009438,0.12401391243329853,0.5635446726211605,-0.02988994514951564,0.10766111301778147,0.12703415060431536,0.007799434243019096,-0.07995065966810615,0.01978748264433528,-0.0807875088460444,-0.05175703934523943
12333,-0.00827498177557739,-0.04880557464454144,-0.08285490632713527,0.0767652906687506,-0.1507778870532121,-0.6742717882921395,-0.037103568886862386,0.0074324706054456745,-0.11068128089666428,0.04923921412000103,0.04386823234670662
12334,-0.0687527207704219,0.05250208607170104,0.3978432826459926,0.1066731783593699,-0.1368151194930688,-0.1424092651301899,0.1227752696549413,-0.09816106322699612,0.018438078022579994,-0.25416136922527643,-0.04820989466458654
12335,0.21427221881783953,0.659073845858232,-0.10106650566475471,-0.04332715412620341,0.002819144685696877,0.21853567363057597,0.07850521994130058,-0.0812568147083842,-0.03203251452095159,-0.11521470958882467,0.07703348329077375
12336,-1.815321678973705,-0.08370157434132063,0.02061817923667057,-0.04342513159411412,0.032610555289932584,1.5859811918516855,0.008787051706360844,0.023295059359879824,0.025479548822686725,-0.05305828970252428,0.19773874076940662
12337,1.4911515838853093,0.04198264196300029,-0.0021157405603055143,-0.03365220082111593,0.02072624002862469,-0.0998300948485628,-1.0355980951835384,0.016873749780193993,-0.12901018394671898,-0.06272611998824848,0.015572674735570786
12338,0.7694102520428053,-0.025017669230124148,0.059931144893944376,0.104933737330022,-0.04026202936764523,-0.0152552234306488,-0.09227066502784415,-0.04861594663201947,0.08764247049798145,0.062338143126491906,-0.07215712621967159
12339,0.6093108548723885,-0.013549076898992036,-0.10014861157654907,-0.049254569327994185,-0.067699668090802,-0.020553225676543156,0.021254231362082522,0.009394421659150262,-0.03826761189261313,0.023367038838054084,0.01985527214562542
12340,0.12982206581510514,-0.04606199057079594,0.1082378443846577,-0.1251849578158734,-0.050957221602210175,-0.1046710601008117,1.038195135844545,0.07054263555633397,0.2313981676966546,-1.0169535841588844,0.026920974667722267
12341,0.03827849685978147,-0.5271270268277963,-0.012896610992541371,-0.011216316542327314,0.040881659334314424,0.16604631012904258,0.2108289682967277,-0.008334200650805076,0.2728960813061156,0.8615572269542502,0.0028106324794848806
12342,0.2255104091813558,0.93165020282294,0.07630949001041959,-0.10080581768453188,-0.029029243547109836,0.18323639156637028,0.0067065062165679945,-0.5561906460851074,0.07410749590243025,-0.03470296410101976,-0.07087923330642781
12343,-0.11216422150623219,-0.06048377406746289,-0.004708498616187329,-0.5401494792714827,-0.147178208943048,0.0830518667097368,0.08086175241651711,0.7965881565294913,-0.02790472526091931,0.0017771378823396447,0.056274526097140724
12344,-0.06479609254172447,-0.08308827435632547,0.05884178922276761,0.8408884816361111,-0.20353985201179692,-0.13054947323208174,0.11931144958116652,-0.018053485441701562,0.025085840263596868,-0.052707016901711326,-0.5700015094976539
12345,0.0069341784141766505,-0.04961208154012777,-0.0594983480520633,-0.05912562352534577,-0.4185231740003815,-0.03179826416405214,-0.20964986558235796,-0.09116627140828458,0.05393342210476876,-0.0034448265748062475,0.8910581360894405
12346,0.12258355998835972,0.09587614413586278,-0.12707162523026536,0.023284601512245602,0.6116322238328422,0.09880780101518512,-0.07620439405506176,0.027244268700577823,-0.15153787628548912,0.008514447083072753,-0.0529371882811366
12347,0.059539182870251686,-0.066367609083892,-0.026082826879930444,-0.05467007911481997,-0.10876922390553073,0.003041350209621728,-0.03295818314193353,0.04742881050858934,0.5150329516126694,-0.029448595615278187,-0.04987192528385107
12348,-0.015499458902019373,0.08828553558027963,0.5234718898519424,0.03858470728959491,0.02966533580562367,0.07086395242073538,0.10884795133443669,0.10260512045034163,-0.06404479111182684,-0.06330979241503369,0.11515460618513819
12349,0.026234821112042485,-0.00967878112278276,0.12003466748900785,-0.05465482410201259,0.1050718089499398,-0.673355345404177,0.029657341081173544,-0.062463640985210955,-0.01626429604784155,-0.04110663346073063,-0.053959681380752945
12350,-0.07430604509418746,0.09410429961027696,0.40369836855342145,0.12599172130610414,-0.06391244240658575,0.24635718004648993,-0.11022766688339865,0.12071563700889912,0.05781955491767165,0.1468833486934232,-0.062290932839842536
12351,0.03674094436793131,0.6260410439082008,-0.02052660489514546,-0.017183284488431302,0.0015010021754303703,-0.028042759793091107,-0.19922401864787337,-0.028470469597563285,-0.02747648328795505,-0.04782207272473119,0.024561258525817944
12352,-1.9749212547211041,-0.14103233590392958,0.0964195113726556,0.007670665318203939,0.036284915817075956,1.8229893727531365,0.0513213076534337,0.09249994227341912,-0.13813250564228857,0.13378075265700856,0.027936691037375727
12353,1.325119644253809,-0.0997301001672778,0.12524021189998874,-0.0614939751181932,0.05254746521104205,0.13008511937362188,-0.9637127089194217,-0.11294701633810982,0.05773722264522354,0.05479996620554129,0.06389567787193634
12354,0.7132713387887124,-0.07831195719261362,-0.1582329668455333,-0.07778293044729973,0.053132183940703605,0.10506226064155585,-0.03158613282977809,-0.04295905838211976,0.06865667524675902,-0.002191303386772563,0.03315443454928485
12355,0.6007832906019936,0.02609307271497826,-0.047156158453842474,0.02855258425750292,-0.014323860394305056,0.07450019677287834,-0.011252125050488056,0.021139423668576206,-0.010384223647856568,-0.0105098048886317,-0.00684547136788293
12356,-0.1748973600911141,-0.10909320611966306,0.037592211422634705,0.06275289829985982,0.05303781412064055,0.18913919619294994,1.3555810818499474,0.04675267169683912,0.10827241366377754,-0.9310703288785407,-0.007281002173877203
12357,0.03906713327872138,-0.7315900764844647,0.12506729028232608,0.06507805793816895,-0.12084980524423068,-0.057668673422204816,0.12043571757122415,0.08277962965143719,0.02833360353480607,0.9218000993982892,-0.10216492756314696
12358,0.02784394902316792,0.8781891175297943,-0.06060589958106944,0.017547792726708096,0.05137635899959632,0.05836782495360319,0.03914045971109596,-0.5862141522024169,0.056871689049191126,0.01477946807211104,-0.004996230351222885
12359,-0.005310501680560294,-0.0627870866525254,-0.042065150559702766,-0.5427177896706561,0.08594762941088335,-0.12048524077259753,-0.09321022259735554,0.9476177308898924,-0.018421449578326025,0.09760427651329917,-0.06049772390770856
12360,0.04037418108199367,-0.02713443651989211,0.02630023175730777,0.7643632201696138,-0.06354113838687123,-0.13897208512270023,-0.1972474266065964,0.016923344370703967,0.09387292308735119,0.08489553452104193,-0.4777442587276864
12361,-0.018208338876285247,0.03894692649510086,-0.12131184717744281,0.06958806509495902,-0.4469200265904834,0.045839022520778434,0.002998394342482091,0.03291726726587551,0.03549613571071137,-0.0292475596508035,0.9018433373607978
12362,0.09335223512310029,-0.050782532931313976,-0.030158124620399164,0.060676606044358976,0.590116707838538,-0.05651244429682612,-0.1388510855170261,0.027181272131208276,-0.35850768867946187,0.07477458312516333,0.036029725718728256
12363,-0.09687973406780445,0.09142016177085333,-0.05777159183420782,0.05390424539506827,0.04110612941765176,0.10980896665730376,-0.13622748303240012,-0.040614468541145206,0.5290728447176204,-0.07638241769361558,-0.05310302212197506
12364,0.04960838804398744,-0.029577075656136625,0.5277791642321311,0.1551273524608257,-0.0017264049759058483,-0.03210271888718215,0.07367265953974479,-0.012210813509241658,0.03170685485955489,0.2581997715831259,0.02355898533630283
12365,-0.03706532917906072,-0.014663869720278888,0.21344678364792313,-0.009727021291741442,0.0017799485227196765,-0.6704810920964608,-0.06862779043773419,0.06476382817644137,-0.2155328898100914,-0.05306792848685281,-0.1216642244424717
12366,0.09219381508666082,0.14154304551821237,0.4258189907520389,0.08966704064621109,0.14112734113257921,0.10483559563704496,0.08519923398925058,-0.03402980338568154,-0.04651779830307862,0.0898968547689636,-0.021591791693044832
12367,-0.18200583566263465,0.6671208867281406,0.05484803226358799,-0.0026307356355952964,0.07161626225645445,0.13989684050504647,0.11882297213381825,-0.021839467985352558,0.02591208804401228,0.0673445709426653,-0.08661314241425755
12368,-1.915413292718865,-0.12319450359013104,0.03222538328462846,-0.05910865465619456,0.08177223677303408,1.7466730459375206,0.07802302754126687,0.02432346287623728,0.11765035528651209,0.19403805713929229,0.020958028897985474
12369,1.3104139014432077,-0.02611119289461491,-0.0049087142258642975,0.038166920530339175,-0.05512526172928988,-0.045147366806442824,-0.9634449170004893,-0.04105184844569425,-0.029761724347940173,0.0023583032376268596,0.08426391337830622
12370,0.9223808859723395,-0.1267414094051494,-0.03427436005854631,0.1519998109357523,-0.026338260408912434,0.09195419173812713,-0.004955854721612669,-0.019686205029098354,0.03250047619272553,0.023535912868620588,-0.05405631918775627
12371,0.6439924379786811,-0.06923656966957104,0.07804290127199695,0.005781575698222381,-0.08591919789257259,-0.08557076156928257,0.0026593517465295907,0.036986442766112126,-0.12174837047848047,-0.032570662770850266,-0.008862598506448369
12372,-0.1513847816027899,0.0630955248884165,0.006610483670460904,0.002979163916887708,0.06556315286248049,0.14998113898852966,1.4280034394445844,-0.011785565864491138,-0.12000374223109793,-0.8706288741813446,-0.06584981507865634
12373,-0.19330786564656782,-0.6188089085122049,0.15524721920292364,0.0047435572969937775,0.03160054453935508,0.1689341237976472,-0.051375713370309856,-0.06256381269572794,0.024642541449039383,1.1141219569856187,-0.22451577273938034
12374,0.045558711062752506,0.883153848542203,-0.003435576629519544,0.0281666789739198,-0.018785165090719647,0.06575853620748137,-0.019680553045354363,-0.6289926149109488,0.0298513471191932,0.03660757198436313,0.0337277064976152
12375,-0.16147516800762093,-0.048993219239422285,0.07411755453926373,-0.5372561529585492,-0.017460103859969052,0.10651300817865891,-0.10200681690309779,0.7897592035093848,-0.011739815665516967,0.06480062292893377,-0.05041733313413751
12376,0.1999783545404164,-0.18852131530653887,0.02447051688843248,0.7761587919208184,0.0031361862115964695,0.04719852432286613,0.03396568417934698,-0.035355786204309396,0.05193349801587811,-0.11292562089929695,-0.2730711029804001
12377,-0.018106094595452153,0.22989034326409583,0.06538015583766832,0.007627382582538464,-0.5073060571792859,0.08587037363607743,0.09202901895987452,-0.04166002944397321,-0.11704681778159233,0.03561183276341392,0.8504275623688359
12378,-0.0647449382251431,-0.09034469597724049,-0.05515663678650835,-0.02469938606503205,0.59548947737248,0.016440678941190126,-0.04974796184866046,-0.08248083968285273,-0.23041907349887505,-0.0357889561510018,-0.07857511046428009
12379,0.04214608068376234,-0.15448835038964068,0.0069467981764845255,-0.07078296162107374,-0.014974101956964404,-0.11779972082658692,0.15715595428518184,0.1550510955280856,0.5013009485593922,0.06274656795786504,0.07158766673428742
12380,0.060647800856856775,-0.06777213161314326,0.5475032583424136,0.10383400923956292,0.00608991334646904,-0.1397055205692301,0.14474213281470466,-0.15603388678026178,-0.0037995716451033265,-0.15292235590643963,0.11782966812249886
12381,-0.005835188998419949,-0.04949453998519364,0.002299029974975575,-0.04759958523556876,0.036462046142853824,-0.6684879435854616,-0.08543904919936049,0.008978647483303973,-0.14065625049196812,0.037165811273322816,0.046536442160497835
12382,-0.0272210378884569,-0.0040171105040946575,0.39920564650347196,-0.10636828616378853,-0.09572232869303601,-0.08531063427778932,-0.061330996236143305,-0.11686541124155023,0.027739809889535852,0.14902097115643426,-0.16714923329642098
12383,-0.04961329856569008,0.6672246954525894,-0.041946234132954244,-0.0020903384144277007,0.009549745469307942,0.2184021155721672,-0.04738127251438898,0.059526156158866375,-0.02556029917221088,-0.027775503489611005,-0.059134359852665845
12384,-1.8502333975788712,0.0016612285785354338,-0.020049990613258198,-0.048848658948654276,-0.16764904417767085,1.8174821925475402,-0.06573395456219026,0.09637611944236225,-0.053061319077988604,0.08367948288577588,-0.010125261357921475
12385,1.523299948638489,0.06814607691442826,-0.028721109616545854,-0.11919165139774986,-0.09044755405868873,-0.0861089632529266,-0.9262310387320656,0.12211836459672996,-0.0710416933932156,-0.036481218460815985,-0.06954686035044799
12386,0.7539902164108154,-0.04145195541655865,-0.07512385658351471,-0.017505992242203772,0.065863056570248,-0.1649364683623511,-0.019108324807011207,-0.19276008914781126,-0.09924118678913073,-0.04737661828368238,0.06232753150668563
12387,0.567936040600308,0.012247026558772732,-0.04739098275137879,0.04478742233129074,-0.047375849395703815,0.05394163085027968,-0.035618746130061156,-0.016798946417224778,-0.06441346619167841,-0.029632325916811947,-0.07522562018143131
12388,0.008992329243968599,-0.01688311378173949,-0.09727268661634336,-0.15675523762876412,0.1757831068136847,-0.12203101371690922,1.389421411888098,-0.062479246899037805,0.07356843816655878,-1.008566884699941,-0.04285568482274328
12389,0.035321229457522925,-0.643480886842893,0.10467453945038925,0.02400492104194383,0.016202091498314156,0.14006406756595216,0.1233864058541362,-0.002623915839498317,-0.05688490597646879,0.9396663454096112,-0.08909668971504013
12390,-0.14468471340324074,0.9566110084674428,0.006957393054727157,0.035234220519478596,0.08049441590564874,-0.06872311607770487,-0.15762396267906842,-0.6136237431963962,0.08242439238919684,0.0010701678200421482,-0.0028839920915322377
12391,-0.1993184848731497,0.0018218720438036905,0.01026171133469342,-0.5090343411007103,-0.09704512969780803,0.24524713125719147,0.18652240732824366,0.7268511221792793,-0.04460815535882425,0.014223897773691858,0.03927097310933191
12392,-0.06064666122232738,0.1940260363538883,-0.05103546483003349,0.7843884699611603,0.10024532227940257,0.25076646803426084,-0.03971125219883814,-0.008938411713748894,-0.025634143191119653,0.006691848222680222,-0.5334045610839538
12393,0.11922954889621754,-0.06252696590169318,0.007137959683342,0.052842402578389625,-0.3563737301610071,0.041377355391807744,0.039484176985347716,0.0720190798923076,-0.18954848020492526,-0.20659953455917934,0.8961587319103246
12394,-0.004848911750420822,-0.19144588305837462,-0.08406337309365926,-0.04289578937477162,0.6269142771582342,0.022178953181573525,-0.06136968471685774,0.05246867253289752,-0.03197883590213968,-0.16816590946893734,0.05770685053294633
12395,-0.004282682533713886,-0.25954269511468364,-0.03999091425684056,0.04188366727509442,0.050422253430076516,-0.34070802662604627,-0.23455977659678798,0.027299449507268078,0.4769257126115055,-0.06537189399510729,0.11628560700868928
12396,-0.12218278298693501,0.13754812862487198,0.6958373004140911,-0.04756029930105124,-0.12073977877475713,-0.03591240938003313,-0.11724511821187839,0.03894704067907263,0.0004661781472605885,-0.13785252599112213,-0.006934389619583545
12397,0.01061595622213874,-0.0030348814682117477,0.0487319284114903,-0.005428093773886638,0.0330666690226323,-0.6516912457678165,0.041887075117085275,0.05149471550587937,-0.023612698960166687,-0.012473466162237112,0.05313220929916237
12398,-0.20731521298404498,0.003742816447512981,0.4191361601280395,-0.15432037416149516,-0.020581697155789704,-0.06386010947502967,-0.011733578753086896,-0.1118346945217881,0.05361136693126335,0.1710337280791642,0.01873932404116926
12399,-0.06496174496313215,0.7008931602854335,-0.10934999942487918,0.061263213711929075,-0.07819772909336797,0.23703468110164627,0.1921904333091955,-0.05370800155170424,-0.06152082488985643,0.05182623998652203,-0.013164625874471975
12400,-2.0237005960525014,0.1373292512882879,0.11751226174140657,0.23583360622301713,0.023877533397705573,1.7382304981255923,0.007183343823252133,0.020758980633047958,0.07479919925775248,-0.04182819830215751,0.018527647793060768
12401,1.2928944457059577,-0.02953132440166253,-0.013793161183610483,-0.07323266859884638,-0.0403709458497247,-0.11546644097585337,-1.041843025831121,0.03054596040752101,0.0025246317843636646,-0.010210097345828196,0.01580395747452279
12402,0.8240160088400879,0.03283364168802241,-0.005289188808642084,0.028238887952603802,0.06885628721633541,0.13054448597841992,0.01646379301983302,-0.09096260297828658,-0.1408710596333617,-0.07838463849163825,-0.21684608857692775
12403,0.6471608852198845,-0.050628385141489735,-0.020956586301096994,0.03181706373025864,-0.005826932629542688,0.13635187738430052,0.04347942619460503,0.021555634832797592,-0.023673509510292665,0.0351302081591535,0.018963756505330283
12404,0.21005499811171643,0.1704216363456785,0.03332062166717409,-0.003087469299166072,0.03947362126852696,0.050423626791767893,1.3038170821592912,-0.09017916417859272,-0.01950647549913846,-0.9225251746686369,-0.1169841900871313
12405,-0.028201113750534416,-0.3971227499868997,0.0930699952094066,-0.016410493835852004,-0.025500254281276988,0.11110590932047602,-0.02593296837903476,0.046663467018336145,0.03039988890177839,1.0384088884939005,-0.06930278564795944
12406,-0.1593021093254209,1.0574213884254757,-0.1571887268466409,-0.10886140955048597,0.029658482973106914,-0.1811438298387654,-0.01929535690423529,-0.6400260978118433,-0.07310376077468632,0.08779494086575974,-0.0035876419345953967
12407,-0.17266123868168604,-0.008396494357209086,-0.16711454261392997,-0.46040765468924594,-0.000627093446587566,-0.06910001450227046,-0.2294606723682709,0.7948426766844342,-0.13146610036033377,-0.02519337986434902,0.06501513323032004
12408,0.019453327624581428,-0.0335594382829947,-0.23238303387918618,0.7627517333680519,0.15038221472823593,-0.04136398368608352,-0.13424409237631804,-0.1022133177203305,0.038123181475813755,-0.15172097798641593,-0.6490999389674406
12409,0.07984738266900779,0.0013000114758304196,-0.056642253295565714,-0.027082650720779988,-0.6379239963862047,-0.10481887425974103,-0.06324697120547228,-0.1434685626547972,0.24594651549743252,0.062315184012408424,0.8773220730680229
12410,0.013718421811826897,-0.06475289510838765,0.023000159957072618,0.03665784687117395,0.5888435879791609,-0.21017154336183266,0.1268239059697449,-0.11547864287352513,-0.23361667487427018,-0.11577398968222741,0.0011977646937017025
12411,0.01292265041302118,-0.19887108924775296,-0.28981158927676753,-0.10698729066563532,0.0581672822184055,-0.04882950535994662,0.06905654576027316,-0.0905925042512971,0.4915112188403898,0.05897458167674682,0.0578442349092165
12412,0.021279384534321145,-0.19654220062765532,0.5987204938898626,0.10153966855493425,0.17913398269265182,-0.11355295364705133,0.1069271076219397,-0.11384190482944608,-0.12302687055508127,-0.16327603603246849,-0.08743737698970863
12413,-0.05798180007252085,0.009174086395345893,-0.03400143805466048,-0.05423813096002957,-0.044470704874795715,-0.7107736473076084,0.07258081910142157,-0.06069664847694038,-0.08780568036853971,-0.0306938651743881,-0.11383626779066851
12414,-0.04222039342339881,0.04564680248337765,0.47280233004119154,0.019171783399168862,0.009017861718925374,0.05040445013914109,-0.16279235688497176,-0.012965486839190462,-0.02214660752542583,0.02747731992185004,-0.10049872404370715
12415,-0.13402580052165602,0.6841985380138333,-0.04875946354027723,0.0779655655347634,-0.034492099134377396,0.11566739310315378,-0.05035645586522189,0.030596583142882543,-0.048265638802478944,-0.01248978505497743,0.039384161829278674
12416,-1.781105085148903,0.12541165366166568,-0.15115801600941847,-0.08371997583339541,-0.10802497958035541,2.0535314301862604,-0.06064960017641487,0.07583307314847576,-0.052583996440601286,-0.1834516257235658,-0.05984711392792589
12417,1.667928865013771,0.013440291816208108,0.010216088408483431,-0.012140742043872072,-0.06707362063278317,-0.07394792196441512,-0.9523918962123005,-0.013456999583097536,0.0287728008328048,0.061909920664285176,-0.0012322667856849278
12418,0.9419009168556063,0.021295004965785902,0.07096594475776802,0.015623678557207657,0.06813616881573298,-0.013127995040686187,0.06182506676923878,-0.16196964147415593,-0.10467289807417546,0.07453464530129314,-0.07526085367335318
12419,0.599407746831979,-0.012871924850524043,-0.030065792852029545,0.002706024132199323,0.045618743788463124,-0.008323689732826704,-0.021922417320153046,0.011818006796210137,-0.04211499011462753,0.027804831491748123,0.09021658303465677
12420,0.21272560074991817,-0.0203725099343406,-0.02297699176143498,0.08079424788100627,-0.14627750801717973,0.011490143525775078,1.1976521310980661,0.08779034380784678,0.040698298298882406,-0.9002450877712752,0.07488722571604435
12421,-0.05525350507380684,-0.6137018899943311,-0.14524739071556136,0.016678334131816533,-0.12252136996599948,-0.12311082445618936,0.17963815771779296,-0.006794099029043171,-0.17792188085151764,0.9752121479431628,-0.02146276431177264
12422,-0.23086410485522466,0.7648926480476964,0.11606637686636463,0.014726396347958026,-0.010762625659037472,-0.0007293479035496205,-0.05623712366347759,-0.6366080004671781,-0.05897220447646993,0.00283734608696752,-0.026796240738777462
12423,0.18640212243956253,-0.007988481070796383,0.011134216798053664,-0.4049265131518194,-0.027327305782338482,-0.0712371454256383,-0.10318012722487285,0.8580428747275793,-0.01368333783133718,-0.01776191783159702,0.011071688994153315
12424,0.14173813109302236,-0.005264637092194534,-0.13087137193913936,0.7595633816248073,0.09716385469350972,0.0005966266807432667,-0.07779611086403038,-0.008684611521957966,0.14989391786514142,-0.08214009729632432,-0.6136629087052328
12425,-0.05778743869146062,-0.07654364305271037,0.05734334641470452,-0.008605488448565625,-0.3929673661825863,-0.11470721731635443,0.223048588841851,-0.12847347200320786,-0.13886687967788253,-0.10039671468521624,0.8494464865141739
12426,-0.02739922473104781,0.10465120297386174,-0.003438328457594241,-0.03637290564419233,0.6224605613512586,0.04288396716256254,0.03540545080342324,-0.13012051480041248,-0.19496024853188748,0.10626323194459053,0.037540779296170376
12427,-0.006417465117121394,-0.04519069932053466,0.05406191770208067,0.06998332058211461,-0.016807723564944577,0.06703709446883292,-0.0770126966903194,0.04862946711930346,0.48107114811350504,0.10975334770833209,0.005818021103550666
12428,-0.026873173165634732,0.1144283120257475,0.5423892348073737,-0.07960913303002051,0.06824259091837688,-0.09152965250511085,0.028490343865084707,0.04251689783339817,0.08649188882282421,0.02320896219420564,0.1336574668983142
12429,0.03004199116694066,-0.04552762001086882,0.03850704764956465,-0.007557401549493385,-0.13781142058258622,-0.6244864897793867,0.06296864209011464,0.010201927300092013,-0.06761123884571697,0.06737071062832882,-0.00037124900623248993
12430,0.05106490806925722,-0.0762271612847524,0.41547352437945195,-0.055308918471138946,0.020959406992744397,0.020457240968043508,0.14230992228646133,-0.0395801300131079,-0.03353746905189204,-0.0645588593886911,0.010065594074495855
12431,-0.13915865532082766,0.7000629987818807,-0.1357841473323696,0.011727897460122606,0.009849275985394278,0.24678581193836902,0.01921883918225689,0.01732739687051648,-0.030599486764129435,-0.004459093863672893,-0.009710761050321228
12432,-1.7513917379926967,0.07448997651823232,0.058706755790910614,0.05297439913223646,-0.10465809068781477,1.6796303514484536,-0.1543114603393665,-0.16741257528917883,-0.12444967115337102,0.027411791001222,0.11495637812868154
12433,1.2417732542597837,-0.037284719605389864,-0.07845617427938675,0.007049491423467548,0.04729386975256939,-0.1169863092323626,-0.943296073730162,0.07604181982540556,-0.002254124578723541,0.057875602232783506,0.049322553908752585
12434,0.9021836120042986,0.09380336782998064,0.11598405671401796,0.01213247926373118,-0.12915553764245263,0.08741491064066526,-0.02904913498283153,0.04514064203651211,0.035546852947286336,0.008575228431904093,-0.04228921737654438
12435,0.5854063088593301,0.019976727472698762,0.02322216419628048,0.014276689784404478,0.04422439027208415,0.04208883766436796,0.047699879694518665,0.014514943808002128,0.00982122967339728,-0.04455322778201413,-0.006686722004898035
12436,0.200340519323397,-0.13121732876900788,-0.018339419252226947,0.036787879903282535,-0.048667530027215695,-0.013833809152762087,1.3063737895009229,-0.10374212991553057,0.016720688190027633,-1.0586659590845158,0.020534253015578992
12437,-0.29694772589480395,-0.5683954334152511,0.01918934493172744,0.07643559866558658,0.0026489735832489767,0.03996310911117974,0.0675292150685946,-0.04302117569643824,-0.11362314405703501,0.9531466805316523,0.039512777770389876
12438,0.12492825242317863,0.9574108157689084,0.02145716230360382,-0.058002016509802884,-0.01363133959198708,-0.17836195292924165,0.12074809873641318,-0.6114952391268405,-0.09372217741787846,0.051588092452055284,0.07416402500560426
12439,-0.02623288700269587,-0.0464633144214245,0.029856793406478337,-0.7288461502304879,-0.026671496830818583,0.16652716253790767,-0.01015238215877997,0.8211733457015753,-0.04584117097358617,-0.10353841702981592,-0.08431037009135661
12440,-0.04282116839775742,0.05353793165754891,0.11298754547265719,0.8509366331649395,0.018722103604229323,0.0826688464164015,0.022639245035743775,0.0733704851220359,-0.06815441117945514,0.0566622166283698,-0.42885175837579
12441,-0.19238820759209824,0.12396694112520604,-0.15441358811923522,0.07881896212004584,-0.3694514863704126,-0.012800065906221422,-0.05669947823067624,0.07941322508372475,-0.08267781616779407,-0.021053301864373767,0.8748903304024286
12442,-0.08228480633300418,0.05265927714499802,0.07924212963610536,-0.03710170770892319,0.5982293229560773,-0.03466415644741422,0.16387867326092778,0.045079873330358275,-0.18649375156787099,0.09293597760429602,0.020506955484354397
12443,0.29457830212749847,-0.02333800288138183,-0.02542005519828626,0.09285698573264291,-0.06616357479252973,-0.009039192007805608,-0.09594439012823498,-0.12258963767505388,0.49834010140458257,-0.14965108169696353,0.03992503096233435
12444,0.01473022601485316,-0.10966428397373022,0.6672623115050312,0.05583248842734462,-0.10306047863468172,-0.12044737351496022,0.03521575615701282,-0.19959916493866853,0.16431730569579173,-0.11190828223691988,-0.07415249819596761
12445,-0.0014294047534147885,0.008789271812377559,-0.06258409685512736,-0.04833945493988056,-0.06249306397025088,-0.6534023312004732,0.018783961381047955,-0.016124699961499015,0.019266087466137078,-0.026675111232402356,-0.005381828992060774
12446,-0.02824346070862938,-0.01756028597477402,0.3926172550386886,-0.035129973924712836,0.031814009887666875,0.0001657831484900181,0.013468850801973506,-0.048560480395786774,0.012520930430771826,-0.04618749762834306,0.0778779206573981
12447,-0.12360602748835783,0.6905738188116207,0.003525247367304314,-0.03832696307819932,0.0007997668340738403,0.19127782429510692,-0.04876762355330792,0.049308684768521543,-0.09540823359932299,0.012701436735827595,0.0485266496796394
12448,-1.517987310977517,-0.05496666055013507,0.005181090408887829,-0.05688271921783603,0.06572425769758518,1.6372034524625345,-0.097197138459808,0.1631027473645893,-0.10287557799431148,0.13525014155203335,0.015360511379968932
12449,1.7226670780158735,-0.016258095702212722,0.18613595253083495,-0.01623606458158793,-0.0005282078647980931,0.1201997527974641,-0.8658605151020446,-0.06205185676258636,0.06603265053773642,-0.02708929305103413,0.011752103701510055
12450,0.8415689477761381,0.14897234293276077,-0.04555517110601576,-0.06459901800832255,-0.05701850278483022,0.03548314626412314,-0.042445014363214226,-0.002011470663551421,0.032804329107832236,0.04099082470136753,0.024511274276636456
12451,0.6223129883832027,-0.01046439935547726,-0.03639046920692648,0.038278332029821276,-0.010521143101828015,0.08210329362858121,0.029272330958228177,0.016018950947304517,-0.007366828484907966,-0.043238921076586695,0.003282854603640928
12452,-0.09921926272793392,-0.07900488036046138,-0.09410240863037973,0.09173594805979962,0.03558774437363912,-0.058962476044115426,1.1987717683900894,0.10071055155662863,0.05355022074066526,-0.9029910442626847,0.1190946927810741
12453,0.22060294926961543,-0.639675452998289,0.04840721889817285,-0.029468093341286958,-0.03345362544274042,0.035720108995538624,-0.029595359993403576,-0.019204616751040557,-0.019743352432437227,1.0041559528689095,0.10749538181118884
12454,0.10422855994686987,0.8431720039727478,-0.07897604010936304,0.003574750795971979,0.07100331793584862,0.10411588985775423,0.2406418915224131,-0.6274903793302492,0.020928166319941193,-0.0997195033584155,-0.00038873745394847506
12455,-0.020580709529611805,0.020950653598998746,0.12350069776725169,-0.6821270438617422,0.12057630708899805,-0.03642567254031332,0.06768703375890642,0.8468507630710728,-0.03993216991744414,0.09980257797398479,-0.06538229387831068
12456,-0.021532529571423188,-0.05463411155243939,-0.047408987462265094,0.7582688875562239,-0.05752358782733178,-0.05486702023160292,0.15746530021199445,0.04421193956000333,-0.04764694785273976,0.0551605449156537,-0.4979465181649303
12457,0.1618736656642865,0.012765041423034647,-0.03396736704804521,-0.07542242186340144,-0.7504985440096956,0.031738690733593984,-0.13235855420249817,0.06309729290137846,0.047714452237254554,-0.15792546379385983,0.8372225479542688
12458,-0.07381074362756203,0.07242317175538318,-0.035998846875834975,-0.088542967515275,0.5942032814433147,-0.06416515638544157,-0.2274849262880996,-0.03629370013787035,-0.20446944058062463,0.11519274623137717,-0.0527281023153529
12459,-0.2216655353668661,0.2207177536583365,-0.006871020920473134,0.11299256913657854,0.10799203930578144,0.10277313472326913,0.0347762464253673,-0.011356927250641921,0.5108593708114267,-0.057993648526243814,-0.03148196482449658
12460,-0.03784213405346038,0.05382965570806985,0.6387532220765944,-0.02369716532630242,0.1536681783105769,0.15817409470357005,0.03469596205680001,-0.009694065342359991,0.1242441455298467,-0.009859106771101734,0.021622965127319378
12461,-0.02542028037746196,-0.02717241195805136,0.1182648972677476,-0.0367351000153293,-0.050183737212522485,-0.714218986783704,-0.0033008985175771413,0.08316684247062921,-0.023310187716654805,0.1448213393413529,0.05640372848046516
12462,-0.11494886767704643,0.09139112750670024,0.4055515776601382,-0.24205595269777974,-0.06158655731087218,0.059693050392606355,-0.07800029172312582,0.045088104555454846,-0.009530172939381071,0.04712095569927069,0.013781090596899657
12463,0.013723138507558866,0.6890070543849721,-0.1395538714683381,0.004753159676563192,-0.028990677946652516,0.16904830418942557,-0.02305210966850184,0.04267450104183515,0.03318663566903156,-0.06670263976403526,0.05199183499220072
12464,-1.759343617559373,-0.04439051787891151,-0.15123336187182365,-0.07261603164675454,-0.09993014406829955,1.4988295131539937,-0.06258169599579512,-0.002349195928404024,0.10842935921554545,-0.12312136575458388,-0.0027502380801614186
12465,1.7737386385232732,-0.00454593189881974,0.03851615295053975,-0.05825365439630459,-0.1279099332876337,0.09778251067312488,-0.9614405685565816,0.08993506275868318,0.0017238402952124436,-0.0431060117868704,0.08338418115121647
12466,0.8349626441952052,0.014878065658557345,-0.0407566604078986,-0.07226211253514642,0.004672369747082324,0.19327318088372253,0.0018356007628335164,0.013961552445813246,0.02605066603016423,-0.043679272962465064,0.06662172119146938
12467,0.6147930313731437,0.010279639057939037,0.017769632052833068,-0.030532732716927864,-0.05545658648664412,0.1252185821984626,-0.009113445907399273,0.04484380282047863,-0.022366939089272474,0.013047918418311622,0.06614551979660772
12468,0.1235861967595451,-0.05916599964808231,-0.11883471392069724,0.031305865199638516,-0.07935869051413866,-0.03720469847544307,1.2350482227997754,-0.01183208278948027,0.003833803419756044,-0.7419624417374968,0.07798856980981633
12469,0.15484326358288114,-0.6453009253358155,-0.016030712878492392,0.03054434427329516,-0.10791065557373249,0.016102386516331352,-0.23975400306760214,-0.11311065076033809,0.047936819839388224,0.9623764182877111,-0.1119986767865407
12470,0.12983939257135552,0.8851721257895688,0.01653777422152528,-0.0931219282087956,0.1434881087341332,0.0021779959704428115,0.05210498848525991,-0.5548832498170189,-0.025351626018398434,0.009805028213614507,-0.047640841652584406
12471,-0.2648855272980638,0.008462962350258648,0.015868252695686445,-0.5407300401933235,-0.21524707152361602,0.11488054704129769,-0.0631694257989077,0.899097644839124,-0.10039549863370127,0.11004372735377174,-0.037418001604581044
12472,-0.13431960481852134,-0.024488753979520207,0.0611440282675025,0.7674140856820592,0.0790300370986717,-0.3376730124153687,0.2908166065808106,0.16355170327414167,0.07907503274000366,-0.007023358150464053,-0.4201043738352756
12473,0.16379550972372087,-0.029454373447076358,0.018307478804763886,-0.03978578216860922,-0.6818679468638023,0.05401462604138859,0.05502830196480031,-0.07396153291526557,-0.11577774122048129,0.0023529680784437857,0.968356285469545
12474,-0.15580955464779545,0.11779690704401709,0.1500593930347572,0.01294023111198499,0.6238050188452041,0.03579361469727097,0.06133522654730416,-0.018852181144594568,-0.34604639948749266,0.15442039087366458,0.036191844948794065
12475,0.04038895849695282,0.16278628603852882,-0.20271475503884018,0.05228293480680406,-0.00039241995792673443,-0.043564427051973297,-0.06905353446679036,-0.01897148941051964,0.5016806635544228,0.13708303162030305,-0.06263469488448642
12476,0.1015053196670343,-0.03553054673322732,0.5768334167371094,-0.034371301275090624,0.06873409694146908,0.1268227161495954,0.18506645397213206,-0.068160196325748,-0.13330974951488775,-0.1203174289582021,-0.09935634838753388
12477,0.018443931736578836,-0.050586821839507384,0.010122215687843498,-0.04044778473943614,-0.10206327183307654,-0.6406410399867274,-0.0695598933206021,0.03182460879462562,0.013988411042756348,0.029617044819677443,0.0750001251759148
12478,0.3337850138613806,-0.21403440755992617,0.40480858803413267,0.08121899938067341,-0.002778214210638839,0.1218935943018476,-0.048654507927117834,0.05093934571206166,0.03713915966673293,-0.05430393384974176,-0.08230330032321596
12479,0.0377635698862774,0.6321735412661649,0.025979817779536944,-0.031425510880545286,-0.0561516925844312,0.213211417339233,-0.08234100136506661,0.06997379551666684,0.02530381858537122,-0.0006998969757238665,-0.0599651820874046
12480,-1.734535837383558,-0.040873043130310115,0.07256422950291627,0.1801018834226503,-0.03151841398833654,1.6252755080270749,0.0030527728238599733,-0.09341801316290003,0.012075155054643315,-0.11412657162814205,0.020333633535019102
12481,1.3724336768337282,0.02708921452334154,-0.11691560234984673,-0.014144137357809158,0.053246532308263365,-0.04056816481647652,-0.9579257186275705,-0.027865133833604158,-0.1413940063636745,-0.02198821094799539,0.008009123600671825
12482,0.9507496009891155,0.14810202817042675,0.08968150100425631,-0.06233101717964627,-0.041347844531934914,0.04954532265597297,-0.0019439179832380755,-0.0031784274075024044,0.018838584365937605,-0.013272215529137387,0.0802125053602886
12483,0.580998530672614,-0.0145666362913782,-0.0640537719311903,0.06347836063307556,-0.00675364214968349,-0.05354986050059582,0.05354433736503009,-0.08096859989944913,0.08200696810378953,-0.06991337110912799,0.013675983838370466
12484,-0.1360245770684196,0.12357858254805289,-0.05155019043568711,-0.00622980473753131,0.160043568504304,0.19113523902585833,1.242078944722894,0.002025732384533063,0.06550434327542895,-0.9671677277803914,-0.028412640414238164
12485,-0.21864572578302152,-0.7916423404625612,-0.07214307760785009,-0.10976721484095472,0.07353722695790411,0.13475132641827273,-0.14152462406311228,0.049063650003178444,0.04288571611503175,0.8561833128587959,0.12290961243824977
12486,0.001482484108445163,0.9077248654658381,-0.021596636755717522,0.011757413720761195,0.020254006823977235,-0.10302604827693045,0.1486736572688595,-0.5839246081764918,-0.03371872370055627,0.014008074582389902,-0.08470050192760722
12487,0.2675571441065323,-0.14951799350268283,0.023057483701720772,-0.7043939980405796,-0.07727765118828661,0.16673644838903956,-0.040118141047201836,0.8345660771219422,-0.06812797518971005,-0.03941725299226977,-0.0043137351669248515
12488,-0.038003438722402305,0.09225107796081476,0.0416030758889704,0.7764124390585899,-0.10929098588183635,0.03373016345647185,-0.0803616338568742,-0.0027386832137486807,0.08909204110479077,-0.08687236575180633,-0.5468553217546844
12489,-0.05621195794303921,0.11560184406805583,0.03441774317776904,-0.024891952220820825,-0.6023987790227896,0.08031028140341724,-0.12623879039550184,0.07569358440191082,0.15524266727178518,0.026775865169091806,0.9017038887446154
12490,-0.038289900009075145,0.036948036389190225,-0.006294754759821868,0.003320541583014345,0.639622755434663,0.12474170952453442,-0.06458850197980888,0.19074841781924248,-0.30379521839045726,0.2560457601309315,-0.01593381541724221
12491,-0.04369358128175635,0.13764660412243557,0.02195100639223313,0.16230622395440428,0.007538512373424563,0.01977894464007094,0.04033212897074007,-0.09986502482433514,0.498445461413941,0.04814316476545811,0.032942347387557525
12492,-0.0216046251641994,0.07648115030453217,0.5326341378850784,-0.016310367209546223,-0.018240980838369995,0.09489276796677124,-0.04024503991434153,0.14581238354266982,0.03875219755937217,0.02141183312308327,0.020025312973148645
12493,0.01972049278917462,-0.06546644769776383,-0.005377667991860893,-0.06290141307092506,0.027641176370509148,-0.6706070383029051,0.02549006251683361,0.06250320732834508,0.26230767436071206,0.03649331489557764,0.009996050092996507
12494,-0.09630123458974162,-0.0670855221798069,0.40731247311058255,0.20138028842666275,0.09648559210859753,0.1736656853595774,0.16433434027109856,0.043851471620718376,0.1182527903176861,0.03141122181274166,0.06793517451187228
12495,0.06999385109846956,0.7024160113140135,0.037318586294421675,-0.041824822229440256,0.06014076571100535,0.15872608224402696,-0.06536553210914005,-0.057622074090071376,3.22028134943583e-05,-0.12956328391844885,7.314507278571945e-05
12496,-1.9184915494508432,-0.11033160427411642,-0.08017820680164153,-0.16628753661002407,-0.10706469327595501,1.7644423447177937,-0.16792674362171983,0.006473160615552838,-0.03281122410965,-0.002266435944811215,-0.03883171709989414
12497,1.365169332180604,0.02933822253984599,0.08367209658536018,0.004844840152295032,-0.07262791919528862,-0.18912149278311674,-0.9308291581024403,-0.10485844372819471,-0.04462669095670689,0.04113173083292938,0.02738397736523025
12498,0.8057626920026527,0.019897619090290572,-0.03660784402806663,0.013187237344338087,-0.04874332536327071,0.09540020018108558,-0.06585208761116791,0.11578526459389789,0.017007714414304882,-0.09964159671776555,0.05294380767474396
12499,0.6194967686943468,0.009917974672049903,0.06238796302663297,0.001104519564710883,0.00046148192997617216,-0.002707916395787213,-0.06275458312522457,0.027331506458088656,-0.0030739989994733267,0.019464286462172763,0.008736313314778976
12500,-0.1037858525787423,0.1120540370955198,0.07555374218973955,0.01764849528517362,0.06595101421353683,0.016229326804807393,1.3574229890013885,-0.07192913483638612,0.026035569667521116,-0.805053881752718,0.03151126516825162
12501,-0.09740695343080373,-0.5012932896342683,-0.008793629545740967,-0.01420292509377115,-0.05183204991790892,0.08797007777423928,0.03312621364233324,0.03254895027434939,-0.016642509838186964,0.909877349207632,-0.11359043424836361
12502,0.16489269758458386,0.9022699492663223,0.056915564068170735,-0.02670752068968508,-0.019130825068661154,-0.16433821760832848,-0.07524344799920249,-0.6178418661219903,-0.021696825719334078,-0.023831695471507302,-0.013056375418053282
12503,-0.04353635991780461,-0.06847248810500506,-0.04603130521534441,-0.7182480328117917,0.0627206656359013,0.09402911850667747,-0.06872208234662025,0.9077825850796601,0.06823381000243314,0.03997616683426918,-0.04831515253805084
12504,0.016781091057455552,-0.003279526807943742,0.061909375410257685,0.8277460404073603,0.16364540824744708,0.09331382419461286,-0.09698729081150934,-0.026855040916985252,-0.06741730844235198,0.08908857619713226,-0.40502985422654914
12505,0.1778335341904346,0.05131721475051584,-0.07701288927436001,0.03715137395177229,-0.5790672356398988,0.17196015966505704,-0.15937756009866985,-0.007124972710884926,-0.11674503945322474,-0.007605767987822445,0.8803006068255862
12506,0.03349996086830828,-0.34734972232726974,0.0989179996604416,0.04476140246574388,0.6354540425830291,0.08772321216892508,-0.163020339673277,0.046984368530380176,-0.10768892149233672,-0.09666444885405631,-0.03380714835189917
12507,0.00958805921706363,-0.09152724020157638,0.020811954762921775,0.1126044069931601,-0.023114091894065023,-0.0027670751915456725,0.0857245204232186,0.1660221300873854,0.4837098491972798,0.1630428487639816,-0.030985380937485613
12508,-0.0021346059226447,-0.10430427734630143,0.608095512686049,0.11426701438253832,-0.034931572928198554,0.08018938530096036,0.2721386103974047,-0.0596803764495962,0.08614250060378434,-0.08486634829994023,-0.006582467065569602
12509,0.012724576558980788,-0.05892093530068991,-0.011263635496600163,0.0003688964365519739,0.03310468348717335,-0.6236891429457423,0.05808651526161403,-0.05356694048341964,-0.09660250670607119,-0.029262601506731906,0.11824094880502892
12510,-0.027071283901496785,0.16353861909107034,0.4355619586328878,-0.06139503462858343,0.06618572152916495,-0.11042115554392909,-0.057365068573067945,-0.05411732060043373,-0.16152783933642534,0.04062617823245064,0.04447889901251621
12511,0.13576808300615958,0.6282172521014343,-0.043571013254608194,0.07436634527556651,-0.0187565899577426,-0.01611477591686479,-0.11273902446176816,-0.01695068585116272,0.011409158763799122,0.0210126271812131,-0.05277756257465785
12512,-1.9809133842795514,-0.040891977343579,0.24801682212658446,-0.16766381297683217,-0.12816674610788625,1.8093079717152023,0.0522868102382189,-0.10903036613219402,-0.014395935971693051,-0.023153320218562947,0.014755627417773873
12513,1.3671267123454904,-0.06373441318825258,-0.15371561300640846,0.027078974572262236,-0.021464216327963064,0.10642110888797889,-1.0547202251489822,-0.026528834487334896,0.07677867609362699,-0.006015589008358914,-0.03523813623058208
12514,0.7655956643305881,-0.06051824664329888,0.11409615919384324,-0.14238524823068038,0.0135473815699806,0.1911245261413771,0.029317016064232627,0.14798997464118496,0.01761122862954833,0.03176613068898434,-0.03320976155347693
12515,0.6068951902211798,-0.038051948385517585,-0.0009392059899510424,-0.041083554811787826,0.06315774367496164,0.05925086255701836,0.022479971183782855,0.006402426579729873,0.04883817914931288,0.04158239145589949,0.017871865647250722
12516,0.07823555172174436,0.05401052370159703,-0.04544553728013007,0.05967624096395127,-0.015939374865614402,-0.13400178938956261,1.4084499672268134,-0.07812158531285258,-0.1523439734900296,-0.8078108637238471,0.1424065856263014
12517,-0.0555924578323188,-0.757088926676122,0.011146014405028291,0.04195148792199414,0.07430246296358604,-0.03979151395597423,-0.012018091969548136,0.12087847392972298,0.02916746938209483,1.0166583302776793,0.08600734296993173
12518,0.15993464797440365,0.8916653871659795,-0.11042887227141808,0.037344491897775195,-0.08030653358232923,-0.01137106496062811,0.06316474828261466,-0.6280553464739671,0.02188606160076473,-0.006309130588432803,-0.020075911426386626
12519,-0.028247327444083595,-0.059920301476678706,0.07810121401575605,-0.46507284706803387,-0.05616126284967895,0.005921194030894454,-0.08046367112118392,0.7772464707437257,0.11071177108499487,0.06695408591294348,0.08674860542778634
12520,0.27193788883459047,-0.11183153304741646,-0.0882801610327567,0.731493000659654,0.0062488800938573005,0.012429300683627582,0.013289902101093988,0.04817343722047692,0.16868044009245184,0.005440697812903359,-0.4370617802219116
12521,-0.05041230404815468,0.16233926331058443,-0.16060163553826995,0.041532983894825404,-0.6331150745049053,0.29906453335049277,0.12471678170539718,-0.07426167726229106,-0.10864292618478011,0.06005728309605877,0.9192348180058
12522,0.10636478728424889,0.013048102581002618,0.027040399017937807,-0.023816365375986734,0.594308170963303,0.220092598256204,0.05593901370747016,-0.1534405979051175,-0.22158210337538853,0.08475482056213193,-0.03260965752812935
12523,-0.061596226788087564,-0.017576144304209562,0.01015838707804917,-0.135668847286902,-0.021937833603945217,0.03392975891133393,0.0876872930124715,0.010222090523103598,0.47481447029469576,-0.0730817149765946,0.112417999385827
12524,0.0669632294964712,0.17589640267992843,0.5945610796852702,0.1551214339906104,0.10619505418616258,-0.07754773808483267,0.20062802610948138,-0.05851199045031896,-0.05203862218556913,-0.09876823096204652,0.0489645028193868
12525,-0.00920445476988174,0.04159845025273607,-0.052277125992461836,0.06629065003608346,0.07397476155118765,-0.6355174058887249,0.0849735784083807,-0.0018493163749607436,-0.12937385846383595,0.05251132504287364,0.02780749669746313
12526,-0.06388054149914803,0.0053631457759901364,0.3926546675743047,-0.047171245623948845,0.09662592050818399,-0.004737948534214907,-0.04199648877134972,0.0989552906573476,-0.03316478015357419,-0.10390508891224703,0.030164023011277727
12527,0.031085665067155523,0.6613114332078178,-0.05951729393733936,0.025185858541541224,0.026277602293196062,0.13719641785834175,-0.06302035461682794,0.02626690018957833,0.006824685026804839,0.14605969862242804,0.0028361185254771027
12528,-1.9365206430810074,-0.0602149054895545,0.048060935034325625,0.03423033043016994,-0.004472171100398732,1.7499667040831528,0.01774672535073804,-0.056813016961548606,-0.13234381484339736,2.6756345979224612e-05,0.013712822128378089
12529,1.2484425631519986,0.031832378264310415,-0.03754517533897437,-0.08948282769028472,0.01700588253961947,0.14620383208427828,-0.9906120100077297,-0.03580390828568311,-0.025957669612979822,0.05806190748428043,-0.03727405867362717
12530,0.911904783809775,-0.035191036106973904,-0.011599180734933007,-0.017515961790783647,0.06578197604077977,0.05627277155075249,-0.09607520922369572,-0.0023591686518688215,-0.2043115605824723,-0.01725826235246695,0.027512339164319
12531,0.5595070523346055,0.07355942963039046,-0.12568734561007322,-0.00872219910691697,0.006807414748010551,0.04713127465296004,0.023598920646183612,-0.0444029824213179,0.06488818176289377,-0.008903737945978357,0.02547832550566971
12532,-0.028420066990459354,-0.05848249662364645,0.045497992779175246,0.011632387072855216,-0.16867801262393955,0.07927029916742673,1.0986431050342023,-0.030260937851496434,0.08803646462768043,-0.7850263978957479,-0.05140820591766902
12533,0.12075985791615032,-0.6762215234482348,0.0018252598656275558,0.04514521060588818,-0.05202667671352162,0.17158518337360493,-0.08796862579343474,-0.009093706478128964,0.05887671803391513,1.0056231240117648,-0.11866408079153616
12534,-0.14913558189366374,1.034599948111832,-0.029877011753032874,0.021153183043173,-0.05005190968115162,0.09467528711945115,-0.20233339094465572,-0.6466833515221438,0.03754684569725385,0.13864779164391564,0.041952104635182
12535,0.18088048477825944,-0.07454679071009691,0.3407957781090608,-0.6752915867327092,0.08306942237356284,-0.003131522731991793,0.15633600634501094,0.8867957120171714,-0.005943913645149625,-0.00849118705291406,-0.06779062624407944
12536,0.0009017422737066221,0.008563561192882683,0.1402549953202574,0.6937015757564443,0.10112960574354972,0.12616835289132652,0.2268236184962899,0.07739928115603524,-0.02739861263074647,-0.0639074527667393,-0.6600686713777985
12537,0.15685493810145668,-0.07364126400762866,-0.049159243410374705,-0.07683558101546005,-0.819429799180284,-0.07267609047101731,-0.008736531216307637,-0.03575892986018064,-0.19948626791690927,0.11371105891585989,0.9160698140511754
12538,-0.055372145254975504,-0.01605862430231654,-0.07542253163570657,0.07304655101374238,0.5838070966964848,0.05842106455210662,-0.20428547520814247,0.0501056017783804,-0.37214081745895256,0.006323129085160888,0.013063754603737258
12539,-0.14548501331793523,0.03058204727040429,-0.07491907423877066,0.017577569157790497,0.006013028943739438,0.1180798973253515,-0.0004146914083933695,0.06944833890172564,0.5076380366098413,-0.03283210595854618,0.13353751368748226
12540,-0.045272155072215776,0.24487339858848622,0.5477397345246325,0.012201894313042569,-0.05257566004855471,0.09637174253008708,-0.010765640034336051,0.10996373696558377,-0.06474698111288857,-0.11831447107287973,-0.0417356437646497
12541,0.06006534737973171,0.030566057626566317,0.02089950390486723,0.03584701353238622,-0.008166925743981708,-0.6880191684987825,0.043492238436907825,-0.03521557288886245,0.010423739195083773,-0.00048461481802091833,0.1050991389458633
12542,0.15564661069347918,0.015354563449244248,0.43017890158801325,-0.030420021405834455,-0.06974535578917468,-0.05266450694328182,-0.012412149760423367,0.01463429346835427,-0.0566031653970755,0.07749825376145267,-0.14025472446831197
12543,-0.1863883021916114,0.5685791273903931,0.0625507845017914,0.09261025240508552,-0.0028873990028600123,0.0916995681431955,-0.18816224829929756,0.059844959649209564,-0.01743820543530489,-0.057415926754183985,-0.0005194290392320803
12544,-1.9697484913216916,-0.15832775604324162,0.04404075316755865,0.012381767330388543,-0.003206362651320201,1.7632400767356342,-0.0009085827040477669,0.11475016919345517,-0.17155384902268297,0.07732686833242686,-0.03943193102552887
12545,1.5405704790746035,0.03985758211069795,-0.19116481058187737,0.011987712459704678,-0.007132640221796242,-0.02445715178444572,-0.9657523380699082,-0.01052503230618199,-0.011810526408814684,-0.007313818759479531,0.033451452595591576
12546,0.7633763989261305,0.0083445478688611,0.03664569238651886,0.08128283957480598,-0.09498284922179703,0.03055347744863961,-0.0941022588278987,-0.10811142940909617,-0.04996831012828122,-0.02086356244882787,0.15221095459578526
12547,0.6026931629779076,0.02111053889302255,-0.048495254804048295,0.010075604316493961,0.0039152179628885635,0.0276196700998345,-0.054431798863437846,0.01206305553492181,0.01588873994884292,-0.04271136106318962,0.016847395458306737
12548,0.0165186245923668,-0.15099956240559706,0.056231508131417605,-0.02974669944066858,0.02845534573347707,0.07583399881782571,1.2909619249489062,0.08844653435706475,-0.07920008695378142,-0.8946922783190772,-0.06212863444055193
12549,-0.18759162685575578,-0.832636378288568,-0.012764311565400626,0.11332489587968532,-0.038560958543680225,0.042817026892663715,-0.005833464044321949,-0.18728019843469548,0.10439142751765383,1.0815185396095524,-0.02972527120063462
12550,0.10682423129445642,0.9051632858344502,-0.07405175744681312,-0.01939504270493857,-0.05438352940533045,0.10574682005858807,-0.0727318577778401,-0.6414646790484679,-0.04360429353738038,-0.012719690534150584,0.0001736332837106744
12551,-0.004176114270458532,-0.0008396752080864888,0.105561621017804,-0.5082527303778783,-0.1368853922405894,0.08788943561367701,-0.04240696730876942,0.834133634306273,-0.12044268184944457,0.03100617371010429,0.07177962141536973
12552,0.00969948255125876,-0.0022603603542077017,-0.07490887466826306,0.7706262469599641,0.026951984780959188,-0.01197781718810142,0.029392046003250388,0.06126545781314165,0.0013305232014420073,0.2314867292967935,-0.6331696236306041
12553,-0.05384161516202722,0.04415810382685324,0.04791655645176018,-0.019601923389460735,-0.5636098864952167,0.059076858385705394,-0.1592490936511434,0.038911789867732374,0.02444764079694583,-0.1676975122485803,0.9029421192977717
12554,0.2726710198484751,-0.024940293136825588,-0.1817882061492484,-0.04872574737193204,0.6160520408199266,0.013289846787080452,0.1625699041833246,-0.028912627843524694,-0.4452259668727514,0.10159520625595651,0.03702029093243938
12555,-0.04651981990717352,-0.036821873765320666,-0.020131052554293746,-0.00415010982949114,0.0019482170508868225,0.14952651112745205,-0.11351122701095162,-0.0464103036252607,0.4783414989257817,0.022435257628545164,0.12881347370535984
12556,-0.007622179849355477,0.025883185250433316,0.584814881331704,-0.015249872845251037,0.12197488764414538,-0.04661838119766796,0.008225134102563932,-0.01833110855563206,-0.08128668387633486,-0.06432087237713781,0.004692101907915044
12557,-0.049972286673784026,0.00024263134941320593,-0.02758216393593263,-0.027340781562940307,-0.029132825754070307,-0.7331951403885614,-0.06229247455296432,0.05520974174673238,0.1605188533610611,-0.05637448716120062,-0.012457770081667553
12558,-0.1074315754001145,0.001073387309812446,0.39345649053984494,0.20368918508782405,-0.002151793162248514,0.03755038662499513,-0.2078201380785665,0.1114308999179053,-0.07970474091613093,0.005559619909579058,0.008788956886848127
12559,0.018859295418804135,0.7042756209361747,-0.0723080301427877,-0.0027486427793371403,0.012507412487347465,-0.09298722103304384,0.04132467902864306,0.06715672192007076,0.07730969282591196,0.08030485906177473,0.016467149196125994
12560,-1.7691386857034976,0.01754751700973202,-0.08388357107270483,-0.001314671667391053,0.047091274388191016,1.7364077887460625,-0.1507158714764966,-0.0055388514872826144,0.1152074947059734,0.07194007640145363,-0.03101792646722097
12561,1.3721662193433264,0.05299054143408494,0.021454985636170088,0.07652595737733987,-0.046869694716452776,-0.0089039889770974,-0.8792541027755824,0.04535580233801203,-0.18284147650114937,0.010635267308100368,0.10263554531530049
12562,0.789263371578167,0.0019331805435987386,0.04348142805362512,-0.10864744589437783,0.008000158606175844,0.061249922706144315,-0.10530358685328099,0.10434897863493604,0.06077422079596874,0.02213238953009337,0.08057683116631245
12563,0.5892919958771305,0.05316664930971027,-0.0018901327832638445,0.004687530926138662,-0.063373958138881,0.05931071976579405,0.03039133688191314,0.03743890990498168,0.032026643462645395,0.024829804722467305,0.020039410330115325
12564,-0.11030778372845683,-0.08445687883689335,-0.01797849081747787,-0.14726424983312114,0.07373442572731757,-0.0830476073675995,1.3900265858983925,0.08864762455412006,0.06235756522413523,-0.8571293883398609,0.017846240867883553
12565,-0.07902095679527002,-0.73732938145129,-0.14112782338733312,-0.0010941871410250475,0.12274017306997662,-0.0199513801065729,0.05463465788392047,0.023280008986527267,-0.012912105935016103,0.9541438644348064,0.028282065277296115
12566,0.09331325839487119,0.9955115402871042,-0.11336090832707901,0.0681934289416508,-0.015722323019981235,0.0917818204766819,-0.1032192324994676,-0.5234403008635896,0.10210068949238511,-0.126553714986373,-0.014211729328981695
12567,0.11363988494220217,0.06649722575903014,0.05744166825095486,-0.3995961540169167,0.013638145201697241,-0.05756812252441657,-0.02474481692443705,0.8049506735287592,-0.02998389148156514,-0.0865132323402728,-0.044694563792766054
12568,-0.04337947113903675,-0.11729420055139074,0.009105622454514524,0.766611489385087,0.018569559891923135,-0.10582967348257474,0.004073007926056961,0.012774609479925508,0.013570435886185287,0.16774538968363323,-0.5438563231336353
12569,-0.09259151440415131,-0.15175962756939243,0.190904109981733,0.09836884283334411,-0.64913100941036,-0.2652246778700949,0.057091158416040275,-0.05599036807316944,-0.1803420578727666,0.006554039443846489,0.89044280445492
12570,-0.029996935219813822,0.191524425569308,-0.22117271590042828,0.005257496573724034,0.5878902386642647,0.13959510460391528,0.0033207008397468504,0.11282505975414049,-0.39709686717502696,0.056348061299737316,0.08438210210630868
12571,0.03709008180978435,-0.07048623557983913,-0.05711752779229744,-0.021322042441584147,0.039065567578548406,0.017507310346882056,-0.07343581931179241,0.16908290017588484,0.4944451142349938,0.2327001265035272,0.061980503235867825
12572,-0.13380729899318164,0.02076194406154823,0.5799743333713822,-0.01742366752091341,0.11733408994048772,-0.0007323004551191975,-0.0016219935123644195,0.010504684320283151,-0.000943994652157356,0.004093951048760825,-0.07310988061698798
12573,0.10956925891299985,0.031079383128206236,-0.13941719304387573,0.0406963458853817,0.12434698246547476,-0.6667290169889335,0.08444693833990301,-0.024717982680051008,0.09925580496117649,-0.0151364625319103,-0.12394994171757968
12574,0.032997935186864794,-0.02077612046078743,0.4131823528089649,0.0398730844771558,-0.21842320243282823,-0.14234219772641296,0.08362942651801636,-0.032326831114359286,-0.012191446478055047,0.1016416900912636,0.014359959099012755
12575,-0.0033799028621936712,0.6854193275613049,0.10809258383708187,-0.00533192973555433,-0.003905967439920364,0.0599683830148888,0.025956761663857113,0.0708558944714352,0.08699544840717155,-0.0096400860887644,0.09165007614609662
12576,-1.934436758917204,-0.12936523116795215,0.0177770105894691,-0.14538693528370686,0.047726785745582354,1.8656906769528208,0.0747797523967177,0.045044427400292145,0.04486695835489656,-0.08333694820567224,0.048801975968236516
12577,1.0284277146332834,0.016585934850993536,-0.14843650698012403,-0.00015022876154118566,-0.02867437656232416,-0.2142194383686921,-0.9302786050659372,0.008513331183797334,0.06876189544872936,0.042353266574528835,-0.05879387036088991
12578,1.1099470157800249,-0.07278606912810294,-0.03126161393640287,-0.063802425605165,0.10616425395468099,0.051265076466442606,0.10616332554799586,0.02065251838370457,-0.049112968750020594,-0.05943721480007783,-0.1158483708252318
12579,0.6058139067793014,-0.040849630922842196,0.013284298424239626,-0.002804827820987738,-0.004297069257077733,0.028721804980293482,-0.013359239417451199,0.007261434818396391,0.036842227462999415,0.014435384271057292,-0.04789968903443245
12580,-0.03057815857549014,0.0015830034636515151,0.26829671067592414,-0.00042865906266891917,0.10131341357345927,0.10596467344923532,1.3366419097929014,-0.0819004087531462,0.0991565337402804,-0.9513713130064188,-0.020527402919112106
12581,0.06879448291592043,-0.798573109656839,-0.0549248219944229,0.07111518849454063,0.032408014576748995,0.19317616829587378,0.11735876804861248,0.0054063669299746885,0.101015668295116,0.9774007971935581,0.020513053084543
12582,0.07632962830558891,0.8205159180196191,-0.035497109938628514,0.012705438690472352,-0.07837288153100129,0.0533227306625809,0.0038870293973645056,-0.6810436578506487,-0.0029095053712706537,0.06393380620919419,0.01732799214733036
12583,0.07743356712862264,-0.1163989900002181,0.06045763934821663,-0.5600883049068327,-0.17238706892719743,0.013140565919541977,0.09190452677439453,0.8280199654636905,-0.002161344383452205,-0.01270844255105543,0.10239152651209055
12584,0.13887920191416916,-0.06204414175760419,-0.03317846595158044,0.7861813143201966,0.03714452387327485,0.07397240459000665,0.10349264134512512,-0.05137643814523704,-0.009015200027350678,-0.11896679982838566,-0.6636671826870308
12585,0.09827340144599972,-0.062076908954039375,0.10701384572771291,-0.03454451714590639,-0.5634524549670724,0.08713398408469596,-0.06267022593837036,0.03600187431021807,-0.09369123486778054,0.181399043809492,0.8285449391491352
12586,0.11275670980760394,0.06495371595575877,-0.008159713337500464,-0.009603102579912329,0.5975162536011893,0.10795088276680109,-0.05131672630238466,0.03209501973798148,-0.13612596258395449,0.07174417429312183,-0.03993268895328895
12587,-0.07549304813561536,0.07034131623657996,0.030780924126914327,-0.03964371025731868,0.07356686208234517,-0.039169487629372265,0.25872849458116237,0.08830211713224251,0.4703782039597851,0.04407499283244118,0.018111834307966857
12588,-0.05766390002149504,0.1091737790615717,0.6260970441802752,0.053422697783973266,0.03822030136248401,0.14502436114011216,0.016947518300624256,0.07373583508350245,0.03791727134487913,0.16646995652109167,0.13893164803486166
12589,-0.03974430156954323,0.04661557874135811,-0.06147333706615947,0.06633536307529739,-0.024057754901465632,-0.6100067366365105,0.08047369427542109,0.006063343309070917,0.12519558723199214,0.01527066566731507,0.09044473078383208
12590,0.06080616461306691,0.005727780748247474,0.44853737239756275,0.057615811273193596,-0.06269757391068795,0.1551433399664736,0.18859243144739385,0.0035273486999400296,0.09676881468571391,-0.017745932373591497,0.08854508936198226
12591,0.02841370415275704,0.6479090028650188,0.1690461548624151,0.002857958885617763,-0.03743275690490873,0.003594104765208196,-0.007274832543611373,0.0017842980821567997,-0.0018126672217049756,-0.02884987689939352,0.030478408719301357
12592,-1.666803264711724,0.12351729151285464,0.10996889374605427,-0.14067100593066723,-0.006638545683332545,1.5482465779655048,0.1111762601399483,-0.03218723337842512,0.03768657681333488,0.0640319262520253,-0.04742087300240252
12593,1.5741570336211783,0.05152333547876427,0.0011302424732374068,0.08015376310352502,0.06960019221168691,-0.13373603027697337,-0.9381566757054042,-0.08432950923278568,-0.052309811478471246,0.020876521688846364,-0.003212305490286107
12594,0.7842199081448545,0.013388861710196731,-0.03236491542659117,0.13315950969634519,-0.03398849622064485,-0.019967783941457845,0.10873350321121088,-0.0014453954811851568,0.03203543642368202,-0.13903234076903562,0.10965289898993948
12595,0.6841446247229239,-0.011837770553276165,-0.0012817548594189956,0.00577163571105362,0.04631549512901879,0.07168842807189962,0.008473256718578114,0.001208867245397976,0.0013434085751137317,-0.033938496917706,0.05281751316016591
12596,-0.086659925875974,-0.040780378557162114,0.043152823815950564,0.0046844932627726965,0.02009460648733879,0.03955401613847851,1.3486899899726292,-0.03472007166147413,-0.1095574479602674,-0.9589587290957627,0.0483182071135356
12597,-0.08374640810538798,-0.7083779386148003,-0.08681484570603443,0.06253951334104645,-0.15504023653475832,-0.18075348034337868,0.03935441843644347,0.033754265020482115,-0.18878683104449948,1.1045083823870283,-0.045060035483382596
12598,0.07786057280739009,0.9634995846851422,-0.06388633885302239,-0.07673968899594272,-0.040545241620131706,-0.10986688604668217,0.23667697632237636,-0.6085439169797738,-0.04534656538347667,0.14948469721588986,-0.055379528454802374
12599,0.10664138023074679,0.06810278680317088,-0.07255071693553554,-0.600593440362484,0.06775097416290209,0.012064559115009652,0.08486564204518131,0.8821934562146018,0.008467491064117379,-0.1815641671287332,-0.06711777666728486
12600,-0.16629817245864634,0.05328548436081867,-0.04946563512903114,0.7363805341692642,-0.1486413974596009,-0.018184029286973415,-0.0865537515953414,-0.10373985310871552,0.030337953242348555,0.07539556450749517,-0.5999265382837508
12601,0.012361106208293258,0.024506438401869744,0.05124536538643627,-0.026623533181626555,-0.44591325467906856,0.11222228854787113,-0.17378767485193342,0.01301695456162157,-0.02384064292483117,-0.09316466109220589,0.9193777591999356
12602,-0.15423607356732236,0.027403786106846774,0.1344002299540702,0.04019469902280637,0.6332770149286999,0.031021131787549207,-0.15809250110944809,0.05105391224890287,-0.22765262392319907,-0.19703945355239583,-0.005862472991279769
12603,-0.07267425783843137,-0.13908485999356673,-0.042932792162161414,0.0821612502366599,-0.052046357981244996,-0.09060451107424045,0.26401855730550344,-0.017268470199420176,0.47972610140264815,0.12673929363523617,0.03028258953539584
12604,-0.009796916653514088,-0.08569714744239668,0.5476757154842539,-0.06742816044710777,0.09894457783182997,-0.08263662973612336,0.006146565461604301,0.10033000821743986,0.08848411168254114,-0.0066641077159462665,0.22680904994932688
12605,-0.011792328227889821,0.06198748854493851,0.011939826125560656,0.0060951523667839924,0.019863896245004044,-0.6735491723143457,0.027187955036989505,0.06753644307737547,-0.07204283849836349,-0.053974696025997776,0.008901962996297752
12606,0.17273179509601297,-0.17072269898267517,0.4029647153190598,-0.01776186953846938,0.06543235296834855,-0.03180308447067026,0.0837501807585175,-0.009163545743797496,-0.06996270625719997,-0.05597596650291906,0.06562820137583075
12607,-0.041475795198043466,0.806119673865232,0.08095403139607305,0.03061745496366143,-0.0020303062713490057,0.1001361470766984,0.18256194567141576,-0.04760234370252056,0.012639943917509664,-0.009063638588845227,-0.07937829178046886
12608,-1.7803360084399449,-0.19247048649417722,0.09724866101413703,0.11640885018483055,-0.13485553571213288,1.5729659301181373,-0.058246276142038395,-0.010323647077496395,0.108605887047698,0.08986562830116865,0.1024830540425915
12609,1.4429830737575804,0.08650667623596282,-0.08037155521778555,0.06200213766836399,-0.046478625103061576,0.035313552103706514,-0.991577784853031,-0.05100820557780288,0.023592332281776717,-0.003959491242997846,0.013428324976112935
12610,0.8624851938862826,-0.08442571852479039,-0.11484407667836216,-0.11531339171271422,-0.022408137410445422,0.22800807765998093,0.12206360583450819,0.03077019269626022,0.059201480829884204,-0.01774560215442618,-0.052860157970687036
12611,0.5434235972587856,0.0276457584517891,0.008021645417119968,0.03936342409596356,-0.029498565574854807,-0.008296178426503112,0.039553146044758465,0.03313334288458984,0.020898057995922207,0.0057833294327427065,0.013484984793142321
12612,-0.06264707234066474,-0.03092322916720855,0.04070613511298612,0.04254064051184252,0.07833580688540753,-0.02664267378000123,1.3199084747548082,-0.04812008990231744,0.02851574919781901,-0.943835060768945,0.11328692452248357
12613,-0.024563253431700665,-0.89249376862653,0.13253961575137732,0.018321139483537082,0.1089037494061725,0.03476492365726429,0.013727251286337333,0.004466917040659225,0.07404276587695559,1.0154644960160177,-0.05822556141866063
12614,0.18566874503381806,0.9266979579845764,-0.01168474367900837,0.02319353139526494,-0.03891419224244898,-0.15762558805757967,-0.1618422969987647,-0.5952452064664707,-0.07928273571804403,0.003904249351415672,0.06567581968988555
12615,0.0716169810835073,0.041297845303648544,-0.09506057609002289,-0.5528821725359466,-0.009339065392674893,-0.05160270279900197,-0.018778645969163704,0.8370462612787869,-0.12417447263958181,-0.055720732589275845,0.04553097108223972
12616,-0.0644827674459476,0.028173169475290527,-0.020278856652982284,0.7728808023092757,-0.025655592651375722,-0.08950416479904282,0.013041577003149743,-0.004761178956111619,0.0052841638270912095,0.1103173078206293,-0.4715032984009354
12617,-0.056369118382259276,0.034568398603783,0.009472562103436276,-0.10814067545217278,-0.46065685616449803,0.19198824442946774,-0.08880875119865461,0.03591277601049005,-0.11494638589404187,0.10228489729417214,0.9226794951498267
12618,-0.04989529165935004,0.029691561613936795,-0.09956343024216897,0.07523590128612623,0.5980511698898269,-0.026289711115174363,0.06404592916453851,0.05045917869289122,-0.35968754189695645,0.025119817179469064,0.06300983239077644
12619,-0.2688174585391563,0.0015363569387922406,-0.09589949245557484,0.041935464993710383,0.041668542655911064,-0.1336798409997809,0.0710674533655071,-0.13298977387291724,0.5140809906996964,0.027224593265337677,0.13275073616536068
12620,0.20766922509994043,-0.15411547821448865,0.5303048661966103,0.07851711984556692,0.0526703057768305,-0.05475076255731338,0.11624369994751899,0.13396182358978542,0.13527924065463193,-0.025471222209508808,-0.030475467572256193
12621,-0.042489338977898354,0.06567418358608827,-0.04790763226750094,0.07251672853041091,-0.1047317057995535,-0.6888110697181125,-0.00036561319369795816,0.03172393699782629,0.01433142154864409,0.03157038624995546,-0.021355911086458637
12622,-0.037935718458058404,0.12221444699800792,0.41511507468596226,-0.021875823488456573,0.04053798234286049,-0.021734094783207307,0.1574900585267616,-0.156793135633456,-0.03662203095377121,5.435437695882478e-05,0.0885740023907928
12623,0.11459369269858061,0.5929061982001754,0.02687007812413405,-0.02681812557638316,-0.013509246879111227,0.1578245249187019,0.07875178275312528,0.0030065748166205244,-0.03967388522447605,0.001885780805741472,-0.040036326926467705
12624,-2.0345738905871267,-0.08497602242192082,0.04248757769088174,0.04941038319457754,-0.03591786130185984,1.767050168114573,0.11614755857309159,0.1454533812164815,0.09829756806506361,-0.09289594454316728,-0.06787051956670287
12625,1.2479019391444373,0.03629798674181697,0.18208021396059718,0.0010598260895872359,-0.051611625844734284,-0.06629822692128494,-0.9933099459979402,0.06208944095572108,0.03379872239126618,-0.06365681543560012,-0.0706167579027739
12626,0.7974995201482257,-0.07183468411610161,0.09372885106270372,0.10947627286260105,-0.041165993339662324,-0.04135599231918291,0.15740063464536078,-0.005333700874096939,-0.08428768697991118,-0.00592143159110922,-0.10331175222904712
12627,0.6066017118107501,0.0036450907686117577,0.007431963425446484,0.010048103517775384,-0.014532669978147296,0.09630554863593208,-0.03994805797597904,-0.025138823280304194,-0.07297446060344288,-0.021615946440117065,-0.05470947865161751
12628,0.0356764263541273,-0.09315304154149699,-0.061951974802112245,-0.10229211257465286,-0.027970325429409665,0.16734939957085385,1.240309062516102,-0.048169766693888096,-0.006355360719202134,-0.8833207165202047,-0.0039727219720217975
12629,-0.13004389126463092,-0.6051999738970514,0.014817611460116328,0.011328484299842347,-0.01753066343321737,0.008573951663485124,-0.06128222660890062,0.02234391457677278,-0.01721865736711223,0.9380372507852383,-0.218986187528367
12630,-0.1038703618158531,1.046056155689284,-0.0475621058792589,0.02834756319494818,0.0650666277804329,-0.00873853499493921,0.08193516225133748,-0.6090815650122173,0.016166415688750862,0.16045978121995463,-0.11002307508829053
12631,0.302149255835963,-0.052401454645134585,-0.07023861602101486,-0.63145523765347,0.06586056480188969,0.03726773388386221,-0.05290003306244825,0.7922940699465085,0.0030097299058820907,0.06176863622037715,-0.07272056077849129
12632,-0.020121607663182713,0.16636907850152238,0.04323626771823183,0.6665042193823488,0.0322793185875643,-0.19166866637504257,0.1315774133073941,0.060502646820478095,-0.0034781974059846115,0.033727521357603756,-0.5485813067847265
12633,-0.0764685385372399,-0.00914703023071238,0.15471674887494483,-0.043043830204378505,-0.7116479973416272,0.08238947955575934,-0.13964982279404453,0.07755727396766918,-0.21721099331539737,0.17890561469177604,0.8172136740206785
12634,-0.09270592580567366,-0.08994757388624625,0.10060990155226307,-0.019255272620175044,0.6267183816964964,0.06348733657577199,-0.029551430714810076,0.07821671319253917,-0.16843875782156228,0.0654252267705376,0.041266428054971445
12635,0.18713559413445877,0.05681179003153135,-0.08020313347072461,0.037759283193195575,-0.06131134345219004,-0.24260409974390815,0.1334098595303789,0.028827922609005678,0.49411268691158544,-0.02009570592832346,-0.06077414734298242
12636,0.26085104608358256,-0.05309544621240552,0.5399993583711786,0.06499970507850754,-0.06526766537152863,0.08387416349267235,0.00417291576888988,0.13205801098342718,0.030741459507974456,-0.16168272381328744,0.02101192757185199
12637,0.03517317809157972,-0.09750338929202691,0.03855264674738509,0.019311307706984686,0.09834370787839251,-0.7178015757283324,0.002154861195908894,0.0022511440455832243,-0.06794137299248375,0.0364189304651571,0.018149556611265587
12638,-0.30280956980581114,-0.0453578306099232,0.40775670520289825,-0.035453690586428666,0.1494671609940629,-0.16516027398015282,-0.0591625632893796,-0.24030739176669116,0.0772663784330101,0.18192041183572985,-0.1271056298445326
12639,0.1383708774804473,0.6212365312453354,-0.11156962042054952,-0.017114239745995578,0.0409917471278268,-0.16303569796170359,0.07309549232129331,0.023912124024558928,0.05167723663062606,-0.13710525486573244,0.00463918981199469
12640,-2.0889258207680195,-0.04370475311579455,-0.05833870190502753,0.13042770147526064,0.05818689971172324,1.7724847748047479,-0.005411610631909749,-0.21305417517527994,-0.058358293113779276,-0.11299634560485833,-0.035086787668640415
12641,1.4548018280917843,0.024524389261971924,0.11613734468018423,0.012802810586030586,-0.02976076637907494,-0.26434596606549726,-0.9847617340878608,0.004810667530516085,-0.0652491030746259,-0.07833216056094575,0.1075722571154333
12642,1.0017431405923887,-0.05558127918885846,0.09406734832578359,-0.05944031195276972,0.18227164741232718,-0.19479374279027,-0.08294749917018254,-0.11753846495576159,-0.12017137044677349,0.01069053554064547,-0.12514751389529846
12643,0.5201412087859782,0.03189405148241821,0.03026918319648689,-0.04358022062014266,0.08683725875319173,0.03935666299014331,-0.019137652476881147,-0.002842634102798536,-0.013924092319691187,-0.030706348222105162,-0.01196832604175986
12644,0.1116369520011474,-0.07789979870215542,0.03622935143669602,0.03649731660438843,0.05669018154159169,0.01605231196216162,1.3138184651369593,0.06511373088458099,-0.0543031190611963,-0.9562555820344673,0.11382885382903091
12645,-0.021664429687227087,-0.6973697533222357,0.07446702437534974,0.055595220992818856,0.14783175121544267,0.11204563241297383,0.009341341905945617,-0.0271297287479353,-0.12846455096341391,0.9642502162977601,-0.0598708103695159
12646,0.15315857748255102,0.9230004651082746,-0.011814762100264163,-0.049870087630647764,0.0684835262987048,0.11277368304261685,-0.0900413417980034,-0.5719007692936942,-0.05870780437983211,-0.10510723888129626,-0.003948378906797821
12647,-0.11447497785087124,-0.10562750715830095,-0.0022205905409923626,-0.5327024053412299,-0.04911211915958773,0.2392540365171236,-0.13128155245085932,0.8544025681359256,-0.022205723829747358,0.03481428836355393,-0.025456273019193426
12648,-0.039060043007195296,-0.14979796944472468,0.056026555399095825,0.8302789899735871,-0.05553808899241778,-0.020806701866190054,0.11378701528658156,-0.07113636595022974,0.0002722759467291584,0.016514649359769033,-0.5909344197743562
12649,-0.006410650598623407,0.04825214660894412,-0.09704002757006785,0.1250076794642068,-0.36437416134024236,0.017101432903011003,-0.06507526784951771,-0.10072039042485006,0.11541451746455417,-0.20289814029582257,0.8882809833945411
12650,0.13287355169225268,0.05206177399749488,-0.14986895951561757,-0.09972575426023403,0.6100886150911254,0.015660837371946047,-0.13770356385520088,0.07312439064740024,-0.11906372890601116,-0.05107566545687425,0.03434557035269547
12651,-0.10560132947965527,0.04880498515438251,-0.2292797673088821,0.0035178142287979764,0.04577084262138983,-0.14171616876918028,-0.06069244039662555,0.08258777496108685,0.5014219066233044,-0.10504471446205209,-0.032314140507236536
12652,0.12385084173920884,-0.019358911757500173,0.5987575696984571,-0.018037583270728314,0.05341376782454914,0.15004769895427614,-0.0770176570786897,0.04869306640718185,0.04840358716239914,0.05191786023656245,0.07337876303272695
12653,-0.026571158133497995,-0.011634793073653001,0.006997799400013837,0.007823384107788284,-0.024991049267463615,-0.6357394740848706,0.024566171520327588,0.009541574475482737,0.028026162341134492,0.018750482430715025,-0.05245059085766721
12654,0.08405387572259161,-0.004892174513294724,0.4084589144762454,-0.11618192479133152,0.039988340550251286,-0.042778102810825606,-0.12935136493494195,-0.07926474617564082,0.039466407510134624,-0.04666904896946731,0.26222530576608843
12655,-0.1553582802461705,0.6608789054210062,0.04129583277911383,-0.03593412497205506,0.08454633335583009,-0.2229952798246066,-0.06642562148411472,-0.0709034082345073,-0.027077723086149117,0.02024769201115944,-0.005543705438133572
12656,-1.711683571538775,-0.12212030525071552,0.04659488070567995,-0.004641325480135542,-0.07517412024078776,1.8392221374486635,-0.21059901219369748,-0.00038536346324022884,0.07725814949917395,-3.311696315619599e-05,-0.04347609848531821
12657,1.4230882634295834,0.004435641567649086,-0.1555286067223421,-0.06228009381610326,-0.042586946059495374,0.16938156613026648,-0.9589608747866608,0.08456027166143007,-0.1271579782298635,0.0702180877950577,-0.11616454177271719
12658,0.9167280797934276,-0.07130608930717099,0.2003868647719109,-0.04142352986355599,-0.03853121686455034,0.18553338549356369,-0.042436006295469286,0.04182645203393026,0.11606670929565423,-0.11853819489533453,-0.07227918264627747
12659,0.6070134747258976,-0.03880568463099057,0.06846188609132524,-0.03416325286581367,0.005824482144641479,0.01601325607299822,0.004632826624660127,-0.01310585663328557,-0.05129917497366981,-0.0009826961034223795,-0.03318453702200291
12660,-0.12969007046602662,-0.07671404107921016,0.008524614859088581,-0.05416284812152882,0.0993811539794039,0.011851898409573538,1.161175228310777,0.10852704831206371,-0.04510539998169232,-0.7846936632818835,-0.02866424842882719
12661,-0.07444150564586566,-0.7857032345929369,0.2262365883047735,0.018603927454772295,-0.07389666697645725,-0.08577749003456919,0.15974404248416263,-0.03472566798432169,-0.02146667129383201,1.003563947489178,-0.02190535474663241
12662,0.21772038898436186,1.0010834057735258,-0.027564631160473328,-0.0026493307370374485,-0.035791810637144206,0.01970638101408112,0.06701680287838094,-0.7337735406266701,0.06873365051852169,-0.1285519287194131,0.07658332659477328
12663,0.1195267781288577,0.06440936682210406,0.08156297990973108,-0.5606964059638967,0.07411530148281578,-0.27406182138532836,-0.025713904274335286,0.8922960098763882,0.15874193009674487,-0.044560611599657865,-0.05836708890108457
12664,0.12468100158789486,-0.09597290054953998,-0.13788476081976217,0.8144296671792526,0.09874872066072968,-0.057655205356412366,-0.03975633549583348,0.009722393073325116,-0.057509844317114284,0.08980733697043,-0.5772108629973136
12665,0.02469636470525733,-0.08280610202925832,-0.0825044948196959,-0.07400714676011914,-0.49826793853042134,-0.1827814619501412,-0.03594965682635791,-0.07620442261455572,-0.061048316007914126,0.01987960036561562,0.906568258261147
12666,-0.005586341530592457,0.0368669639590284,-0.019387754229251687,0.03604982380733553,0.5525419182891153,-0.10126679916613794,-0.02714429373047961,0.007456047895599606,-0.1509632129048376,0.030038639239044873,-0.004994599157901106
12667,-0.3289222475332089,-0.12344189888248916,-0.10030669722554401,-0.050622313195190366,0.04585145696456806,-0.15945975177079985,0.08321744667645203,0.05970859088707784,0.5122615497677023,0.019447400379700622,0.006441004880911833
12668,-0.07415969188237566,0.004868576563757065,0.5839452085592434,-0.009264287665937895,0.21134675650734652,-0.10911375786682734,0.06957199359656975,0.015088586577818724,-0.1069527988896933,-0.003671482085053165,-4.054620011898803e-05
12669,-0.016082163727541066,0.007631084009022901,-0.2658908232882641,0.014818404054472187,-0.01888163062121418,-0.666289755583875,0.01215869390255934,0.03417284537259039,-0.12121766413478999,-0.09521229392111283,-0.05933279444230796
12670,0.10672651228560312,-0.07578201566119107,0.4252639273396495,0.16797198464417726,0.02994314109943603,-0.01352700236841707,0.050441133513997566,-0.03037780646306409,-0.015121657359044013,-0.11745235397545183,0.02479692449504696
12671,0.04291329004841534,0.7124708769191124,-0.03301294626620529,-0.1061207257336735,0.06168511694521331,0.012651884838687254,0.0392886522552236,0.019360666800005477,0.021489732112919727,-0.012563480669908167,-0.03324005602639061
12672,-1.8111706818442066,0.03048765564600263,-0.11791614398221519,0.009969535494460821,0.06678983023604293,1.720689202063108,0.016690723236483993,-0.015191405122396731,-0.07713295962613421,0.16940223186137926,0.2247666422508082
12673,1.4533213936712526,0.04151569522002963,0.03160680608152278,-0.1396541602784885,0.015148976771512647,0.24267886891608642,-1.058312036382571,0.05417664646511611,0.06840770108986738,0.10823029815017274,-0.002255525888216479
12674,0.825473099635295,-0.06139425962355686,-0.009802010442324552,-0.09771878431599118,0.019564816537065967,0.0034462948955015157,0.03660386608423593,0.05170092372929017,0.055177831427520835,-0.03319286234159305,-0.09908822214721334
12675,0.5924353651069114,-0.030127724401440077,0.046033263280820406,-0.0069063998223338205,0.028452342966454654,0.045286557196857015,0.00991832192182651,0.013275686550972539,-0.0637477601044045,-0.007374539833112658,0.027640091361895745
12676,-0.2404198598772749,-0.04101848775138849,0.06370226552628817,-0.026564068535803117,0.07979018111495552,-0.13626947866453157,1.409721072389327,0.05074365393820999,0.007676224002480719,-0.9840240263285024,-0.035505882071842146
12677,0.024177431690833258,-0.5754913362470363,-0.038222551645214736,-0.06734488725213213,0.006488742523673658,-0.06857838885823335,-0.08173852204979955,0.1755748899136127,0.009097188150652379,0.9355431357288468,-0.04078308038973702
12678,-0.06637225758985603,0.9693012371546968,-0.1172291250628435,-0.013787110501148704,-0.0925318357282974,0.13481684563463522,0.016928855337940113,-0.6490038631852537,-0.04980528670926966,0.03847573459681377,-0.09747648904689742
12679,0.27738858394358407,-0.05539142641969718,-0.11490233575838066,-0.6173104736365944,-0.011305051214931541,-0.026086992644035998,-0.04985561756060184,0.8748263559231858,-0.0032823403278692004,0.09458777203147317,0.01938474682872768
12680,0.26987925980750777,-0.06559119586256487,-0.025548891696510954,0.7669357609589907,-0.1408591171629361,0.012007798610423618,-0.2647892399472921,-0.06648220656046,0.008151618013296166,-0.04289516493978983,-0.38298235750037435
12681,-0.0317217638555602,0.04091915697360348,-0.07433041631170084,0.034461079167915576,-0.5009714165354767,-0.05417377723081848,0.0029532560569322684,-0.10867342348820284,0.013993235279216438,-0.04058929912994856,0.8224306952455648
12682,0.003500721447884035,-0.09788579844419568,-0.03180183089245443,0.12762915122527052,0.6329279962424644,0.16035008113173022,-0.0016743015758714994,0.12884048966885486,-0.1710608011861257,0.024123478192242906,-0.01558742523761602
12683,0.05427319709991318,-0.11217914703194473,0.03197748546090198,0.021741587904614623,-0.024047211022230144,-0.08651163037572765,0.09340131760247998,0.08349186911884304,0.4922307635080629,-0.12929919813303922,-0.05670611774760529
12684,0.03899984616818535,-0.04475719158551208,0.5593295380056271,0.06597734593339512,-0.1321708267142886,0.1414189921051231,-0.14434314884857316,0.08489968725091573,-0.06811755675197764,-0.014996855600600946,-0.0571129056597079
12685,0.009902200450266825,-0.05827498661688387,0.12109898638913877,0.03349991247392139,0.03407000323332592,-0.6302156715286346,-0.09580796918670212,0.08908206033306837,0.05850463102456065,0.03452321715668055,0.043799943381784126
12686,0.10044245760505968,-0.03249231442114478,0.4171556318511562,-0.08868247518958917,0.09417405927232186,0.032120158230316026,0.11420111905690113,-0.1331595719629799,0.0038567776056000766,-0.013300838604785077,0.08039436035004856
12687,-0.08970756220802957,0.6356778332395384,0.01459655027657442,-0.00658193070252819,0.043969400144994855,0.08651518085572904,0.15172256860885946,-0.008123189920852291,-0.005294409031305549,-0.044607884561297315,0.009771421775955372
12688,-1.8370506024036122,-0.0012285065246425003,0.022163566289140017,0.2554441273784487,-0.11736773357094553,1.5933187337380619,0.04538007558000669,0.1796782467228676,-0.0006928961703681008,-0.07373359117903976,-0.12735020629209864
12689,1.0150497632145674,-0.011654466904978445,0.002910132597377037,-0.051376455853295686,-0.06796649696044231,-0.044211062207565,-0.9608258624674055,-0.04665325961446053,-0.07794720451951169,0.03129595688810181,0.05291743723313319
12690,0.647044888633587,-0.025029218128103957,0.018720986199825235,-0.09989635980452499,-0.028023424820928802,0.05683068114562906,0.1167992637434482,0.08265935223362743,0.031851975654005354,0.03778054745571718,0.0636643122432369
12691,0.6990045768012798,-0.04504373558349864,-0.0328355280273313,-0.003958832643146622,-0.05243858611997457,0.08389270041785836,0.04310011083384298,0.0178357309359589,-0.005539905886007486,0.02986039730711805,-0.0024303979639334903
12692,0.269952945661122,-0.07624887974160792,0.0025301402449490933,-0.007270578179179135,-0.05489614228131347,-0.008875296600082294,1.2455939449868176,0.018049070114910346,-0.022328703632589195,-0.8980454900848582,-0.08725860656863331
12693,0.04232361283471565,-0.630679355509914,0.04832452623234809,0.07434452076761897,0.018551953347006187,0.08159343965302701,-0.0027242134613729182,-0.01424417732932407,0.019424308276393378,1.0033117313984612,0.08677681481002443
12694,-0.004970473076097284,0.8769293872409636,-0.07322572197181616,0.0025609677232832067,-0.07625686951393187,-0.08047742579268975,0.005698477306674101,-0.6861121687050407,0.08137414762684712,-0.06811919598143466,0.04394915598065537
12695,-0.12504719817252102,0.0507087279298733,0.005419525367883883,-0.4538452806076554,0.045093850386880324,0.016926465125102125,-0.008160729415243484,0.7949016263650869,-0.06941423329907564,-0.1064204852669563,0.03604432159060934
12696,-0.10457846289095393,0.03243961676625619,-0.09200786779931062,0.7475363368751536,0.003139275785441365,0.160914069786487,-0.07395590100287516,0.036896475066461924,0.13978752224568963,0.01532075981529791,-0.4964199248574904
12697,-0.17897479218700138,0.1767054240143759,-0.04334709412661675,0.0055317343638881,-0.4608130898268667,-0.20681334688465433,0.08996452407056944,0.04201950627224371,-0.13952745393123114,0.11058478576808861,0.913621773458912
12698,-0.14420292538915105,0.04463501462202534,-0.0064913278684379724,0.030769125798551095,0.5598603278381588,0.03535575285465238,0.06985655435900731,0.14229556021692347,-0.16664762340527786,-0.2098261505845423,0.02949681141055601
12699,0.24583259264452584,-0.07950758045215758,0.0753718578155073,0.04673808394409919,0.009887277756056842,0.03268081627920482,-0.025532880035056618,0.11447216547605012,0.4894003354159005,0.2672174391454455,-0.11158650847116466
12700,0.034741657987644406,-0.08241176631683797,0.5291242712949262,0.016805253308701314,-0.06169305441375482,0.26004541232602746,-0.007134083017066017,0.04631348738117118,-0.02326646549715594,0.02221911130545092,0.008314595169541928
12701,-0.014401989502851126,0.005132086840622537,0.005455417073760179,-0.0501561193412018,-0.031434060233770544,-0.6981702473455664,0.03952003766326282,0.01323507756424324,-0.23651635392368037,-0.02772585168567652,-0.003607006499429877
12702,0.14221565229480596,0.236896379587406,0.38185197960563866,0.06039855204663352,-0.17442067844497885,0.034721436070608694,-0.06063656814069474,0.16841818476571851,0.05086712963725389,0.054648921418098864,-0.03390794313419433
12703,0.20625758669553204,0.6603258168902973,0.1056102299406031,0.023247532736086984,-0.025972156244828862,0.18128621472783707,-0.03661903891670773,-0.05182563615095523,-0.11884218648228198,0.05711229544279986,-0.018114554746446302
12704,-2.246655233262263,0.007734607006920668,0.16974740533733199,-0.05270903906831861,-0.03843375664166599,1.5880758840770228,0.14044435806899538,-0.054518001967584113,-0.06916096312210547,-0.003139601307092804,0.026830373978778434
12705,1.390260329757578,0.06044396749138662,0.14102563511097174,0.11057601650150194,0.0452266738087355,0.10349768514565467,-0.9560258492740985,0.02817428246694374,0.07534914213799154,-0.02727736282213618,-0.05262051873122503
12706,0.6498131223963669,0.0233425513459044,0.09489895465164788,0.038219286792662274,-0.028739235605622623,0.01978073904969083,0.06940717843450092,-0.09398187403846076,-0.07432155918364108,0.03122239314677247,-0.03797870530182434
12707,0.6196338967163122,-0.008109397212402114,0.028760390684497917,-0.0385399611115139,-0.019967626294732112,0.010165609954335394,0.007767342923611841,-0.038618580328678126,0.0378871533110254,0.026787194091738437,0.006658053022371016
12708,-0.04994217710759438,0.04196166724399519,0.0739182807259638,0.02282163753827523,-0.1709152971708507,-0.3267660367310774,1.1941578092476506,-0.002251094038295048,-0.18386810378995772,-0.9366948473086817,-0.06601388713940862
12709,0.015638425713814852,-0.7837426327902576,-0.1295507065021296,0.05706589016431329,0.06520110026506755,-0.11275745483658155,-0.10021587669707543,0.015245154593762775,-0.01904354906952892,0.9631533677579732,0.06608221569444823
12710,0.18274469691649614,0.9395776048634047,0.05036768728620589,0.01456358094093186,0.04351786597059584,0.06682629126473165,0.026232116636070772,-0.6006400803079622,0.05267660619768143,-0.12505495638061268,0.06774088302558214
12711,0.10798467216720538,0.014423846254409619,-0.054296227123971384,-0.49785358154438697,-0.09520099412371809,0.020728580521662016,-0.03650656610678992,0.790945394137488,0.17984714723277784,-0.00019311618820387622,0.02491092750345241
12712,-0.1891508447448181,-0.06809657226600158,0.1251336025919821,0.7826436376391099,-0.03616596419845646,0.058925844501401994,-0.005382786319803367,0.0373025500980193,0.04018964520430693,0.020154555158688806,-0.4128590761705365
12713,-0.042367197475357846,0.13502959907860929,0.1308293614572985,-0.02566152594315913,-0.5782647845199774,0.14863748718285918,-0.014303400836547454,0.028860269370152458,0.0855159255498426,0.009761770537214203,0.902902025898889
12714,-0.08027432072806664,0.03242313763444491,0.09326346737895648,0.05640685512223294,0.5960163656569532,-0.01898107113686119,0.07821470668924352,0.15512835992265667,-0.17325279173763994,0.03448710097299685,0.028915401230750815
12715,-0.008667794669332231,-0.23182729335648025,-0.12147563934870635,-0.06680658961781281,0.03290118521319502,-0.11372548295287731,-0.059178004965588726,-0.10228730919827954,0.45874865132709025,0.09782585808746323,-0.009474476615094459
12716,0.08583681573131101,0.07755672999646622,0.5616616716889464,0.12155268832292118,0.18169633881819652,0.09765215398705773,-0.025080998810473543,0.28830354258133567,0.03472679164854006,-0.009426496883927786,-0.04225968301142905
12717,-0.014823062132429923,-0.0343503868686409,-0.019980781865866118,0.027800395301720866,-0.04764723647796969,-0.6942658859681717,0.021734833478030038,-0.00626603141400299,0.20131436241837533,0.05095162776043107,-0.0047201439731793925
12718,0.0025967268440110075,-0.07328439789245599,0.42673179026322744,0.08319838897754785,-0.10586954266040037,-0.284666997165777,0.12640923513348004,0.14145074477454148,0.00329451046929464,0.056851719601135955,-0.03021866095532327
12719,0.19539102505349593,0.715029871741377,0.09289419508313643,-0.010678837319597317,0.00014941715418651316,0.011492560367244282,-0.18306165518205864,-0.0314540054943591,0.014891244024250992,0.044362671755047156,-0.009173198896473608
12720,-1.8403637149881344,-0.18491561047728378,0.06680307135988577,-0.17974395248273922,-0.018513768124621546,1.8580558326915442,0.04353637998909364,-0.09043170756458793,-0.16607624012650515,0.08339669854786304,-0.13094592275199066
12721,1.3363914939201176,0.04570330580162223,0.05150664437442208,0.028201393822849398,0.12103029217547118,-0.10411053393679225,-0.9662970271817506,0.02080566788413152,-0.10747024073613386,-0.03781628932888304,-0.09745555637604365
12722,0.6105256340614122,-0.05992346257542717,0.1281326152006558,0.04181076656425527,-0.05536650945646569,0.04025207284107805,0.07842015682677139,0.018702687403189835,-0.002499982720335461,-0.11125171539349087,0.13541544149169285
12723,0.6184528069686788,-0.04661748929101445,-0.11498243094975781,0.01757112846830229,-0.005479392036322558,-0.045414150819818866,0.047936349364390375,-0.05980018645045981,0.030376281001397158,-0.015540351704523862,0.0017109619356728426
12724,-0.05017193789633879,0.037121678557972194,-0.039028750154717386,-0.16297315239656981,0.04002775150449311,0.1930146027885397,1.4220642332690208,0.13673391231580223,0.018847543893936985,-0.9868188698519359,0.13492130625815854
12725,0.02070787832978409,-0.5715340447667004,0.08366944512056658,-0.03200942820220991,0.08282160737663906,0.024743662618558596,-0.046099650676768404,-0.1656007671376886,0.0735365455269551,0.9557925447675932,-0.0949493297718325
12726,0.07935832132152576,0.9833589596168845,-0.041181524418682995,-0.05652802517046185,0.033620658125988835,-0.03128290960025186,-0.009265424632322088,-0.655700423581091,0.009539023484419203,0.029561236935045962,0.11908359434712498
12727,0.03356314988486875,0.05812230411442511,-0.0334764634845425,-0.5140165402292326,-0.1728102805816522,-0.16616626246146066,-0.03983477538899049,0.7532898617629574,0.03433405702015051,-0.07661725408585299,0.07989668891340965
12728,0.13974819152465154,-0.08603159346660594,0.013814502566147229,0.7742185307880111,-0.10247038854706904,0.062466064710057154,-0.2632027589492233,-0.0419355477708762,-0.0152755086745935,-0.07960438166337537,-0.5834089031428145
12729,-0.02790642855936824,0.2547372030519208,0.021709084116104557,0.1323869942926747,-0.49228807374626693,-0.1086324500320425,0.16128532868208,-0.026331549270581234,0.1651922801737324,-0.08704869685259019,0.8763483984162055
12730,-0.15150015983453607,0.01783543217514138,-0.04851784173339696,0.05280825164176723,0.6173424551940523,-0.019472986957303488,0.057893809973355824,-0.01832429279464899,-0.593764490595142,0.0016614364637008122,0.006241848262168358
12731,-0.13340767356837058,-0.2383371977026895,-0.03354018430971518,0.12199347905203373,0.06296943185304828,-0.059992390456094474,0.05219886656715768,-0.026940566368386064,0.49316732178258554,0.0985649063988257,-0.013324495420179702
12732,-0.033257110290082645,0.1319893401911311,0.5449414783874515,0.0706162722544105,-0.0046326044309740935,-0.08668688320658709,-0.05729642364153298,0.01128996162890721,-0.11589404686289889,0.1195765786529429,-0.1329693044728116
12733,-0.09313832556531153,0.04113716026362604,0.14555713001092904,-0.03903961694776354,0.009130154458970164,-0.7462898672327823,-0.014026043257018056,0.0915746064578497,-0.03367255882691639,0.058599690186453224,0.11143414209910305
12734,0.2551535903471345,-0.10088912293539633,0.4083275099830784,-0.01615363092705975,-0.062461608202365716,0.13817920766142835,0.04694561001504275,-0.3415253760456953,-0.13575342095002418,-0.11781266060801067,0.12839821268016355
12735,0.026733263350612116,0.6653082532124389,0.04395950485659396,-0.0012729038186742665,0.028195846771579124,-0.0007410921033122672,0.014089589746080006,0.0720091835587374,-0.021229743211254228,0.015557430562572368,0.04566635539188651
12736,-1.9282873783857015,0.00801768073301684,-0.044010109442970236,-0.008117572120344045,-0.1261787708280737,1.697041747420059,0.14296705917206914,-0.042832435735678076,-0.10617775389455296,0.04496280876944804,-0.10354300410317199
12737,1.5276254480269094,0.05492757272664696,0.021278604086971492,-0.0743658260259817,0.0726323512177053,-0.002462393386659139,-0.8846294741749767,-0.040464545940192546,-0.005608248613019612,-0.05757987651986322,-0.11737132964666462
12738,0.990628889066161,-0.013003207519695893,-0.06586941671131742,-0.016301032761773363,0.08225553490212384,0.25062562820303996,0.07616534467690855,0.08365888330660322,0.14773805915914753,0.01994875041956761,-0.06841682280138642
12739,0.6414475459850769,0.04548499952539647,0.022233276750786332,0.05557325941097,0.004980009144504608,-0.037067064341226155,0.013843652429362384,0.02478994148699972,0.06924425822098969,0.004875829170819324,0.02004893582939536
12740,0.0544392574727996,0.12423687388923015,0.08725091060888719,-0.041566407065095796,0.13704015633288302,-0.06744098010364352,1.2794004966934966,0.10297798528785981,0.02789082835244095,-0.845544967855381,0.08403258173276779
12741,-0.0033886782966420174,-0.719588210741685,-0.13657235427310066,0.18923048084459596,0.22831450581958254,0.01373511242816449,-0.19799732938074557,0.21646816654089984,-0.07235993401716857,0.9116009867813377,-0.04510374680830345
12742,-0.004413163693358219,0.9238926246243229,0.09288795861570238,0.03573439437265058,0.07505911331029128,0.009431192553246672,0.07734575102318954,-0.647760819656938,0.04818596791855931,0.06662567789077373,-0.11287665371291998
12743,0.15294241837268727,0.07579845276799178,0.04853638445109876,-0.4801857454131394,0.08031868272958337,-0.22587305573462035,0.0142805470983114,0.8759956163435872,0.015512660469605855,-0.01948776657386457,-0.004614330157356221
12744,-0.11240694428976643,-0.06461337433188936,0.06601178359374693,0.763427695258792,0.003361070712265643,0.041581108147638594,0.09469422192345081,-0.028825830893906192,0.034024618293701306,0.1682802036842951,-0.4037551432630797
12745,0.09374342729920784,0.045089785129576225,-0.020195190873168664,-0.004414582655325192,-0.6150462210960955,-0.11137714838461327,-0.12897540518770478,0.07873546250063022,0.017441291767317617,-0.140988984227918,0.9326078943939463
12746,-0.02554587152132974,0.08099695742556663,-0.07150484566511378,0.009130343038941315,0.622920593324622,0.13923658397227626,-0.08741906128389965,-0.03432733240323827,-0.029015039290476802,0.12759131092264572,-0.03990339048204635
12747,-0.07752276734731492,-0.13422762468265856,0.010996392640418864,0.020485055301244406,0.03745587678566229,-0.02338573284234981,0.022732847090261785,0.055545748526670984,0.5036760749546918,0.021336188763895626,-0.035930814673572266
12748,-0.18904761219572627,0.200970309342455,0.5502480259407221,0.006063943344264428,0.0013870481601938002,-0.11564653859704221,-0.16617159752454913,0.012336969701992224,-0.09153862557774703,0.08878293694047924,-0.07604806673218771
12749,0.04012590478770378,0.0918763505010801,-0.12709277840468408,-0.00546787187066636,-0.007832965361868427,-0.7061216913301825,-0.04645738156657251,-0.025856249498863414,0.01885333580937502,0.023178562432843747,-0.0845637790379578
12750,-0.2963889817128111,-0.05260685907691031,0.4193779706319894,-0.04448019767246304,0.025286566863377623,-0.02318391271571016,0.019017599618887833,-0.14497227671694787,-0.14374728117383073,0.022083467367875538,0.09934532490788146
12751,0.014359025473523733,0.6885615077661481,-0.05405305709259262,-0.02090339937217059,-0.031145135885797846,-0.1415378151739463,-0.07437357763721592,0.01682213825344997,-0.033102200719045925,-0.05408057792638403,-0.04374495638847239
12752,-1.9117937713188915,0.0888560222202167,0.01351149068548449,-0.1429707143115037,-0.0850017302638097,1.744370981039847,0.012538470548795873,-0.028575710676889417,0.13922618029963965,-0.04751076391017016,0.0735395619152028
12753,1.6514115612316274,0.025453667304672113,0.10366408268316224,-0.04313549298881292,0.07700560496130343,0.1859763877735447,-1.0143543692110402,-0.010105107529629086,0.10329625454324472,-0.03762616460449702,0.000822346924705869
12754,0.8412831427351288,0.034760436925640036,-0.026752158044544633,-0.0019510854879412065,0.000817744628137473,-0.07982318585386006,-0.08514690620166972,-0.09253630668583986,-0.07118477682129898,-0.001190710827438381,0.018235510502269903
12755,0.6475827881609086,-0.015102262534825677,-0.08546491666136125,-0.015006760407881715,-0.039738926075787856,0.07670487092484218,0.007329212924785029,0.012062389087431723,-0.01828796490020876,0.004608017294686984,-0.053028960540073666
12756,-0.22322805459976885,-0.08106864637006618,0.09760511565833009,-0.02257380071348942,0.018594915708620086,-0.12544196239320385,1.0610626597720931,0.02484269256807048,-0.08749860640511128,-0.9239820831343787,0.00364485478310577
12757,-0.17310047623397942,-0.8739581532356585,0.11927049094692997,0.004767292804278828,0.047099190375625474,-0.06098180476425777,-0.031387557516431804,-0.018331595326559594,0.08965092784004709,1.1455554610338325,0.021724036554747993
12758,0.09829877861758977,1.0614155374982217,0.14194732578553024,-0.02538872611020908,0.03176394691134973,-0.1049336181491443,0.004720696171016482,-0.6030279644326476,0.010400720546059805,-0.13181972880043963,0.18141209885538304
12759,0.14332806403581277,0.13141176957439787,-0.12498622599816454,-0.5645372786479274,-0.017228625875710304,0.05742895636483359,0.08134275505978661,0.8200441267669616,0.07639965754744904,-0.2378382221274254,-0.03274708530595882
12760,-0.004258417002282043,0.023331552729963876,-0.0530010798781116,0.7973835427215324,0.023556302371618702,0.0743501542806052,-0.1623574917644504,-0.01530964251989943,0.09741132411353452,0.22230088579539364,-0.4189329549186251
12761,-0.23875992244655667,0.1307098704377832,-0.05576070867626596,-0.018389357683346336,-0.425905518564293,0.09077200544104791,-0.03857762850422923,0.16867980514502576,0.09806127202773515,-0.20597049075718596,0.9432048348252626
12762,0.23193533553694512,-0.047972321571759916,-0.12670084282556768,-0.09088060673425981,0.5461458184470648,0.17097555183386526,0.11940076816350421,-0.06217059735401332,-0.13466430676326646,-0.026408765473565035,-0.10591475630131517
12763,-0.20711425689806015,-0.23851154598939958,-0.22805568768125367,-0.13518956291099418,0.05468764807718408,-0.0327706937753658,0.148201649370625,0.0716102392921356,0.45485140749548614,-0.1467950794028599,-0.047139340918206624
12764,-0.10898365562682384,-0.15203812547030807,0.6111689951533268,0.006090852310938305,0.007811628311554236,-0.10656497299730933,0.03919145164187033,0.06506280725935927,-0.027117253578481264,0.08732628348985842,0.05720593830770438
12765,-0.006760698335502598,-0.026000032611007362,0.059926404986504284,-0.1600846249897186,0.011867490556902347,-0.6395631375622373,0.12026604825582926,-0.0001360048391473097,-0.05322843590108185,0.10638226264100019,-0.0967155673644038
12766,0.041293991222378604,0.011608538163196716,0.42860966351263186,0.10319404406982373,-0.02521730997714455,0.14797133089042142,-0.15302560108770955,-0.019584765213525538,-0.002848891771610111,0.12224427708680694,-0.25958607407355877
12767,0.03664430975636404,0.634760979331919,-0.13675773103455963,-0.05566644463174173,0.017243037640610345,-0.057096356971834364,0.041569656233999996,-0.030017712772753665,0.07866451468483429,0.061476578770215694,-0.07852147883953786
12768,-1.7151985751752366,-0.19231674075977717,0.03231872878558945,0.04224133867828469,0.023965887272834264,1.6522168010655998,-0.02549060152244592,-0.035031563186200446,-0.16596314455704908,0.006935760624856386,0.18710887548859986
12769,1.3013984358838542,0.08980095845877824,0.15151840574245365,-0.03524272552420379,-0.1487515024654378,-0.013718930792578953,-0.9963044640178672,0.08148432300837781,0.10481942132829987,-0.02272855419495664,0.1314955730279714
12770,0.8787437896232679,-0.11916484705265516,0.008753199617189362,0.17498058236759984,0.08775341678170698,-0.026680925862314256,-0.03866139669351473,-0.09256629529240737,-0.09194416028493546,0.006899928882076858,-0.07525954070022718
12771,0.6949365019812923,-0.024280047771590534,-0.04502286673796136,0.052869145027275834,-0.036845555987872605,0.026174485726856867,-0.0035990443777088287,0.030815769662975424,0.018470886704539637,0.03921567695867928,-0.03548496450015718
12772,0.03253539517831553,-0.011352725701475896,0.021901302002223524,0.02754259890651939,-0.006892034062533893,0.07630982161160432,1.246717132334731,-0.021949148789984364,0.05200425661034234,-0.7950741393611691,0.005031348291609433
12773,-0.08101327220410692,-0.6480195051353987,0.045681003550755016,0.0592435517436289,0.06260862181500168,0.09436509865993413,0.09374686389451618,0.0168488549644952,0.05657674871238555,1.0609571129988735,0.041320463484733116
12774,0.13814205985381683,1.1512515254289428,-0.05077615022084557,0.035072568343745766,-0.03996274283477176,-0.0818442924793962,-0.17877213859392826,-0.696857752504834,0.06773515562928024,-0.0872440963613764,0.018194538124231743
12775,-0.004995906693336693,0.10707908066309792,0.05968834624073947,-0.570574552644759,-0.00771244282834427,-0.2830764279408,-0.207238419032331,0.7775180531487949,-0.16492592084384763,0.1592465963716011,-0.08472720283682883
12776,-0.0983189269948307,0.027081249798427534,-0.10119634934338083,0.78265779553882,0.025775568282738394,0.14532210537398532,-0.07106329652112583,0.007177550703860417,-0.07667016153739083,-0.19315000536343455,-0.5535853033040948
12777,-0.20541725899413388,0.20253594196608593,-0.11570692655584802,-0.014969601934551083,-0.5321495360660227,0.06499288542652443,0.15300142605514486,0.0003063192554266271,-0.0672441432369627,-0.11694215224123536,0.9481949813383861
12778,-0.10936212003300773,0.12517406738513967,-0.1964314592280936,0.06182296806221129,0.6066457778462937,-0.05244060543517425,-0.18752210493047652,0.013420889427991713,-0.20434507926226667,0.026664938930011355,-0.005682457675154986
12779,-0.013330526769680051,-0.1041550886350821,-0.12402299159094898,0.02707923059171221,-0.026117118217576382,0.09809166277951159,0.28016661617711797,0.059080663215618945,0.4693002654615383,0.003911432334346076,-0.006431844996381551
12780,0.005072413373372245,0.1881519713870955,0.5396106463125832,0.041336886161648226,-0.10254116872957555,0.08930149810037925,0.09626491424855628,-0.005372433632129447,0.027631267616968137,0.10084139990817272,-0.16202459120245913
12781,-0.04584540929734418,-0.033668939983997566,0.06675599724264424,-0.010509829673398176,0.14537649652756698,-0.6384815984711952,0.03382838172901188,-0.006452412225380606,-0.03796142668786289,0.006683310319877927,-0.06930772083823604
12782,0.22095937722397604,-0.01872450562470708,0.402673698316931,-0.05955477334650092,0.03641689433141852,0.11881969156568174,-0.012657174777544397,0.06439793776728106,-0.16353857201995275,-0.0014809219556882738,0.006962327387660924
12783,0.016585395176809403,0.6998138871055719,-0.017731606982138534,0.06391587791884511,0.00547539007417165,0.05214192252944528,0.1013873587356964,0.012170865236915528,0.0666214273534754,0.008186000102056811,-0.1096111015801785
12784,-1.7831781670693854,-0.0519634479986492,0.15339147497086664,-0.16653511599470755,-0.0362665698211151,1.6674485578091107,0.053341131220543764,0.12305581506643551,0.13171200148861453,-0.1503657763394135,-0.002537757159646899
12785,0.9466205870680018,-0.02308488301885647,-0.16694590681968413,-0.07246807197023712,-0.048767669371822385,0.020463080775192176,-1.036243493376161,-0.020302667384009754,0.06876413402723354,-0.07918813177435494,0.058039325586414524
12786,0.7656117332603691,-0.11396084762747706,0.14172736356292492,-0.08393690646774721,-0.2939499371732311,0.09789762704641891,0.04811456351080807,0.07374075299373295,0.10641634356711013,-0.1084324102414291,-0.11701784742626777
12787,0.5892045003236416,-0.0681623144413753,-0.09894276140809181,-0.07461944790198503,0.062465533364181224,0.04584120942196752,-0.06360160546093603,-0.030471797356126762,-0.01710536446884997,-0.025415173931717494,0.021728806794867654
12788,-0.13051085880589144,0.09638024901810459,-0.015622893536706926,-0.04374186702931208,-0.18377559689914227,-0.007121905436938021,1.19128556204857,0.061725166419088685,-0.11745291456570801,-0.9664152561618045,0.017187424971480306
12789,-0.09062389698205241,-0.6412457674796406,-0.17199997006082415,-0.029712229043453095,0.017887362315519854,-0.04292451028002596,-0.0923154923419586,0.08314143352879726,-0.09421769164992116,1.0048225045266914,0.04302255187185894
12790,-0.13915681800957586,0.8270157217006016,-0.0666572427778782,-0.009598394769713808,0.048620575507797144,0.334540996173597,0.16294267939065274,-0.5808424370148205,0.03912267030093354,-0.031248904266166652,-0.12406951811061664
12791,-0.09765815347642207,0.13239047787610142,-0.06549224694976613,-0.6183459121836683,-0.03554539271824124,-0.17158222186791663,0.07031094637255889,0.8179475023521328,0.06339436773447835,-0.0027126731829716635,0.07759515548763218
12792,0.10289627786941379,-0.06474639732948022,0.03903178390511206,0.7636668044956759,0.0853460030447216,0.07778370696084579,0.006904332271851433,-0.05237523739166514,0.18815333398367065,-0.04050995255542764,-0.30685852539310243
12793,0.1199288615955825,0.005491724342364059,0.038091638987178815,0.06243884122931559,-0.5495693059517244,-0.07013248627090884,-0.19282805402617847,-0.08929309775679332,0.014958739421165605,-0.005792267295276499,0.9327825465504156
12794,0.032559188741157485,0.04061293289941193,-0.07660470380129962,-0.012811157530106261,0.5723130576682389,0.05425004295515171,0.11273573603115386,0.027698508590058717,-0.21843680404412646,-0.06154576894274817,-0.006711543645327216
12795,0.003925030958271249,0.05470795153908157,-0.19195512834288042,0.022011856156417018,0.018308940935162787,-0.05363620241593229,-0.26218368862922764,0.10638259924405882,0.48786140361845526,-0.13204100193185014,-0.04721093266342342
12796,-0.09632120777024457,0.24625899239184593,0.5928934601499213,0.01322398658045086,-0.006354219794705764,-0.08836642104681294,-0.0758388211700928,-0.1539627958470004,0.08319066552381091,0.1356757847718966,-0.012694040969376515
12797,-0.11473929751887757,-0.021879934926337732,-0.0007332893119793838,-0.0988140092168924,0.15762923412453217,-0.65303730718338,-0.0710088685696113,0.11717488270677782,0.0715829732877249,-0.0064325463288086495,0.048522229349067636
12798,0.09817623200945767,-0.04219369126018101,0.42030731557633166,-0.07352049829468975,-0.006028956229185384,0.046152219169279286,0.04958385265169177,0.08391148957927147,0.0686278569810046,0.036250062732772176,0.1415147708025504
12799,-0.09931785540794248,0.6686792974470638,0.055780887153815226,-0.04423348546987937,0.008915114808173578,0.06719656104655494,-0.007523595837351342,0.03605334198401322,0.06789863936899987,-0.019177044575437965,0.00520011821649343
12800,-1.777541134253317,0.10115829473744113,0.08935298419123217,0.10867269455602543,-0.02472854944474125,1.9355776698204574,-0.04591845969419888,-0.007127451754892185,-0.12888379229532398,0.00846632054601169,0.09164808189180643
12801,1.3194992045734615,0.03236043779239147,-0.041281144641357764,0.034897412239470536,0.05484938533645374,-0.026404057764161312,-0.9667175020033252,0.0340960031137815,0.014358033196586524,-0.02880767203010356,-0.06711021767809318
12802,0.9640740045270846,-0.07737085518110456,-0.032574030382227635,0.004051175390962065,-0.028766963582082597,-0.045145698357899625,0.07835472034566306,-0.02834803162693461,-0.035311621672894075,-0.079959679036642,-0.01033172358055239
12803,0.6034780314506286,-0.01007787166845413,0.0467443947554229,0.007837444994561522,0.0358166680742388,0.1614318732466969,0.0047756085981090525,-0.06087321405638246,0.014153903822709542,-0.001043123008349954,-0.048652973765254175
12804,0.03481933424782278,0.07497054207810444,0.07117567172123856,0.0020870008387537525,0.0592176606544306,0.18614379105711346,1.4153829649507934,0.0045992261456859335,-0.02401749561797827,-0.9460373214580757,0.04437679493902057
12805,-0.09282124091738055,-0.5435013685251937,-0.019911920995883122,0.06610243336038357,0.06297076946479459,0.16124579815494394,0.06167059157873029,-0.017028878871924585,-0.03758067914571396,1.1074251073939172,0.03144217240036456
12806,-0.006778045704871177,0.937917831449794,0.06753344052049924,0.043081087488468464,-0.06136784735073467,-0.002405861511925288,0.028474126097778156,-0.6989147729759515,-0.022539665557556484,-0.04420618571573113,-0.009765734869967485
12807,-0.13540161992052233,-0.0517410461557692,-0.042521760828349464,-0.5166941388561065,0.14903485975967223,0.20911478298045433,-0.13595563859802698,0.8180373223991316,-0.10994559524607098,-0.03421946518732076,-0.05275158777118093
12808,-0.08745884777985666,0.07624353801978043,0.05345163332750611,0.7541803359940663,-0.09511969663686842,-0.04473661995639635,0.05987415634588439,-0.07221252972947721,-0.11537045937935865,-0.05119625880600863,-0.5012550969852924
12809,0.17280471737916595,0.04222314799740901,0.022607090452973364,-0.09091698361678162,-0.7174546874645429,0.18381099884836627,-0.035659926378287674,0.06419431954193165,-0.06277097391121618,0.2099260264385844,0.9346637578539014
12810,-0.03630195036431695,-0.013267851650831157,0.13980049604163391,-0.13083408084391937,0.5968803360888499,-0.012714863992405642,0.15144944598875676,0.043469925937450575,-0.31903526233768037,-0.11275229435142381,-0.024464008368949908
12811,0.09564848207350674,-0.17598818677024392,-0.2295527331231571,-0.02058642776364594,0.028162529535527368,0.026066044832156493,0.09231373421188628,-0.11710929221620706,0.507341192766455,-0.03097162016038525,-0.09094649281005043
12812,-0.2073016622657986,0.13027899611249438,0.5365969119426574,0.025012253303675104,0.08019370834013759,-0.1638896060804581,0.0029481953692644964,0.07358432135342227,-0.02527842959992837,-0.16879934436276642,-0.026328604827280798
12813,-0.027217491391742073,-0.06931829923038761,-0.01566781014585507,-0.05546198159117777,-0.03999050000266974,-0.6504540247563182,-0.011400478612081683,0.06085163737778499,-0.015829453534685976,-0.009664791697796788,-0.01976194673877569
12814,0.015731864368132585,0.03237442057493526,0.45501448218464274,0.020909017973946557,0.015032021253419698,0.13439194925171338,-0.13437007735565343,-0.09924345463427514,0.027440983780715175,0.19673260260197178,0.042928911094110664
12815,0.12819399942504153,0.5882961484062413,0.032853082294863965,0.023129275466029157,0.040330771864641804,0.12664343078280657,-0.0488262293712054,0.04680382950191002,0.04132818943440312,-0.032297896270233474,-0.014578575135866578
12816,-1.910950958466811,-0.10375381904446952,-0.15298335264154198,-0.22436818113081003,0.0390946982029043,1.829830576945768,-0.14576179934892106,-0.09783304008846533,-0.03630299187248905,0.012347875818086659,-0.003164201637950342
12817,1.1826605807931818,-0.03049368932801116,0.053097975748982104,0.04451397109131689,0.09943512153653943,-0.20706403005952911,-0.9155033162583476,-0.1658878769625515,0.087586292098214,0.05116467605075154,0.1332654614406487
12818,1.0422707169911027,-0.15771383603550518,0.02698637175388257,-0.02123445949800701,-0.04761139403424608,-0.02235591258567505,0.08713921213217117,-0.16364068934794923,-0.03792052239720793,-0.05632898158489631,0.041463572780830335
12819,0.6731014670726572,-0.03662255616958313,0.0340766438721279,-0.0689802035759388,0.023238053039400408,0.13913411556852717,0.05523911495494888,0.036392783132298635,0.005661953467351995,-0.01944020973792676,0.015748769243477456
12820,0.006091167310783581,-0.0016086930383130936,0.006905875814588196,0.005348705068288973,0.11110822961503015,-0.14296750882472256,1.4443808080850122,0.013477363815318978,0.0057126264691040665,-0.8442626303210241,0.10957136471755557
12821,0.035795371895843225,-0.6557919899789315,0.017228903557334876,0.009688534761320606,0.07140496610832986,-0.024846197546914785,-0.04528928587346732,0.08060717461068709,-0.031162663141512264,0.9077606272410895,-0.12576163558323003
12822,0.146199561873003,1.056103841318271,0.16612386992256478,-0.03323821787031116,-0.05768796305533183,-0.016705301253076052,-0.03234099717709635,-0.5985687383337361,-0.21403774908232043,-0.1099306859778575,0.05733088822219214
12823,-0.12533055569537135,0.0987476709481189,0.031396717436496066,-0.5101006222076612,-0.05560145912570277,0.0576961200248357,-0.1894905912555459,0.8027792548422107,-0.029192624679623205,0.052470581046400545,0.03764481473877664
12824,0.04536738618826579,0.22403136144300928,-0.2075444110164483,0.7487803925161485,0.08017898204271229,0.05222052973571737,0.1560651375910807,-0.019208491523928676,-0.12784738602947449,0.09337992147641935,-0.5358379115872772
12825,-0.025572485409211566,0.07717169230815941,-0.1500121828026306,0.017156939592564268,-0.49785632369299954,0.13052128121582843,0.017221946909644736,-0.0425471938030083,-0.016947017464150928,-0.07720165109921658,0.8930851030263547
12826,0.023979670011977674,-0.012079665340395574,-0.04645858789890481,0.003287944348479911,0.6025792764372173,-0.062066961443029034,-0.08174611144755806,-0.040045216045707176,0.03622401547516477,0.06820313883488793,0.02703531010465962
12827,0.19321484360230787,-0.027016306168513683,0.01569653601722787,-0.07504863429671171,-0.05121039338980442,0.17568589995299014,-0.151985508211814,0.0018331610685711434,0.47842583902132024,-0.09568192085183959,-0.019631938103012638
12828,-0.018938355246873047,-0.02173186368345014,0.5535759384974949,0.0876670209192337,0.059168993888848206,0.009487511448862887,-0.011474996827099324,-0.07524337391683895,0.11637674290012473,0.030656037051350473,0.032466726078398865
12829,-0.05994155210804259,-0.07623585622184594,-0.025434039646697267,-0.002891283830345388,-0.09834429842025413,-0.6852580056400708,0.010133735023502932,-0.0707224595780287,0.030213618914121505,0.02181973054369814,0.09121343826855793
12830,0.2464479463864802,0.14063957848332062,0.44824339103022903,-0.15149078392140503,-0.013894399449624836,0.05642023856566376,-0.024569981726652017,-0.008018587901625768,0.008370837247055701,-0.0012686084718862185,-0.006957061885892072
12831,0.14901593517164882,0.6493564331505873,-0.022388326422346047,0.020214180917750305,0.06360537620108682,-0.0065200906344914655,-0.021375958709795105,0.06161441013303154,0.04506614973276382,0.11449989435913654,-0.02154965031146713
12832,-1.7043549081658407,0.12622608217174314,-0.07061857649954226,-0.04358914490629218,0.03132691942072167,1.8128553806959862,0.04107800776181149,0.0852423344132437,0.09186986702556785,-0.0018919533730128637,0.1494744335217451
12833,1.2156192085860926,-0.034262092731155686,0.030583590034800847,0.11805188727761692,-0.11560646074145263,0.08605276334696606,-0.961659252248911,0.006082422715753483,-0.013558859590917023,0.014970322057791334,0.08216165521672508
12834,0.6417444131992088,0.06425173064014693,-0.014849259357695557,0.11291470087651595,0.08595245245160613,0.10142284706231451,-0.11385258654940333,0.08465110486437383,0.07651682530169286,-0.0015638741894512384,0.02016851145440811
12835,0.6333023574190106,0.03605641063030877,0.03533057163978349,-0.026582939423016247,-0.04447681138651099,0.06498782626873972,-0.025038380017743764,0.0001346503451346943,0.002866799183756258,-0.05173574134354577,-0.004887744738697399
12836,-0.18707434619525654,0.06113544580123916,-0.008338536888197433,-0.03764029850801436,-0.014192558548241951,-0.3484448411039861,1.2372492225549667,0.006763619631627783,0.029032408991443,-1.0109189730589758,-0.025933727699385102
12837,-0.24193034244124312,-0.6506420268195112,-0.015094004380345947,-0.13613782290826537,0.051019867061280255,0.011947543377598475,-0.0008171176412797724,-0.11559272612902136,-0.009338196826150075,0.9450067879335762,-0.05728131476875399
12838,0.18396288996625895,0.8968271466685412,0.012628329995760168,-0.026971686993842073,-0.019254100778201475,0.17934814997330167,0.09789040178406505,-0.5780366431962676,-0.0040442144421728886,-0.018147892405430608,-0.028166276597849843
12839,-0.01647318717990907,-0.04696664470069991,0.18818869506763145,-0.5493816296153609,0.04373875470009432,-0.13638218100719912,-0.013596309234195787,0.87555433446908,-0.08240664857325487,-0.05076398184053832,0.0011337653895153767
12840,0.1348968362623956,0.0757214452945702,-0.0014858650692118431,0.8088936407808972,0.10264797405161026,0.01892947186021434,-0.06184444804784552,0.09458219806466593,-0.07094721415360279,0.12969193738537182,-0.5036283303145606
12841,-0.01807313994817262,0.11239103310109762,-0.08634467835496723,0.0005114216004374551,-0.7451502813548189,0.07331439097391106,-0.15577261532341619,-0.0544997889799322,-0.014783193534959063,0.18177586114997793,0.8871716856541119
12842,0.1873813492564145,0.049521211799909814,-0.040410533709403396,-0.06408184150968313,0.6246749666298592,0.024207872988079065,0.06375919217160898,-0.045769737157898796,-0.21258726944271916,0.07017459058630315,0.14120828985950853
12843,0.0014589893697670537,0.2977516473582038,-0.004232775346370871,0.06678326428497586,0.04503773656915232,0.015035263687801257,0.13647138325078842,-0.08255234578812488,0.43111376404877716,0.05806850734850703,0.06975381196663348
12844,-0.01641436729830048,0.039733152200960735,0.6467195647767072,-0.14090152916791157,-0.04582766396558656,0.12734655889370974,0.1667093414360923,0.10680006297515127,0.02630322175257139,0.07002456795536183,-0.018279620786842456
12845,0.0843351888960976,0.011749832789594527,-0.024922678809915524,-0.03185600112165901,-0.023878476100905106,-0.7355585532876819,-0.01792623903448752,-0.05452863553347298,-0.03330893505681632,-0.008442992386759177,-0.08388780087536603
12846,0.014754357674013079,0.14173465388012527,0.44673967937530584,0.024156929223794348,-0.018524930695281494,0.04916197700637687,-0.16861404077146566,0.19343278492531635,-0.031091967473209782,0.07431697427392356,0.15614716439556312
12847,0.10259312903603511,0.6521900810284109,-0.03010903172784955,-0.04168802708712173,0.08168325835745868,-0.01337755116190327,0.1524908779585133,0.012984331239158889,-0.007113039144930581,0.0878996391310616,0.07527711153736637
12848,-1.9159029277289197,0.05204198599268616,0.013169871483315216,-0.09967512641401544,-0.16072474525939096,1.639968699825887,0.17560953891392997,0.06107953842152354,0.11510911423316987,-0.10888513586191015,-0.14887090068091366
12849,1.146370848384486,-0.015586104088505727,0.1514033952226196,-0.004824335941394669,0.0009815145205492202,0.15690449553990374,-0.9132823357011294,-0.011710416835962988,-0.05218590642759618,0.0009183514901139803,-0.0048527568627102415
12850,0.7290451486783882,-0.15732169979311314,-0.058458627968063934,0.05324492334704545,0.12957587513063953,-0.19074714259671,-0.05475359016105155,0.13219575108354667,-0.053471011947466854,-0.03807940081413636,0.058115439568362154
12851,0.5558544236113243,0.01568922102753413,0.019572874687256932,-0.01950717727804845,-0.056932646726185435,0.0625455432461618,0.02923156317924,0.044945837821712395,-0.005823568364283938,-0.037119643874753076,0.014332951411936305
12852,-0.09014563867284846,-0.014067391286346789,0.1651022965648419,-0.079845068674959,0.09856579693757071,0.0785441252909779,1.3156354931752463,-0.0653089478626073,0.005452893099596991,-0.8363188684205773,0.0508802111756666
12853,0.03909155743857129,-0.560735066983915,0.09394639229509313,0.10190314159605822,-0.0996680082184373,-0.020097882457947136,-0.07544174024822799,0.02484590181633382,0.009552626672524102,0.9351688501464283,0.0697172527900912
12854,-0.10947606637058602,0.8907816888118469,0.023596252187629507,0.008884911297246369,-0.049794932138096736,-0.11779564479275897,0.14039987950311594,-0.5568632583677724,-0.04855318782810027,0.08776330266347393,0.027341883834572728
12855,0.06044073148117387,-0.06436552115113368,-0.01692274359252467,-0.4846220483791306,0.06669679684750729,0.10648067489792898,0.11931216304493293,0.7520518200569559,0.037832894691044144,-0.06580686262340305,-0.02493944353930603
12856,0.14432633865436412,0.13775490648626731,-0.0754831759474326,0.8270977622080747,0.09090963096079432,0.1061668607419167,0.07016181338419764,-0.09145914626228663,-0.03834453587436981,-0.08714086809049745,-0.3969513816418556
12857,0.13326947711616885,-0.04235973476516788,-0.058942015138958435,0.04947596481860356,-0.4617870831470698,0.09419921550061229,-0.040444555092688364,-0.026575538621610294,-0.006743058319401237,0.040093564850008166,0.927029955875451
12858,0.09792924285296348,0.018712906488740313,0.03539737447439027,-0.05359096448359159,0.5732583618445292,-0.11284776841758963,0.0381653019907334,0.0358894389276571,-0.1829111956029663,-0.1354824265646616,-0.03380789220814765
12859,0.08870437905469382,0.013175146535643154,-0.027694044733462306,-0.09071309197630664,-0.02934818650656454,0.02453745613282189,-0.09738323580768979,-0.009312014920750329,0.5053841537988791,0.10008446590985151,0.021886274504318615
12860,-0.2310433156983965,0.17202213970479988,0.6047486197330939,0.0233959323464658,0.11871327631712712,-0.09355536112393296,-0.06933498624453313,-0.01564380338414057,0.07176349114885473,0.00990324370395306,-0.13503907816560448
12861,-0.0014405971772989312,0.025601666769510194,-0.10568166160723116,-0.014251412839032019,-0.009980597476033106,-0.6082909299477706,-0.05051030419083428,0.0458198967874672,-0.04067458481873186,0.025543079410655457,0.026057678397057034
12862,0.06600802026752259,0.01849286553443627,0.4555583236335672,0.05228291454338542,0.10225556900137243,-0.24473963160186488,-0.018919459990204956,0.0236368903713051,-0.054950270815918946,-0.1073217773304246,0.08342555512921156
12863,0.12483825089133434,0.6542919849233901,-0.06555927175923351,0.05857592407032681,0.048591025319026204,0.009843734133765693,0.08057225645581645,0.13817547446515993,-0.13051446523714638,0.06135805402280282,-0.05347795671910731
12864,-1.7682711580794461,-0.11432383054002632,-0.04268596199669794,0.029531915252050022,0.026642538666216995,1.751982337914492,-0.09939024050606238,0.024522035374887972,-0.019331006096258853,0.07523667945241784,0.014088987015285367
12865,1.0362581112260605,0.03545209589924155,0.09460235378800377,0.03314806784414393,0.08110015783600912,0.07076515176356653,-0.9463214788719827,0.02980498146817597,0.035973614259244176,0.04288782951585278,-0.037340750929021935
12866,0.8228455972397138,-0.11056957616432254,0.00801434118258848,0.12010759021288095,0.0011905958070583256,0.10902804855578098,0.06356409082489785,0.12134790960740392,-0.003863719151218246,-0.006057402841193831,-0.13465413215965483
12867,0.6228475669920887,-0.0914796274687078,0.07004880031581451,0.02588082300086457,-0.0096938702196647,-0.002480430231655062,0.009351626082037615,-0.014652766485470928,-0.006836355861399179,0.005474622839096627,0.019949030609721197
12868,-0.11049943198741785,-0.07229642390134704,0.0034987104145096986,-0.049626569742573505,0.03077030273749424,-0.09061400303929376,1.3444209202295558,0.01614307581477531,-0.04007743262926308,-0.8740590590591872,0.14457816756445996
12869,-0.05570248924415159,-0.7349954270203128,0.05681315581742381,0.019633250436065328,0.14318604726192044,0.0535173190306667,0.06164957842285743,0.04879903771107969,0.1746062064619514,0.9439018115909019,0.02569836591742579
12870,0.06415712374842993,1.0253132260341329,-0.007820565611201572,0.04788607813687061,0.009221863177283757,-0.20896860775154355,0.014038342388526122,-0.6201381935003802,-0.011892448751529448,0.1257653099790116,-0.01797718360930089
12871,0.21658838490033702,-0.01531593343894822,0.06283281700265661,-0.6397256331657654,0.11281983060703599,0.0590967020163518,-0.13438311202495723,0.8055434829000577,0.0047787775095680975,0.054378010040212484,-0.08163741846616995
12872,-0.19864205166597265,0.08503152733779204,0.020247130709313124,0.7662605687020184,0.14095941995600578,0.006651999971635941,-0.09972550539880107,-0.12025105955013442,-0.14481682580343083,0.12090972079454396,-0.4909702275657664
12873,-0.1122553763703202,0.0271282537276781,0.12940498945568302,-0.018114158892413548,-0.49620135856269887,-0.017768681279309913,-0.16127503896261555,-0.05913195943213022,0.05268352785960704,0.020735185091741104,0.8675600308879401
12874,0.10429070675223888,-0.0382125625449231,0.06672941178933019,-0.045093569472164946,0.5403700779641759,0.02886386527203072,-0.10059397430585836,0.030364397352927754,-0.24281028712804492,-0.0185942647535216,0.011938140034884082
12875,-0.2470641983674675,-0.1018704917463299,-0.13961723968992987,-0.1524280565032754,0.02066271153469356,0.1748134128853579,0.17299106458086244,0.06126763403149377,0.47731581691527586,0.10766662140659643,-0.02068266914360651
12876,0.14356123517375874,-0.08363962843689095,0.5538354469475129,0.02412870170682789,0.060030012525740625,0.19199262505094455,-0.14370392425820508,0.016743649774759787,0.042414406538829864,-0.11685952032823618,0.019310744888096698
12877,-0.013211942005392396,0.1423985184767971,-0.10147098026391309,-0.019855408052273916,0.06567265115220967,-0.7509854560730707,-0.017486501417661775,-0.002132441506479453,0.10161991603750158,-0.04251438709024666,-0.10298870512117964
12878,-0.242353809330567,0.10121714596214758,0.4481560549379158,-0.03160734411204937,0.04548527976100126,0.10485706625830593,0.09102394212772344,0.055159224420058495,0.18948080398358308,0.1800531287507274,0.1138705993170047
12879,0.011370029243889374,0.6411564485218685,0.004799996718697363,0.013827628950186932,-0.04373023308150255,0.1639431379054011,0.06052280923074175,0.017203646530771926,-0.02731139623864737,-0.0946380838720007,0.007595865963840277
12880,-1.6852575707741164,0.05672336302848187,0.004663561843890791,-0.11238144852046947,-0.01696837455170837,1.4542914142647991,0.00991246719393526,0.059607582546442876,-0.049080630741139115,0.14931756560489723,-0.014227810232109898
12881,1.3952031313322495,-0.09545252087873897,-0.1416170210595226,-0.07177919135346805,-0.0027976687382807465,-0.06976555646973265,-1.0367997664490625,-0.05122531765427356,0.03009454385265815,-0.06289953434861165,0.013385425772318115
12882,0.7997278238559602,-0.10993388771175246,0.12013743236493384,0.00936771341444638,0.0018202256878875889,-0.0693355508815838,-0.1473716362584532,0.23263221073701415,-0.12949658624476446,-0.03421003413887765,0.13670138857938252
12883,0.5457294496790136,0.013261410456751365,-0.013058118826046726,-0.013190712466992797,0.000881753572580875,-0.07118571042961098,0.017018312518918534,-0.016590132043436914,-0.11149018373415032,0.049581898345843485,0.03549815034760858
12884,-0.09322335855439672,0.009792957017148047,-0.04218112894638416,0.02732484527463732,0.07691387882494793,0.09102851693307198,1.367088279379659,-0.06067337540423288,0.03300395363922274,-1.0056728051203532,0.16137552060416724
12885,0.009773391118824323,-0.6129987728623469,0.00021093303677166553,-0.03798728973722462,0.06819652272260877,-0.05679333850704106,-0.0282925144167813,0.051909527315852994,-0.004636296038955545,0.9651351850626437,-0.057269372477778815
12886,0.09580500013839761,0.8405006041821715,-0.15048563741887863,-0.01598564290885754,-0.0827991584080208,-0.11834248699189565,-0.023533486654991533,-0.7327773206499782,0.08857616715911534,-0.09659389372732861,0.01479605752262566
12887,-0.2667813973182167,-0.005893924702388257,0.03191799607036083,-0.649497919572493,0.09984030171779092,0.1285223743004009,0.051415833747346706,0.8864546118963131,0.10039211838717349,0.06903858490467157,-0.03530054644711024
12888,0.04312772956326077,-0.031058887323754693,-0.12312524788352483,0.818349376403098,0.1507392739822833,-0.13295456036878678,-0.02029515190288263,-0.0033174793365386922,-0.16145005371328094,-0.15172690603561811,-0.5326715900260434
12889,0.06493594999509616,-0.02391952297702688,-0.05954016237086318,0.04062167384346191,-0.5136545752433085,0.029973477932298695,0.04602666538234167,-0.1301628721379749,0.05062858173075857,-0.1712719603593421,0.8376224703362367
12890,0.008757343694818119,0.06634927765221033,0.055648743394519265,0.008933210399813648,0.6078488249431271,0.08307025256787276,0.04658080955922848,0.0372603850617549,-0.3095119319489352,0.020890483840780273,0.026672655149921815
12891,-0.05675124070005386,0.031273908792805734,-0.0606358462543993,0.12520186497146932,0.016650137836307307,-0.045476859543124526,-0.04346681909917366,0.07955127680055314,0.49576274599730463,-0.028724332605455805,0.0605606726414374
12892,0.09033930655880423,0.020686158728443205,0.5779383462460929,-0.05089468820890822,-0.0804399622352904,-0.032783033441614026,-0.23644058653955854,-0.12717601904802478,-0.0955022513102547,0.09531365065381195,0.04619427695436652
12893,-0.047471537714426616,-0.01208600472344819,-0.11467784151803453,-0.033035232899548746,-0.11293526286300186,-0.6550301603117247,-0.020587874524930508,-0.011765343502657724,-0.03243969450741981,0.013342197617984976,0.09418906090815593
12894,0.11236349587220176,-0.0031365451016498336,0.3632214257853583,-0.0478929991010376,0.0013544996564017666,0.08223495968724381,0.05912933135611014,0.027895923388975653,-0.06576342311236262,-0.18766345734751208,-0.07874215042688129
12895,-0.03162838892858865,0.6459435988850237,0.0001997631054545413,-0.04773979350448167,-0.04631452027169916,0.04365640357595907,0.04074342182855607,0.031190357829372767,0.01527439003662152,0.11296932049727373,0.026608778948270014
12896,-1.856208006286417,-0.01543836195508107,-0.10875624975861287,-0.2432891880899625,-0.08093132864294719,1.551680287864801,-0.0944126826352694,-0.03467229715396383,-0.04632387465627363,0.13610816330371145,0.16311752790359463
12897,1.5653789751586518,-0.032762872751479426,0.13696970875404813,0.034800381407753954,-0.018662574341022274,0.051001750336624976,-0.9867106704980082,0.004755416200279685,-0.11446654992427206,-0.0021751554964536115,0.03107925197073393
12898,0.8095476858595329,0.013859845199807713,0.1959588521443002,0.20679946270840674,-0.0229128298823218,-0.021225944174181298,0.09339768375088797,0.12572128528606405,-0.05519345602544784,0.047059966278481004,0.11797095767559973
12899,0.6107748611403274,-0.013989454339292533,0.018057506272649234,-0.05314452914090358,0.01323074289809113,0.07144743760026395,-0.025289741141649807,-0.049777630973676684,0.08903660312591687,0.015610939730464039,0.015100690342657465
12900,0.051108394822587104,0.12140899052364947,-0.031589571304196734,0.14065252468483205,-0.07527409975356851,0.1406911173895756,1.3782686036861826,0.07485107165255347,0.09554647138297694,-0.8758350819293543,-0.011268512765088485
12901,0.217409843553359,-0.5218914422460506,0.04501481600925826,0.005374316994898809,-0.06728849752192939,0.06085917073715981,0.09393191193950706,-0.027928211626571848,-0.012837523612329265,0.9575318579998577,-0.10522064482491247
12902,0.2060599751476368,1.0413837004596325,-0.08281396298039545,0.02215145937326169,0.09173255875992106,0.0038395751388508167,-0.03374353044949158,-0.589716918621494,-0.025887546235956543,0.038245674934310955,0.028180576512458633
12903,-0.19764549962131733,0.05330554380415418,-0.04378193137644919,-0.43100311277696773,-0.11602681390987102,-0.016336018207377075,0.07633844930878898,0.9120439315383175,0.08180551207853734,0.02926385630503382,-0.1363816677952405
12904,0.06604108535390418,-0.1467644157089921,-0.03845850333169842,0.7816190113783068,0.06354027688891466,0.20374375795245933,-0.12703192394706275,0.009641895269217224,0.038255053776665396,-0.03405291046027791,-0.339001869933095
12905,0.08114267382847107,-0.06098279316689356,0.11005050231197513,-0.0005043070539688726,-0.5808013552117496,-0.03146670325731994,0.14340146672521567,0.03975551625794788,0.13206129078924173,0.10042386380235568,0.8499025670225254
12906,-0.04771102736998037,0.00916121025215544,0.07419406721844361,-0.03431843576456347,0.6441965165797927,0.10062578167633845,0.06465985119391905,0.09370045527329435,-0.017180613633342307,-0.1938555524770944,-0.10704311930678714
12907,0.07080327490954522,0.09590271172386378,0.04320393744600916,0.09812027105835312,-0.011424922974800245,0.07567836553156665,-0.07987253561949845,-0.04159463171528261,0.49426838571849935,0.23380216937116335,0.116255462786891
12908,0.14139845758193492,0.04835952459527235,0.6655430269207975,0.23641767740245934,0.03310395439084694,0.06846684790667776,0.0688564397611835,0.02431782860952756,-0.046718414360332666,0.13156897808176776,-0.12485221936109944
12909,0.053243607021098864,-0.09694339828566732,-0.1871463305958458,0.02093134679762778,-0.06550560667603113,-0.6837591685902775,-0.07344018268736625,0.030367159286763153,-0.05871409282291269,-0.0009682933870920089,0.022824542105949454
12910,0.10880083803894587,0.14016155918086037,0.4291408126300989,-0.051929784109632705,-0.1611498931134137,-0.014288112903111385,0.1315746723897592,0.03620094187557929,-0.09662422291297101,0.051551479356757364,0.019186878435657848
12911,-0.1068051179364902,0.6015490781316474,0.11499437187270746,0.05339405057521282,0.0031493255063020724,0.02124822654041596,-0.10134391179705064,0.05502546882308415,0.005893326184945891,0.05850681292024226,0.04061534704486059
12912,-1.8805347938103296,0.02631159249674863,0.16019059155690893,0.1425790602827871,-0.04240801550545534,1.786874708721211,-0.023456662234410716,-0.05229776461074436,0.018997359852692953,-0.09992523988634497,0.07633796025635237
12913,1.3251176839423588,0.0007219300012905826,-0.03791807134645336,0.005183845718179818,-0.03750649742129583,0.13711091109606782,-0.9393676048826385,0.03903214145542278,-0.002476980585216242,-0.014588846987154163,0.04550590307754269
12914,1.0985081452507752,-0.062055631444744984,0.10677727582645101,-0.06082296213490568,0.011018084370523698,0.17353018432364087,-0.016935131360685647,-0.04472479422648292,0.13156794854950557,0.05115825587814374,-0.23037940046296163
12915,0.5951040132905471,-0.03850545133125341,-0.04958764794244598,0.0931726498624129,-0.022803900679177914,0.16800669875483276,0.039920887828525195,0.008019956914398337,-0.07146144014331984,-0.006321512813034397,-0.03654445342073902
12916,-0.0563231507072813,-0.05904593268380316,0.07988901063438,0.020009777724186877,0.008594676959569121,0.07110119003754056,1.1730155375920102,-0.015319055848880424,0.1431722385452374,-0.9501124290690667,-0.011438943376243203
12917,-0.015911540939716,-0.6941214707207853,-0.04728704329776231,0.11410018968671148,-0.04482078725633799,-0.0295925249420805,-0.03588564273242556,-0.005988711129469436,0.03729585115587268,0.9896872976734672,-0.16945925930672093
12918,-0.23270824661273704,0.8601732300016225,-0.005452745913565421,-0.004143495919321524,0.01282006339747966,0.02769148650550622,0.05876315243139365,-0.6256708651072851,-0.0075227925797875395,-0.08222457667835077,-0.0857196124572921
12919,0.11266593513814645,0.11572662855158669,-0.03638912501214571,-0.6663744038529399,-0.019395843326598033,0.0345878283509512,-0.04489589331516564,0.8200714145936581,-0.0237352908476212,0.12026731253370598,-0.08736351736808473
12920,0.037900459132756414,-0.0014335869841262503,-0.017741466716813804,0.8037217191033379,0.09431506185471088,-0.031974796869579644,-0.008674928997469064,-0.047041693588358614,0.05116216944925088,0.13379026295260832,-0.45126080281048014
12921,0.09524116740113726,0.05455107693460308,0.01376523366884087,-0.04172088004490228,-0.5274094101913832,0.02697397285299827,0.16060977357472056,0.05263506979622333,0.04868165250618003,-0.13307527010623524,0.8327740011922747
12922,0.05259025717098257,-0.19132050044419574,-0.12099636999319087,0.04724363364126856,0.6100671421556826,-0.08002289779940615,-0.04231260917149051,-0.02280036528873251,-0.29891087411901973,0.02903738512015241,0.03433351128596071
12923,0.09251557277593533,0.016750170864353903,-0.27077866290160313,-0.004186619782684777,-0.020701022870268225,-0.03078561634494882,-0.01107281951668551,0.041614834539696374,0.49933330326032166,-0.04491457170659866,0.06088483302356902
12924,0.17796018356247906,0.0890898168515822,0.6522683181637812,0.037788113707630744,0.15704327042041955,-0.04122957159768413,-0.0405878367970658,0.08083816441018722,0.08588440429689545,0.02108250542681279,0.05052499614544087
12925,0.0511099632050154,0.05416209433761396,0.1092649946619353,0.038260724605161424,-0.18087783223344797,-0.6913405692311579,-0.02020636306476117,0.008911228657173,-0.002086381803190974,-0.007460904248444275,0.16553371938908293
12926,-0.023992162489782993,-0.2068329747123701,0.43714403001280455,-0.048936754180515844,0.02440433733613156,0.028175333821493426,0.07969611482239894,-0.03988566536040399,-0.11588059476221907,-0.1533950143141554,-0.014052385970788745
12927,-0.05163406155235014,0.7490726345539422,0.06634308476286147,-0.04948108040581767,0.020367376624083333,0.1552294925950623,0.09113133389887808,0.033482615593380234,-0.029666635153665886,0.013793417936316454,-0.035705878990727254
12928,-1.8194749422896477,-0.05315121324853687,-0.0511615245084104,0.021023419260305095,0.07423735631149161,1.781229862582933,-0.008019282103343899,-0.030966090209659257,0.01932307220885162,0.1263213731475152,-0.1621506124783785
12929,1.7352218799331884,0.022265798899778283,0.09200175413671112,-0.052966053250054365,0.11997644977735006,-0.11549997585308104,-0.9118562500292037,0.11565845088756475,0.08661479887348757,0.04481627767017527,-0.03543575913624047
12930,0.6322470602789821,-0.0048202181939218346,0.00801479603785861,0.06956147131641101,0.02910425612297427,0.20974659384988564,0.043295865681247124,0.032138199641761005,0.0033147025174761237,0.16093595636852187,0.12297492660159143
12931,0.6478780007785523,0.03257458042049481,-0.06820328777605268,-0.009683937568539152,0.018300308676676237,0.009007422860037795,-0.014162583282887345,-0.04635158976963129,0.0003175884428100375,0.0026420832637336035,0.0154123936687078
12932,-0.020361269605557807,0.07371378393182594,-0.06682980538771659,0.07655469364671946,-0.08326765613574032,-0.14722995920914206,1.3612195933869786,0.01482701486946665,-0.0399904670897326,-0.7836612973209305,-0.07832368158433335
12933,0.23256052399638757,-0.5794932726947813,0.04965245651546358,-0.07145938760716423,0.08324736425867633,-0.05333074378463787,-0.059206649386478176,0.05298634907503829,-0.01940636615049538,0.9749932456058219,-0.06929562819036027
12934,-0.061823622516228846,0.9506768978296755,0.023533513882355632,-0.0169307576772888,0.06431411013459151,-0.06312112421630608,0.006281325434484866,-0.666849537464092,0.023295608772128582,-0.07594464822777723,-0.075577456063014
12935,0.0903398011763349,0.11045475521683247,-0.07850971392185073,-0.44218421023215676,0.11644168541798144,-0.1143761876161338,-0.05546339381574592,0.840665994185869,-0.018478524566240002,-0.02559945126861492,0.03059835964933763
12936,0.01633110452902764,-0.039850972133403315,0.10961126475910161,0.844663774121736,0.22543860710176059,0.18926449673903536,-0.08126916575977125,-0.0029691144225116785,-0.01880666340863089,0.06843133364896423,-0.32509369311046954
12937,0.065802367591335,0.08192538997184823,-0.15873369257758704,0.04402556634375239,-0.5943853530875577,-0.07068142776747983,0.007746991068049908,-0.17337998780379227,0.03894517543612258,0.0984611943107043,0.9207092736018758
12938,-0.050655284769178674,-0.02365570362991523,-0.025694966255392398,-0.0026086081207235207,0.5757454707664417,-0.2463501035322919,0.021481572353817636,0.06599327582762601,-0.22319545493234916,-0.04955305725357665,0.0498554016006986
12939,0.013871222824871385,-0.05139219832869556,0.08941434169711089,0.059121973010231255,0.00740303063490314,0.15101067911205582,0.19640207214107266,-0.25073309376008146,0.43823586417564925,0.08109012507085342,0.09505930355636526
12940,-0.14068604149544792,0.0022134011863819128,0.5971361955875256,0.056076238933477476,0.036647413028591216,0.17643498129943383,0.018258153923492986,-0.015111278612510744,0.09056393651351893,0.07397565737769608,-0.053247476770890236
12941,0.03407522000773748,0.10248499230479474,-0.05767245346306318,0.037782537082783556,-0.02865305315239349,-0.6712045819364927,-0.05657554234872232,-0.03822269628665214,0.08850221730849975,0.0054801831835039954,-0.0543742115303078
12942,0.005169003112237487,-0.04097240690711978,0.42302163200089477,0.11793226899627365,0.05363114941185282,0.1801248384079937,0.050669892873975594,-0.01018269631511228,0.028618257528093334,-0.014566802470964741,-0.14913769101720817
12943,-0.13696082281673067,0.6817647878840066,0.03485937265321636,-0.02568614994833689,-0.031149162183618944,-0.03390446242607244,0.21778095999326685,-0.02112353224613092,0.011409186046471592,-0.08631060928139006,-0.05098573441916181
12944,-1.873321479902292,-0.03540410104594052,0.005311252238361015,0.016898447690923517,0.008223805306326326,1.7940580156918466,-0.05530280090714188,-0.009127800063009775,0.0193271493591664,-0.08506947333200883,-0.0547573441743072
12945,1.5203071208970944,0.010791531864775102,-0.008967031942984156,0.030670119226859967,-0.007037170894674235,-0.1303786754246909,-0.9916702438250924,0.04341676637576658,0.03915007828538311,0.010468085714774183,0.011850037858581457
12946,0.7692144845438209,0.13205220159155093,0.053918300357549395,-0.0635953107724001,0.10984747248701585,-0.011220316586519577,0.031718179019446485,0.015163420869942709,-0.11104765959563159,0.04008070453385635,-0.1224948808769457
12947,0.5430350345444586,-0.014335140528874461,-0.02959401623276063,0.010266426999832226,-0.004599292734321147,0.05993007069694263,-0.03073439660578826,-0.011869656694465665,-0.045340016014059265,-0.003131830761187962,-0.05072052584344086
12948,-0.13871086885243014,0.08972659139963006,0.0662567563831032,0.055127360690098194,0.16745229078836565,-0.11879766881536002,1.2493295161175875,0.06959202219317615,-0.01479068523185547,-0.9434921525563944,0.007750193232818715
12949,-0.0069334706993999995,-0.6129951651050528,0.03315637134381039,-0.058011417815565444,-0.06225368513661835,-0.1699456715344698,0.08508181835494448,-0.04868250971828489,0.14455613959391722,1.0076622668067752,-0.09020235976979972
12950,-0.009672301397545453,0.9819541867119311,0.009248017364153895,-0.003126298515184005,0.023658927983880997,0.16703715368634395,-0.08022822644834192,-0.6294881239232665,0.0012315660472658734,0.06720218597729087,0.05224138712154469
12951,-0.19611117233520772,-0.02824301002559186,-0.027397620994729366,-0.5383828326020251,-0.0020278101134202572,0.17990474068789006,-0.18175456554658362,0.8777278241367074,0.04887205316139569,-0.031286834841467416,0.08874352023439291
12952,-0.1375578945352406,-0.017068190249187907,-0.16728609607351919,0.7641234167455953,-0.06252050649678953,-0.018911249569401878,0.06393523711672525,0.06239561031551968,-0.06214019464703022,-0.0889231117676275,-0.4208820584311217
12953,0.05184193826280202,-0.07306434249760892,0.11662283919426672,-0.15707833713535493,-0.7143508563575736,0.1483293687294528,-0.05684004446348917,-0.014657411346581457,-0.04799202549988359,-0.0856277955756864,0.8122752609202669
12954,-0.21721401423494358,0.09651592614794265,-0.030968220283994763,-0.10247935912071635,0.6166733184112635,0.04527768625215067,0.043168598736473836,0.04738746146390509,-0.29888040537311134,0.023144824298659994,0.047846440525995196
12955,0.1267591639737256,0.11020085260337975,-0.04336869711455307,-0.15370260699957278,0.04822875551852858,-0.18208904556877717,-0.3083027027678603,0.0005984673132303107,0.49281073125484764,-0.14920871728922447,0.05559078005594363
12956,-0.004129793680026364,0.15604025839190594,0.5605090906802338,0.006560897483914786,-0.1783040285738265,-0.016189834549932752,0.11742041843521894,0.030827490516370584,0.04343196663721391,-0.036850661985259374,0.03807810140822094
12957,0.02552645186351435,-0.020094290505068772,-0.0412559920711814,0.033675358890634825,-0.17021218873249205,-0.6845201212575507,0.03529850618128375,0.043339201794511735,0.10669206266867597,0.09624718572829893,0.13689137657990083
12958,-0.17470895360536462,0.03883365234248094,0.39892720096724466,0.0015875881497817259,-0.014152966776178878,-0.01965012030904216,-0.19510283739122009,-0.15296373353475534,0.042316341042089235,0.05417290007958176,0.03488091021140788
12959,0.025120181169763167,0.6788512707392416,-0.026571095078879472,0.032680796238996536,0.038667224294909056,0.07505010099442475,-0.13966992859108524,0.06160573122327857,0.02405513566844122,0.03655371185884484,-0.04702917573884261
12960,-1.5860182576029873,0.04557748609308438,0.08232253647256325,0.05634770815426721,0.09035605495444249,1.7714549900434058,-0.01541551071869023,-0.014577533862464334,-0.11499787357360682,-0.053821112415386826,-0.055104316521059855
12961,1.547850213390955,0.04518340089351241,-0.09624668578743233,0.01584220764756539,0.1454674534569497,-0.0043502738880302014,-0.9120546711005392,0.03366943067689535,0.11247512770063559,0.05025285412387623,0.024678658888422026
12962,0.5434675038269214,-0.011438709978224054,-0.049446566367427364,-0.10798552631337267,-0.03694323473807423,0.02500336666278602,0.0672958018887286,-0.0056413664480601915,-0.06854029993300717,0.007414795836176308,-0.07018714086116916
12963,0.5962600842079968,0.06960132116655963,-0.12269210943929898,-0.038013339198334294,0.02356084707138444,0.015208918010013714,0.017703866688844484,-0.041918206534459,0.038384573980322294,-0.06431167531789708,-0.005667753688765289
12964,-0.06410425227209826,-0.003019847189072768,0.08013583751385323,0.11414697274766822,0.07444870540640537,0.1199061623962498,1.2756560098967653,0.23261423086699343,-0.026055757948944533,-0.9125095450316449,0.07579445599477766
12965,0.048914847244902304,-0.7053249785934516,-0.06499075381115406,-0.09271678104456009,-0.001238406355793262,0.25888284327552,-0.08800122433385436,-0.09720732544439378,0.08723614368797283,0.9211907108188007,0.04900084139990592
12966,-0.19587625072473913,0.8731402483913548,-0.057402861389476145,0.0025853380319905226,0.17223062290487948,-0.0442660276261594,0.10571616848483549,-0.6134036213473718,-0.04315734822901596,-0.005385394361784681,0.08129482076835054
12967,0.17654202479374873,0.08294579232839785,0.00860591698646403,-0.5773237021721916,-0.08893386016511771,-0.016380970068029018,-0.12962195481497443,0.7814208090838931,0.1486907388778649,0.02181477164324562,-0.07323588737483491
12968,0.11006110136074665,-0.010816374455848194,0.037772202064475,0.8175063481276716,0.15733305487069535,0.08706318112131092,-0.10516217109917511,-0.053083232690877606,0.13432464436222882,0.05449803232858148,-0.5931258482444128
12969,-0.20277189394426462,-0.04278113471573847,0.12088589476726685,-0.07531533149995868,-0.492082321504249,-0.04728808555165597,0.04085348019539577,0.026014877410695733,0.030246718225433494,0.10678631203546711,0.8386993048635408
12970,-0.03459673384651068,-0.12229522114238967,0.0331098769014828,-0.10090093858760585,0.6146421199916744,0.13369412798409724,-0.09991870802867896,0.0987498003348158,-0.11197658547672232,0.09285376762303275,0.04091145090931265
12971,0.020959506514766555,-0.08387647331859305,-0.38498782471055715,0.07607558277681191,0.08132879646558057,0.10601313158867823,-0.19597285032510792,0.07216732254807703,0.4696882352102958,-0.1368460017282611,-0.06175685537936412
12972,-0.017296914463698795,-0.1382584932966574,0.5516046143591297,0.16393460799277298,0.10756421753411408,0.08073505418352944,-0.1140347611917219,-0.04440551166825642,0.03624963065634125,0.0703270184774983,0.04970255103614573
12973,0.0459474265943102,-0.07480528081462383,0.049981807887872626,0.07171433122991715,-0.06985340358902882,-0.6629890631457128,0.10138486846690369,0.06467016106027702,-0.022891619828102623,-0.06859903401987062,-0.09903079896418172
12974,0.010047992613258814,-0.02225921761287119,0.38961899051457344,-0.132513932275763,0.043349678712020355,-0.019685578623646623,0.027165627883324172,-0.03280422568656663,0.0692620795827611,-0.12503361849429312,0.19966610779845093
12975,0.008102525647303524,0.6662614043259982,-0.021210933237005,-0.03461225899280442,-0.02685613472335105,-0.16337316921036654,0.04227183004351083,-0.051368903911180236,0.07193901747478418,0.02839557617427086,0.011895278486676578
12976,-1.7787801547682824,-0.1329949061198566,0.11845318818410513,-0.022015745260633147,0.23943280097199648,1.7597975861376378,-0.048196790675216955,0.02721732388051492,0.019794349543563385,0.044992500283797754,-0.03802668568448268
12977,1.6626153629292928,-0.031335555175005886,0.00523832680308431,0.065077004305247,0.021161602902282688,-0.33718368970545015,-0.9347944948866039,-0.031232899596082796,0.21213903720995736,0.07148669620861686,-0.09686394131383474
12978,0.8366319467690665,-0.06577141352428595,-0.08514644202304544,-0.03420315722950011,0.06093773421561617,0.028910359576323402,0.014734121344046022,-0.021173035890865922,-0.12401238024146277,-0.16288960692247492,-0.043872519190361094
12979,0.6317036074973073,-0.0028992401539754053,0.0551995582246434,0.06864377857012184,0.022564561535492397,0.10972445183456614,0.030381384150527418,-0.014763119376392563,-0.032774884307841055,0.026067202532961242,-0.02247447767011412
12980,0.09513428702614571,-0.019132957125328164,0.037277194776925114,-0.05028062697994005,-0.03120629127453096,0.18324963837031732,1.2683465464074846,0.04615595389328211,-0.01373806791265582,-0.9663525606754172,0.2100599533502418
12981,0.09800575523975845,-0.7553014055152139,0.08865864626088804,0.0164076741012833,0.006669451330598758,-0.033093147683448,0.1502930941774912,0.08683103105791495,0.04903781092510261,0.9719692074987555,0.03984431473387401
12982,0.19791747037714263,0.928242143431078,-0.006242848109710387,-0.0391305723762785,0.08963335418536847,-0.10091702143649285,0.12020546991070477,-0.5565370636841455,-0.020985913146143023,-0.1291689198677679,0.03975933342950311
12983,0.12242845048068492,-0.0731537560331127,-0.08891248976486744,-0.4883989869426938,-0.0689634054013805,-0.008305270706214903,0.013786005392355801,0.773655160946829,-0.020895284950117447,-0.22491944250066967,-0.06678238976520826
12984,-0.07600585978900751,-0.02959593551155794,0.1513958130174747,0.7235226317869937,0.032393301930508676,0.0760095481662756,0.0686345255652813,0.07144282750796778,0.032734362105101625,0.16020063251399097,-0.5983826594507022
12985,0.024142050507164173,0.0932069531068018,-0.07742051963050625,-0.04385994234922307,-0.9659461255915094,-0.2162824279387999,-0.029135951250000795,0.02130302108523018,-0.12438736837475199,-0.07493046653182209,0.7997779119697805
12986,0.033666443085516605,-0.019253988885598337,-0.136650352916551,0.07534844704620287,0.5872488535593726,0.017219794881018304,0.09968997354357947,-0.03141779438880582,-0.14398570513029976,0.05218385275616796,0.0025432127542860243
12987,0.00966185735323494,0.08258626384931314,0.06497232835916165,0.10327460320833423,0.0026293661826555154,0.007772483122393337,0.008443468161185266,0.03507612598580898,0.4896113002718118,-0.04100398912886371,-0.005661537680782465
12988,0.13552587145019643,-0.09388552130997878,0.5735820312061599,0.27778788134654175,0.18357115160905318,0.05770318718323855,-0.12104821334002147,0.017536279594852468,-0.08579956619582785,0.09750304051514856,-0.014010764257314236
12989,0.09507926142593508,0.05551397893660327,0.14419612957931086,-0.0669122650126652,-0.026411771858798616,-0.7247832083848279,-0.08924368921565796,-0.08539563731552292,0.15113865284224393,-0.006112488866313604,0.0030836766347416347
12990,0.09552297967291827,0.009863441878916163,0.4251870138690282,-0.08721870051042711,-0.05693629783626026,-0.2400511234069049,-0.06881921722963964,0.006738746374745605,0.019545365597361933,0.03074797675490277,0.07203025314322171
12991,-0.19467118235790645,0.6712670727173431,0.02083472994739178,-0.014728663625004584,0.0383623450975247,0.08264466669325447,0.05084597302178652,-0.002066942148129594,-0.08216566853413201,-0.10551051808704737,-0.007945103965326942
12992,-1.9678353796837722,-0.01818901347049621,0.054947242818850967,0.13333061045042607,0.0929071320219473,1.5287724313266136,0.08775161465016361,-0.08093385699706475,0.015998068408616586,-0.004015139823745549,0.010035300858153975
12993,1.4294918485886878,-0.042999948835595186,-0.059774106195181864,-0.06207461519319238,0.1336240802593068,0.02135995438213286,-0.9577131797880629,-0.08682495589841777,0.08787862755886262,-0.07202481985858328,0.06880123897409775
12994,0.8601753235381103,-0.00037628811141706027,0.10813705904148073,-0.048552619022202745,0.06807923590660575,0.0896619909090665,0.04456599701381029,-0.08519532562188281,0.14133761108161438,0.05767559777327324,0.1386956307946827
12995,0.686406183201242,-0.0010429419069965095,-0.012582994492918997,-0.05373328498022656,0.09225999498362199,0.06421705525264973,-0.013011123278546274,0.004677518927017963,0.035184623192734944,-0.014545782118614375,0.011882625109892221
12996,0.006914202157251158,-0.06263542166136528,0.17008814794510357,-0.029315538103596543,0.030094259474935235,-0.21233973614718893,1.4792070049589432,0.006291095444832967,-0.13228156888182543,-0.8618663584452365,-0.05273325780197874
12997,-0.10825661944064346,-0.5266932208124618,-0.05427175526115501,0.09556851350174941,0.04984615521969746,-0.023733805068474962,0.08106990118775391,-0.033260664586654026,0.11536644861195135,0.9273353044251877,-0.09255461292979066
12998,0.02030226450362427,0.8587344646338804,-0.13640210743526418,-0.032924849246484734,-0.10037750738976672,-0.2361838242651076,0.023282676753426386,-0.5770549808410774,-0.1607082127438276,-0.07000987115264441,0.07331521656390053
12999,-0.15692212121863383,-0.012296629415110201,0.12819907946826847,-0.5394981616606058,-0.15289361378208113,-0.09740152125742174,0.098653371636402,0.8226056483461781,-0.12207432170423727,0.07476425238543014,-0.033104208455587654
13000,-0.03600737337199941,-0.13741460040567238,-0.17898868132044413,0.8284992064947977,-0.03579791661258906,-0.05213416311081066,0.12421469682952702,0.13299211005365266,-0.04100229085409955,-0.06489983627736988,-0.4741496500748381
13001,0.15188380569150153,-0.008923361858983871,0.14631420149707497,0.0230900181490419,-0.6731539856376341,0.17857761919540266,-0.03108853764150461,-0.020338467590764006,-0.05426754094509901,0.10233862269917829,0.8521663662084865
13002,-0.17129151374133944,0.03737409854438184,-0.14395596419107387,0.009123711079726222,0.5863389840663012,0.038888580771505976,-0.05464670822330868,-0.02035592678663662,-0.4413927082746954,0.061876303693756976,0.0020219745280685704
13003,-0.0590999523203798,0.000731637256458932,-0.09642736627553221,0.07466495047443922,0.020699307547270722,0.14374751830292298,0.20335477606587846,0.16900438639382515,0.48684263853583504,0.15693009383095294,0.07442224903014813
13004,-0.04892058488576786,0.02051360418086934,0.5818288695741084,0.09231889031428495,-0.1301113202495595,0.1313770749277668,0.004129808417669955,-0.007380665887541436,0.07998190131669561,0.03270141521182496,0.013952841966137358
13005,-0.051636571887469285,-0.0017020297287427219,0.05574986700817204,-0.07290052310240454,0.05017802669313843,-0.7355578719583833,-0.018673598303432373,0.14668466678629266,-0.027881795265094392,-0.0658262133063159,0.1611822190543664
13006,-0.09777569959262179,0.14876642679366583,0.39527388970162447,-0.02478065304382763,-0.050195038309327686,-0.073760183805853,0.015244979261784364,0.1569177145597027,-0.02025786029219831,0.06920068835893714,0.02623117402646314
13007,0.0009345668979664247,0.655721645467952,-0.14544281680018445,-0.08294566350562017,0.020852305196135654,0.06278748523276666,0.0009566355579673641,0.03987867063910587,0.0012451458597061986,0.02501252939250497,0.0986214274416268
13008,-1.7623807768682318,-0.03742338537609727,0.08710210896868828,0.0719453070597629,-0.07330090967990242,1.815692114062426,0.11966624169920423,-0.006310482946562139,-0.0006578925096730721,0.01341965106654205,0.14691275928407527
13009,1.3461285912367627,0.004922309167519292,0.028210240476449815,-0.013812017814659388,0.014505865551296168,0.07192348662519382,-0.9850884732166322,0.047158393609080675,-0.05519594334028765,0.01338212491953821,-0.022651422268841016
13010,0.9041167332856832,0.00462363248961057,-0.10587045050673134,-0.11545101198252478,-0.01599641869851706,-0.2418619551419191,-0.046785974224846656,-0.08409555910147094,0.04055560054505321,-0.11156857954370432,-0.03050888275535045
13011,0.7009909415728641,-0.05877037857191179,-0.01788337172009454,-0.0004026012526275047,-0.005827752026819124,0.02748501421582644,0.01086293545307095,-0.01015505038561537,-0.02733228482185685,-0.029374016224697812,0.03549000584385509
13012,-0.23051964765603913,-0.07124914568707641,0.002357945459073226,0.0645876879787978,0.04762240505612511,-0.03651973854801759,1.2217909703196543,-0.13164420963707893,-0.2145703218794462,-0.945901954460163,-0.14475495989486037
13013,0.16102482191593567,-0.6162381335161354,0.046256633573870026,0.012148181866634033,-0.03301442134192481,0.012938001851691666,-0.008606172003691867,0.08456142881352341,-0.02208306520943963,0.9357346753209107,0.1488049566186901
13014,-0.03859703263213338,0.9714369021448733,-0.25695685484117275,-0.021980720338089337,-0.0009287989230808728,0.11612114241344888,0.07542619113183821,-0.6130563336688498,0.0056978090082175845,0.10012385070281277,0.12685707792575288
13015,-0.039252916606458105,0.06949570657592462,0.15027803436343423,-0.4088315466128677,-0.004052640295066963,0.10607970433059505,-0.030944531893275312,0.8009529766340202,-0.06297705363171399,-0.12248164922009849,0.020939310954025007
13016,-0.09909788350808638,-0.055288779891737326,0.009926304624136354,0.7808814266382085,0.04920727083061373,0.07535203908517075,-0.03934669189744085,-0.06370612992982531,0.008817450730282232,0.1257110699890085,-0.4458609434885883
13017,0.0059685628854769905,0.01534363683357775,0.09562068831197273,-0.004042040299134174,-0.6180191875983325,0.10758217127758231,0.354661213951223,0.13478499183944756,-0.017449157834409378,-0.031375851765258624,0.9365794880983832
13018,0.13682545466989293,-0.09748384228654026,-0.017959160989061793,0.014878544608163319,0.6273713975999741,-0.05629055040802185,0.05916606607259276,-0.0383270646993303,-0.20653345921255822,-0.0007484768592219933,-0.09670875997268494
13019,-0.023919937945736054,0.12442953283241609,-0.1432164707028062,0.05598572742398199,-0.06751790984325406,0.008651318194613579,0.22120951744591108,0.04294486993740569,0.5199834509609161,-0.12027486030194205,-0.09319959111972813
13020,-0.0736113160973132,-0.03283715086551902,0.5759950202495377,0.026757514294825334,-0.008483148794020012,-0.02712618960712572,-0.16255852194478468,-0.11707110626808949,-0.006076495949792281,-0.018499361665522202,0.0927122872581982
13021,-0.020988787827387625,0.028181214168400016,-0.03225957878434352,-0.04746135775691172,0.12656917704799447,-0.6707818375994048,-0.058267711861741865,-0.07533980340513016,0.0056874646086506,-0.0018721512080342598,0.021434641062484907
13022,0.28408746577131744,-0.07332320912561326,0.41211963542357,-0.08439701694903397,-0.19057805596454658,-0.0733464672348134,-0.02444214391969885,-0.12958469791753954,0.058499435692790994,-0.06670104357673606,0.03142825501990595
13023,-0.03412445458669682,0.7339085454705694,0.030051943843591084,-0.048297975065731476,0.00793888353669217,0.1499907891222493,0.046103251367347366,0.026643036975866494,-0.03027285663636802,-0.14895381963974158,0.011310275770824501
13024,-1.6642981564244346,-0.07699499188414145,-0.15820261081382397,0.08550584756186767,-0.0323198592379685,1.690323707500878,-0.049018154793657315,-0.004999968771046892,-0.1895308526922867,-0.0069585915693117254,0.011177068296296545
13025,1.3346467391230514,-0.09712574636744595,0.03643412587873901,-0.13019332873521694,-0.03294774167196647,-0.21799940522986014,-1.0734521259930243,0.01820897321161761,0.015000029716416906,0.08521363578896354,-0.05447424313309886
13026,0.9295593911667926,-0.08337115734385289,-0.009625531079719946,-0.059001289360828726,-0.002738200031926533,0.04375809197594909,-0.07316632635523128,0.035988929050987335,0.02421403059394817,-0.0407890703287475,-0.2551330754914908
13027,0.6599370137425628,-0.015436684255533592,0.029875672892501818,-0.016673935889893486,0.05776155037924487,0.14240878107032906,-0.024190439702783437,0.004229381367968899,-0.058148899362431845,0.0034208278724466613,0.031084589568242078
13028,-0.08302363067567646,-0.008943326284273762,-0.03083278720516849,0.019429900169831323,0.025997674483878262,-0.1033580602569156,1.295689683822099,-0.07377526101216582,0.09139591754130776,-0.8651225668958662,0.030386470147072634
13029,0.0011155994960448438,-0.6887001524186338,-0.050741885797505486,0.017288050159798493,-0.05528706488694979,0.07366585863040272,0.10893701798780026,0.10078251653337239,0.1695414536267893,1.0194385213700223,-0.017366390311670473
13030,-0.21216774748721187,0.9436261321068329,0.20673057456390237,-0.04621844326495214,-0.10166378897338185,0.07103694847873314,-0.08870294044957383,-0.5405778306057044,-0.05200339528580446,0.2039264022512926,0.0697175032068409
13031,-0.09236571054039085,0.04137927397233304,-0.08316033819185903,-0.5233848698831984,0.03762505853009889,-0.007438039133017627,-0.08302620700315168,0.8775223317414665,-0.025319249536075804,0.05625765843855573,0.10315105341964878
13032,-0.20266901413751184,0.027363431561259654,-0.11686997445425341,0.8350944133329475,0.05448786692746181,-0.05013212227841961,-0.14663685524456463,-0.030284037593301328,0.0767659747310072,-0.12099135821435081,-0.5628252431730506
13033,0.04241761574692232,0.11735157381972176,-0.19632540107020158,-0.05849431555571923,-0.41137199974541333,0.12125606721041395,-0.019783196294424543,0.08069093114175206,-0.031269688766619175,0.07573196898534355,0.980936207697781
13034,-0.05333888129990932,0.18712529143865006,-0.044391511633293204,-0.0050398917395415785,0.5996937587046607,-0.035451071996690633,-0.10239612278568389,0.13284693967780542,-0.047394466331605184,-0.1216265502450726,0.06548062881044969
13035,-0.0402388528203398,0.11693225969401269,0.12130447212910696,-0.0230652357820289,-0.10878080633176337,0.013076268264434874,-0.054780368390700634,-0.00957819529458182,0.53084112023116,0.1333404815076864,-0.011360878209699079
13036,-0.008601099347119948,-0.07868957826694768,0.546772160321906,0.04565215797570629,-0.0841363657582831,-0.181409617457932,-0.03245195405701548,-0.03488865129217259,-0.062128267386082715,0.08099087127054755,0.051135739242655014
13037,-0.06325937737453025,-0.026962146196285067,-0.07644631466478176,-0.06270696050873398,0.04328056304675621,-0.6868200803317124,-0.02944952879428999,0.0480176365592507,0.12995070151711144,0.007369867983687239,0.12841839175708467
13038,-0.15919164684031462,0.030475857219277744,0.44360283339892875,0.134530146092345,-0.11457952970776439,0.2573779741865127,0.0066727648985887445,0.09967394794985344,-0.021130369252899982,0.1659766475393492,0.09523334873629177
13039,0.002653570046350413,0.6046082672581401,-0.09039788830571997,-0.060721933268413415,0.011701751645224733,0.027149835977354507,-0.023957963300199003,-0.06934814199388241,0.013589030717682072,0.021897295062845698,0.07050523469598619
13040,-1.7909801436672692,-0.06360101501650603,0.09164870623363648,-0.05733929851642296,0.05396782692040007,1.6844599321468874,-0.09703047475202836,-0.13344664661451675,-0.021789107900391968,-0.08873665160966325,-0.19772156771285074
13041,1.287038128301601,0.06550158806001005,-0.06177880659910361,0.012345770131363492,0.10146645250037215,0.11032094013158412,-0.9094502374481104,-0.1231772756961007,-0.03877720624504868,-0.11786134366748105,0.03172161021368016
13042,0.8112823444176106,0.07448825167506098,0.11044178953585297,-0.033515652723867084,-0.020059187778874332,0.05815913129627659,-0.0138941928886783,0.06827391216443028,-0.06315672455633643,0.08243406017136085,-0.09596475581546646
13043,0.6243742668207334,-0.04523251853246603,-0.0207592846683145,0.008084465293960879,-0.010941042183892094,0.030747579967858082,0.013339329779210596,0.01775837713839709,0.034900165860433624,-0.026669374117685635,0.0085547278441406
13044,-0.11158532424844451,0.09193526080363522,-0.048567112140472414,-0.0049191701603964145,0.041813987413442874,-0.20100458377273103,1.22776610621762,-0.01831479679896863,0.015021590082469586,-0.8389491877958013,0.04648295812283369
13045,-0.2757454062781996,-0.6118972450337922,0.024999444001837536,0.09470692009422235,-0.04948190671199358,-0.010809774699239069,0.10323039688013377,0.026605578176278774,0.21957674764575025,1.047880969835401,-0.05753741028760666
13046,0.12316914913534462,0.9632891095581989,0.008625461879603528,-0.03934401715928319,0.02890350780426275,-0.1333387209492933,-0.09292695535433375,-0.7015526731414758,-0.04284437830186169,0.06575415608441554,0.060662751262004905
13047,-0.016478909827790093,-0.08365494326269426,0.11067909297312106,-0.5768769867732492,-0.15454340139787337,-0.0006689185999779364,-0.05644317481514108,0.8365791221861592,0.023479157871291092,0.029027763043170406,0.029233385354234323
13048,0.4024584009959843,-0.022957304528934477,0.04617025259412034,0.8162520935419996,-0.03791250732080789,-0.011958976915911123,-0.08686958209452408,-0.08103167345347645,0.09274637669271034,-0.15333704381775684,-0.5179788826662519
13049,0.02268918357637079,0.011439984556087638,-0.07663385409851972,0.015698300410721136,-0.39972294698094685,-0.21684655789272123,0.04455009918022852,0.018227988201652928,-0.22928246219094287,0.03007030029597594,0.9192428811900867
13050,0.06835663412228794,0.10605904044974226,-0.15096800063356824,0.04772479674925863,0.6498438509314742,-0.02603199971627529,0.04591380654257965,-0.13356146455160087,-0.15821232730065418,-0.06262880241247065,-0.0265793089919251
13051,0.22176479678226357,0.12444833856984153,-0.01205571116837767,-0.05674051690987912,0.053699970063420234,-0.09817670907726861,0.06734316126693585,-0.09372989949112914,0.45549665544860474,-0.011695509656756545,0.0488022702597889
13052,-0.12472706062462606,0.14119745455739632,0.6081265527350306,0.07174105125708334,-0.12920869884304076,0.08961571892364623,0.09093576773025065,0.2283201093845872,-0.049602184543481025,-0.10876621356228376,0.02666158349776767
13053,-0.03238302347714611,-0.03065751369040122,-0.03761130701850217,0.030151620230467965,0.039089162992861,-0.640098425426753,-0.02399640153344988,-0.11333838160629486,-0.10284490003007637,0.06345909736705414,-0.02138303547277008
13054,-0.14865602858058558,-0.0030781668586473045,0.4113867104637321,0.034227853727745394,0.12980747440491489,-0.07825880486829796,0.02532499017353708,-0.015926840826467344,-0.05504202254930574,0.04900528654290265,0.11162339260191649
13055,0.02742947782968927,0.7493414295438142,0.07701846714991344,-0.044078254272339704,-0.02604539509432137,0.17905007827009128,0.17931507329412327,-0.057524422726949354,-0.03735760605317266,0.06766775582725043,0.01790388293925811
13056,-1.6423048073048172,0.002043078465814003,-0.031081713899116552,0.022363759175373386,-0.005574597845605325,1.5941727050562198,-0.11373177564280199,-0.012566791978539849,0.1840412934567521,0.016514630357880665,-0.09617103077855987
13057,1.1760476600919085,0.054676996893490065,0.0008908685131342444,0.0014896273751932667,0.17317214926183075,-0.04567181604407394,-0.926553027552813,0.05841922222649037,0.1027318361004071,0.06302387544911343,0.06656604623064606
13058,0.8633996957504472,-0.05762788610386455,-0.15364554451600318,-0.06769266774194804,0.00619094823692273,0.07320169403883797,0.06792860310407316,-0.1069954181491378,0.018136418449121734,0.040906200185868775,-0.023306235687377115
13059,0.5655899408695318,-0.04338750209480421,-0.050950522299381726,-0.026327253325152292,0.014293704130830465,-0.01283066401786756,0.07496733664701687,0.0037853785341613374,0.04135310933989,-0.013054255392944638,0.023624393951468578
13060,0.03265758551729389,0.008998506345913555,0.027852436659288195,-0.1198597278051536,0.04270930088604187,0.13594679847444074,1.3431332831136817,0.09050759187726612,-0.04271714596802385,-0.8433271117433624,0.04404849296377236
13061,0.07549979961123748,-0.6995387925019648,-0.03186077671174959,-0.004918187346634798,0.1529686638724491,0.07439751998673523,-0.08517158128235659,-0.019148284809125487,-0.05288626246046424,1.0086662507464448,0.0289519769570303
13062,-0.04827696350445307,0.8697350021002979,0.0316640014395842,-0.10797860853640225,-0.027291050869253614,0.05694151096913862,0.2014908845171365,-0.7105979243760326,-0.033911617559286525,-0.07003633120929469,0.05865403879058859
13063,-0.09294736823510645,-0.05045053343099055,0.21254027016866994,-0.5343304971073344,-0.0009138757175949728,0.017141810095262236,0.03445426914493878,0.879076039293677,0.09921672901951391,0.06447368415994825,-0.013758334496640478
13064,-0.24733761000260782,0.028137073825662266,-0.22079902628620832,0.7651735224221154,-0.09460788430611314,-0.1429881227916954,0.009567973189416738,0.050750377556375376,0.023089258592121693,-0.05417694492197078,-0.5993880906419519
13065,-0.33572974585899856,-0.08208864933694106,0.02109401483796621,0.030862577429169164,-0.5505393427842095,-0.09923364327128113,0.16287119242108103,0.06965615400672062,-0.0790390301237593,0.06612869913992797,0.9274471072824761
13066,-0.05864829335432213,-0.06381763879832894,-0.02109141765594352,0.0046666322043868915,0.5503133103979629,-0.0025007988995415357,-0.14888128442088264,-0.11907014892568041,-0.28289887146944487,0.03063084104800058,-0.05896862845139407
13067,-0.05954555523980716,0.09043700597139276,0.07556742818734598,-0.03707559584121205,-0.0039644685458796345,0.21187051614862726,-0.01153868197913578,0.042710267969167326,0.49267832889862295,-0.062210636533266285,0.09500058026639846
13068,0.15920355293269875,-0.06390102171506522,0.657824677003176,0.06947800601259244,0.04278688390715521,0.03684010529005332,-0.031031420341161138,0.0145098106908088,0.16093754975046257,0.06497785729933558,-0.0536533002202099
13069,-0.05442617547359274,-0.0694295781482771,0.01869052699885874,-0.08349205169205534,0.1142530282810012,-0.6369511490773166,-0.02026666594379041,0.04085545570835456,-0.025997292217522408,-0.017564645577428244,-0.0037642699026256363
13070,-0.06599752799091477,0.13358313747710085,0.4531379918281844,0.004685321043911444,-0.08645038003526523,0.06040613288123798,-0.16701818508444133,0.11637021960795331,-0.016494332427289142,0.003028882947501351,-0.040258958231363495
13071,0.017657873846047077,0.7637073496875403,-0.11123304507022858,-0.018708434730421577,-0.0058168861579653945,-0.01361107318958904,0.11778707152118058,0.01860959750764517,-0.03035102265117576,-0.07417645098405984,0.07685286584698983
13072,-2.023611444353712,-0.03596884341024684,-0.16549041744637494,0.11592056057541324,-0.1740726421893274,1.6294028075939544,0.025471350978254422,0.1877822288727232,0.09752876869394277,-0.06989978654351364,0.0055009431350177725
13073,1.3367945154194825,0.04602901942914747,-0.010382194137476857,0.022994202061144702,-0.06487035602050867,-0.18341198213371,-0.8616869447227549,0.04527252793097225,-0.05115999646416319,-0.021211050466769802,-0.012009502961911802
13074,0.9789859827344389,-0.08362269580279573,0.018283042388135086,-0.1461956263354752,0.19190966378182134,0.1444559209361916,-0.11295339965569678,0.027858033950845004,-0.014092238267144893,-0.03819042192677321,0.022225344105940625
13075,0.6722816261970851,-0.03800107173101647,-0.017461508008344673,0.04312198976695422,-0.01702155236898255,0.09906894960873089,0.0059357833848853485,-0.026745540132849764,0.061699375899235784,0.03276032976448256,0.04103248369519553
13076,-0.07458296802821124,0.07866287323963263,-0.08199330780066344,0.030084902451302326,-0.00587354064278002,-0.12680919068012034,1.2368030060669513,0.04756210031928154,0.1128068620596352,-0.879946174064343,0.11450607935968028
13077,-0.23571570591593924,-0.8280315004756869,0.05450824507614737,-0.014394056369139716,0.08918626121732107,-0.0687777646931172,0.10900551121570659,-0.038988860172204334,-0.0011828238030932622,0.9938602102390452,-0.09338854168428591
13078,-0.02935675915526014,0.9606993618319302,0.007972239484735355,0.04795516237286117,0.031424377029742906,-0.05318315686614455,0.1465497140821444,-0.5712547985813967,0.003122057515997441,-0.16416902280451923,0.032426794656201824
13079,-0.14254010506920303,0.1671057800185227,0.05033903601854088,-0.5316614689431407,-0.005864412040433946,0.15095891466496675,0.16061427610783827,0.8408524927922143,-0.06865357505409864,-0.05920414414555266,-0.04096305620244019
13080,0.15642482823658066,0.04825375837802017,-0.14069274202376525,0.7589226484764869,-0.02592975245114467,-0.02423383152033444,0.12074720637664244,0.0044435937665511195,0.004992361974126539,-0.10489010604488945,-0.5967566593943121
13081,0.08418131860062866,-0.05438466089103204,-0.05462850653774028,0.052407164761925064,-0.2822811572184513,0.001322538208545753,-0.0499033260436865,-0.06098008636430924,-0.11524293139378962,0.10560287376666924,0.9073241118760574
13082,0.1644282425201482,-0.18781508396413518,-0.064234564969185,-0.14017591762302284,0.5750786165792092,-0.0001560645358339502,-0.006011529056619441,-0.028817657389532656,-0.13608363286284936,-0.1369281393474458,-0.08902581554800526
13083,-0.02003556871494683,0.013893694459511333,-0.21825117986679216,0.054071152091442656,-0.04132685638960038,-0.02526563522012288,-0.10154385351461098,0.15273218971241678,0.4701535113989526,0.06385752301904268,0.02451214488736428
13084,-0.14994294488575766,-0.029807782711261124,0.5848588974576604,-0.013892651050564083,0.15174221437405463,0.04421950658410855,-0.054090541990450706,-0.1756502362006541,-0.03974831664739117,-0.0690514250339294,-0.045415864239875876
13085,-0.03647275298245006,0.03455521949848317,-0.0183663273682075,0.02554514382804896,-0.04212951435192189,-0.7091480657325322,-0.07596720274497591,0.038273696792907916,0.04867503309505975,0.12269466898629082,0.04800959102105242
13086,0.001267936859662722,-0.010835240748448433,0.4293009716626723,-0.05041483327351546,-0.1795695243541128,0.08554977763118153,0.18752375532308777,-0.05224606766547396,-0.01420227879591272,-0.11431937365378152,0.017977983962022603
13087,-0.1017594406522203,0.6520000269595663,-0.0418104648713928,0.030407185646769495,-0.005653408263420066,-0.004634994446286664,0.06825055915218216,0.04632688654142478,-0.011758313398664923,0.00712197198312451,0.06706397960148308
13088,-1.7989189988501246,-0.10419560480150841,-0.019046284300277407,0.2458563664960214,0.04253212232067125,1.6483604443962399,0.12299817298520854,0.16880435903514737,0.12116516605543314,-0.07712949123056283,-0.017112678229180764
13089,1.41518549732776,-0.0016882771647584284,0.05136839215424634,0.03577148762214233,-0.05501024576933311,0.1736554781411798,-0.9681828106681646,-0.11456777294757091,-0.029989203100132554,-0.029276694595794333,-0.036582187552049145
13090,0.9217223751867175,-0.014060484850674862,0.009783497331842406,0.009612890401285115,0.0014045578322861695,0.10391913921560099,-0.0578531327375322,-0.09843495995230468,-0.01705974352104729,-0.07183707291943318,0.09800649264074608
13091,0.6492744109971803,-0.020478034635792237,0.0689500518692492,0.0022176275196737006,-0.06933634929453134,-0.014954134036816662,0.06662394503856538,-0.05014479159615146,-0.006045834079362778,0.03668200225220182,0.01951296350006423
13092,-0.11760478727816703,-0.06138426225727892,-0.018930758681490047,0.13491812833375838,0.07928734842534671,-0.07647153961927858,1.1006061590279426,-0.18623273477379898,-0.046085097455592465,-1.0322591351755535,0.1119348308117583
13093,0.03707919456805408,-0.6591117684120119,0.1468218559610996,0.03309760796694468,0.07351529669550318,-0.24048850561161067,0.019538326159699304,0.0539083182881458,0.013168848981851078,0.894481285030876,-0.00032456549760210857
13094,0.012134106762933111,0.8203429281207381,0.10562332630123414,0.05626191152664439,0.07001583924879315,0.04331859994812592,-0.05878257180222038,-0.6040088957651321,0.07701505436349011,-0.02241580864952032,-0.008266685129209025
13095,-0.11943518418860634,0.10610832758072467,-0.05875651413413069,-0.5395193443581434,0.10926056959471452,-0.00507156645426826,-0.03254022440566077,0.7250293538242422,-0.03913491649717739,-0.08364126527891194,-0.03966048677254054
13096,-0.21257232104972665,0.1332228213412206,-0.048373177641551884,0.8273476477477087,-0.027782135201557846,0.047098273144539966,-0.1813819508660395,0.061020231110850684,0.15222213859200498,-0.09492433608725658,-0.42133662208099915
13097,-0.04302419298383209,0.09391321023096132,0.07838012120737431,-0.08244122957145052,-0.5781422862462887,0.15922318450858317,0.013482199116502256,0.06080684104434204,-0.09809422365781324,0.02628348716884457,0.875375649418975
13098,-0.09235359812441342,-0.14458477153765764,-0.15462086835257424,0.0006405645283785138,0.6470834283941792,-0.04502843890473455,0.027319547288103697,-0.0746953148157722,-0.35033776239334924,0.020485765985077217,0.032242371777334404
13099,-0.11502338725372124,0.05679806679265267,-0.03978133638055319,-0.0036711292058652385,-0.052018682388866255,0.1635113331676754,0.06933791758191085,0.11361775287319387,0.4817424927137457,0.01944869146164701,-0.06854888722180007
13100,-0.13379047427360488,0.07512551990067245,0.5500379404989035,0.01134354052608445,0.044156344554787855,0.10439723282883108,0.013935174964691655,0.08965390447854332,0.04370743919506001,0.24189608052418893,0.03299340033601818
13101,0.07644161715907544,-0.031695480781905705,-0.03655316797275496,0.04272498758026344,-0.0006109488797389918,-0.6525190828163188,-0.06417985574010286,0.03657962911530665,-0.10585654209215291,0.05100209600085706,-0.0883616626467621
13102,-0.24558902725933024,-0.08647826457442999,0.43808837426413055,-0.011559554935226576,0.1758468123844803,0.17308630765431432,-0.09344419308421699,0.00420184062009402,-0.1334826310873908,-0.130098563838831,0.07631082865642477
13103,-0.17659765422670415,0.6276241279776003,-0.09104548253472251,0.0169704847774064,0.061055564471145476,-0.16828890232155913,0.07422796832676673,0.08881599035792562,-0.04832546330586613,-0.019657445285593274,0.004150334001718371
13104,-2.0311369663156156,-0.0014311932011411097,-0.14169217178894464,0.004307042822075564,-0.06012351922845479,1.9012077285976399,0.04859376375363833,0.07518011582170403,-0.11344552546892955,0.009752826323425287,-0.1256539109495857
13105,1.3630673095024437,-0.11507915233896854,-0.0014971139241556908,-0.09475584001175275,-0.1285364715182661,0.16209464604137358,-0.8845781986455058,0.06806282169439702,0.057093990239152397,0.03678307834919832,0.08058401397028934
13106,1.161838256772549,-0.10970703847609287,-0.15896761789140773,0.02821980413806222,0.1100796186258963,0.07818029066492048,0.11041098700032694,-0.07301940046137874,0.10579015503173586,-0.0037585407153063587,0.1641398469323473
13107,0.6332268981035996,-0.047512357945747694,-0.028990696207243268,-0.001641484087516059,0.007275124116098334,0.09064215412426904,0.018163342168397253,0.03748946631599793,0.03946241718600611,-0.02894854359263476,-0.08767011756700874
13108,0.06868137808167635,0.041931824648704166,0.0031362413243535784,-0.005111252526442054,-0.04321206884529169,-0.29294452351879463,1.3513019755778457,-0.15840191770073236,0.0540149974268693,-0.7937058649604337,-0.12191964530778641
13109,-0.1172943438766511,-0.8128395832117633,-0.06962574902486128,0.1549994785113681,-0.11768397801091797,-0.010952100347219692,0.13999876971449549,0.02811194273006551,-0.04215674464494589,1.0028755389164983,0.12603980096203668
13110,-0.11016276909280215,0.8053727870516714,0.19404584689624163,-0.002354436694296471,-0.04746922160545589,-0.11873279930266689,-0.1401058843892027,-0.6605113424083275,-0.05013144977433952,-0.08433031951675268,0.10140202412321396
13111,0.14785306412020185,0.0018439667446034183,0.04107329269211805,-0.5572611905161964,-0.0426727704559843,-0.08399392516228688,-0.05667707808283978,0.8383739815665935,-0.10621810535498845,0.04075856822437339,-0.04236365967486039
13112,0.022306279238863976,-0.14920087835321924,0.0007570683598385345,0.792901683735284,-0.03666780113813976,-0.016681430242784463,-0.014321447324919596,-0.05011587380216406,0.029055175054605028,0.05866716995058586,-0.4571018331694964
13113,-0.05221696924746476,-0.06760569973672412,-0.034302292195486736,-0.03423526923877237,-0.5046240946673965,-0.0751258062830838,0.016742290557745634,0.10925513550838904,0.1865348360245961,0.09690023547170486,0.8546398072587468
13114,-0.009347499495963158,-0.11068614634498186,-0.02183447776991787,-0.057729994522598915,0.5725786506410209,0.14182300932029981,0.04550872873049487,0.07500098357140611,-0.05189462112292356,0.011177942992758958,0.05195721535563641
13115,0.1469475331320437,0.09079097819968188,0.015246029568293601,0.05762210781659967,-0.020233071116640085,-0.05601501824127664,0.03979791199082642,0.1486015245563051,0.517123906284392,-0.0073273972470198215,-0.07418521220909305
13116,0.03439614556454387,0.06643673951256242,0.6084643210913784,-0.0750121344907583,0.07655110856796195,-0.03678187856127078,0.19911829945793305,0.1632195366155455,0.07942819915339935,0.20725675477939173,-0.03677130378936922
13117,-0.026404633949084447,-0.0798281940898099,-0.05258264546718355,-0.0032252574830128875,-0.023122762679525607,-0.6706991202397512,-0.11595321107854675,-0.06439300336441489,-0.10589744345946886,-0.07532850563811466,-0.026724775289883547
13118,-0.027792608120754115,0.02516575852420727,0.38573105513450706,0.02589193851271875,0.04400898913886028,0.07814102680824911,-0.19662305451021025,-0.023311646460127677,-0.062477333420072716,0.0765457866376797,-0.004470262572630904
13119,-0.04622802942351216,0.7319563285021027,-0.08417998400414316,-0.04367752030277355,0.04505911991708547,-0.1655892813787304,0.10573220999003038,-0.01623805777356943,0.06756031405886787,0.05958612364314135,0.0583003011647423
13120,-1.7777304266416396,-0.018022105751009772,0.03414666561378139,-0.04267198074480363,-0.05432163411257009,1.6722246363412387,0.16519925462482746,-0.0236375100126473,0.006713393013470161,-0.02903525828898086,0.11451275566450123
13121,1.4435159107366549,0.008820838237803615,-0.08806682770773606,-0.05749445094401845,0.06397964917237778,-0.022613858999311766,-0.89231899018711,0.09229780857063923,0.057162627530933575,0.03820552748514287,-0.03227131237911528
13122,0.8660550961674748,-0.03273543955551611,0.23291765967802777,-0.09274134141361311,-0.039923008330149126,-0.10580728587496609,0.05608222154470505,-0.013403806852077593,-0.11660596061397285,0.031199810913510942,0.005057330567950526
13123,0.6231255059832328,-0.017460922176931334,0.020286907812388875,-0.09488747379353309,0.010154624515535754,0.08978813852217593,0.03665228545289478,-0.016346458668446726,-0.06419451051149358,0.04021184320657906,-0.009774199075721189
13124,0.24275180946446973,-0.17880225629538637,0.0269830466783213,0.07526624261571806,-0.1197375732893905,0.01238667714789881,1.2928145555216028,-0.028464460102251888,-0.031013313160565225,-0.8052352880241331,-0.13092809503677427
13125,-0.24774711293182836,-0.668471457911029,0.047897779437729195,-0.06950259247866612,-0.04993153887726063,-0.0008335117377747305,0.05347482566292214,-0.05454007306567504,-0.07524453462232836,1.014180748058546,-0.012917380733956152
13126,-0.008976241009100522,0.9992114796391524,-0.016867749760097327,-0.005493229501325551,-0.046927719538861094,0.17247800967723173,-0.07909139525358913,-0.7274917121640601,-0.08052331097629586,-0.049922836607896134,0.0806733450825609
13127,0.019368518311194762,-0.032496100715464334,0.15622437677775974,-0.6306430041377553,0.029974906578763325,0.04608267082766836,-0.139408738150725,0.8056618711996408,-0.10534011567536686,0.17725508052394154,-0.055086999332098235
13128,0.12002486868630216,-0.00962770460475131,0.0034534707499837983,0.8331399389023483,0.07936877116455865,0.14929854259307226,-0.07136519048191842,0.011360654917974174,-0.02421301957407401,0.11600347657688723,-0.431629177799286
13129,-0.1471095953968275,0.1429355303247814,0.04205711609265565,0.08616304909236049,-0.5631843302558446,-0.04086026258596025,-0.10688682237295953,0.1786578072620768,-0.17670610123199523,-0.10555232865271744,0.8053400270407317
13130,0.06408529321516662,-0.044287388526714815,-0.02827454832039277,-0.03061039581269391,0.6048161207123328,-0.07329840348003551,0.16447365620009455,0.029497302156542417,-0.27256998429135637,-0.1729960850264542,0.018679654323236178
13131,0.16044973252314002,0.06143534158887188,0.1925866606362116,0.15512977552528098,0.057394600926583945,0.0287019741979917,-0.18652058774569374,-0.09215394720148634,0.49052264981347676,-0.1107007652741282,-0.2039641241421314
13132,-0.008645679040156904,-0.17299635590718354,0.5493594756723623,-0.27859527627465636,-0.11326579507481166,-0.05920784756573095,-0.022742408729735274,-0.06818369972400064,-0.055431249162903574,0.03672606409866065,-0.0018957671095300842
13133,0.09206163525012465,0.0014531814780229975,-0.03784935263116997,-0.06657541564189853,-0.07130654601185708,-0.708703269991596,0.026490590740808336,0.1395555407072097,0.07394625411193252,0.047632768544194175,0.026263409452966194
13134,0.0009226811615830593,0.12518653413488368,0.4593043343354931,0.059478676713130674,0.20205861381417609,-0.025540126246409084,-0.09096518741333103,0.015698967465405916,0.07245649835165367,-0.017451676756150086,0.024374447780091325
13135,-0.20394761030344244,0.6386630081782014,-0.032386226799177124,-0.004474850342459457,0.031200856222735985,-0.027498848070878656,-0.07420221575047951,0.040987176568163405,0.08555915452835192,0.08742643681336168,-0.03458010369803127
13136,-1.9784957719751308,0.07014239258516776,0.10316583444341021,0.021100676605251903,-0.07720622626094899,1.7054670385127164,0.004495967921956773,-0.07258597974328367,0.025811124568399173,-0.06799622017000224,-0.1254029005737399
13137,1.5185695560311485,-0.009927223683234277,-0.027528071261350498,-0.016859198371960635,0.01008998280293088,0.12352573909708796,-1.0363714788790392,0.039594210497982195,0.15188974251661436,-0.02787169773619162,0.07184904924626435
13138,0.7260682356269218,-0.05636149138726298,-0.08813889457981712,-0.0440617893583093,0.04356631024362602,-0.16761632183132513,0.03373155188346541,0.08553207738772016,0.09614335420145843,-0.007872716862766353,0.1406336372341317
13139,0.6377040863519059,0.051427703521515954,0.010945626556948165,0.040237039329500804,-0.005264701794017234,0.056631958071941074,-0.027808205781938523,0.0042783223939599595,0.009759591130343453,-0.025976103704138623,0.004574347521783403
13140,0.21879279526370257,0.04672817804343847,-0.04725019209714924,-0.017235758827397567,-0.021905830765485804,0.021403919556785445,1.1788442826813568,0.007437091922147558,0.004734115162304065,-1.0044035800993354,-0.042554363794565744
13141,-0.09679811121548534,-0.5878392483172722,-0.017152688190555515,-0.11505231698595082,0.020729924155082357,-0.20663224419789053,0.027841423916532517,-0.07884541307914368,-0.07734376607291976,1.1206990678049547,0.04075084540004924
13142,0.016342965208306765,0.9541159229797118,-0.014353334936281372,0.038196240728201825,-0.03314262945395714,0.05204445799561933,0.14029154707834268,-0.5627463575548697,-0.07886816523191365,0.17868263060789846,0.0880558993419313
13143,0.4042507535585876,0.21522073337233316,-0.1246313006843167,-0.6199984235805418,-0.031295719009020416,0.06369859989618143,0.11410219163529403,0.8715910474513755,-0.10986390992361052,-0.033740566471833315,0.05654612161545156
13144,0.09306876586983613,-0.13766307856131824,-0.039310515641114645,0.7818024286997179,0.0031800166480475843,-0.21820668540589133,-0.02305391076255757,-0.07800905811296596,0.09888714688439519,0.02755067679419999,-0.6655518755293822
13145,-0.33035551981931893,0.10481970315361278,0.06044417065614665,0.08370616618621905,-0.6645683952349423,-0.16719356655955145,0.017606911482141163,-0.007381638166290042,0.21103090033380556,0.012756599775293913,0.8517032910958485
13146,0.07733526340860516,0.1363930128576877,0.1611750842425758,0.09135210086319812,0.56929331284323,-0.16483900753058658,-0.06353218140740584,-0.08258200532032503,-0.42764597005993477,0.048363263927637415,-0.050868573281872484
13147,-0.0639021192652566,0.19517454730971306,-0.026704939752888464,0.022875438300583882,0.014179689737097653,-0.045705436293139376,0.11106805789819757,-0.04099147618732353,0.4938149473009216,0.06075685503542556,-0.013568029565930683
13148,-0.02139616776729705,0.05492679124090824,0.5594561262402962,0.15557742226712035,0.019477208862588215,0.0057919204694109865,-0.014785131209616706,-0.016705921546901675,0.04123011199615931,0.00613279354638482,-0.14886755869825066
13149,0.07166139903622488,0.01661282766922907,-0.013570304512999724,0.02486535122296833,0.048321803402151184,-0.6968508551139792,0.03870258379546646,-0.01533081137920689,0.005466010364510835,0.020284288116740806,-0.04396938956774349
13150,0.091814520139988,-0.022223184177510978,0.43552720941208367,0.001026233831062638,0.04032791747717261,-0.12136380536229303,0.017274108405286013,0.025418120899565168,0.019134555265002677,0.07723217758231819,-0.017676678764452832
13151,0.15613878744099305,0.7273577334565116,-0.07516983848956989,-0.0024727660386705884,0.05369132257816092,-0.11000267798473969,0.14051528086825021,0.0043764389601918955,0.024643441138525315,0.001626875997790135,8.090652294100967e-05
13152,-2.065046138018562,0.11934262510343281,-0.10894552499442525,-0.06306137014925121,0.10532728434331878,1.8285217706292114,-0.038828867091345795,0.15077979680512754,0.16809666048469293,0.042547066221093326,-0.012725081566154137
13153,1.2987611352222013,-0.04108768390664778,0.2240360384665105,-0.016428199296424032,-0.09068641931483307,0.0359391945719862,-0.9810086650069634,-0.09242111297551499,-0.020465207964424158,-0.004766628379049969,-0.02823718068607958
13154,0.9220848190746358,-0.002635220063987958,-0.10188574506941131,-0.10545122800780367,0.05582787373292751,0.11289029615352522,-0.003041810423680122,0.021752165408317058,0.07546692781027839,0.05557834763673663,0.11084921136489838
13155,0.6129698655826187,-0.02194443198949132,0.04233490895454115,0.004203432093139622,0.02684696004351642,0.034183831711185345,0.05032686963235001,0.007326338874938786,-0.05144061712301509,-0.10332167883522754,-0.013760756427006953
13156,0.1035490391801846,0.1298621853785698,-0.062014294460494626,-0.13052364669683122,0.03694209850743057,0.10182292688246275,1.206318414489781,0.06564561572110458,-0.10978501471910565,-0.9005049661495684,-0.13134970837564394
13157,0.07240571822330227,-0.6883792486803536,0.11844055826608697,-0.021708649801652054,0.04405408129872041,0.11163689820658387,-0.05673141754751835,-0.03416890075322212,0.021173244139683436,0.9094406085853306,0.11808204171267721
13158,-0.20594284796463166,0.988688353498401,-0.11643252915909445,0.0944071204827199,0.09169023501796232,0.06409213329492136,0.11060103294211998,-0.4178341392180722,-0.03256089596145064,0.016412579082419963,-0.045439218629054735
13159,0.03672676605373331,-0.0012845072835465537,-0.025451577796298853,-0.42651502669397123,0.14717672025612277,-0.0956672880937593,-0.13598390618898165,0.8090169912247753,-0.03845636394584017,-0.04078634802143416,0.011578417103289801
13160,-0.20335904376903138,-0.09892971038133755,0.06176964886053896,0.7432353106930648,0.09349664312420028,-0.1565655551968824,0.03821362450928919,0.08458411132483962,-0.07542515779227872,0.12609704052089718,-0.3918973113628003
13161,-0.059000054244420924,-0.09907704376411464,-0.17816460375495954,-0.026056117569718394,-0.4719030502985195,-0.04888467153123929,-0.05935929382055534,0.03646811197085174,-0.06101001938192922,0.011058978498346476,0.9389004764142197
13162,0.11980023377444446,-0.19384846685985124,-0.1381422438629095,0.004298833407716811,0.5924224281688594,-0.10916471649601808,0.03877466075063314,0.08048464221108965,-0.13516353936214268,0.01960252543173873,-0.06788744427165702
13163,-0.09049001243057521,0.15140871219268331,-0.1685589091965694,0.04347782857388713,0.02982812904776786,0.10898646130160457,-0.03123300405582917,0.1644487786209896,0.46868376577643295,0.13242243822129665,-0.10118089898280411
13164,-0.12213714791248133,-0.05688554305632849,0.5845812946506771,0.07263802874189836,0.08529731623786141,0.08605802570567764,0.07049187905152186,0.07818123777747148,-0.017511453506571663,-0.012230992845854567,-0.07008882008695083
13165,0.0897887793858155,-0.047380204605635065,0.03917000009659062,-0.009391870508308623,-0.10449797450973154,-0.6657799543267059,0.07645149889692851,0.022803668776067675,-0.1686962845845213,0.02518519647830831,-0.0043508368874771945
13166,0.17746478720088957,0.057725815906278635,0.4358499804811024,0.09455772780325818,0.12119268201358845,-0.030611586914148954,0.021137173611844886,-0.061327396898743114,0.07246038475533875,-0.0392163920786529,0.042056378417328774
13167,0.05135568556574192,0.7312577908636135,-0.039516804499568056,0.06019129983261844,-0.04553849116275503,0.04609546718748479,-0.00527947309323494,0.0042803750359359845,-0.09805896540006317,-0.12047600722750688,0.03670484223534051
13168,-1.8480874336025384,-0.07095117570870639,0.13059371748973841,-0.020900977927209397,0.03372497508871764,1.778945431030797,-0.09343844604982675,0.03782314413842597,-0.019034842213225895,0.048035531476110956,-0.030405355629665717
13169,1.472689270911127,0.015151054370540585,-0.10965236956513166,0.06158349882659466,-0.04840068933785498,0.0703579003015178,-0.9695980696186224,-0.05876318412356056,0.020060949689290893,0.054590496873104785,0.06591368613728138
13170,0.8666533449194836,0.06462111470197326,-0.014340561670792857,-0.029584154218819967,-0.05285030224325338,0.30004596056231664,-0.042227636115206586,-0.13402148788359428,0.06278045211821227,-0.053463338460297376,-0.07048175967933648
13171,0.6645306332915042,0.015568801833993026,-0.04667407344002798,-0.008224667122473493,0.0804425596414289,0.06623171333369751,0.01749910571566137,0.010958668027448768,0.014444286929827011,0.029118376832935916,0.0027520179531439256
13172,0.08478058129387571,0.01067623403605359,0.038332970334375265,0.0006964399430861787,-0.06154224106323194,0.026010012975598934,1.3430000682267265,0.030100374774367916,-0.06353108229315185,-0.9353987492366044,0.0860648241246192
13173,-0.011290192879270848,-0.7566237377827516,-0.10115257345330095,0.03337808224246191,-0.032576643628042606,0.08003787043078912,0.04327689635025774,-0.10961174512090155,0.10161456296026122,0.9798259981361287,0.02690198440141832
13174,-0.03214032569391934,0.8035829598415754,0.11644957193791887,0.011156704259790961,0.007870539170592564,0.04507124621733929,0.17378828036236676,-0.5488255417974396,-0.10524568440405348,0.05668302996035204,0.12529360078052948
13175,0.019769605486057242,-0.15808072487954558,-0.04442416018621259,-0.4723054439899242,-0.07287914068159602,0.03205647671142403,-0.006828400358860896,0.8014213893472355,-0.09802649916779081,-0.02569456836762453,0.11529886245172025
13176,0.144294163536253,0.06670747561447904,0.04512213328028982,0.8150397463048904,0.041446303554305335,0.0736005270255666,-0.15995587753587492,-0.0024079396172855317,-0.04199995596862535,-0.01779276314954441,-0.41236796150605387
13177,0.29925682021390754,-0.031717624522535785,0.001212196314921473,-0.06141840858497516,-0.5440593211350073,0.034077821867627124,-0.14123122590606374,0.09352448106979887,-0.06039826483660043,-0.088335780354022,0.8679830092566392
13178,0.017084533397542054,-0.05051157586638632,0.03293373638931822,-0.09792700153607396,0.5200514871724313,0.014517653325642603,0.07951427154231716,-0.08377278618497747,-0.3006849034471779,-0.022066372564179842,-0.02737364632531348
13179,-0.007577127883587686,0.10617861889487562,-0.1970388746380508,0.011861501119013686,0.028778538406043785,0.1834072780057861,-0.21333254606063118,-0.05917527890704761,0.49855487872598886,-0.1787530329021263,-0.024457903170129396
13180,-0.006713758850398341,-0.015848629541700313,0.5402427893884975,0.0590760821037406,-0.08698448140824148,0.02041598744638517,0.00869285484507614,-0.10613403598740398,0.053281315090954365,-0.009475020356153677,-0.05461291154575935
13181,0.005478076150028277,0.06568559132208199,0.005546829032680146,-0.005968624830315101,-0.07300514447655092,-0.6979718607078912,0.04279110528654298,0.001850886172136593,-0.0026247320836017985,-0.005975500643938533,0.015260907798328251
13182,-0.02947084353740703,-0.11081231032767136,0.4006520861447074,0.07664941951037796,0.10133906266452035,0.04144120773823435,0.04289452560965725,-0.04320886221231577,0.027442723476952473,0.1833831617361235,0.0392965289004938
13183,0.02671671404402863,0.6939742997660965,-0.058413090900000304,0.009787467067038388,-0.07500421134509393,0.0010828555754906766,-0.025269318612758565,0.012623229652931058,-0.05328833129369045,0.031285316052765896,0.020684499275110187
13184,-1.7588256958610289,0.05164755178889123,0.0090946503645318,0.08733571140562633,0.09308249642872131,1.8091454090351426,-0.054247478685799266,0.024509477012312743,0.04826023641222141,0.0967248579353066,-0.0027709079445563797
13185,1.656499654522476,0.05558390569157429,-0.11427677923391497,-0.07890351832562635,-0.08040055459818363,-0.037632289416246925,-1.033881264000948,-0.05664894286938657,-0.03424844172616386,-0.021564648178730862,0.025278112497261026
13186,0.8103840153410965,0.0780837606461315,-0.07902714257899088,-0.0008039907741630853,-0.05139807564354055,-0.08684958951330886,-0.02448307111660314,0.1405423356400717,-0.0571882974551685,0.03923733325390092,-0.009076175584824478
13187,0.5730435364263337,-0.06185211429376419,-0.059281610497365814,-0.05383918413314631,-0.013480386162767163,0.007382611748690492,-0.015170322962443195,-0.011699643485802989,0.009246775043072423,-0.020326331356980525,-0.002094835445640482
13188,0.03440815534768496,0.04428417654518693,-0.08831657804143705,0.09421393419716509,0.013084981263501235,-0.10272545809844782,1.2425096129493056,-0.07980745690536938,-0.11827443551311921,-0.9143567790563344,0.004747447045209285
13189,0.15020125600838846,-0.7278317751573009,-0.024731867482316906,0.0132161670163984,0.031435232823273124,-0.005582519300878031,-0.11547043285192521,-0.072755496806689,0.1156572365297868,0.8995058412392388,0.01173712744412344
13190,-0.1989020147871418,0.8412727000932487,0.03251490621599273,-0.020453108219470138,-0.004140411430299281,0.20149897835108974,-0.16305959658786726,-0.5680046262867353,-0.025570114834277295,0.02259836349511142,0.06163853759103498
13191,-0.0806947824238248,0.035402848447337626,-0.1144344354442594,-0.537960521130142,-0.08276056679371596,-0.004197393328433637,-0.15861152658968355,0.820865983396004,-0.10709020067774898,-0.014285606743765531,0.0149482268077867
13192,0.09402569787385053,-0.029144597936176856,0.06614561671504761,0.8138434575238547,0.07622403103103395,-0.03363372264922269,0.04836564543512179,-0.028919367739376443,0.07987608788096288,0.04392856404465328,-0.48103503860347374
13193,0.019078514696895015,-0.08576642086340466,0.011391981205997907,-0.018263794413316648,-0.6129079282963605,0.11335108158057083,0.1850315048299887,-0.06558074989886595,-0.032358604142385464,-0.1798727479575814,0.8871697192949523
13194,-0.008172006259220693,0.05126419308530263,-0.02639976170962005,0.06471725787577046,0.6141759038804159,-0.07821559056086322,0.04398793218067585,-0.18409415649430538,-0.09678577088274357,0.16803976364802928,0.016674023142696462
13195,0.11886409106337731,-0.06435399892775373,0.07087249725655188,0.02989527144877066,0.04437160239374119,-0.015519020578832594,0.047259050918572694,-0.008325717966496839,0.5297041313266654,0.11794184450489652,0.07856094173453965
13196,-0.10537979472970227,-0.03044645750896169,0.6022540712977938,-0.07004296421775813,-0.1029886378207486,-0.2011948345778411,-0.0632514592078407,-0.0720189068112802,-0.05081400910855021,0.011841785329822335,-0.14896579229413182
13197,0.05652911017525267,-0.020814513295345255,0.05811625020608914,-0.07865702926959531,0.0211567366648492,-0.6551978025249211,0.07152127450971946,0.004632101712476927,-0.13639892844168322,-0.14023584237536177,0.05101705089477191
13198,0.2059663785508316,0.015767153536674253,0.4319083514074012,0.031001592478574515,-0.2111899410914151,-0.1405624292664119,-0.022195128268480403,-0.034054899385654945,0.06892223430776911,0.13670925214575674,-0.04949565987994768
13199,-0.08280058581538598,0.6791255067435826,-0.023763710299255853,0.06925255432810311,0.02735260094927614,0.10178950647343837,-0.0433913442293878,0.011612586501089952,-0.06667535972723901,-0.009325070085977319,-0.00033284532676113097
13200,-1.8277790813982013,0.03961455487325473,-0.03517068241256395,0.05607128110425856,0.06565299538673484,1.7287519417568082,-0.026590007421038484,0.031108615227805274,0.08476929863080723,0.18566199659800006,0.11756647685834576
13201,1.5425316330936985,-0.0903918926557634,-0.03550448794557305,0.09786531806343786,-0.07538266429732865,0.19295169188087424,-0.9148906588111725,0.06139341432939898,-0.09686132915325478,0.02370982613522966,0.0945385232520699
13202,0.879423338737255,0.003134641154819099,-0.007516478509455226,-0.03829612114950284,0.018133342161181065,0.15636870590350577,-0.00818865778694931,-0.15382234431650038,-0.12880632916205334,0.12846302004157506,-0.049898573132238916
13203,0.6122816110823364,0.035973672465766264,0.011110689362919188,0.004076837284613738,-0.03982606099945854,-0.07862319084707581,0.049285956317085086,0.030000750673347357,-0.10115180060846701,-0.025116424102001093,0.007504194998492793
13204,0.06619795584848771,0.02468249258610549,0.08846720286895086,-0.06893267292038711,-0.09843254513591476,-0.08739380208188785,1.3062624418905404,-0.056744328629320016,-0.15951201410502985,-0.9933664089110497,0.031143809694814718
13205,0.06834172834727002,-0.8338251057324835,0.13291648077620952,0.007994897410318438,-0.02272521897793396,0.048766592331846575,-0.004054784812185304,-0.036846525309628154,0.009414702380889579,1.0374613333149025,0.04639523610983283
13206,0.018464889895664437,0.9339919216939643,-0.049747082438523695,0.024875337872194703,-0.049903316371832984,-0.11660746632298336,0.14605909524991653,-0.5841123041590771,-0.03556081881499071,0.021680277201317714,0.007790135270173948
13207,-0.17621779307918103,-0.011463764431611555,0.09682670283741954,-0.6868762116418203,0.1705610752232639,0.03263634607299802,0.046861239712906975,0.6642405102690556,0.03793662567163192,0.027347934663148585,0.02857276034543997
13208,0.09482455068083828,0.05964782307910758,-0.1170510698510339,0.797856784351707,-0.08272414406975315,-0.02327170773217333,0.01978595922577401,0.03027297014465641,0.02118900946401541,-0.04096596575976404,-0.5084432678715071
13209,-0.17750870438767277,0.003800441944324995,-0.07493521915172166,-0.06357609546840608,-0.5664411349683367,0.07499183105264942,-0.07262961630097925,0.019836123950720028,0.033570446303854334,0.02796019870359359,0.8978699224755674
13210,0.09884965688581233,0.15409002351537768,-0.03911727331197287,-0.016293980499374514,0.5899106488026467,-0.07175640013754897,-0.16607453648876808,-0.117902563662572,-0.2895315102728848,-0.0006080359216731497,-0.03834360509041326
13211,-0.12740087494955804,0.09491714399419693,-0.07759212571956418,0.14266782331783429,0.0006089189409192565,0.0037392351685846745,0.04776390090196163,-0.07826649146685509,0.45320965906220595,-0.09569717014030603,-0.04913034941572585
13212,0.13817084773309637,-0.24294620639703257,0.6128407326670583,-0.19555026227757868,0.0596665255420456,-0.04828258681656818,-0.1470448669527767,-0.026986851280579635,0.08100844177089522,-0.10326067843633448,0.007291039192116266
13213,-0.10438480161695884,0.10820018358760378,-0.0639996493841909,-0.1315184512244413,0.08486528882734463,-0.6972593878059231,0.022904602242527734,0.0017605120268858127,0.004142346675235676,-0.018023998694464614,0.031159726611160066
13214,-0.024338931372085256,0.06950552606467783,0.4292967443518243,-0.19041098051073377,-0.04535384284831592,0.07133835801855211,0.15464558701882053,-0.008749786215441962,-0.015224841291131013,0.1010283045484143,0.08635205739252694
13215,-0.10417401656913146,0.6492358785622709,-0.03225090443844844,-0.02849651971471093,-0.003296250580002072,0.16390545075022267,0.06294613455345356,0.011717628594201043,-0.07324031565009109,0.034359462146803445,-0.06479163430681252
13216,-1.7826689263904552,-0.08022369571214079,0.16428019497384488,0.06583674649760432,0.2095539091997474,1.8989454999173854,0.08584960418341356,-0.10807791987442832,0.018228824219496426,0.05278967927479316,0.09981163001420792
13217,1.6585015935206353,-0.0022008896715505167,0.08219739641376592,0.04791766134689429,0.01309587399895172,0.01588901168940375,-0.9235599334912998,-0.02297103796366613,-0.009983408878628513,-0.012110956468753547,0.026753207713165677
13218,0.8182638914219119,0.05307353547580647,-0.12872142551032853,0.07828453957903855,-0.012817858053546568,0.006052742884158496,-0.09970344874549242,0.08219601651498147,0.160616238233155,-0.10737916731849571,-0.05507533671523157
13219,0.6023246780177569,-0.05412748583306993,-0.024671663334962502,0.08965542042073799,0.021682708429958057,0.025115859951369203,0.0026520644600559534,-0.016619185896184815,0.043182533121298966,-0.028550257524188286,0.00736343120743948
13220,-0.011358049224210204,-0.08666491820342442,0.03192678422687994,-0.059579803390610454,-0.031122422923185716,0.06655938915446472,1.302033968283553,-0.08877997575382997,0.1915432454793781,-0.9855149710427866,0.0238207909281519
13221,0.07357722394008119,-0.37141727724774015,0.05184493790586558,0.020950139266946187,0.03979319043934405,0.03830229206910546,0.04028923381329417,0.021223046119663774,0.0029342695726833168,0.9919036022510574,-0.026749334985143817
13222,0.17425994283026475,0.8818019770528046,-0.023481254319084776,0.11831941717258587,0.15622999760218395,0.17230517468275292,-0.2411678955059531,-0.7010950658369637,0.06483978788501937,0.19263484304849288,0.10919757524196579
13223,-0.019779410481156782,0.1089771699545767,-0.16014143968685587,-0.5014503577210931,0.06894600946871764,0.13138622679797798,-0.09946391306236953,0.8447168895457537,-0.0019421490320628738,0.03800149930193202,-0.08199976828526032
13224,-0.21604842802303828,-0.0006730512674270584,-0.05838822645504412,0.7597821056480017,0.021952634674162575,-0.04188851792094108,0.01236112650760401,0.07376409294370927,0.013031585353335172,0.028229027064060535,-0.43257471780082485
13225,-0.05525380561017243,0.13678286613466661,0.11511526318419668,0.010200556001619794,-0.7110878025077311,0.07709240424773435,-0.12480866788192257,0.04695817980007081,0.015955855120433005,0.18145413118734993,0.8561395426816539
13226,0.02577820035967294,-0.13119652507980972,0.03884887768922428,-0.10185132469237947,0.5975714743303713,-0.12953529478600784,0.20787694812983867,0.00817212758427707,-0.2947510593457806,-5.6281323789962004e-05,0.019527608020314408
13227,-0.025650955665289,0.139560815744605,-0.002779640410333406,0.0315063174016191,0.08118780494750526,-0.04791524179597093,0.06137976941902604,-0.015463904502361818,0.5146106152836363,-0.16111500082995692,-0.01819415740379201
13228,0.08425862327794974,0.154148397774947,0.5608655408604707,0.13814612020403366,-0.10748039644160427,-0.04494270728486391,-0.00464687232732056,0.09346993715821139,-0.057777739975705976,-0.07142787439317738,0.08033515833231812
13229,0.06907351139717197,-0.05761960981831193,-0.1345286242673465,-0.003108576654088194,0.01308867304344881,-0.7067350191436204,-0.07009478289781446,-0.07872704336443292,-0.03371689752215099,0.0943828833830744,-0.07573974206130256
13230,0.10262300722056061,-0.025786479344868787,0.4149961211870718,-0.04942588946953015,-0.10651822591421631,0.02167869505987224,0.062213246073851,0.28457041528200977,-0.09130254622244556,-0.00548925914611559,0.10719924367502202
13231,0.12133586497326786,0.6167480631228738,0.040786430338282394,0.01901729189557087,0.017128503894802805,-0.1823665477310934,-0.06052829417807171,0.014770956680294507,0.060313233342573935,0.05821218898491586,-0.007610355463437005
13232,-1.8218911244773206,-0.021841689135913438,-0.050455982383238784,-0.019803868095329524,-0.07164437842897196,1.8350964243367718,0.21310169469908422,-0.07934610674631708,-0.12262990060001584,-0.043929257615297444,-0.02130527683094001
13233,1.1854554164337827,0.05598801448370215,-0.13724593786957137,0.1114582042631113,-0.0672644672047064,0.20262425966929526,-0.9559767326607718,-0.05412267940891548,-0.09214252900542703,0.0621727916156688,-0.060495845247123294
13234,0.9086613128815161,0.1222749483557718,0.01338594466538855,-0.03222412080387375,-0.11022478102859298,0.013287070964314238,-0.14406364161032487,0.12275149132180796,-0.04349344999490708,-0.06995089809327515,-0.07357437794655984
13235,0.5150327850359839,-0.041205983721315995,0.015411618445711057,-0.003418095769867881,0.0028576606264801704,0.11396398680887763,0.018939574692282992,0.019798457478056017,-0.07472540018478846,-0.02942643600229069,-0.0298167264595448
13236,0.030535602741301286,0.03608334988499571,-0.12003303314698753,0.12897880464236633,0.032291893474867286,0.0020685918077968136,1.0817765909790085,-0.086035619466157,0.030622014712309395,-0.9649953219459355,-0.0384222319613253
13237,0.0480550567279487,-0.5809593706701,-0.08453233387428602,0.05520728983523947,0.019659151629454998,0.10587316505009355,0.010737274903508837,-0.13342757992267956,0.10294742994035001,1.0484849604485467,0.11925553646763427
13238,0.03270833149222003,0.8715640645321133,0.03485773968468434,-0.08904980010566778,-0.040577113564841734,-0.06975480478518782,-0.054598054191398376,-0.6542907369611459,-0.06389537174869453,-0.04120283855630856,0.05269304513884023
13239,0.009840800287913367,0.12425294548046634,-0.060088315495634356,-0.4943887837172631,0.16282024329228068,0.07381234088806732,0.029811108376398138,0.769763365910974,0.10577672447590054,0.17562668063167697,-0.031026144771210698
13240,0.028856919830350828,0.028412036753063728,-0.07881101560696725,0.7477270210071559,0.03922632955225299,-0.03087861792442187,-0.040893136705647315,-0.10589752745593797,0.0412784708842954,0.1555687070079477,-0.47768325746222295
13241,0.14006861006918048,0.05690703952887844,0.004646582186885534,-0.09802723422266561,-0.42940607818245863,0.08070830850855046,0.014224123601511134,-0.06682421748876473,-0.028591437789391525,-0.10047791339578376,0.937205163612762
13242,-0.12215463379883505,-0.07799971867212165,0.046769314324537375,0.00979225866203259,0.5614706494934489,-0.10625299868347413,-0.1239710115642,-0.03314015601859007,-0.11039737433912034,-0.022161018411017308,0.008531904471433155
13243,-0.1598368931459508,0.09618401638174082,-0.37792471147957973,0.20018225276364132,-0.005616815304846096,0.029892718859875107,0.0072302568383755,-0.07925338506193727,0.4831071230446018,0.18638502104196575,-0.04353950336428569
13244,0.2170134309208684,0.08353949864318105,0.6088313224422215,-0.03511422276638078,0.13629365583929712,0.06627857722523635,-0.017812817815706528,0.1107638550255741,0.03404250397754101,-0.2524159811360408,0.11464374882635761
13245,-0.038459573992755056,-0.03852690896897867,-0.05468806659755485,-0.029457362255592152,-0.03520659566026926,-0.6500228208178965,-0.04156733001226824,-0.15875591307735304,0.052059642011571414,0.028311240753974898,0.10411618675377313
13246,0.07733591021138511,0.03289079304946878,0.43783901851303214,0.12660890255211876,0.09280265125236173,0.06541817079184771,-0.010269711706533017,0.09884301364974739,-0.0936233549151432,-0.15469703575863697,-0.036169097127804875
13247,-0.17754882020345006,0.6204957433219638,-0.06378396553674254,0.024556013573689285,0.07867112041984538,0.02064579381170891,0.023819553755583454,-0.023826261681888516,-0.04204581597896936,0.14339472846176785,-0.0018645478785671993
13248,-1.8724030898977697,0.1457479097419,0.01539641334930433,-0.031916857418770005,-0.03299119609023277,1.6881675416253596,0.18715242497282647,0.026790406437842904,0.13291646265335133,0.04759859503435275,-0.11292613399535831
13249,1.2528706419279645,-0.0363360426193886,0.08986162521377122,-0.08445827208397166,-0.049839613898024125,-0.05474143947675553,-1.1129052552139795,0.04384926530147314,-0.22862366163899844,-0.11502131849135475,-0.013442642907608174
13250,0.555713886627732,-0.03994008557520604,0.2051272817243883,-0.1004126150709517,-0.09101227860496929,0.0039040733451775195,0.017495439794496897,-0.051557432759352595,-0.029685400597083626,0.11081849488853227,0.0611172572359192
13251,0.6610947250998856,-0.0687896466747856,0.037977941049403864,-0.003468585429533103,0.03640603284217293,-0.08254786964116151,0.03384285199873341,-0.03918153502566409,-0.13150166880128866,0.05842748101710542,-0.0372761239513488
13252,-0.15506301927503133,0.10978162214317139,-0.052861934133372236,0.03324419368730507,0.08879512835747734,-0.034478105170533443,1.4338395414665535,-0.020270583066660547,0.010397874778177349,-0.9581845904468695,0.09896277636231139
13253,-0.2507977132053179,-0.6108463707075873,0.0929675214556721,-0.027438316417112744,-0.11028819451080689,0.05657411803342076,-0.05468416682929332,-0.09840124406769131,0.0059299332871383306,0.9247109655346533,-0.026105921664526906
13254,-0.047601434249572715,1.0173720454387822,-0.15604890119127285,0.09389755578856679,0.045347660328626034,-0.010042327201136575,-0.18052819920253127,-0.5533919824235699,-0.16810764147094887,0.15771169651749795,-0.003422119963666768
13255,0.03260911756164665,0.00840074734132599,-0.11615601533516233,-0.6473375798260892,0.09408989718732859,-0.12544396848180736,0.03290403051849957,0.8015573749270585,0.17478962766216313,-0.07191815928981132,-0.025368001568185874
13256,0.03195124882164355,0.054927317538700754,-0.06020928985378487,0.7417000058095544,-0.013756300982083521,0.19339908738893635,0.029272315761936948,-0.03682493058519155,-0.014553386653212375,-0.028351285459813726,-0.7331230534283377
13257,-0.09169994180236603,-0.1723968890396729,0.13748710451900018,0.07718845605016975,-0.7607550949817584,-0.08091608670697553,-0.0910746089981734,-0.06160226861763214,-0.15627058475668867,-0.03135545237249007,0.8508941994746352
13258,0.1156707186495936,-0.032239520694487496,0.00033595059931849393,0.01949964884314745,0.6027698726976353,0.0958039498622966,0.14813467669642438,-0.10702404344269047,0.00926143575667085,-0.054415746604001336,0.04688280896414121
13259,0.16180614732948606,0.09502067935577546,0.14330921529648577,-0.05040445382754015,-0.035749255987086254,-0.0966247202653747,0.15336112312169425,0.10353310846380603,0.49943581680989624,0.10357005078496914,-0.022806931349878778
13260,0.12166759018783917,0.2987860546472705,0.5965711677330922,0.10633643357198358,0.02359896970367866,0.1208525735348047,0.025842985687371343,0.008110960905872735,0.0019675661297679486,0.11345088884895753,0.30300565345860253
13261,0.08949687353494022,-0.03805309708245196,-0.06238192030697309,-0.0897668346813947,-0.0024199640570156658,-0.683144485426281,-0.12599407083266717,-0.018151741594482386,-0.046928009619618655,0.0027981241959883357,0.07472316825083175
13262,-0.016188097426099887,-0.18782744444127666,0.42968945389689367,0.011153531875157607,-0.10043379895521626,-0.021013795644446477,-0.16510988360743256,0.032495573160557886,-0.14524733560007505,0.08737403359939876,-0.05673729726425801
13263,-0.1167495361944601,0.6629343031149498,-0.0012556609183052778,-0.05896036333688643,0.05747097627171341,0.004388300174490552,0.05663553866047931,-0.0009521052163636197,0.009875472561562206,0.017580357286875934,0.06833353297473636
13264,-1.852536788247957,-0.055402946020973586,0.10861233414895134,-0.007958014660435683,0.011125303865451842,1.6869177929205879,0.2417059649106173,-0.039436546760724,-0.06327399620049932,0.031110788909128634,0.058775623064223625
13265,1.908977698042301,-0.02203846505626234,0.023487627975524495,0.03858661353918049,0.12095570092875023,-0.22429836930988353,-0.9115363808092876,-0.09786714143067703,-0.0177965043485031,0.04824808293696963,-0.09644883263431253
13266,0.8467454601090271,-0.14213007109210443,0.0150874558973372,-0.15591746032124612,0.2704686816229414,0.04794710558812343,0.1155263768345253,0.03835399299885596,-0.02671842562462722,-0.08539557110504815,-0.1754904345295199
13267,0.6260251562557302,0.0002348091895695622,0.0215129851191587,0.0009065142445596995,-0.06324160870164013,0.07827645949315569,-0.009469006629263359,-0.051732434159481776,-0.0279569454410221,-0.023158098079587908,-0.022789904505229518
13268,-0.1340972890735268,0.02464208857566217,-0.0597641810958729,0.05911002510643791,-0.07900245823545465,0.058931996426715864,1.3966158340802082,0.008396804243644519,-0.07616033228509016,-0.8978547687038664,-0.05160702457535954
13269,0.20975123069563367,-0.7496509162125853,-0.14610875649402383,0.021687516745266557,-0.023708851297532713,0.12192171804317185,-0.020016671997137508,0.007979309006731971,0.10173801224317064,0.9013212626323859,0.09528074155667328
13270,-0.08404719014484455,0.8960577656795429,0.11137280841188744,-0.040371128705977574,0.03505476098524496,-0.10813255241741294,-0.038401881170297025,-0.5534449684769023,-0.1416403502583438,-0.02451328337436145,0.0642885457504476
13271,-0.013764678150103687,-0.01621934970413812,0.07290804750104327,-0.6416843676223337,-0.017055708884115343,0.029224195461632078,0.008234896823603195,0.7963223410355003,0.08064831715589542,0.0060876869374154995,0.008051739320983964
13272,0.1343377784303117,-0.02826496036646612,-0.08938503370014751,0.7307265880650978,0.010438413498283354,0.010405376067852601,-0.12978252126797846,0.024781293950767145,-0.02228082252611541,-0.07743627710657332,-0.3956560073675838
13273,0.0019235491623169005,0.07143764884406527,-0.0053565168197577066,0.029024875902291743,-0.6713829643354337,0.14774641560049298,0.05739897872299839,-0.07239068702821047,0.06055010402062227,0.04911639735431424,0.8697783487980262
13274,-0.014773391354543043,0.04059819601011365,0.0854593634640989,0.002267608581395868,0.6079549484080516,-0.20996359991345087,-0.18206740690080972,0.014418311086047774,-0.2279669918158978,-0.12949869357899696,0.06148064451401427
13275,-0.05384449539013208,-0.006385590775445066,-0.028844735735145455,-0.03718315070860795,-0.03442706808606872,-0.14723473749748578,0.06884309362648393,-0.0060509091137014165,0.4881192537094841,-0.10536517636535378,-0.09612126804938195
13276,-0.006752293860325758,-0.00428963772991359,0.6072213426224894,-0.08697430180130133,-0.060887386268400054,-0.08533553052993331,0.21353383314327734,0.06498266625871907,-0.08335029557731294,-0.20637262945193538,0.014864945515611775
13277,0.09868490456534057,-0.02638148137805536,0.05839475242832566,-0.01444640173540427,-0.056623623277466825,-0.6446487030675982,-0.04121699455651071,0.02762069639197676,-0.16085854981680564,0.036949746616754015,0.055105792977177104
13278,-0.10535584640771588,-0.055881701563033265,0.38230176447990083,0.08869255426578904,0.048004025740943465,0.22618562237893375,-0.006447489302278504,0.06641037722218075,0.03637726305440292,-0.01780472742607856,-0.08361092146446714
13279,-0.11343934976412288,0.6793254250247927,-0.05018935876945942,-0.04205184701942131,-0.022465505933575082,0.032946216399945716,0.06935581854537419,-0.01979676980765784,-0.003906753026241933,-0.030844982433952686,-0.0030777667190658646
13280,-2.1379738912487802,0.07510189921736875,0.003112406979368247,0.11480688106260381,0.009578368007102142,1.8089960083240864,0.007269676383832401,-0.04217266867571685,-0.046306158831990435,-0.00314447955048179,0.08717536280013397
13281,1.5927209257135353,0.1508164875567418,0.036429717804982734,-0.012786345774595146,0.07882944497133886,0.003981239401655199,-0.9628601663271893,0.038946646861820665,0.09879246595983404,-0.036456829198322244,-0.020206551628996965
13282,1.005133982943164,0.03533706541043703,-0.10299389515556412,-0.08233780750064988,-0.03224756795951197,0.04478390149150756,0.04479432650674951,-0.053159811139817326,-0.12462878241323763,-0.033124050460960994,0.15710206570937874
13283,0.5609909135585961,-0.006687468995940112,0.08951123003946106,0.013585262053455172,0.0012707609072898267,0.09638349013680583,-0.008153291905845366,-0.04582081932170298,0.02290466532059269,0.021056979641342156,0.0153061635526612
13284,-0.008381764391496602,-0.1705687362016342,-0.018849852702749838,0.06986877603660269,-0.14567632242990072,-0.06564139277977812,1.2237245510344972,-0.09021631147362005,-0.055485777756960016,-0.959759510098401,-0.11396945820936845
13285,-0.15834575727127023,-0.8586148609482506,-0.011860450358596779,0.0523923833021626,0.027263214803084693,-0.05214326160127587,0.008293364752142436,-0.01793640595956546,-0.11603098770324556,0.8447500592498601,-0.06549798924033103
13286,-0.09717374638382545,0.8822894222560307,-0.04835103838137494,-0.018548899750025605,0.02274909500402215,0.09551892399426776,0.12408898565253858,-0.6814229034253511,-0.0792593916773692,-0.00195684595956662,-0.005530116261136882
13287,-0.23036834634599432,-0.08223482394568185,0.20860141226163562,-0.6012746444603698,-0.13236298240321367,0.12179758868412977,-0.06413403326587601,0.9068318742435807,-0.17545298442461535,-0.08393344629531549,-0.09382109906048874
13288,-0.059586975416714774,-0.14717957383620228,-0.1344046007596513,0.8264960839919288,-0.06127005926710886,0.15766540939328558,-0.03320189984654529,0.04892125874870938,0.07585536571161863,-0.05103616829511525,-0.5115577339721783
13289,-0.24886073652593035,0.02944350556771186,0.26796374390474115,0.06926649477451327,-0.5074110115023722,0.12049992038036149,0.11186970545131997,-0.017678780413521705,-0.16266338708356787,0.0852622975429666,0.8135959839941937
13290,-0.08464922742306875,0.22032868830751082,-0.08833954700130485,0.004069074881795669,0.5774220970957056,-0.058218545773591535,0.04419917887628258,0.1068566472546459,0.013787637271312408,-0.08091553709949986,-0.006723843981144062
13291,-0.12142865079083195,-0.06954473713607345,0.03565587878973185,-0.17595969534558692,-0.002708631245014413,0.1308467521837049,-0.01891659341839231,-0.03465452185838523,0.47210221877218805,-0.04578938275979801,0.05472928673522468
13292,-0.1366434876118653,0.028868897941250644,0.5547527868785719,-0.0893643499554545,-0.14232972532380683,0.145930898304276,0.10817134679590144,-0.07569465842481575,0.07657720382517523,-0.0765098002106184,0.1620970695379863
13293,-0.11150600997534053,0.03088123535614867,0.07606698377163666,0.031344327608173,0.07730178226803838,-0.7373097450387077,0.030830176442201034,0.12045925402222374,-0.02022827361834965,-0.02829708871965827,0.05881061103461067
13294,0.15108348185800466,-0.06581046582629228,0.42574331760899525,-0.054745136645748774,-0.06757561566554236,-0.013809214612066798,0.05975375481564675,0.17184478159600072,-0.05035909793113684,0.04009059146218265,0.05456741611622935
13295,-0.03272561927822905,0.7103892234833112,-0.059662875171355205,0.08071938388823349,-0.030832915691961654,0.18275611893010912,0.07295193458788275,0.06565014045886722,-0.05490048159995795,-0.07353538172029848,0.003955453070464965
13296,-1.758177792637952,-0.1408916763871401,0.06949682480025846,0.06736883631576754,-0.11809110371229238,1.6431382224263882,-0.20936010625620471,-0.013930286819713736,0.09416044495956834,-0.0749085909020009,-0.0035731667077699668
13297,1.2621133787346435,-0.003880880205293968,0.0011763787656606935,-0.056305045189600014,0.060257855964720664,-0.015298322099273775,-1.0302121045890311,0.10860318127028201,-0.09463924897263858,0.002663121027838991,0.028861486082526398
13298,0.7853767501965421,-0.15545387052886633,-0.10046055290892475,0.0607574869618578,0.04654528765584439,0.030897952333453257,-0.03919579399729261,0.03198993988871289,0.1463462159096376,-0.005639861706079538,-0.04179949009238849
13299,0.6427006397818099,-0.017169520625987485,0.11674196590231323,0.03675991033298605,0.05781460677086548,0.025493122975100303,0.056524800667018385,0.034788211157929134,-0.004994490267784726,-0.004731948083968588,0.01143262094567107
13300,-0.017976573237635598,-0.019030799530068775,-0.09380969282237936,-0.050266778044618717,-0.009652324465146578,0.10178267825724754,1.1910743856757922,0.03906773962744019,0.10845446253798374,-0.7342630197625353,0.0062074738725343935
13301,-0.11248944437796504,-0.6490408769645691,0.026204516259186888,-0.04526509420208568,-0.08914466150064686,-0.008964426090201233,-0.1059814488432952,-0.010054085219767753,0.11426429015058187,1.005106960413318,0.09320254088318733
13302,-0.07753277152332692,0.8455844412824627,0.005250045554365137,0.009670687740553635,-0.02232776750373268,-0.10315461769163312,0.007845070743681107,-0.5684914350166602,-0.009940545433623355,0.010808433056454674,-0.028900794538409057
13303,-0.01116608844927863,-0.07504270308540852,0.07521103376769481,-0.508015650601151,0.09446347576641494,-0.11610532941156013,-0.09106424134997755,0.8805640619821385,-0.09116593113691597,0.03222329024800052,-0.05587929375736584
13304,-0.13629638069762023,-0.09792908914377765,0.11526928336289657,0.8150308659212125,0.13632614782569422,-0.10964980549512923,-0.22889887542442175,-0.011270191279618999,-0.13338064775031783,0.029851714531433395,-0.4580658699611488
13305,0.12830054675381397,-0.09990717505140845,-0.027426955864072084,-0.05666466477041468,-0.48531511245964465,-0.10724966305493597,0.017285781292795756,0.01662237561383744,0.03164395605843196,0.08225288605499724,0.8874981774989282
13306,-0.2031128524928054,-0.00719786674419203,0.21739156620132324,0.003915922935182029,0.603877982623737,0.0033790027505118427,0.007359671509074178,0.020494974297619012,-0.2447630824687064,-0.0373519880385469,0.02535485502536601
13307,0.034589897720857576,0.030904283195939714,-0.20322785848206565,-0.10171566222128062,-0.019628269723320903,-0.01152028923264016,0.052416666210570506,0.1153620865600494,0.48541113387795776,-0.032770839961481446,0.037286689915998344
13308,-0.014437191327352267,-0.008464212325125306,0.5745909917125294,-0.03254849512726821,0.041872335653983725,-0.053790066973921,0.17669801082738443,-0.19881564487709186,-0.010902849792762095,-0.10794819091417716,-0.051565104518224665
13309,-0.018835018527693807,-0.029043749508939683,-0.03435077846438899,-0.02632726885093389,0.14199165793823487,-0.6727065526813597,-0.011046635433168328,0.03929642920502528,-0.0358607985030833,-0.09737135747855416,-0.08234399864793479
13310,0.1412778177450615,0.10491965593967072,0.44355320397859577,-0.10894638407557959,-0.006446886652994729,-0.022801134728701267,-0.029541935383189593,0.014699426328893195,-0.02982413156519565,-0.03677137491640787,-0.052086453051698206
13311,-0.0012505567577106337,0.6480176217725598,-0.13298109844922118,-0.05477156571197137,0.014964786748648134,0.14076122410756087,0.011997916911175702,0.022529389421443884,0.07510903198754376,-0.006121692347685446,0.0027066753159917826
13312,-1.900312726948077,0.13819203261451599,-0.012677598302634447,0.012562893646245172,0.04669938361292771,1.8101922069912615,-0.15653047060530412,0.16840752270310078,-0.020200415638265416,-0.020061972988758215,-0.1329949021500817
13313,1.4666887749502562,-0.06624642632931728,0.002078703661981182,-0.036525739433449736,0.17625185732622323,0.036836508899648235,-0.9436705428395099,0.0742031721092236,0.031396162555191835,-0.06164372310400471,-0.019778352891858263
13314,0.9674648295347195,0.014954017334689129,-0.005809900644701336,0.11553072204879297,0.09215592902086722,-0.03768826514811571,0.0375913849911885,0.06427740263916835,-0.007635078523632754,-0.13363254325402893,-0.07061112833016418
13315,0.6271109037913569,-0.0005190100957632275,-0.04382248322106887,0.04650858051919043,0.02534748574306255,-0.11174318071285357,-0.029422086474188324,-0.012032100955379762,0.022512508682537118,0.012902958666083658,-0.029787979423005984
13316,0.018645207898045177,-0.07470716570269843,0.04378076420996863,-0.07147058380373124,0.07162619746254804,0.06615040408936781,1.384027700751682,-0.024797058059402962,-0.08850328395795413,-0.8859277817238287,-0.06344888624803977
13317,-0.1889455049781959,-0.6811318783422097,-0.10239440928247631,0.07968733860539731,0.018969225296884277,0.1435696690902068,-0.03906211127492953,-0.005211071712098094,-0.1525524869967156,1.0450302167560792,-0.0032271848700184715
13318,-0.03791831139372075,0.8456812640548801,-0.026855201013440855,-0.027702232477122703,0.0050097705995570075,-0.19773182108074194,-0.08198254128064147,-0.6042794642882685,0.05213834408702023,0.06587639495876582,-0.003956889731504784
13319,-0.008845939347900556,-0.05580343458054128,0.03829679042871597,-0.5864748718544147,-0.11422549009857706,0.02700316624638254,0.06954288827594442,0.9208029756030962,0.00732148843571374,-0.09826266864414848,0.001743188770319301
13320,-0.339998728605271,-0.05600760193081167,0.12863929026212492,0.8139951697448304,-0.14325915797468047,0.09383148769610936,-0.15235460020869537,-0.01643129115408613,0.014966093298379252,0.08534915014721388,-0.6383357524308206
13321,0.1954165813550235,-0.0943431979577036,-0.06084645341605547,-0.09020354239490395,-0.2706342892709752,-0.1277187861432712,0.02652054620103181,0.03536167033769875,-0.09789132497371827,0.014255301559878936,0.8695271893354983
13322,0.1788722709782306,0.08045912093826105,0.036895421688282054,0.0033767007042492274,0.6478959869205299,-0.09467032294745124,0.11313857136623866,0.025444369931383163,-0.24558770536653832,-0.028915426308984332,0.06637359843702018
13323,-0.22073818508587434,0.12472014331924672,0.07826858513760508,0.053834121657604636,-0.03385996134941246,0.11689931947372972,0.024040208124793773,-0.08908800791277849,0.4555280556243596,-0.1646482104066557,0.06324650407163908
13324,0.09084777901334956,0.03611869757765558,0.5464715006311051,0.21902704550600272,0.014950855085384206,-0.10143874637847868,0.11885860676763127,0.03608770706103317,-0.13779245701850543,0.16737610968333622,-0.08131188657039688
13325,0.04092968524674073,-0.030227433459339,-0.03428127943416133,-0.07828119745967094,0.10330557417179144,-0.6314557475181032,0.002732044809343056,0.08170034904165936,-0.06602664084982537,-0.03727475217838245,0.013360227883428232
13326,-0.17946129469792713,0.03524549073453333,0.4033476782968177,-0.006029250679305495,0.12369503795681987,0.12989453673479134,-0.034338260815304465,-0.0100690130593633,0.02566598475003354,-0.11585263487910673,0.03798548198662259
13327,0.03469807370020931,0.7204683531983282,-0.042092233669790854,-0.011676898385670558,0.03653521766117887,-0.0289959867709369,-0.08709262228119001,-0.05206046882085702,-0.011083262649847651,-0.007068380772169891,-0.059919978412578054
13328,-1.9208804282359313,-0.07839050620384455,0.034228609000778176,-0.016513389210226277,-0.018315875509545068,1.789173437091383,0.019221823964471002,-0.004168866045725254,-0.06048214944102732,-0.048003152787200666,-0.05182746134046334
13329,1.5441898559894338,0.021304122737495913,-0.039224674508741376,-0.06124374281910479,0.03136938230203816,-0.0842965744540146,-0.9515930528859426,-0.0493132088536583,0.01723736869538353,0.006184167186516981,0.05991165726436006
13330,0.6024879855437308,0.029225911592128152,-0.09613003131072852,-0.10347553148827567,0.11401552958589055,0.020900080313708224,-0.04680224179285781,0.05230107934691115,-0.036937441132403506,0.12068954862606933,0.055269685396153886
13331,0.6216018481959945,0.012964692249385708,-0.05468225775150699,-0.011963731615509503,0.03293799801576459,-0.08171010507739251,0.009251021530183198,0.03118997534204157,-0.025647080678747214,-0.03618736554629174,-0.025588297735718614
13332,0.28509198112910294,-0.005213358651485967,0.08171439675794931,-0.0024983487480119307,0.20870932616754506,0.10935231740375775,1.210373030736595,-0.11747115410136631,-0.11205820254262988,-0.9333084493246561,-0.01444675359841595
13333,-0.09338483022014295,-0.5834094641439086,-0.17757287152774232,-0.013047222643233032,-0.027306747607405073,0.06608381085145806,-0.02456788804160041,-0.021361238927066827,-0.031233124532087625,1.069133779637374,-0.06063841416660916
13334,0.08047424971056337,0.7625729902946247,0.005715256056925571,-0.024737169214475857,-0.04965832147676908,-0.22508120867827436,-0.09349131393407284,-0.6114018996669488,0.08710789658631107,-0.040243039180109144,0.049488619620852846
13335,0.04945565096982682,-0.09127729459250208,-0.060630172983954934,-0.7044523726237724,0.10008496197897095,-0.07196841595585524,-0.008831337763382244,0.8087536699414057,-0.10142823336330246,0.1707983269441552,-0.09087493829064253
13336,0.10898340373049735,0.05978086129812282,-0.01408285921280635,0.7650266255186536,-0.06607952469134772,0.21936857592299913,0.10591022308796816,0.006008243561084881,-0.11563939733602203,0.0313456689006409,-0.45258995631233107
13337,0.01172976544290175,-0.042513845300868484,-0.09043707767517734,-0.030816400008707178,-0.40214410871798134,0.033916067859818065,-0.08945881095784079,-0.11476233058622522,-0.006585592898734936,0.13904285352964826,0.863582066895441
13338,-0.1472397271395275,-0.1287489057946334,0.0752058698892695,-0.060964094099731796,0.5970293346782534,-0.13982768514516217,0.07902557792147503,0.15257973184070242,-0.22245791599639897,-0.12707559655431694,-0.007046071197102138
13339,-0.3106132125828432,-0.04367009295303992,-0.08021646306153442,-0.03609904652769509,-0.0008527404224280472,0.06671648606413505,0.17522346465176095,-0.09038153722374935,0.4584003978686565,0.03543245135802537,-0.011097091806779182
13340,-0.059484232473387674,0.051097520374245045,0.6510057102551587,0.03512346109759441,-0.05234577013538459,0.15739295393051608,0.0842480103995391,-0.043487769383860626,-0.011777615552925124,0.10484729149124652,-0.18908611217302182
13341,-0.0023517450234160284,-0.005008914642564112,-0.04928620561323626,-0.03834701707270548,-0.05547171505595369,-0.6899997887918878,-0.015016260323327904,0.031867560700591706,-0.06284843628009959,0.010586985344461394,-0.020490896140168656
13342,-0.010541187066037405,-0.10135349823332793,0.4278326871902034,0.19659002093503566,-0.00456114110287036,-0.19530292054867945,-0.08013133573489462,-0.11215205694800648,-0.045694303860728425,0.0014443357062883877,0.09787763025140579
13343,-0.02126450945110827,0.6142565353572188,-0.03066760904727487,-0.03482814538398869,-0.049446790541531796,-0.09321289761796213,0.058727549693461584,0.0321967064802864,0.0484721555084228,-0.026949318711070383,-0.045663695696493214
13344,-1.8624534831470787,0.18269569869699243,0.09577565157723421,0.08533751245219004,-0.1419739703409892,1.9054819353688872,0.16886466775948128,0.06807864712118449,-0.0959251550341616,-0.10274313118223997,0.05820674373347037
13345,1.4181696472757774,-0.038475234151687986,-0.08606716625710263,0.024777698149509187,0.08559371133986918,0.22663763444945054,-1.010025281083852,-0.06422689042745937,-0.13264989329719756,-0.018491814115556504,-0.01119840618060751
13346,0.7222444149728089,-0.0387667448816635,0.08287182572470858,0.06469446333267695,0.03941351981603086,-0.13828598399662828,-0.03312471117819991,0.019505449497238418,-0.07287626415516822,0.03974361819047653,0.11720163830623384
13347,0.6900694700499764,0.009362680836072746,0.04551397145344054,-0.010231878342569205,-0.0426163584795427,0.03473674032214412,-0.0038496247816101293,-0.044478680341650215,-0.014245903928598926,-0.015756878031631612,-0.06371101182731699
13348,0.060280226069790374,-0.04019066161476499,-0.09549013782529553,0.08721453357192537,-0.08504100539471086,-0.021272485827036988,1.2060628606146586,0.06381452021813559,-0.02029333479391824,-1.0037720729663728,-0.14493823813643564
13349,-0.06709542181473004,-0.6469699883719141,0.029943952933181913,-0.022516744042054303,0.05437823265998377,-0.10410040055381307,0.1508285981993633,-0.020049871084416235,-0.0899987261792523,1.0340769731014305,-0.0036051628230288364
13350,0.04290669596886083,0.894282859407838,0.10584831479788416,0.047318775326399734,-0.010650381204438153,-0.030098026762553617,0.05396056595713101,-0.6545877476188124,0.0028006422731104968,-0.03609905722346428,-0.009819486694546613
13351,-0.009183159272567024,-0.021374500492809877,0.1323375162913405,-0.5418728851290849,0.05377333076278792,-0.2587400694535528,0.02577682944701063,0.8483862288431769,-0.030767682220181423,0.12730845133667626,0.1084683997130898
13352,0.0861036525244066,-0.0007505331659625346,-0.12320006584790233,0.8385819446466284,0.0250061612992353,0.01609973217441398,-0.12575943492865893,-0.20340719417889225,-0.1055688938596929,-0.0757413717381331,-0.29362561428590256
13353,0.09336492089550325,0.07640154462235872,0.12722081211982236,-0.059773318698266936,-0.7555704697608084,-0.08526189746580097,0.07363205158384169,0.02792846307920261,0.046617832559285054,0.0917573965796244,0.9151840779016208
13354,0.0697555773357771,0.0177687632587751,0.04359484076042017,-0.004760485310405359,0.6251882018708894,0.1329398396400181,-0.12010384532601526,-0.012507636659966622,-0.3305647702553124,-0.010450646020088328,-0.035629428262656
13355,-0.09253636309317735,0.21867922192523992,-0.08648503541859566,-0.03685970786039677,0.02624664874781292,0.2993509640999519,-0.028090560481508396,-0.1413806083664971,0.48284704857136407,-0.004544327671248309,-0.07492858532968337
13356,0.03816336332737494,0.02391242608861199,0.5791666218919438,-0.014270744801799254,0.10916547404028103,0.199967448148087,0.04527786690369415,0.0822841069749676,0.08564852592551106,-0.12015138299813917,0.061737709386683055
13357,-0.02903324207600521,0.06262461430890198,0.03024444208102572,0.00708191764730087,0.030917083720284656,-0.6297755710399766,-0.024798379789085546,0.14820604547922148,0.0441298154775375,-0.029473450547976378,-0.07039188764259342
13358,-0.04385592170551726,-0.033942280351093715,0.4256803614150765,0.07372235121420394,0.05525717082622623,0.007523164407529185,0.07121933281362228,0.009267499298284427,0.06549643233164662,-0.0977775421955793,0.11764842072306517
13359,0.02729146515722118,0.6634531193171457,0.006208368347162301,0.013304651125992242,-0.09173724996438158,0.21627174024144835,0.1258820762633604,0.011199571470942124,-0.10550268585408265,-0.06764099550413273,0.021536034706991853
13360,-1.8075125256885087,-0.017991105412685754,0.00017424263886451144,0.07504904799377296,-0.07328084679911137,1.8473278991653754,-0.012045586724315476,0.07573208559115703,0.02675452706709682,0.10525544800748816,-0.07330306262601902
13361,1.2721126766652278,0.03557348452979696,0.03080816534594464,0.08624968119540714,-0.03714017521796298,0.10843688338920929,-0.9323769500041822,0.028420959504863688,0.03262967486811157,-0.027321071797598653,0.08556275524535163
13362,0.9763832608429552,0.08388741675484733,-0.07366879838732025,0.05806733017555085,-0.1275143418635245,0.1745570750556012,-0.059782578678166644,-0.0702996173392029,-0.06561579053336898,-0.03705676969648109,-0.017024071881625608
13363,0.6270114613711838,0.03309471616198421,0.019971949479917393,0.032687046429518495,0.06688741342550349,0.058856593922124376,0.032841953582856215,0.011921021175029257,-0.002943605046433694,-0.00861522711742595,-0.0025063636117612824
13364,-0.19536917107328902,-0.05587867431753126,0.04943522909739412,0.008052344066774207,0.06753707033243059,-0.0384240094215835,1.366378693421392,0.0012774194079756534,-0.07200514188363533,-0.9326452381279215,-0.033196451200123885
13365,0.11629183082210472,-0.47359269460323283,-0.054999260250646026,-0.1136733525404026,0.2820229075243966,-0.027408349326367362,-0.022541520733521486,0.021292204155321955,0.0203329033692178,0.9714701387241576,0.06396448721274939
13366,0.0250895592949228,0.7516374732447347,0.03741917888200076,0.0148287409928523,0.006511968213042184,-0.03489950239463054,-0.13015313990524013,-0.5875615142316908,0.061814893676227514,-0.014958568334845077,-0.10030800462236274
13367,0.2490139763127246,-0.05975164917501193,-0.037034862557491964,-0.5226029325834459,0.04322672056759224,0.0853833869166766,0.20738851915056825,0.7592467519446576,0.13055050672073187,0.0035581477200244452,0.060444748843272104
13368,0.05665360618774859,0.07260668467531527,-0.05195769059459745,0.7876777126680111,0.06809051015057935,0.1501914590424732,0.035689908054464356,0.03940072507633426,0.06516369830022649,0.056289661349854685,-0.6699873170288659
13369,0.10999677897547196,-0.044871628656852104,-0.07294080048326035,0.0686577986415327,-0.8120079307955734,0.13042837328272927,-0.0883631911520923,0.1920593415416637,-0.06617726014027789,-0.08047754491043957,0.9670019674504843
13370,0.05561980132059903,-0.027140125776241746,0.09254212782112246,-0.027740826101333393,0.6114222048328257,0.0020401361278297113,0.08933067597265874,0.08695849006849633,-0.3484270860233766,0.031025495570364107,0.004002810806079814
13371,0.0029972372982569355,-0.04381044621348522,0.030142895849078144,0.17885915222820806,0.039807585533177314,-0.045394213994702066,-0.07906045949950369,0.2355443825793182,0.4569129167474491,-0.07379245346583627,0.008402010353793626
13372,0.20018897338743114,0.09447213617644938,0.6550325027319135,0.11128182482906494,-0.06133688304326841,-0.05931830093450379,0.1460109600453242,-0.0296694821806349,0.22350253517092128,0.07690731730296096,-0.0393282501624346
13373,-0.010103424193506077,-0.05269269601000093,-0.01898713100075363,-0.06370039804091827,-0.010774166954308415,-0.6794024902476112,-0.025782958937903794,0.11789966436690345,-0.04906248351826683,0.05549964468191158,-0.13491118614632205
13374,0.25307154153524214,0.015452731663081925,0.4164618163995625,0.027580593369901124,0.1308355317678828,0.08041309993379246,0.09580232483098758,-0.004557694338433293,-0.12449817656119065,-0.06781305901243274,0.01802607402095075
13375,-0.07245461770085843,0.6389206746505717,-0.05388743247328878,0.027087382595958442,-0.0025752502798226566,0.2860675690064499,0.07658248062236171,-0.03443845746117592,-0.09469689939808029,-0.09390268546982047,0.027262586940029705
13376,-1.7172932794907698,-0.09582298392962595,0.08645822965081873,-0.06400544616150645,-0.04553899717149651,1.6047472974016586,-0.049034527425701475,-0.03319582078027943,-0.06593413170309986,-0.10310785827414286,0.11185187536934418
13377,1.6437159979012508,-0.040894721841316546,-0.03291008571141905,-0.03154236640760737,-0.07128787188899144,-0.040261625001183445,-1.0098595617432675,-0.014760010596071738,0.06403172041886379,-0.015821648547766402,-0.075324408570681
13378,0.9823799326354814,-0.10862023408821372,-0.1526716424290205,-0.040984639896623834,0.1262268357868621,0.06914361910708103,-0.04704410074134008,0.006232689572261462,0.07160623956627511,-0.13011391408540326,-0.009502830351568273
13379,0.605855100780375,-0.01685875349482651,-0.018995068995996203,-0.02110564123359813,0.04447316009385813,-0.00689295301131574,0.044264261129832595,-0.01997290885770276,-0.040247456071799546,-0.012225204415447185,-0.020246542403578836
13380,0.12224816775080119,-0.07243427841128999,-0.07252569386329524,-0.02992635693643303,0.0269881338210388,0.15867427665908249,1.3368537913577305,0.059931588312748675,0.003181874558016964,-1.0533977300093573,-0.04820416434461666
13381,-0.09929996333721809,-0.5085856314343566,-0.040058989677064345,-0.21726019726913884,-0.10905982861689266,0.0013334376325290428,-0.008907978016989473,-0.036437184412481706,-0.04311248349124288,1.0362885030917455,0.040814151438954824
13382,0.16108758998292022,0.9336809816907792,-0.047302725496434786,-0.02225663274447261,-0.026349342169721564,-0.2651702480986279,-0.06838621438120153,-0.6950976523566681,-0.020497919747727477,0.1211489225572008,-0.04654566477714098
13383,-0.1617414562468926,0.09119103767934476,0.1083085850633634,-0.5519132587447099,-0.09286526166703217,0.23775167619727275,0.0942602406443371,0.8939523100151021,-0.05267834685525688,0.18206760434272068,0.018126084594501768
13384,-0.0498295872205003,-0.00210900776180657,0.009205220388794417,0.7797122380063428,0.08201945529765298,0.0612526743981307,-0.05092997844282101,-0.06874374524931669,-0.0927297113887923,0.23125161583462478,-0.4456702477191349
13385,-0.13518390160005195,-0.09833758552466747,0.10189471827777075,0.02399390755458616,-0.3782269459707599,-0.06588737089516757,0.047661743085931685,0.06989210873683231,-0.022548777988979266,0.051496704692969,0.8739326425885694
13386,-0.07042861898324912,0.020619355464031673,0.06530959204664476,0.015087347548139885,0.6275128343232569,-0.07509344903624234,0.16857433923143134,0.2610520620205805,-0.28173357592931647,0.11632114976234322,-0.021199219250267846
13387,0.13494040400341656,0.026505853315082817,-0.07698427684796319,0.04249304858519627,0.05356832110150827,-0.12609428825069366,-0.17308734695300337,0.00014799364143257276,0.4869520070626543,0.17763080123161956,0.005185374126094093
13388,-0.11968032041967276,-0.15647674678770124,0.6462841024359214,0.15907254292423684,0.10255961827554443,0.041510324246549886,0.18487005336514534,0.06276017691262242,-0.117384554196309,0.17087320281174162,0.08781110413972325
13389,0.10118108794860182,0.03230741422126412,-0.04172694750037142,0.09988193322783784,-0.07514915935835999,-0.6406670049816032,-0.013898420993600835,0.04122718303690035,0.04095838035706144,-0.08514609614511758,0.04347576207787291
13390,0.06363333231366221,0.09647687935220657,0.41258349747329615,0.1034063466967243,-0.006962033264025904,0.13573217113370314,0.17987989658173303,0.05694088927747077,-0.01594867830925524,-0.1320615878624342,0.0541828324700938
13391,0.07030771062916982,0.6334904475324622,0.14378570701316407,0.047427941012116476,-0.005438573192979773,0.09007927580884713,-0.16200324070747857,-0.0015276287850686469,-0.11186271658784513,0.05584210032789323,0.042572245913085276
13392,-1.9345010507911897,-0.1072351830396189,-0.14463267544670919,-0.07383540446240082,-0.14853671446926156,1.7623258843679732,-0.14896555269544381,0.021545105776112593,-0.05166287154582462,0.11072640182545877,-0.08548399431317188
13393,1.504727074807752,-0.05681610532275186,0.04903819120999062,-0.0058325684057220556,0.06855998253062671,0.13258286694509985,-0.9638254137845423,-0.09117776110537686,-0.0001449155526539337,-0.0014137398100165072,-0.022895656033129565
13394,0.9034670744296295,-0.007076104632470083,-0.03772436552788141,0.057948130601606126,-0.012111966883140871,0.04453107840800407,-0.17689826579516954,-0.05914037960106914,0.1285867067916532,0.16207309961258648,0.04049867774394285
13395,0.4996599771510758,0.02392921940950818,-0.013857159796365533,0.024357072031926413,-0.014712477625525452,0.00031195018613838776,-0.05234672260503531,0.0011300536788081319,-0.03491809505538694,-0.031885931516734876,-0.04187314915526556
13396,0.2261990170761165,-0.03675488914523993,-0.0803788250085289,0.0016576688103971116,-0.016983611503788063,-0.04040906821040919,1.2067634156431808,-0.10619211764009373,-0.07653912220373,-0.8246235551243567,-0.049263168361323925
13397,-0.03147567821861573,-0.7682235887947784,0.07314940845213391,-0.03741191501815591,-0.0986316610929605,0.07379867999294912,0.031326195973807335,0.03332639684544565,-0.1290725235550396,1.0081288579994463,-0.03736221573540369
13398,0.14192294635350053,0.8430045374643653,-0.09555735112596711,0.03042139935071556,-0.08519348920082838,-0.10105011926155123,0.16181655667012732,-0.6394388404374531,0.06356458576879548,0.016052958567241104,-0.09291579573594032
13399,-0.15469089658960455,0.05501898158525627,-0.03759420218906849,-0.38942785907553235,-0.15835403653312224,-0.1776317635285277,-0.031104869865376077,0.7884182874953172,-0.12537941966715097,0.018195189862943405,0.06658655645212863
13400,-0.19222582565405302,0.2546587057812571,-0.12338493528540077,0.7836725872474434,0.08877042201462207,-0.03451918466511343,0.04173485359553967,-0.008689933707274165,-0.11758829078606252,0.010970739424114797,-0.6186947614830121
13401,-0.00229289857433624,0.0019006443425197246,0.010676098170833884,0.0596110891611315,-0.676089195363623,0.127935487651856,0.2223022769545221,0.03684169667306245,-0.03406363054337525,-0.1159125708251285,0.8783844845820056
13402,0.21346286383438687,-0.004122957057534625,-0.03403884310929624,-0.025670355612788468,0.6001952065880007,-0.08203433385439245,0.08451949841170321,-0.07939994986447371,-0.360105018601408,0.19799662213852273,-0.03101451222120842
13403,-0.03629594047635411,-0.02071081724629935,0.08510992932306836,-0.14407549597085184,0.039044620680842,-0.03851121566671791,0.05102269323762209,-0.07704065773553734,0.49354630476758493,0.01786517695123464,-0.04836817212658319
13404,0.08508515994819146,-0.12514197133124208,0.597494200489575,0.0639187916384658,0.010271444724667083,0.2680648719529074,-0.10762553625954416,-0.06544479506890424,0.03489221611277428,0.10015570949706475,0.016767758488582286
13405,0.01747798072415696,0.014511820541477448,0.1272296206648222,-0.0649758781541623,-0.056413266315687605,-0.6678810099679523,-0.047759627704457235,0.025052831169834693,-0.0328859932610702,-0.010858130048383794,-0.031216427197519166
13406,0.07711134770313577,0.01942883510468768,0.45274845398589536,-0.0206120677512395,-0.002412954375087045,-0.1187721209275414,-0.2591319398112436,0.06745387767790223,-0.06320608256948541,-0.17687072930750738,0.023425677449933104
13407,0.0628898255401532,0.5694141210516718,-0.030694604711628604,0.01276483822654572,0.0364573451792084,0.0021613249359185224,-0.00814999167069818,0.024692108794353622,-0.07055189559910299,-0.030982316997742884,0.018120523505991623
13408,-1.7343605593374685,0.1602230750567717,-0.05564903023490317,-0.03675125212008438,-0.10571071512291758,1.939675535792004,-0.07511993255096126,0.10806238854456095,0.061890260227082945,-0.1553513194175743,0.06311404668221152
13409,1.5632622403780456,0.028546949654328857,-0.06316119375179233,0.055188918740131813,0.090897650790168,-0.08215314627339157,-0.9349627213716551,0.10670740172570062,-0.12676052075077765,0.03481682399367558,0.07922655253888716
13410,0.8556933586073052,-0.009488354969721554,-0.06350644392088986,-0.014760185446721696,-0.039641053696231686,0.049643520055954404,-0.07636783992867785,0.21619107355171205,-0.013582001786722711,0.057286761660253434,-0.015272985755151878
13411,0.6262319454733157,-0.0198494863677173,-0.007331347422571581,0.017523647784377976,-0.023646529388079904,0.1415737904668518,0.05524567880154533,0.00019860744537226853,0.04428350163547625,-0.0006767084811434908,-0.03320546546517297
13412,0.07827519547343853,-0.1115688238812487,-0.00317389669324939,-0.1073102735436532,-0.018991769286168265,0.05913509533438948,1.3664037936659765,0.08677479578404246,-0.021027204531835833,-0.9455292305810462,0.10831808311802953
13413,0.004262074609986391,-0.6572367092508955,-0.16276471444568696,0.037320048135036234,-0.01835835145255064,-0.18982353732923904,0.10619712293700337,0.023807640576178686,-0.029869638143417705,1.0532157520828875,-0.09566883694823378
13414,0.12106541918910908,0.8643374145829404,-0.010514590871668773,-0.04182521765785077,-0.13397094178424163,-0.06411787811301684,0.045619005822478284,-0.5976369495443311,-0.07410952167019887,-0.04718566855922914,0.010225203274122737
13415,0.028386707601385466,-0.05604330226726615,-0.08740918054970491,-0.6088440214604225,-0.041638438379655286,0.030463159779055417,0.06479894843272613,0.789730728076572,0.1652407834899471,0.11665631354141506,-0.05901535155003835
13416,-0.14538083921987197,-0.01619119290671814,0.029483136929239307,0.724699915268153,0.01861248546941349,-0.14753062201217898,-0.001085057532604899,0.017627380522029508,0.001485823956614389,0.07248875879381331,-0.6727047642382906
13417,-0.007544087734310232,-0.05522301676707292,0.02710876463443509,0.04333088638358945,-0.695365425217991,0.10547384048316416,-0.03594417075974865,-0.10068537858369324,-0.032663560200732945,-0.2330529456705718,0.8451860990777383
13418,0.03775398049885271,-0.027513602532622243,-0.0004979729813020303,-0.024977042386353985,0.5823664681245554,0.0432571707172897,-0.01862949569055972,-0.08485014202340074,-0.09718671165389775,-0.17952885535056948,0.07151979300587961
13419,0.03699458072739088,-0.014942772941053669,-0.004796678710609126,-0.13160665359730075,0.0759247220129157,0.10403011323414098,0.02101021026920409,0.040081886737265385,0.5055342892857264,0.021290220717448228,-0.027244341275115998
13420,0.011790690621693724,0.029836166139777735,0.5435341084840097,0.05698096885707635,-0.07227677212202187,0.05850847101771989,-0.05058112866905052,0.07903979549125326,0.25872322096774847,0.04835911372137545,0.11421959356264866
13421,-0.05691412639282636,0.14346338869534153,0.005667711892365968,-0.09586750194059086,-0.05476360851339113,-0.5918060420240668,-0.014922941023744626,0.0008777287484628355,-0.04925079866002597,-0.06774269770253148,-0.028028460087373773
13422,0.021057975484029885,0.048340422408235786,0.39453357272364714,-0.022004717666100803,0.055202032442388145,0.009449281952360665,0.05866072123639046,-0.0825550066919842,0.02170920232021134,0.05715568535345166,0.060153251342891734
13423,-0.01768153442133611,0.6393607340165508,-0.009813014608669717,-0.02323000686699128,0.009101617110755255,0.0946622220359,0.07038560355760098,-0.03410009789662584,0.006429756630751537,0.05308538235293297,-0.008261231898855748
13424,-2.157405524209934,-0.012894212797691233,0.12214969499365375,0.12891542552447738,-0.03277651031635203,1.927803450026062,-0.0487760580172443,0.06949147505661415,-0.248258611588275,-0.053426905427697235,0.0405808501990355
13425,1.5519029602041032,0.024475645168837466,0.0462192238269416,2.3446575239799688e-05,0.028100089388113366,0.09180163780867381,-1.1031853790560364,-0.043287404771077995,-0.018487244815165952,-0.03520018633486646,-0.0617247569738317
13426,0.804660204123506,0.13806044230926953,-0.10712742839484302,-0.015440341090629368,-0.15930533984844564,-0.057611934641394344,0.08863986599686768,-0.11862295096796682,0.0021994391435780827,-0.050872771933663435,-0.05343491373307519
13427,0.5472895953621901,-0.030721454653727463,0.015541475877644432,-0.00835088921583257,-0.014657498546997022,0.041276174366141914,-0.02621602220631446,0.004053765020253163,-0.03070882365460055,-0.015862244240109735,0.0068385681785698696
13428,0.04697692654291963,0.04520267337758864,-0.020845510327172117,-0.0183931843181552,-0.0501865043226846,-0.2605529126399108,1.394894967056292,-0.053410906669493316,-0.13681008731155783,-0.9036397571053301,0.14628786697691634
13429,-0.058169718263519195,-0.5453207115243576,-0.015721589096571866,0.05854418684217751,0.07923292713117117,0.008546405008269482,-0.020596108552225528,0.0651256516167567,-0.053689980038944,0.9941491386536082,0.10337356965924287
13430,-0.1878452304682945,0.6066486633793833,0.03817068044623768,-0.03657194981678395,0.006721547991623015,-0.1383241429447249,-0.09213582700077126,-0.5427858736377815,-0.018436086416986498,-0.0308803139476704,0.048939574042394726
13431,0.05509759351989818,0.09905300534810912,0.004625449837036071,-0.5613683402388581,-0.011770049457124775,0.12384680918142243,0.16720790354827086,0.7430331390789912,0.08521287318609733,0.09014270810978361,-0.025108994580301233
13432,0.07329468076608114,0.05188701256322195,-0.06040866093243461,0.7869126978187598,-0.06301966107820614,0.16915037061779437,0.0008976589516238235,-0.0407698160165522,-0.03890453896530015,0.05800197337407841,-0.5452190731259509
13433,0.003079109951438815,-0.1981931447232546,-0.01488200879115993,-0.035789408675163,-0.5141666582570101,0.05799459661517181,-0.05747455756308795,-0.08813822760521571,0.025378715222658794,-0.14699188963595336,0.8956708913083185
13434,0.07600212110124253,0.18262830048571177,-0.022873357058422885,0.07341973613348762,0.587978007011592,-0.07793977142487042,-0.0781888805873883,-0.04781209248618075,-0.20589261485848484,0.10132643324833247,-0.04119921968892154
13435,-0.055606452430487646,-0.0696167746642995,-0.037244653892286254,0.172914719383422,-0.031771605772729694,0.06203074072823711,-0.16361410093376358,0.1846368763453245,0.48899350627856825,0.08734149307805197,0.09159055620316804
13436,-0.09443790623351397,0.0514271515251188,0.5862176660053903,0.005319344765927551,-0.02778793017416167,0.014571393848206523,-0.08986724638249333,-0.07959706734191506,-0.017367602046110632,0.20250089015312206,-0.015721933554777648
13437,-0.009855788365875319,-0.1212717867885093,0.041135657950562704,-0.016688285504925154,0.007350299879393634,-0.5968751491487363,0.044146709225565656,-0.027190484783653095,0.02548798552399892,0.004358528950850311,-0.09050191644441943
13438,0.2402640507300982,0.15690936501971392,0.40650861392727733,-0.07772732195096856,0.04956924222690873,-0.08979747494056949,-0.19640741741931042,-0.014815234582200108,-0.0006090539192617841,-0.044475224081148845,-0.016864901078127083
13439,-0.0719760546233518,0.6778586695736488,-0.05071116303291686,-0.0193692819040952,0.0018768570689601909,0.12637844563734701,0.09217362611222285,0.07620805781137142,-0.050525866330542235,0.01207487533274097,-0.025581154664668423
13440,-2.1119895866005267,-0.0037285902255877277,0.04763356265596713,-0.006375903865932747,-0.0005742322387678779,1.9923373903393946,-0.19019426518356652,0.16580718376200052,0.03016662004436768,0.14627214861731003,0.008940713414840784
13441,1.6619901788042524,0.12113519542146571,-0.1354273206549273,-0.03606833904087801,0.026757052524122953,0.1437575264644115,-0.9615027291634759,-0.03923663977332025,0.003049114846123478,-0.09706821563509263,0.009434318739747899
13442,0.8300362822277055,-0.17405787570682052,-0.011263946254818878,0.002102000795818822,0.10971089813890532,-0.041719073114528285,-0.11931612420549492,-0.05782965742032227,0.02332208822867542,-0.050407308405917874,0.0489230455909365
13443,0.6697784471672891,-0.0034714770316886428,-0.06386404092438715,-0.03673057861729754,0.018013355118970793,0.08366542326717127,-0.03968531590837662,-0.05396860082077361,-0.04385644234634249,0.05380470185675536,-0.0062509727667441825
13444,-0.00789411768124712,-0.02625865237935792,0.04631817941978777,0.019555847554679196,0.01830245165331768,0.061001096834460665,1.4075708589411213,-0.1336758625718668,0.06418625796266038,-1.047376906223522,-0.06655913079674167
13445,0.09908476167766139,-0.8964089988414599,0.1292298455726444,0.058219862679130145,0.13230843780164356,-0.2262560721536942,-0.09780662212394949,0.05475715733215759,-0.0364863482955822,0.9433509547023868,0.05330909662782517
13446,-0.030366874683110702,1.0106299644061296,-0.14605121885632358,0.053980154542467185,0.04302495253609165,-0.053979448493085135,-0.0806834554557401,-0.6236726228506361,0.019716791003371915,-0.13966331594294135,0.009470040441171099
13447,0.2060368534582978,0.06570099276279313,0.09915723945900048,-0.5277574171530656,-0.18399760565119222,0.006157320460994677,-0.024937275238688508,0.7821615852572736,-0.1312875157945131,-0.07620091434199922,0.0016224365695373024
13448,-0.11250871711290693,0.03285425493273319,-0.05209318076134838,0.8100297466173595,0.05151921219806419,-0.09878027127638596,0.17012278566762506,0.011717273610568851,-0.06283976979449937,0.11358594979129097,-0.47833323243571857
13449,-0.19621637333034916,0.06737265475588988,-0.11739594985378582,-0.13960187506589888,-0.5470888185847077,0.2827514461989648,0.017624961135789582,-0.0517826566133291,0.1415702755643521,0.03195094805469148,0.8412880766345151
13450,0.04793535806385963,0.15637957505380318,0.003869249382906486,0.04419119672369698,0.6133400465495309,-0.12030640256818366,-0.18326460267074704,-0.09710667112352318,-0.22695051224730484,0.011808654442147418,-0.03213337887870424
13451,0.14364718550741984,-0.22556119796014085,-0.030469704049460186,-0.1175743703199978,-0.013565209976758408,0.06923629744257699,0.04163784194638601,-0.17469177048565493,0.4444928254498522,-0.010021588155212407,-0.006556837348495324
13452,0.19813319362110982,-0.04130724640741506,0.5865734152806649,-0.06488939159867003,0.026886441300560313,0.08000308863225093,-0.05577062099993568,-0.021365968159262456,-0.06437943700013773,0.07190984694560953,0.10535552760984346
13453,0.0030006722603748773,0.05818269271022212,0.056902140037645356,-0.0021811802951246925,-0.06240478986548223,-0.6120951332172225,0.03375241043445664,-0.025754031458286235,0.22040519351898244,-0.00033270501736889406,0.06810905472722555
13454,0.03145729782690791,-0.027457711607779996,0.4241823683469473,-0.0524813111858556,-0.04312975379518783,-0.10907613755601601,0.09644121726831235,0.002764825156335291,-0.0421846423942347,-0.26335916406499554,-0.13972693032541397
13455,-0.024348358438853322,0.7510356598583031,-0.033465901829575456,0.057584686049452126,-0.08545416971234472,0.07097497335573931,0.004427221656021212,0.03401091186526001,-0.0016730983053215944,0.062207728290697734,-0.004928710688909899
13456,-1.8056559934143928,-0.13081291452492702,-0.01398203935320479,0.05882214532358151,0.1906601501312477,1.929353857782878,0.04007149091042671,0.11501096253978255,-0.12995181118653515,-0.22770107018310132,0.012398590738982557
13457,1.627375891042107,0.004862253101335443,-0.014718760737809866,0.0020172830586809984,-0.02744844006719009,-0.019650095479834977,-0.8862914929472474,0.08437357232380653,-0.04973991854584237,0.038291909894253906,0.025512895586720777
13458,0.8800693514833903,0.034326003175510864,0.030955589777305857,-0.07619457197457621,-0.020182003577689504,0.1764000915095778,-0.025873931610892666,0.0323356368757143,-0.09146433549331047,-0.03188443127388573,-0.12359753389499671
13459,0.6662583134817466,-0.005548975042130862,0.1161042782874603,0.01300340367669598,-0.02495717562509106,-0.01585716285946987,0.013182909786237023,0.0038001314863793847,-0.01573041642449933,0.007798090863281563,-0.0161107782082114
13460,-0.11831775445721184,0.03583744951100875,-0.08279702141600334,-0.0970700418514248,-0.012873828791020394,-0.045308340230558075,1.2575399673613976,-0.07209208746472225,0.0874937787312856,-0.9465686807692518,0.056559373479684594
13461,-0.05285377947425448,-0.7075284123829697,0.10527029802089176,-0.05220258898652911,0.10690065587002986,0.047430159404950864,0.04982152390445516,0.021906090216438637,-0.12369646121106195,0.9640857935715936,-0.08111637705628093
13462,0.083242750634333,0.9256220239562358,0.07103738018346029,-0.0006657165469669062,0.0020654608995411454,0.03517205473349716,0.018594031246123993,-0.6350114966751829,0.023639975141670704,0.021217158531730413,-0.06218016995384359
13463,0.020759250924564095,-0.07673751404475852,0.15991276155699802,-0.5060956279368553,0.013840620710285646,0.05063226344352211,0.106911827128227,0.8218650663019426,0.01482627971597409,-0.045514952302409,-0.19519021350294144
13464,-0.09832964248394101,-0.030848644183843164,0.16768143092863397,0.8198870741478537,-0.09043911581538504,0.056180141304386436,-0.1289703294222795,-0.052261186744467364,0.1593465732842429,0.14686651796796477,-0.5542073175007309
13465,0.08984959498905042,0.07793760825263069,0.07823338509485597,-0.0013180653703300025,-0.6804655470738183,-0.19996140463351064,0.010549069154597458,-0.009108048077798957,-0.021981778810083865,0.048798878483662815,0.8380654839774786
13466,0.016911068647967303,0.13479257669017683,0.26405858865390475,-0.023384344468458093,0.579559613646023,-0.15757819145209784,-0.12490286135360014,0.08760545572736675,-0.2553859181106353,0.06662260381393297,-0.05700851232229929
13467,0.01751863482418546,-0.17118902090670948,-0.06626213853308643,-0.012482002448294303,0.013442883284519291,-0.15527409468751752,0.04637701445118958,-0.043547810026014704,0.5046673321233823,0.09717456859245742,0.027872945252125463
13468,-0.03415966489747742,0.08581987258501907,0.5452749797743937,-0.10516736463226445,-0.029213869309227824,-0.006102272814104567,0.05589632852474407,-0.04145087368111137,-0.06271175888197825,0.07262458069822456,0.0723509020903359
13469,-0.0022245858502829953,-0.027124139349102818,-0.06730533671559694,-0.06499745943810928,-0.06925400922639799,-0.7056958615821444,0.021063021707787555,-0.06760237075227994,-0.012684285005636049,-0.033843834336798065,0.02886004848740851
13470,-0.09411015386153998,0.07996559248808323,0.4213385340470671,-0.07911607959387561,-0.08024505847582553,-0.008460791992180383,-0.06236907755965627,0.07320268207624228,-0.08090325207522563,0.13619877085122803,-0.05370975843013298
13471,-0.2008115513542573,0.7285047532148476,0.053976926256408805,0.017910359127082855,0.06935918697351179,0.08523499056043886,0.07734759243508715,0.003924240882622214,0.13106138234984788,0.0001247986462174465,0.012433517129463037
13472,-1.6044230218767075,0.07101158145666367,0.1287423741524261,-0.04643421403208185,-0.056278033421885566,1.6045495420178029,-0.018555418567034607,0.11434387691128532,-0.09136970366424084,0.03346862387746441,-0.029233581038060952
13473,1.4042585174808622,0.06638537274954175,-0.1330633324495953,0.014209581046120408,0.0003708646457288448,-0.03138118547662901,-0.954677861319815,-0.04319976937265251,0.10964866392250967,-0.00928291621541064,0.042865843657831304
13474,0.8288115941079237,0.06380627273927231,0.0050640454536225055,-0.001421233715338954,-0.025259948220926642,0.04289286684395178,0.07213320276980624,-0.014956728646717649,0.19294571988937761,0.08409572321562955,-0.03829052594304396
13475,0.5766716709044444,-0.01628883428807642,-0.002547792714496698,-0.04490655070884008,-0.05808536290015303,0.004959215421408335,0.018828174621535562,0.016327384076034124,0.004048048216913465,-0.020929131580686253,0.08024655860959111
13476,0.09745777781644367,0.021814898007065438,0.057390723653089656,0.023960430048616636,-0.02034406692098732,0.05066416690654475,1.1964587816634333,-0.02740933621773635,-0.08327055476662881,-0.9148965453622729,0.0730364386573214
13477,0.22911849028135287,-0.6381141949906851,-0.003575716790807113,-0.008568847133656023,0.030270434815012744,0.07842799961343909,-0.044821998585381266,-0.0009480397826671568,0.028183222225996642,1.0259015215222502,-0.12291543504301757
13478,-0.009879747390183314,0.9709883663861643,0.05822133563740477,-0.011184351079342118,-0.05271698232523426,0.006837029905289,0.061747235687495045,-0.5209265752982576,-0.02379455570488793,-0.0648585838856264,0.07956224952143418
13479,-0.1972888098163908,0.10231203050016473,-0.004264325895003797,-0.5310745259636449,-0.008948742766420891,-0.04724221897458733,-0.008752806822999866,0.8352208614081005,-0.20354882545886394,-0.07805604080909684,-0.10208023908940331
13480,0.02580516756684152,-0.052944815826618266,-0.004704305975341818,0.7937730894189143,-0.0007221076840202397,-0.16124420467054978,-0.015275947831606698,-0.1236130899062743,-0.06684985290931149,-0.07133453309223727,-0.4327288401923907
13481,0.05146558101004635,0.0845929386403767,-0.018195911993239312,0.09383501271367523,-0.47327626128297,-0.10730615269956874,-0.14005102504333303,0.09596509279900686,-0.15741157713492723,-0.022954013966939583,0.8726326080950679
13482,0.04257710481150862,-0.11881150570901769,-0.1092288025792912,0.09758096977623323,0.5829434537460472,-0.047292949313728995,-0.06286907538050127,-0.04880894946528587,-0.35318372756763156,-0.07989649158465684,0.03539911712073236
13483,-0.024297705871874773,0.12398491565309022,0.11433522922919666,0.039156658721763146,0.01754172021528373,0.17000373795970675,0.14619238755229919,-0.04424838928984253,0.4698131718484406,-0.11489061226115842,-0.07663974675910566
13484,-0.005176936991968961,0.10909314208917084,0.556589473602533,0.203567763627599,0.03076155504959031,0.03655665062946535,0.1914038450519337,0.197048611316952,-0.04320061540543138,0.1043811498401214,0.04793626091743805
13485,-0.01792191174259989,0.05139047307641838,-0.0027894144899426516,0.03879549834974865,-0.04067088621975598,-0.6906722393499264,-0.06106028133537053,-0.06703348357979302,0.027919692395324495,-0.013759479435216711,-0.028638967573978664
13486,0.05980458514622268,-0.0066272566611454056,0.41809604250639887,0.06551659750490944,-0.018055517332418357,-0.08137980279308991,-0.03366787515332987,0.08865091252877291,-0.08466227289149254,0.0658081246628151,0.051810816768974324
13487,-0.13117650847691276,0.6482886090142193,0.09055020537945027,0.029025718215394267,-0.006738932976866823,0.11099563121420014,-0.03721961399270596,-0.017478111124792743,0.05679697923010588,-0.04066467777780364,-0.013038688229852534
13488,-1.9990988690659646,-0.02872701809272276,-0.07378383802634683,-0.09230996387621392,-0.01266809232972023,1.8332632636572486,0.030041663236428564,-0.15048903443145853,0.10888870912892246,0.10341355744863882,-0.07959503775152782
13489,1.608060850601045,0.042222948477587806,-0.1240367903167862,0.016646339178865373,0.029009779632982804,0.05232709586891767,-0.9772878001929992,-0.029668584821998203,0.058727742423156856,0.04324342194964975,0.10274785191911384
13490,0.8211826324704219,-0.07819503324937824,0.01178142190562742,-0.0033766053327293592,-0.05574168056820889,-0.10970606097854889,0.04558091140204622,0.1210559720793145,0.09864311815526093,-0.09324095989654439,0.01588502255338483
13491,0.5656010983256012,-0.03155633456427893,-0.05674496195462929,0.028194709172832823,0.002112125534661255,0.06781075516991546,0.008939483529101965,0.018534918581168777,-0.08987571638890943,-0.018165182292865224,-0.07967261708430921
13492,0.20408906902555865,-0.025578114228515053,0.05831299382399743,0.023692857673839267,-0.1759611818541338,-0.024259265764560653,1.25341176177041,-0.10639459814653625,-0.07070697925446921,-1.0240026352356004,-0.024325026646328702
13493,0.02103104908500952,-0.7350989416707463,-0.09604329043050472,0.05738581366331964,-0.07138834829470944,0.17529876015415463,0.02324310264300246,0.09241326479686493,-0.11132345404229944,0.9629242884080378,-0.04495360233580756
13494,0.00651997947228053,0.9361343601661021,0.030793212110678918,0.07368885325475495,-0.13807962492194467,-0.011600858947003285,0.08596209446467357,-0.5384717062572356,0.10411216240990992,-0.03624912852701827,0.007365223854125005
13495,-0.22629689504077463,0.03212914910241014,0.19849036555980523,-0.4460346273643488,0.08768781990741562,-0.021784427562871727,0.0698470422072364,0.8154361919674153,-0.07116464693497332,0.24860613304168283,-0.00356466345902731
13496,-0.1605062050123714,0.03035052791020473,0.2198155152983633,0.7237795268578878,0.08383692020764905,0.09189377688593743,-0.007983552000675943,0.07866178369226362,-0.15143266538130187,0.022091102417512956,-0.2142859710672737
13497,-0.04723197846716634,-0.09038909379453926,0.014525937323067398,0.03335079797331582,-0.4063091270234221,-0.12058590456776462,-0.03808664992404781,-0.04065168140441522,0.13070704512397965,0.010366900518718105,0.8338642865877881
13498,0.09994722329832428,-0.12512169648640084,-0.1422000863281422,0.1697264289367039,0.581712400523138,0.21811261515531016,-0.07031785667657922,0.09203357968161043,-0.5222371794437893,0.15956807248957552,0.07744983988442626
13499,0.13577384297219844,0.16561615137960795,0.0077536731166496925,-0.11545766611344457,-0.018784244040712956,0.13184480833944556,-0.119791245947585,-0.1696964896058712,0.48250170697755135,-0.19954154461792026,0.040114708811880104
13500,-0.17433502894362074,0.02778156006938462,0.5713085116410047,-0.09916250092842817,-0.05603314915780369,-0.09075662238254716,0.21585327419576772,-0.029475601281690293,0.03562171959410783,0.19838384490500313,-0.12845855757904476
13501,-0.023554841666297385,-0.03563541734853034,-0.0689458402983189,0.04380807907156382,-0.035251890825849584,-0.680073643838522,-0.0623747870841004,-0.1275806919643966,-0.11141654746638023,0.00046490745899749287,0.033670190267749533
13502,-0.270944459445681,-0.005945766102431081,0.3923181525710435,0.0177575980576107,0.09169413423751706,0.08639310458232914,-0.0730337776453606,-0.05878214458133951,-0.006189110009800301,-0.04415853821629184,0.04546988778152661
13503,-0.2544111698024574,0.6923925617861038,-0.03821777205758395,-0.026349121267789086,0.025772106420002872,0.10637176222165462,-0.03184100195784303,0.06656150238478345,-0.04416403836479069,-0.013089377273946117,0.10999212537988375
13504,-1.744676324901472,0.05191849729359687,-0.1506133695745212,0.12848476765804315,-0.03494343507619399,1.9042055404321894,0.04089507039776653,0.008328038495455466,0.020566274614384396,0.07656422883783727,-0.08859677251832337
13505,1.4004855128664535,-0.0484812956801557,-0.021959118316011793,-0.14040354033500785,0.10388544593682755,0.021852335055402752,-0.9416770564680713,0.0810888994988859,0.07896365815918824,0.06507758931944077,-0.08030683420943753
13506,0.8675161888697253,0.12633243740852912,0.07457143417304142,0.07340686159210809,0.06367977321336107,-0.07125091364589872,-0.04495594652781186,-0.04496544003055357,-0.03365206178510489,-0.03918887948020226,0.057797912906098856
13507,0.6047116267372404,-0.015247647539959124,0.03861158400169074,0.022563249078796192,0.012100832427421493,0.007408575104183572,0.009762066081724901,-0.009922810766258068,0.0507483664579056,0.06645266149489125,-0.03117695283436136
13508,0.10776006798510167,-0.024842342273570524,-0.06795762762129215,0.04623694507161769,-0.0405273607301596,0.08098552398569647,1.2934415614096288,0.08023176726387186,0.0710893597842609,-0.941006866196121,-0.02512536753086362
13509,-0.017565817756782894,-0.6780684068556022,-0.013476044872229614,0.0584456624459471,0.07562937713738248,0.0004178746635723398,-0.012185391550661956,0.030310277936923216,0.026659954775580662,0.950324635489493,0.010906857386564961
13510,-0.1281723512315523,0.9465822801460397,-0.06762818745660973,-0.003235953455243544,-0.04474272231624072,-0.1825669507301638,0.0018070695139871997,-0.6905136832396628,0.047721430359330325,0.07717900159381354,-0.007015481316913847
13511,-0.25237715468602223,-0.016722921323792685,0.055000683689838674,-0.5628345672503317,-0.00015521886462924184,0.12825358187168664,-0.1577055781568943,0.8570685378333716,-0.0963973195254086,0.04318059408579864,-0.016915449754747416
13512,0.048989487937159445,0.0029976063725466076,0.06329688902832299,0.8310454631250731,0.11902242070142215,-0.004276366688090082,-0.09496054299539639,0.06302142339191488,0.021117188692757836,0.05902846036206392,-0.5762478879066539
13513,-0.12658517838708247,-0.17179890333162748,0.09547349628653215,-0.04311130599595153,-0.6717201703961682,0.022065624513530224,-0.08842243808861266,-0.08206495587157148,-0.11189688992175084,-0.07613737466424904,0.8751198293209462
13514,0.010541289383838762,-0.07427427755739606,0.02419212417906994,-0.013437528896704954,0.56460481153433,0.15101262036560503,-0.05893507412554,0.015594408030119022,0.05709515427377296,-0.03116309980610023,-0.03773700914495747
13515,-0.13622071267895225,0.09999371868318943,-0.031730661721293164,-0.07263990898314587,-0.0052641081876721625,0.017121124764452725,0.029591166020020855,0.03444647448837413,0.465713847685362,0.07746990555505383,-0.059653448162429464
13516,-0.04876908192692326,-0.062196601927523264,0.6186526349805865,0.17723739865585342,0.023484085313042177,0.11005361843128171,0.006464188590651785,0.017427329189848455,-0.12198992884703733,0.0307301635711128,-0.006753386422269797
13517,-0.07021853073167011,0.06461219960843327,0.10267665531524346,-0.007292276281317362,0.11802340330340959,-0.7005391062613366,-0.02862024444932649,0.040512797477633596,-0.051429446936422304,-0.025801699848946633,-0.07757744660763603
13518,0.04393445465399863,-0.052840338317460545,0.4024838790722871,0.005087225614186864,0.07401296408329164,-0.030428410173932788,-0.14102146325759948,0.0005800547077209114,0.053337639816462584,0.10713000232098381,0.12360448925975658
13519,0.01960068461097649,0.6769852983212696,0.017674286025333653,-0.027159189245574405,0.018545968049331004,0.02832681183934536,0.05907215029184838,0.09797389004997271,-0.028945841639975985,-0.04595237468094263,-0.022935699077086244
13520,-1.974922053388709,0.038699767030174866,-0.005434908673049245,-0.09395187754645412,-0.014579527567828082,1.680883302244923,-0.031338897546614855,-0.0076140908482936216,-0.09818859578783556,0.05740203216694931,0.17018968780077343
13521,1.3250335025462396,0.0998418143924704,0.021641729069469824,0.005841318101335566,0.009287681503573281,0.043385708265172684,-1.097828384342053,-0.08053087050159162,-0.04098023160188653,0.0019069770739704114,-0.06679771930778731
13522,0.8726336119153765,0.20330063087532518,-0.05194997009771977,0.08335126130772509,0.06980124597778983,-0.03881833007820645,0.11051735499205156,0.21384365532377295,-0.05811112372649037,0.02409932646800392,-0.0806622314487573
13523,0.5800790841583677,-0.015484218578353501,-0.02418377513453963,-0.004954293438541969,0.01448164367989949,0.02269101678049748,-0.003513946813626383,-0.025750690487394083,0.034230810761324865,-0.03125740094774382,-0.026821944981009586
13524,0.1509217069318201,-0.07287582309214373,0.0724792721956966,0.005556139810034776,0.08487120940034934,0.07713646040473005,1.4587902376323152,0.02400018579388996,-0.05783569303854068,-0.9199438892825629,-0.1369995395096464
13525,-0.04776616822051312,-0.7688828680105426,-0.11233761903939982,0.14552793456435592,0.009449065251304435,0.011077321139461319,-0.0492576041208872,0.03366028965414534,-0.10135398615415883,0.9504025457575513,0.0857464202941586
13526,-0.09793468750595809,0.967824100308497,0.07054882278399868,-0.020952909459580907,0.0006723169527577426,0.07535900899150705,-0.07884022159423641,-0.6801104571169232,-0.041704173085660795,-0.042019187341789895,-0.029260236594874714
13527,0.20596639237833556,-0.028291818163693156,-0.009918239473617342,-0.49043977854502846,0.001558069789339176,0.08799302531761216,0.19511146223206557,0.8044581568274091,0.05260978729230835,-0.08025935597627107,-0.08230553753604519
13528,-0.23303806315520137,-0.0339178075653926,-0.1704245004735163,0.7728122093223257,0.06335020740553322,0.10441306083847127,0.017710131061951503,0.04552880233514491,-0.05494742701989569,0.1845911745112574,-0.400557374893171
13529,0.02219492850759984,-0.17644514972863792,0.021746054091692408,0.04741447370215574,-0.749396458383009,-0.07439847852567867,0.026885128675011378,-0.021115810334416004,-0.07933976999057915,-0.0817236983174983,0.886992030972007
13530,-0.18309071085024686,0.05821018863144829,-0.11633207268492371,-0.012091759738153338,0.5656132579392336,0.01593779186874443,0.052094882224487785,0.11332221067767648,-0.08375069182453693,-0.08393914140498179,0.009690112950210224
13531,0.11271523218919138,-0.17236875455341152,0.08473859572807475,0.0706784025758687,-0.033002227255323265,0.07126533983118376,0.024012379864249783,0.020062167329094667,0.4591909730586976,0.10255078872445346,-0.07622373991006999
13532,-0.043202312045531516,-0.022046472780351233,0.591089781854252,0.13444976933405026,0.13093584927324003,-0.058955097739997346,0.1214330670296036,0.03909016866191714,0.05513453183328999,-0.12043540943003618,0.10532586076642424
13533,-0.036002322599496886,0.04438566801998179,0.0735507745712296,-0.050113801906041935,-0.043019049969952226,-0.6934400827229267,0.05875812457661039,-0.006370757249048878,-0.09160920454123153,0.10365931895989736,0.0759341969619822
13534,0.0629776199739482,-0.019071469003450178,0.4120532819485542,-0.09699167773997314,0.019187600652376853,-0.008353930269123318,0.08917091112503975,0.12644355949023078,0.03828322810668143,0.11564406333129128,-0.11914827894255357
13535,0.13912280594594048,0.6544404140917964,-0.02722922538017876,-0.004871208471291322,0.08019242526039413,-0.07740646303997288,-0.060784836656247135,-0.0007530493813745764,0.027664324126865973,0.09093810948724448,0.044598145226765924
13536,-2.0128225783048306,0.07175512571904842,0.10126635366330371,0.05954849583155964,0.07115757718125104,1.4981592375530643,-0.18358895854779264,-0.20547596426116507,-0.09358503106214588,-0.14323235970386924,-0.0612794636637612
13537,1.5637214354414484,-0.016249433669595404,-0.009542700535040338,-0.015064622404625978,-0.08462851521541767,-0.03447205727723419,-0.9810481005341584,0.0167589015271542,-0.13634223495366085,0.055572335667828605,-0.01283079040028159
13538,1.0598500666312847,-0.05090621659761787,0.14027962554255988,-0.05555929559377977,-0.11018358346226323,-0.13087060503102976,0.07299280567245016,-0.020210028252452453,-0.07911290346297842,-0.009798248180553486,-0.03899318730067748
13539,0.5652133675548202,-0.010886453096951739,-0.004363318511078663,-0.010970170795246825,0.022912064315804757,0.12995315016909467,-0.012612724025579416,0.0032369186597546555,-0.07563009476045794,-0.010350451151421703,0.04538033900406725
13540,-0.06279255676828546,-0.02617388946119842,-0.13126437209168038,0.0013516333702918559,0.15545611469393858,-0.15774731442719175,1.253714599618886,-0.007955383950874462,0.030858995709336548,-0.931411286620219,-0.04869580136012451
13541,-0.04834092072958093,-0.5463524266341024,-0.07566577339811065,0.021560986611588298,-0.059747242981043794,0.03719791837255164,0.08429711349079742,-0.01693258733562734,-0.12086015875411373,1.1027505123257204,-0.05124521914531348
13542,-0.09120768153275921,0.8542408205740875,-0.008522864194577952,0.07219709484143626,0.11550897909185517,0.22272312401606312,0.08563459221048958,-0.6813462704743555,-0.09243863076835995,0.04553136345980587,-0.08787487079525355
13543,0.0204290428486171,0.02793721927523913,0.05460194615604834,-0.5100313624114624,-0.015462396805852707,0.07624677673080549,-0.09263893733413209,0.9560028235601252,-0.15762657576540282,0.016211546780173707,-0.032992413276821245
13544,0.07045987773165757,-0.015008124756192873,-0.01644559050425289,0.7781021521246018,-0.04760789092337568,0.07759383447236108,0.03206167713360236,0.08817500787360152,0.028092328693026674,-0.2006829340477781,-0.35382075680767866
13545,0.047381497306890966,-0.043549907212116455,0.034803747871464785,-0.07307801271928975,-0.5339306200996996,0.23045580697309187,0.01025066556122095,0.03325081651553763,0.0063058775727262,0.08039427457439262,0.89110655922605
13546,-0.02420250543545705,-0.020307356885862403,-0.01814777792204756,0.011242878238319976,0.591116535849994,-0.05793645276008564,0.0365617479172473,-0.008931693561905305,-0.10536145479630485,-0.06232749924016805,-0.030677391657274032
13547,-0.10442109110756181,-0.09757186376762902,-0.06094352460337858,0.08348917677265291,0.031151116292824004,0.04122113064560193,0.11955420330845724,-0.1332797298395732,0.4885684852916132,0.12270413343228519,0.10418674584001428
13548,-0.05453653165974198,-0.033618683002860326,0.5830321343930601,0.18265153685023722,-0.09333871890846639,-0.051754013467040186,0.10088494626021369,0.07269521084631372,0.10798958839379674,-0.08188471204419523,-0.0416948057126912
13549,-0.12966595318130616,-0.05012432921176012,0.05496995593874302,-0.04609243282395049,-0.05521586231939101,-0.6525291354815717,0.012176771445487223,0.03929805371823558,-0.053390942762357334,-0.0404043106185867,0.003572917935288729
13550,-0.04314860506670931,-0.02193076178907563,0.42669363339432487,0.02003394956308962,-0.0608480598599176,-0.009833878177040867,0.07927007949892773,0.11287887620515392,0.20083571440283782,0.160724531347468,-0.039154800986327426
13551,-0.08446170232410811,0.7165319097684723,-0.02199822297864678,-0.017905193431387755,-0.03222574996586518,0.06858671889223916,0.24683497752396338,0.02804071039515673,-0.06461719912937586,-0.12935386458399944,0.019363877744581818
13552,-1.7316348215529744,-0.027517232080045084,0.10345995703054482,-0.16714109398696722,0.0474166542157425,1.7862027480787692,0.023340762958266283,-0.04104150906088267,-0.18241441946257705,-0.044940455944340624,-0.16794664949148025
13553,1.2923726228226409,0.023150050440817162,0.038364978247619815,0.03344770862176837,0.10693386214726633,-0.030449159549821532,-1.0161230169507083,-0.04306862217566295,0.03273966135866374,-0.018782282465090578,-0.15539611942784623
13554,0.7848012802384674,-0.07420639338492227,-0.06388669786888782,-0.13224984223814223,0.0021141699982179015,0.06535880262595867,0.06558772450505661,-0.015001180961127101,-0.12059211866758258,-0.12499865045840744,0.08593607325169576
13555,0.5210380668206901,0.015727298883798806,0.05600791464462871,-0.03710742959939467,0.04518467878470676,0.04262291917712158,0.011948586751373773,-0.03514393959558885,-0.07898448572368887,0.039996851360423025,0.005659949708925977
13556,0.2852330068136837,-0.10712725753199583,0.05865086710141383,0.008643192077543264,0.077649228579637,-0.17381554103926802,1.262939522908761,-0.024572279390313367,-0.16866588136656888,-0.8706946401557017,0.10350411470786909
13557,0.0037543797002701092,-0.5660748610257749,-0.05572085913626893,-0.05964982383285446,-0.045906692638778036,-0.008606342298645703,-0.07868539031945393,-0.1266636699471379,0.08302091989820784,0.9938369210211144,0.0778804314542846
13558,-0.053927666223284446,0.8867236914440322,-0.05224716892936946,0.100597421779157,0.015530927335357471,-0.04797739876096403,-0.1610282724336383,-0.5824170371646301,-0.06471997335534371,-0.09071725929376821,0.028504213496334148
13559,-0.05042126925962133,0.039091623470417974,-0.052441181623388095,-0.4660219434916471,-0.04803919424290308,-0.11998820640220953,0.040789358651374334,0.8096150985369718,-0.021398810228630643,-0.04151346907194459,0.07540903653735115
13560,0.02159866410981366,0.06564986334126036,0.06874370642144542,0.7600386929049197,0.15454005007047691,-0.1252702086113781,0.026857542352168425,-0.06445976599946567,-0.09714486265522508,-0.07100087598004916,-0.5568909120147023
13561,0.07266120835758366,-0.043264527887903366,0.09006393662635453,0.056873581122709904,-0.784712328089058,0.03274491906788098,0.05350716079774136,0.04682100931293469,-0.08971771802264202,0.05115364845878714,0.8114090106566758
13562,-0.1826809384254118,0.09971342768638258,-0.05297640906052965,0.034149350091868876,0.6186432042381187,0.08719295726189194,0.06063112993234588,-0.10562161036922263,-0.29144583852443917,-0.08957688606046016,-0.057748046324604285
13563,-0.06767903681442165,0.018896430880679056,-0.020638510861946013,0.03882823459372632,-0.005042240106964527,0.056477219344960604,-0.04536261061902077,-0.23457470146904574,0.471373433692886,-0.023106748778162423,0.05383640907793463
13564,-0.018352154621561066,0.012834440309314825,0.5476202799068969,-0.11460872112288686,0.08638379447318885,0.05787653208126046,0.05583835732681387,-0.07773122730626753,0.10078128133948447,0.09321930926621665,0.09083483740954765
13565,-0.041810175935674675,-0.12007800980026495,-0.09354420537399405,-0.09410567010423838,-0.020244577496092465,-0.6550020261516056,-0.031250371851653705,-0.06518321132515274,-0.08841958585797774,0.06734694390783728,-0.006048536087158546
13566,0.0758325024996118,-0.1072294079220792,0.43974915318784713,0.053424248082703574,-0.12131907963144362,0.18663883189965744,0.008160368845500029,-0.13044677788201514,0.1180361190104252,-0.16958840968847147,-0.0701794081780685
13567,-0.0805081364617676,0.6890900581732414,0.030639431127033878,-0.0003987586915338076,-0.009935253627294444,-0.25223152286195594,-0.034352775883048726,-0.037189430731869144,0.007175495538837532,0.0912741771421614,-0.01472106327137115
13568,-1.7321240744629978,0.019515462484816535,0.14423033659828516,0.19382623592057294,0.06447117663231812,1.6882986849424553,-0.02982196057231311,-0.030333156278689564,0.029891510469522303,0.05508357341232036,-0.02242449412100328
13569,1.222711063403727,-0.044804141798747796,0.0731170385217982,-0.012563653488838169,0.006162739550516719,-0.05149262413662768,-1.0717686075187893,-0.019656802151899657,-0.12173796436509579,0.03125249748415408,0.00523389505675815
13570,0.7858682022903567,0.05679773479642793,-0.08565438021211724,-0.01892655700663861,0.045315152408010186,0.37113967508634726,-0.23189268619967315,0.11384163833038496,0.04911818060688153,0.03645199761355229,-0.073179544868941
13571,0.566176054294514,0.059662614211080774,-0.06605997049303926,-0.014926705870320994,-0.02398335542379411,0.06468911446960107,-0.004402146222608962,-0.015102272582043344,0.04994608988038523,0.0008020257857943424,-0.04636960049417711
13572,0.09913757839961183,0.02145616180805953,0.06400077680466447,0.022416276834606827,0.03105062472690194,-0.09117736934528115,1.2312751523263514,-0.0203203534537432,0.12233757064273013,-0.9759315978371231,-0.09189058205060933
13573,0.012208183372370101,-0.7359345908367871,0.018822622100409855,-0.13198264326934647,0.1263021507972727,0.0626020236031434,-0.021223473548244477,-0.031340917416024926,0.0171842147430311,0.8952018157406479,-0.022683854850759345
13574,0.03120162848678769,0.9293928033172867,0.06333586171401863,0.03102812056369177,0.07104464288106052,-0.16612895750378087,-0.03835868934208556,-0.56031677228617,-0.07432369671527883,0.05280258761957908,0.04003873675277601
13575,0.02010865959805747,0.0335061505092005,0.09571756382855272,-0.6206776453274079,0.0001303272287770177,-0.16531509545151019,0.10525612092657248,0.8323316560713012,-0.03920126038071325,-0.07631317248512814,-0.15671601069964325
13576,-0.06899941060609133,-0.11427617609832172,0.003974589630687266,0.8419035656264986,-0.04230460865204969,0.03978193963833968,-0.030993675191902263,0.027298630763591077,-0.03553013117917936,-0.04193581189622756,-0.48356430447350573
13577,0.28486021332114253,-0.07735932522801252,-0.09428270049384493,-0.1079329863416898,-0.5360325366927032,-0.14828203470247572,0.008461703651987413,-0.1490823040652168,0.04294121478989426,0.10247135882319393,0.9051094379371981
13578,0.06370733505341244,0.0593830565768617,0.10222618570445495,0.03967364917168624,0.5931476918469504,0.1852024010354789,-0.12961577257299803,-0.16303217198708989,-0.20240495574177764,0.10774198159938628,-0.05275871098173482
13579,-0.013434639628927776,-0.07354699935535922,-0.18751383095178065,0.21279243367165795,0.0311946809440169,0.011895271195301607,-0.04507867567770465,0.10056764175640749,0.49083331096050703,-0.2835010238640846,-0.030037212048184988
13580,0.0024098565058229137,-0.10078488520071577,0.6164858524382446,-0.004609661569026868,0.1145508326640164,0.026194459153578535,0.1554243814483621,-0.12892503713902578,0.0064567185524739765,-0.05769149291912285,0.10848781757166387
13581,0.06105734186538421,0.006862996988438644,-0.06235737762888901,-0.0024728090446297186,-0.025006332158086716,-0.7027490909254416,0.018805606070326494,0.048007605860044066,-0.24196518983424672,-0.01919128879291304,-0.16972235338255773
13582,0.02798405644457518,-0.06475381100914956,0.41980775737201675,-0.09497306915382055,-0.08239102623814776,0.025106818483509014,0.08395247663052503,0.04072802167721378,0.006356072214242572,0.004498336591977946,-0.09699187433563397
13583,-0.009499718396429801,0.7082532206408754,-0.07295926804749289,-0.046484990340267394,0.022974512224783236,0.2772274623525177,-0.177645544725125,0.006095646646619298,-0.0726624693281967,-0.11494479463846481,0.006328943207162615
13584,-1.8146173182968104,0.03918450164077947,0.09902003115388128,-0.06755651871276834,0.1724947515135902,1.7773085080662727,-0.07962793481594381,0.18142988773556373,-0.07603751265463843,0.009626779684566898,-0.13017529914218592
13585,1.1460076147856109,-0.056489136016053466,-0.011463463369617826,-0.0024639529030742544,0.09673003960102439,-0.12589143856880283,-0.9428897239732742,0.0472757850045077,0.04091254085861291,-0.02191576074449816,0.030049530153372698
13586,0.8960571703404211,-0.23058705189405276,-0.038826247736759016,-0.07521967241266447,0.011727006083132844,-0.18073963703983342,0.16673331681624853,0.017735882402602016,-0.1707196949206603,-0.27694566755048516,-0.06315802552784422
13587,0.5737215055382345,-0.007696595571028848,0.050647477641951794,0.0510115031780108,0.035361886344822596,0.1299493160289727,0.00487160672985267,0.007811758598228403,0.037459802193811426,0.0420165784836809,-0.018146716970124856
13588,0.07007040012924538,0.03523427386337162,-0.1172470593573641,-0.0956655984540242,-0.04559898724564287,-0.052812504540789035,1.2689907395151907,0.051455939530959775,0.007870308906683793,-0.925589667218317,0.11204917824160632
13589,0.1385812442220466,-0.5705176174327309,0.023749713775043126,-0.10017251623982153,0.08028545485016031,0.027864335383118142,-0.07156209972081493,-0.07556184264905365,0.052167831938501254,1.0091407992969905,0.015624818828778893
13590,0.11340088572343383,0.8584012411374679,0.010582065868673912,-0.037438120079355514,-0.1187424715504855,0.04994807656410442,-0.08896535193394459,-0.5579504609175526,0.06127085363087796,-0.08903336021838223,-0.08069003994798431
13591,-0.07554270108563207,0.028372829152692736,-0.029677559561223858,-0.376423118697616,-0.0431571673599193,-0.12472680112730769,0.058147283074294856,0.7723965799507972,-0.03703928278743128,-0.14700395909165517,-0.05129437296600341
13592,-0.15086818436286734,-0.08421658153927924,0.006113586433353828,0.7850444750437521,-0.027700426018697,0.24331106451925855,0.0006970822371763553,-0.026275284157163296,0.04855765342215036,-0.03508270696463359,-0.33614802229462726
13593,-0.0365359475992342,0.1717019248541213,-0.029243622539056324,0.045676315684856576,-0.4101784980738309,0.13392263919148714,0.17595004179030943,-0.08863093863230392,-0.08714105957351213,0.1346826266673227,0.8904371165583781
13594,-0.18265521325492984,0.1844731916822009,-0.21318225347961178,0.005343538441375299,0.6199749036747702,0.012598134749284609,0.05758517346328667,-0.10901772919977766,-0.1148398780279373,0.08838925533689364,-0.006524914442078341
13595,-0.001628693911315821,-0.05383995520870801,-0.09955748366973088,-0.026672283018114338,0.08772155174640642,0.04326685298916809,0.04859764620890639,0.027400583791240593,0.4217655975123502,-0.02283682768220899,0.03378112401733782
13596,0.026339340335824628,0.09082059301236882,0.5745552954375348,0.1582438869759905,0.15367043615446985,-0.017712724506731385,-0.022761859251176245,0.23413503776581054,-0.00594271047897112,0.05557114234618942,0.04965215608739998
13597,0.021176702266247613,0.005042845401801805,0.03722154355656272,-0.035112262602832976,-0.07954316794920958,-0.6762712768947907,0.024918236136363636,-0.01341001122825172,-0.14800060629004055,-0.05439493631441727,0.057656713611690696
13598,-0.09224335366608415,-0.06580570746615544,0.4567922454311546,0.15531307697033803,0.08799287954288533,-0.05594064784294623,0.01575303513527861,-0.037320566793350864,0.00592804899619827,0.12388951486205438,-0.010811838327882566
13599,0.1793854303544243,0.73238381065808,-0.024370905550842387,-0.040966441795350965,0.010511262708099904,-0.0713558694030902,-0.060709551181706733,0.006305475227107223,-0.002757135424088437,0.015456946594576559,0.030303496641465914
13600,-1.8307446768386928,-0.07104959496076524,0.1473808997445521,-0.05329764947335983,-0.3337076322802771,1.6182792438130496,-0.004815397612808128,-6.479552616718044e-05,-0.06967584088244502,0.05926129300927638,-0.15257374099886423
13601,1.5319346024548923,-0.014477024772276255,-0.17419151835115249,0.09548119641399609,0.11614614432460808,-0.07401887735181933,-1.032446633110432,-0.01068162678353388,-0.010483728056218958,0.046482106367007614,0.007510548977053892
13602,0.8129060874378173,0.07016073765815385,-0.03474479326212539,-0.14036190094728096,-0.035772071241160254,0.06031250298955331,0.04725370590633887,-0.0127724748429556,-0.10228186270979214,0.03871968429140036,-0.04519608022249232
13603,0.663540998201456,-0.040232741099269685,0.01124499317791149,0.05361865158180278,-0.011674929306059602,0.12089451958783909,0.007067356756356158,-0.029231595679221796,-0.010484927298137336,0.05753077275554563,-0.014426968085540476
13604,0.0034456665961824715,0.02026626285895422,0.07674909434993954,0.11438390332790126,0.036184600503104236,0.022973170855589656,1.1776369090948544,0.006311645144104814,-0.034000364066509504,-0.9671261753133852,0.07949705430913644
13605,0.14065802462885235,-0.719337066407616,-0.06763365473866195,0.05159525162266899,-0.09287920868814557,0.17716787487227592,-0.060742714699933115,-0.027336639178113385,-0.02320243866852944,0.9524325055328209,0.11729260649710785
13606,0.06757738262285465,0.8378665483444339,0.08064708708316136,-0.010639582636488896,-0.027972080069597356,0.10105738813726009,-0.08125851841545861,-0.6628550828381774,-0.014813095616247317,0.03600697235143431,-0.0072298461748765
13607,0.1435809781352084,0.09325407366713613,-0.04666783365332416,-0.5633384558483151,0.2011190386239886,-0.2175257219935673,-0.20879311755663763,0.7748523568854025,0.09567951965502389,-0.14037100786592047,-0.14191848433308868
13608,-0.03015346326648659,0.05151175211062758,-0.1523851195059168,0.7549253819956405,0.005475568812341802,0.25494054335546323,-0.03739064158123455,0.09293604933326897,-0.1673014668997099,0.1307378671004151,-0.35958529238585674
13609,-0.12981622415796948,0.011943993642605122,0.13002397811596228,-0.008992826785357694,-0.4790902770064268,0.021669120266312968,0.1562813016455461,0.016713682808492017,-0.14359003361855655,0.028637979298362037,0.8842386333107457
13610,0.08512675325510707,-0.1412014078604689,0.025219807212017806,0.06386481537899066,0.633057777246814,-0.005179039340611525,-0.13145113831119054,0.06799897702783264,-0.1424570466684954,-0.11847823979720956,0.04879924574029952
13611,-0.07622650256583852,0.010823627474331854,0.248482909532386,-0.024316242169135558,0.07838871630355787,0.31037940534696556,0.02699213083019046,0.11818916861534917,0.49976140836638333,-0.030161968886408642,0.05686233943330598
13612,0.13141181280956782,0.0063054406665828,0.5958012847316643,0.07213563924360078,0.08781338314165231,-0.1105071170324373,0.0566860046284781,-0.01941226893976318,-0.05973736134794754,-0.03505746778725625,0.0471921950434323
13613,-0.001001522377287693,-0.09560990930550564,0.024516400142936136,0.051880591913508634,0.05074105164771407,-0.7349514849769482,-0.012204907452849014,0.10458078237411958,0.019894549676645324,-0.0528437600645464,0.1146915656723088
13614,0.10059021362531964,-0.07543551405842912,0.43147746255955227,0.11600831065341022,0.10937045468384647,0.07980038805454483,-0.018171687158495434,-0.06368291182296047,0.05838547560241221,-0.12390795301734679,-0.010085836497369813
13615,-0.11742543187861662,0.6782799996672242,-0.017947845704216283,0.03384562935746092,0.01704573043433908,0.17264222436288962,0.039455427236069984,0.003711555244416927,-0.055367844363572595,0.08093826092369319,-0.03026801783331548
13616,-1.7772394729191445,0.12206702929121571,0.005405861363338292,0.006831410193729865,0.15182412882863494,1.8990022077753563,0.05912655721993743,-0.07003651366009674,0.08713300801283723,0.09333440046319597,-0.045265587773633736
13617,1.2155793441846576,-0.08441393208771884,-0.07428049760648942,-0.01060503776863055,0.04083996993922871,0.1932798400446729,-0.9808468924303615,-0.07362695402153954,-0.01355460124267606,0.07526853559272129,-0.016068129466735713
13618,0.46623521978239746,0.06545329546743225,-0.027505484887672217,0.07429713027249227,0.11225454090138141,-0.16060407759994816,-0.09240870980941167,0.08304477412135035,0.15313473776188358,0.03101223094396159,-0.10460138848772636
13619,0.6272680969059538,-0.04465721844017254,-0.09168549520415961,0.020577219444455883,0.017183746533998945,0.01080600555448754,0.04456814396607246,0.028785645509937334,-0.002291483394472241,-0.001214725521653459,0.018648098456616684
13620,0.06897761584973931,-0.01050894219597433,0.033399373681442794,0.07007089033166669,-0.023245966727482022,0.16093035599540237,1.2325836358310986,-0.09691920860438365,-0.05741762777321224,-0.9617293860249249,-0.1147400620525243
13621,-0.07808180211202595,-0.7598368453689952,0.050867552576419374,-0.07871747179027516,-0.04300318907072209,-0.1554667981756312,-0.1488168395433407,-0.06214353945425041,0.0652323502536244,0.9285676862772254,0.031627941362592185
13622,-0.16459993100830533,0.978671967248263,-0.15406769606602352,0.0331542504920021,-0.11018621811483795,0.10676995239554682,-0.07932419938458307,-0.5365992921128538,0.06427928888767069,-0.027074846707841764,0.08787867220443212
13623,0.04335940746727114,0.05237797359783401,0.09062017036502602,-0.43189622048200405,0.07963527560683087,-0.07591370789900168,-0.035977579457591675,0.8571121030883749,-0.08474403546443099,0.1392236913568442,0.05133640943490312
13624,-0.1932800495585398,0.010382356983089073,0.1767851919516519,0.8320029169263435,-0.03442855179113134,0.0032303040506027527,-0.012461343025173856,-0.02242575117049532,0.06074874765475878,0.0027765874604729394,-0.5094641494910094
13625,-0.013569360425500011,-0.10160962849790502,0.01670811572501695,-0.07025788443508853,-0.5622234597686342,0.0942452286963044,0.18017430236059054,-0.020631258149601588,0.07466531221631913,-0.07231582559601107,0.9012187373695193
13626,-0.054347020153106995,0.03132772321145492,0.06477844059007197,0.025025100337497004,0.6155065413258158,0.08997700796039412,-0.04176116767034447,0.05490264002895719,-0.2022622711332886,0.016174164602359018,0.03507424971153343
13627,0.14658606356355897,-0.03647926032502068,-0.12379445472464931,-0.06628982391166918,-0.03289213416415908,-0.2095826018642042,-0.06709537477263561,-0.025166011541375558,0.4819540959295424,-0.0303612770975201,-0.020290003474601238
13628,-0.07750100776880109,0.08499021610611099,0.5742466974867807,0.06334806470677844,0.016135043160664497,0.08258971618147498,0.056789817998705,0.09233869610750796,-0.058983513792118476,0.017939412360964687,-0.10698448484588402
13629,-0.043044747988264874,-0.03766762614651241,-0.014542147443528287,-0.08763144492984178,0.07218911813345356,-0.6781824271506605,0.12525257035488035,-0.040901336404532626,0.05401404281707553,0.07431925305827883,-0.033031007835866454
13630,0.0983618962712809,-0.19661696991530286,0.42605648800749446,-0.055655587823853894,-0.002351643951125427,-0.12019845149228607,-0.2021346876089575,0.058941113467709944,-0.04674183659907214,0.1134687991334614,0.06546213665132405
13631,0.21472065409320856,0.6742890007164396,-0.009846098206365402,-0.05152476915810563,0.0010518258756495404,-0.12172491497974712,0.008251318025044752,0.008916989449595375,-0.020167726174968002,-0.00016016204873125356,-0.0054488896185995155
13632,-2.001237043280112,-0.02772430702495122,-0.06040778971128831,0.14912012478822542,0.21699001594373651,1.7327427314949,0.039798102006176894,-0.17481451328737221,0.01839026140601869,0.019314357087676984,0.09994691772543923
13633,1.4133974634556776,0.06045778900818148,0.011491109594898685,-0.08139845044481192,-0.035413746886480496,-0.05106627860385173,-0.9290355964234909,-0.047917273657010276,-0.051936349344007565,-0.030742430653517415,-0.044813381473869
13634,1.1468089721375319,-0.030243803816619702,-0.07057408777152271,0.05985883672162158,0.13304436881464105,-0.07821967688372589,-0.11672024581638273,-0.05350434747171594,0.010957656999716858,0.12391511965425141,-0.0581017162928618
13635,0.5476218503128979,0.011885550817192754,0.04367739441089889,0.04111805451824723,0.03540018988003984,0.08603202506243157,0.01816387109564416,-0.02416682734795981,-0.042603871532755654,-0.07470636452649658,0.025198749576680165
13636,-0.07880140687923483,0.010807068672942266,0.02940318197971622,0.03887234311487876,0.053497432757965015,-0.1653620695203696,1.1629941253631102,0.09016921768971654,0.015513700768621177,-0.9640125491137368,-0.03368392133895901
13637,0.1476942783304159,-0.5856133258953766,0.04533990848350997,-0.048961820891558386,0.08724248398995278,-0.14530511461648143,-0.028676861587456852,-0.09326001542891618,-0.06525187856075729,1.0156128599406264,0.22728158890483047
13638,-0.07201428594577308,1.0222734138524978,-0.016143392428075932,-0.015215493392770419,-0.12339150685934122,0.012759094114662143,0.14210115263608325,-0.5402032485336387,-0.02117138957987161,0.09839539493494055,-0.042653022123010635
13639,0.010544427733205793,0.04817859340247266,-0.1104091520128597,-0.7189432497180684,-0.03976113528046355,-0.1533473505395786,0.08850969855705942,0.8233421026491653,0.026954663050169612,-0.07483985490863956,0.03350158838221553
13640,-0.13280362634741463,0.03720336375824636,-0.2510038490240922,0.8535670689879914,0.06943551008200129,-0.2248049416638082,0.16741321674706433,-0.032755154891478115,-0.029848634763011823,0.0709383383686511,-0.3479884059949161
13641,-0.1300415202813711,0.10896469047663782,-0.012544027991530463,-0.01286383970376353,-0.45690007477561967,-0.04855464385661665,0.027442921454041588,0.10188518227415505,0.014824751581416794,0.16898794136200168,0.8401830065274661
13642,0.11365652927657141,0.10779240524155277,-0.056189453895964483,-0.019748761999449405,0.6102595667011899,0.0529784503224069,0.01702657621304535,0.08128404362046823,-0.13322583226302842,-0.048064988106716576,-0.02175350218921883
13643,0.1725072682308832,-0.016805375373004982,0.024314706465636993,-0.026097943928728762,-0.09563338215717705,0.13808286328650166,-0.020980831244817005,0.05563581394757369,0.5145333342478309,-0.1164665436830754,-0.11526421765699615
13644,0.27883869384755217,-0.23058463878591606,0.6263202684831495,-8.205043998324446e-05,0.2536899186399062,0.04592082920538687,0.2960953104161613,0.14632590181597205,0.024770798056035333,-0.0533011978117004,0.04630017968311762
13645,0.030779140898206478,0.01641426453807977,-0.034251458024617334,-0.06578519636054796,-0.023474917664552362,-0.7178391808658069,-0.09805779740674245,-0.04136637981765741,0.07555226993286397,-0.06897024713351432,0.04842967829004951
13646,0.19580204693553965,0.2058875440294163,0.38816140716302566,-0.024171088372606793,0.01648160812304074,-0.1511387363500501,0.2731066204255787,0.009450409042466735,-0.005514207761964957,-0.13630245635286412,-0.004575294356659659
13647,-0.036792035950443135,0.6755408911518266,-0.10196031039756445,0.045597641845069786,-0.015797326244326913,-0.11933658161397943,-0.12223710585492438,0.05435471876226146,0.018995913054577526,0.1454618049757637,0.009887982320954095
13648,-1.587620170420076,-0.05616920612107979,-0.09372414320440436,-0.04316674658071634,-0.04710101485360766,1.9317941580383944,-0.03881694768328195,-0.1244748540032102,-0.003589230866589327,-0.04701408961516742,0.00271830261917944
13649,1.50575046023145,0.015045123465371752,0.09554905677526365,0.0023015538659338555,0.024758848481159727,-0.033600782239626634,-0.8885289206216692,-0.028646582637550648,-0.036114376777953115,0.056674526629260924,-0.01631466440212592
13650,1.154084858390039,-0.27626814467802724,0.12352635245207606,-0.1482491957552956,-0.032734640933584205,0.26235681677201367,-0.018826031810250582,-0.047899649043136254,-0.1444992936905537,-0.16457375733271193,0.0033126029331815863
13651,0.5577591895968336,-0.003357241274966326,0.01781044739446086,-0.004002992300546708,-0.023135115111305407,0.13183600925816874,-0.03696691554637491,0.0015850973842324537,0.011812277307461157,0.050633118080005875,-0.005200032347833342
13652,-0.11823892253579073,-0.06820397680469496,-0.026583489898634745,0.08166297035253309,-0.030626059847750624,-0.0017877465529844774,1.2161120614563297,0.0077801913646062,-0.11985157176020513,-1.0531635063964306,0.03346503029701181
13653,0.05052404600910513,-0.6888150115283926,0.17182022054758367,-0.010088495874252196,-0.02190554982487553,0.03907628616075334,-0.014785388091150837,0.019956330560093268,-0.08746738179836666,1.0629678925823858,-0.09833921325847311
13654,0.038273747614235604,0.9230867958143576,-0.07610593347530631,-0.05523808337136826,0.03729119163940897,0.042681170753326565,-0.2820235007101458,-0.6539991250222841,0.0364177043022562,-0.1295639196106957,0.04516683968835048
13655,0.05247879265376967,-0.06613369641307407,-0.009472784106822747,-0.5241331992981136,-0.08237238120074772,-0.047670352395306835,0.027093333524975866,0.7979381617612178,-0.0230206596112277,-0.005706177568263405,-0.03239611743809543
13656,-0.20877221583612587,-0.030091134572163097,0.09703145541728676,0.8018127899331654,-0.07876173710180391,0.11194846311232859,0.052453623370029616,-0.005987012002149175,-0.036162673855228866,-0.03907497209622961,-0.44222265476951717
13657,-0.3899695472311165,-0.01933364245127896,-0.07707633969027378,-0.02522468112519933,-0.439845262605801,0.027271970697146403,-0.13796591580400985,0.022291790175642864,0.05425299378800673,-0.11183327453225168,0.8997934044208359
13658,-0.13559411428083892,0.19418888714847893,0.25347602026628563,-0.02418249217353852,0.5923606924556193,0.06631317135100806,0.02256283863982649,0.010796969470559255,-0.5147103021745498,-0.14266395860049708,-0.020553164207832132
13659,-0.07083996929563761,0.050620800392733534,0.04287503445112027,-0.09818623233525312,-0.02333883791207413,-0.15397161590161482,0.11081483867804286,-0.01238412980657201,0.5195739832796588,-0.022368207705886715,0.08408962401837156
13660,0.23567028537748455,0.14463172434076038,0.6545935261565894,0.05338277542977528,0.05167890869959427,-0.1451309539027941,-0.11984473048120178,-0.024460907436969305,-0.010076396835821112,-0.004278272583169717,0.09439370107389691
13661,-0.018812854935045455,0.05636467127704392,0.03139202470940664,0.010153070011336002,-0.03119159530758609,-0.6298305574903317,0.029789472884073735,-0.005745092741546725,-0.21737326961816728,-0.03864956353041513,-0.19041226767059824
13662,-0.024478661666596072,-0.032545928779776044,0.42149015981337407,0.06855938830783172,0.00770529040638316,-0.015871818280268492,-0.057938484798008734,-0.11667068124891895,0.11789411877116884,-0.05732941238771722,-0.076173916008486
13663,-0.017935132752872042,0.6894941015895731,-0.06001870024546453,0.04515443055819819,0.0032946298055930266,-0.1466060047685817,-0.017118249166710807,0.011856973168316794,-0.0053236492917355435,-0.1264846044853544,-0.016031725457521316
13664,-1.7708053212644381,0.04301133469423193,0.06023923539082199,-0.15480447521832247,-0.08840977375854811,1.7593075010217218,0.011296815596900434,0.09114918395503428,0.08899694082644559,0.1265231464665508,-0.07462970161355537
13665,1.4287092762109992,-0.03651198193414501,0.10084962873753801,0.0340163406749642,-0.007343907416680761,-0.016273050233471788,-0.8725725074994506,0.14814765587993337,0.0830950164676141,-0.020169211659259324,-0.053331811905624485
13666,0.8112513469820704,0.025788898455244076,0.18837966034105086,0.0004851626600426463,-0.1548212246177851,0.1653191683301684,0.06921870583067201,-0.19719288540841665,-0.10439340348261311,-0.07564888171954746,0.025688732222117622
13667,0.5893139142893066,-0.005824234026264407,0.034903766585038846,-0.005503817156436075,-0.024576657868696027,0.0130293283731184,0.007731271231540933,-0.010267519130804217,-0.015035885591904677,-0.04653159944384597,-0.07687818391954433
13668,0.0798022376995964,-0.017848435753713532,-0.030156102911606877,-0.06643895867036714,0.035543715367723216,-0.048026815252802994,1.2217691665264097,0.0516695587826144,0.12049993680978097,-0.9800202485373,0.01629352521927411
13669,0.11296498628184884,-0.6017882251831055,-0.06668431304768327,-0.02090912041121827,-0.03780226949773758,-0.03319335374397756,-0.14416131705994417,-0.10090617413382467,0.053018352166720926,0.9682269369437009,0.14629199812856816
13670,-0.02992689262096109,0.9326288541386558,-0.13129285948938127,-0.06627305478380942,-0.10436096140215247,0.07627261436484102,0.12637907769619142,-0.7386077358032377,0.020655958037702676,0.015986234023515625,-0.02261496833400366
13671,-0.10391846468907626,-0.0006066139939397319,0.029397500163634974,-0.5210888139116553,-0.08974597332515176,-0.024296466037827934,-0.0853295324997457,0.8129567300403612,0.007393050686153407,0.053636494062474976,-0.07032143601613879
13672,-0.006124232727994395,0.02461386441789544,-0.10221450846133676,0.7548774556234272,0.11311348273799333,-0.07509927621276075,-0.036244429291318686,0.010852786789894757,-0.005945448412709033,-0.17225056209520276,-0.4741157358349194
13673,-0.023344376533599647,-0.00878367929648697,-0.14759788135407798,-0.03779919638141323,-0.4755210565289261,-0.22682762520350802,-0.1525106268985876,-0.10632795243185049,-0.03644031872029372,-0.08357680928712244,0.8296139771599529
13674,0.08916048645532078,-0.02544128424077892,0.12318322170587136,0.027987043171642082,0.5768600736961367,-0.03249700147101847,0.17409205875261233,0.04469498069029227,-0.2352664919903985,0.06752741827526111,-0.05877640062930954
13675,-0.16927482817277803,-0.15066836940097683,-0.2689166249394186,-0.01910077076810841,-0.061162360799096496,0.04295302411608336,-0.09775661701855975,0.050419837480421066,0.520944579985953,-0.008924459144488736,0.04971306673382805
13676,0.11183361301510436,-0.10609622405897637,0.5692096752698017,0.21820168038548204,-0.02026746981852063,-0.06804066358216061,0.09826330385301456,0.29686161744097633,0.08814387173473576,-0.07512099318015342,-0.053746335575213515
13677,0.029801479533730656,-0.021974393740269122,-0.0009850262656426964,-0.11176605920657771,0.04552573568452921,-0.7069189318645499,0.016562152328111483,0.10989485828225157,-0.035768197246745154,-0.04743514144792587,-0.019150337352682206
13678,0.02614822762563332,0.09712808399391022,0.4275019597793544,0.016837135032452207,-0.0722647484914535,0.04707696826857944,0.17496238352194124,0.013076322914959316,-0.04386342337645703,0.05251899455767284,-0.010828082426538807
13679,0.0960689834901705,0.7305207749538091,0.06998337183906628,0.0050260483892311456,0.08134358323037275,0.17478602943025157,0.014985103566624011,0.026671949195790825,0.015232727748865443,-0.0568897081791242,-0.0025046247933925444
13680,-1.9152379235312196,-0.02436659975996939,0.19553402848291987,0.024885417504909517,-0.004550712145878704,1.7577984972196918,0.10996962248769877,0.04284893364872434,-0.02743536790163452,-0.06011434704468865,0.0016650796912614282
13681,1.3303080795048188,-0.010607721671535304,0.004211922016178821,-0.044843621705092845,-0.012515440736053134,0.1005721336828465,-0.8663069066524683,0.007271149429654045,0.1065476951200235,0.019928211263580978,-0.09191176254555773
13682,0.7292488309215738,0.005478397886238761,0.06980980409705262,-0.0238303357967994,0.0754479449510087,0.07346607261335904,-0.00320364098153014,-0.0013713211284127075,-0.03043360103053442,0.053209673295571296,-0.08136215322799457
13683,0.6855516688678301,-0.002856927601976248,0.01612925986297244,-0.062203292614506855,0.029158165412567234,0.09145727489204476,-0.006902025230022014,-0.021128212195159694,0.0014231773216708769,0.02741123915711089,-0.04379340250455829
13684,-0.18910874776949807,-0.020636364075202307,0.1056530112472554,-0.03183001891685344,0.029352322865593784,-0.14947258727058985,1.3022978108659653,-0.034258486737775685,-0.06874793097834869,-0.8736522234217696,0.08417797072708404
13685,0.016979535819930777,-0.8323701747643641,-0.13349071547023394,-0.003581367076979234,0.10100245858179822,0.08514922627944461,-0.12903506309711016,0.07927192838609301,-0.04379629101593327,0.9852951084976481,-0.11612229977817713
13686,0.07881453162902001,0.8353541866590385,-0.00043679527187488157,-0.07309337095404603,-0.020838573476290024,-0.06915709192170923,-0.04603818194504129,-0.6116121384133653,-0.004572265976690169,0.03931357483626784,0.03676290889196053
13687,0.10353507525897689,-0.10474719476285915,0.10005399010166763,-0.5986628641296068,0.016512893879965275,-0.13096416537967362,-0.03302670961786119,0.8234960887533556,-0.013287525844388559,-0.12922168928448954,0.036816726242858644
13688,0.043287685180893376,-0.07020549265660686,-0.07360644004649257,0.7383034616578612,0.1523021486627385,-0.012198763901239766,0.1989522649768918,0.02531687923912595,0.08671933371640772,0.02528359140587883,-0.5616326697749918
13689,0.3273213943766785,0.08405741161458716,-0.19433972596682725,0.07175743896650695,-0.43765810007160466,0.14901149788534673,0.05638609192019005,-0.07224292442912839,0.06711244795765245,-0.08330501591737252,0.8777216192151733
13690,-0.09061785380872223,0.037019744471704405,-0.0533495715211197,0.033867004980459234,0.5891964190655319,-0.11398934692509842,-0.03524185409654469,0.05413421159456811,-0.35275433281554885,-0.0908935250780403,0.04254115889676897
13691,0.031696816157083266,-0.09870071921779461,-0.14238949811748491,-0.014114598259555924,0.04789458617743892,-0.0012458287550771111,0.09369757871211835,0.08146485421033911,0.49796383193976523,-0.13824651525136905,-0.11483868252016327
13692,-0.26389908491838043,0.08044096334802762,0.5986047191900323,0.03546676731381767,0.009771968000875436,-0.024942471380410856,-0.07592391967678899,-0.016477974244429955,0.04290676063073344,-0.01486387489498676,-0.021617765340914814
13693,0.056597919668523046,-0.06393366693362623,0.007937796777138434,-0.03864499794623104,-0.035659179550967264,-0.6492953993980616,-0.005183615293239369,0.015167694346722587,-0.019120253137983753,0.023809132560478116,-0.05984975774589606
13694,0.014634548582765649,0.035880731345652506,0.39940694632753226,-0.027663328606380277,-0.10977331988894738,-0.02050155588078175,0.1025474373467184,-0.20609055646659627,-0.06638883752231278,0.08648223110788071,0.1614470673053386
13695,0.04927692186632218,0.6754529821317985,0.034729915966471236,-0.001042120837211601,0.06292503296944739,0.061635063210972195,0.1075993136067248,0.03619067814910293,-0.03406052678924739,0.002093248749224754,-0.06647418881076984
13696,-2.007015884637041,-0.16387615771025876,0.08581075067367987,0.14509562169629928,0.2648745006185822,1.7940784761057158,0.08302149722190665,-0.007308444082886263,-0.0011804493847055043,-0.07723459814212968,0.061956973736603665
13697,1.4832425379336596,0.014966617867183746,0.01290512185683212,0.024941124292171088,0.050184144883024126,0.10084422417599274,-1.0078412497227873,-0.04657799119560852,-0.03608440999389961,0.04901522611095726,0.04057683580517985
13698,0.9996863826831495,0.10064001450393725,-0.05960205196751019,0.05759848986490412,-0.02113439154188424,0.027157089291439666,-0.07349088231247507,-0.06063939353790613,-0.012617102273155135,-0.12078651226432302,-0.04736653899761211
13699,0.5939268972157296,0.004405606847765855,-0.010758502509900132,0.03023324076647993,0.008493800500468461,0.080669580854981,-0.0507949458021508,0.059095744468489246,-0.01282174105000442,-0.03744493260285414,0.009140572693149652
13700,0.023270845233325944,-0.028847824219736716,0.11328885863821557,-0.06650963261333687,0.02046178156680463,0.07427207516969361,1.2841866469124565,-0.1178239207789537,-0.009351529535811164,-0.9108864335847698,-0.040704891980431396
13701,0.10966740739804866,-0.7076307593170247,0.0593292548889128,0.031186965187371164,-0.007227118855728039,0.03337539179860646,-0.08532289517855814,-0.021442151775476235,0.03826136528805527,0.9517867306068557,0.012543293789027157
13702,0.07781625284236066,0.7727247471251366,-0.08133499851031888,0.026643573287860604,-0.14868620577565264,-0.042700681313092924,0.10841280308843741,-0.722347702613586,-0.07627750600333401,-0.06691035540061835,0.002930959021842582
13703,-0.040209101192729385,0.1520874996614989,-0.12041761318078303,-0.6370135885695958,-0.01712075399048478,0.03682832930652403,-0.08616884979981042,0.9233408574325255,-0.014115975719646814,0.020145206227370836,0.13706432838732885
13704,-0.18452771971291354,0.16877612553311683,-0.1659833948166501,0.8015218985294872,-0.08939685844899975,-0.08881891991199488,-0.21525250937115492,-0.021061751455212312,-0.08065921277108334,-0.15630066932091732,-0.47702242288193575
13705,0.00863938695367413,-0.07019175394728842,-0.07428277872723041,0.010331546094775703,-0.5972374359397634,-0.01905247549838493,0.08629055058264341,-0.03933502575861901,0.025562039611485763,-0.1921780742036143,0.8646967275750215
13706,0.2449434261443158,-0.0003065007780373285,-0.07287506139565762,-0.003277207765714689,0.5863872026144021,0.04907195334964567,-0.13906600854300288,-0.058544363134166534,-0.3127901919378471,0.18782009191001325,-0.0038946579388892295
13707,0.022288841882708302,0.05814215042666575,-0.13874294152039796,0.05642067839352058,-0.1057175005616505,-0.11384361483461794,0.06370128517957238,0.06613912008583497,0.48450359649580094,-0.02504792939738139,0.07725046301647975
13708,0.04274413190222526,-0.07873975842861133,0.5903756147348179,-0.07587968124735621,-0.06407802494022742,-0.0583760165432017,0.36212713236048605,-0.030953045314665882,0.06039444368007715,-0.1743055850474421,-0.011442096291813983
13709,0.07115615454012171,-0.035166338862652385,-0.08098843492273282,0.011461337511994449,0.08602247109512483,-0.6264804525116472,0.005448051245396884,-0.09771186994601774,0.21638776084333283,-0.015260017764254799,-0.013230904018794868
13710,-0.02297410698155365,-0.07071493272747964,0.40329958788391307,0.04451723295113288,-0.07835507696152336,-0.0598679121787725,0.07569222906332389,-0.1311986135585037,-0.041745192999737425,-0.09194370811166117,0.05850979836609092
13711,0.05446696146142339,0.6871148296152464,0.08256024135994756,-0.05303784591343801,0.016640853130394158,-0.12719216385646498,0.04031248308691217,0.027985993713235815,0.07935943413396193,0.16382183981014176,-0.07954777330997416
13712,-1.7614805389734771,0.10944148363515198,-0.11801869571247091,-0.04953519981845108,0.07781138812957922,1.5984007721055489,0.08149114292509355,0.0165884286071894,-0.08464752467505784,0.031039553352495586,-0.11252417782128685
13713,1.3019270598317556,0.01904720637143779,0.12312595766019861,-0.013953393634272792,0.05205079013341516,-0.04447572027832528,-0.9921873878742167,-0.017939238336182006,0.1233725905273796,0.0402966878130969,0.026999485847325744
13714,0.6203495522290882,0.006157334941500883,-0.1397919346495268,0.11257846227062662,-0.02805042865814733,-0.039219697727313554,-0.07213438079798681,-0.08953068948823585,0.07768442434517882,0.0851900247189965,-0.07180706013525424
13715,0.6035052340160889,-0.004908403730165732,-0.036168046843989596,-0.02271424413229221,-0.06104249121999273,0.04624891383903969,0.02638395190048931,0.05735962665021889,0.03467497100890811,0.010566624797323015,-0.005238800260901262
13716,0.1049593688746359,-0.014034616832040218,0.0542676543202498,0.022351461334391153,-0.013784818112879132,0.148520692560467,1.25365413832381,-0.05895045903197511,0.06560519644590186,-1.0025514439948868,-0.08442928499106188
13717,-0.07256970001974787,-0.703808576612432,0.06699121052961103,0.11741024926423378,0.04812522942037265,-0.10088826228007257,-0.01717165637916115,-0.04254117684097037,0.08355903833772899,0.9891675830911179,-0.1360388792262149
13718,-0.10037097977692483,1.005917438855959,0.14067856804736745,-0.010661660438475107,-0.034926361694143156,0.07878541395935332,-0.10132090478271237,-0.5103858359376406,0.006745509229180189,0.03519529919821005,-0.0323849895640911
13719,0.04256210361827444,-0.006601318439188011,0.11006035745424345,-0.6354016670258376,-0.0967553261976506,-0.0508769793923697,0.03702190198018119,0.8131533443515876,0.025996924324539487,-0.0384356490398001,-0.09897861156743837
13720,-0.28980634632933217,-0.159955808699899,0.08483612259689856,0.7645446408982326,-0.02422436748834963,-0.03404022249427869,0.0879187508286148,-0.032520754100444416,-0.01664203597887543,-0.08296448048594599,-0.6402984898540529
13721,-0.17059510946024753,0.10201345045449013,0.0628436879806955,0.12032839116711358,-0.4578230520005051,0.12326117688012779,0.008988869835619714,-0.0655903868078672,-0.02533857827291219,0.06788263175452156,0.8715695482651162
13722,-0.3061589052733688,-0.17451457692255992,-0.028709541073515622,-0.022306991435521263,0.6210619924853122,-0.04674116954921837,-0.053848500372031406,-0.059303930856431604,-0.37787336146179895,-0.08656284365320473,0.06686825126583279
13723,0.04422445377932065,0.003739729812630443,0.0007307669217782864,-0.013108180837945706,-0.06604167656085894,0.06005881235647711,-0.02540128535337339,-0.01012389482326726,0.4465241728070493,0.014940545037354099,0.02844673826379816
13724,0.07546611578287529,-0.15196689841116384,0.5809280892842874,0.12204479188771294,0.08939499201644198,0.2064419600054123,-0.053974569259585575,0.1389796185634404,-0.01810217809959637,-0.18000948935556751,0.10694624950274668
13725,0.023150000953591994,-0.05790829370270273,0.03928395666358474,0.01055596280391902,0.14035930912261124,-0.6704151319087577,-0.016087689053353352,-0.002578709458911362,-0.07693992177949656,-0.09927103492801316,-0.04518731851062208
13726,0.07476518462576505,0.12246467337109947,0.39989353926590737,0.0348044126884956,-0.030907974558470875,0.09151318210922668,-0.04651824810332927,0.05593757291674296,0.1102992197469134,0.01822603252977756,-0.07785428338055977
13727,-0.173807732311522,0.7445870948709047,-0.035392610759797494,0.0721166628500484,-0.018976806131706696,0.14638235959821783,-0.08104482699514227,0.028154400570556896,0.0058543333300259005,0.05575051584192726,0.03401173917149227
13728,-1.5994175488460973,-0.12013336847668099,0.08275114018385277,0.06923194428283483,0.0056115504833531785,1.6396138985578275,-0.13881406843712427,0.0008164239448994869,0.036688511101573985,0.02370279870757055,-0.019245928439167347
13729,1.2075417666656145,0.06424714916599877,0.019240620640442272,0.1444709444007147,-0.049870480221243844,-0.0469757848655047,-0.9081591204954228,-0.02882993146789095,0.050771132414026296,0.027082274467782903,0.0973182132014598
13730,0.7923442211107841,0.08307331575333098,0.06487608810631415,-0.023202662830540365,0.09161350040740306,0.03058459882498014,0.10327309948076532,-0.009383148974018577,-0.17257928318142055,-0.08268306114011008,0.03330611840723031
13731,0.6760343912199176,0.029586074579456195,0.031952849372519465,-0.010995635809837017,-0.030482212566894647,0.01689704599349844,-0.011009694155066205,-0.018605936671261328,0.12527026017309906,-0.033429055072517914,-0.01932323453489675
13732,-0.12902851207097465,-0.002560819244624459,-0.10374567082254157,0.027753249844630318,-0.07118468156790758,0.005150304009144398,1.3611048203691751,0.03628327899581042,0.06366253137409912,-0.901952813316191,0.0646414815332875
13733,0.08258610769373449,-0.6073375522992278,-0.0690164140366253,-0.10447857942189971,-0.014700315945267214,-0.0685405432692929,-0.05994147848058315,0.007090745964837511,0.01574981819258799,0.9785711490744914,0.06266796448682137
13734,0.04597405684878125,1.018695486932352,-0.03948131942668192,0.04533453823155821,-0.0008621636850137684,0.15429842520276082,0.02541134605167785,-0.6719913998220135,-0.1353116395718495,0.19491091573735644,0.01803245810717246
13735,0.1661322870354748,0.02907420529255864,0.06199550423842948,-0.5730639810303487,-0.06269274198148223,-0.0014457650333428457,-0.27203615739331405,0.8186561370302998,0.09489913189965417,0.044903524962685536,0.04174227376321819
13736,-0.07848036762682915,-0.05668138556253753,0.04895160761637422,0.8234856828548027,-0.23463407836692735,0.027407805863466195,0.11439217678961203,-0.05594613217129589,-0.08711803626616887,-0.04117871404145211,-0.5281680498735168
13737,0.1678059600825958,0.05677206843613045,-0.06373625180274822,-0.0514055832702438,-0.44262822653853295,-0.09131309223037584,0.22668383287126131,-0.055873932441109705,-0.14828778272236987,-0.11240015455030569,0.9029610892907419
13738,-0.14934047708554257,-0.03923050754975697,0.04057137585615353,-0.01379032036047316,0.6116597682218031,0.24991606803829566,0.05547521032950654,-0.08858449824060395,-0.3672005532759704,-0.10644722262471434,0.02632884306416569
13739,-0.059663837927407606,-0.1828610697670524,0.17616330717747325,-0.04218103466994065,-0.03126713730284064,0.025413232541074426,0.03892558550383185,0.023356150626784165,0.49058698397704725,0.11052209786567806,-0.020964297511413665
13740,0.036189708039866916,-0.08723147065030204,0.6517847902074116,0.07055784916678687,-0.1890269270897516,0.02347227019810692,0.14224017212734708,0.08181845321938487,-0.09060558667080101,0.12460830872700347,0.0941009414083878
13741,0.012965506030874078,-0.032131718680566176,-0.05840684670442466,0.0568386435376149,-0.047944884517494686,-0.663950294172726,-0.06439264742399928,0.035023474225610196,0.022166608179942017,0.053789402393666585,0.06598384488531744
13742,0.014406542686611255,0.09964194214220866,0.42167200215315015,0.10625629149043389,0.15658388411480587,0.13797403675552597,0.17042007415788973,0.025815132665030598,-0.05800288242889328,-0.18776938977860985,0.045215869916634996
13743,-0.02410232590465182,0.6990039680645761,-0.08466585820168271,0.033026728265493834,-0.013919655960328299,-0.10848876779314547,-0.037497420356022465,-0.028693538100658094,0.03580678565584884,-0.01276175047840016,0.08016739609830784
13744,-1.972630361593929,-0.0026180067934523446,-0.13093521224048532,-0.009429059040893454,0.02874037569950107,1.6631267209994929,0.11741381239694215,-0.12607728523750295,0.0033498621845019358,-0.018607558393332498,-0.0191924906701455
13745,1.5258992854694287,0.09717957549276778,-0.07161195626565833,-0.09159163264397818,-0.09794165274210784,0.11146131589805519,-0.9449025048116093,0.026475855163381048,0.05567946887434077,-0.04698141364237558,0.006639798451325655
13746,1.033044599423714,0.24913452490052862,0.16106272768387722,0.0993386396630578,-0.07037178797372425,0.05770581101932977,0.11090290556425049,-0.11222959616634609,0.07260239127247632,-0.1607856931624421,0.024545310999188406
13747,0.61494932646926,-0.0397889715244697,0.035805338034825315,-0.0653698501518174,-0.009308039522771344,0.046053164946331916,0.04357795938101014,0.028587543183817406,0.0017913651904081004,0.007468348892340682,-0.021297891150122372
13748,-0.0934941781758669,0.019145865357914994,-0.12607663346545345,0.00632612339396241,0.10603051476426201,0.03982296767569336,1.356245296140525,0.11507270545104643,-0.07662173869062859,-0.9374545932459197,-0.062351277677301115
13749,-0.09012131919776507,-0.7421430221154917,0.004700810145851971,0.06322903335034381,-0.008206650854447953,-0.06653405512183201,-0.08527943902888571,-0.024739584890375272,-0.007447146622589251,0.8938719325800433,-0.03504427659892477
13750,0.3316142202096142,0.8951067966357671,0.027452814969400288,-0.04829758070297423,0.004072506854067311,-0.07526626949746111,-0.060661276778657305,-0.7306357414687839,-0.10331965695777631,-0.009443043556524658,0.1067084476240738
13751,0.01719219630299161,0.06031202615926124,0.011981527997119499,-0.46333535766211165,0.04909660736577295,0.053260208161834896,-0.09575905569039257,0.784693847333426,0.012193249605397874,-0.02055196734658486,-0.03460727551769534
13752,0.00961961069735839,-0.007131709881215082,0.018629464989744837,0.7905088263001071,-0.07925380407677303,-0.1086664434698897,-0.1362740635679725,0.04747384054942305,-0.14331916072204537,0.029924483259058398,-0.41680823062533734
13753,-0.106376089191014,0.008073708702919773,-0.1376409448046974,0.03338364828937314,-0.5323466888766337,-0.062379471009811116,-0.09136640694103457,0.008481149331246357,-0.22344778452155015,-0.019302497117692812,0.8291792783021289
13754,-0.02150052402660014,-0.060730399608912286,0.1631172496652528,0.10050847993095113,0.6483688006895965,0.17776869146005225,0.04923455125225672,0.0993746154577731,-0.1997428092765938,-0.040059228386886934,-0.023315925699557837
13755,-0.14803086078605818,-0.020326467004368656,0.1459254030995918,-0.02972929240218467,-0.011537502779097621,-0.12671459819071856,-0.06112420861610293,0.054349837062493994,0.49863536169576833,0.14302614960657584,-0.05701167241650562
13756,0.08108840919046696,0.1614979537053151,0.6636927641667592,-0.008493419765840348,-0.08070212100338976,-0.11748811412935554,0.057998214199470724,0.06381574379278042,0.006502025786094377,-0.013386721784502377,-0.09028195342932215
13757,-0.044626683506262865,0.027688665034943608,0.022659169297876272,0.022511523798927815,0.09356806562623873,-0.6665895673624794,-0.017642618958696347,0.10902193450088084,0.10805883637478626,0.03314574715872451,-0.09869802360635561
13758,0.2663522548432945,0.01318107880538566,0.4128401007733866,0.14586522847266734,-0.08554177107269811,-0.054352656139950974,-0.11798086375618326,-0.22620204586263906,0.15895325884201572,0.05212662454265525,0.05467241476422009
13759,0.13466712957388863,0.6475880535414715,-0.07580302775746393,0.014371563280966969,0.01942348777294107,0.14074701005174978,-0.041921169237884526,0.02009576055743521,0.03892278704192408,0.05692271495818462,0.027425595114236846
13760,-1.987960012211742,-0.0152629785160061,0.16311339885062762,0.08149359250141329,0.06795649686466974,1.8656164047636683,0.0644419359963205,0.18311368075625692,0.1647255423452466,-0.10181849994874778,0.07377009992618
13761,1.311316897086393,0.07602460303192989,0.10273982479323292,-0.0021919035663163873,-0.00451377882197309,0.09884711763298792,-1.0229549748137738,0.04442429764718668,-0.10214102078212023,-0.03379499126753244,-0.07337810024887255
13762,0.8406374004918084,-0.07141090182509148,-0.05826818199890335,0.08727515494338861,0.08068807232373075,0.00810013042859535,-0.06096075434317541,0.020501383770968204,0.1178270134528962,0.07348505737119328,-0.09183996660814889
13763,0.5691589359760341,0.03875319616771219,0.08878472162232964,-0.019223975756515337,0.0036633438158258516,0.0012936850537364555,-0.03315567395511378,-0.02643607951136283,-0.10290306248990772,0.0260199029596552,-0.025794444512138637
13764,-0.03099168020978431,0.015494259732134774,0.037742935083881074,-0.012910833482094868,-0.14464535395087114,0.007575637369685695,1.2408808993554583,0.08260353676004542,-0.19745565420488742,-0.9809974812182011,-0.1196301491084085
13765,0.021899536166564756,-0.8962501018039968,0.07301519744077284,0.02133139170616822,0.005316879695028033,0.036098628817645,0.07985352015374698,0.03124413502302252,-0.024174802396162466,0.9463779284583631,-0.009798610391641224
13766,0.11269919854839258,0.9118742916016336,-0.12839401249012522,-0.01874069297701107,-0.013503129746726215,-0.04323757229564946,0.04963418829074116,-0.6637929385751823,-0.034093995048692795,0.059823862500009733,0.0016948084294813987
13767,0.023063284590863216,-0.02829889391629315,0.013308912975792219,-0.5595851543188746,-0.10849758096892237,0.24751837258890577,0.045782926067289086,0.7674237188723171,-0.0180451850354368,0.04296172480205943,-0.08178240176050924
13768,-0.08266299640133505,0.05533506802982678,0.010138911972813799,0.8279124086178723,-0.0461201489791647,-0.10709714438807838,0.04934835367748454,0.04493999285639202,-0.027474118608975057,-0.0016924760425941579,-0.7710082800380503
13769,0.06680278676887387,0.12358322899892198,-0.06123131602350679,0.03770236565501364,-0.5513796111794824,-0.23730197490307042,-0.02562207383534803,-0.09906288721308827,0.23417893688783709,0.1291360558832474,0.8421968438533057
13770,-0.04809936291042593,-0.03889936230395279,0.23008218936780508,-0.007460493838762423,0.6234287272599766,-0.009210898556067732,0.12980286122546725,-0.07889817121524349,-0.3602869830057098,0.003994328550944101,-0.11121723090994914
13771,0.3979715837783924,-0.1652881679058542,-0.20263504453243067,0.09644263929702727,0.03248428935540845,-0.052831319051630125,-0.01903526917069618,0.0591663575490009,0.4473564370493285,0.04139479733227555,-0.007020327251124036
13772,0.16409735296018338,0.08247733808935864,0.5770267531597887,0.0015565613859308478,0.008023758065632838,-0.21816176296564943,-0.027192518944050073,0.06092395168659499,0.027881226030250762,-0.004730358717376175,0.2714984544793547
13773,0.050497448413372864,0.05256364056703922,-0.05857416821246419,-0.012157219699032863,-0.03512408876609651,-0.6519063873252038,-0.06828940557893001,-0.1027484082131238,0.02640948646716171,-0.030321518245916893,0.045678114524211055
13774,0.2599558120326066,-0.006210464328777771,0.4324992730982859,-0.07378298214956307,-0.09804155548882602,0.1697096590628916,-0.04459517829655249,0.055706170614737954,-0.023010237297900655,-0.12488578077186908,0.07115800530303289
13775,0.17923355808386127,0.6110879963568703,0.04665480341112737,0.013508214090686688,0.07457617188388907,-0.07985520511193199,-0.00016002034751844835,0.009599457731819522,0.047709536502266225,0.038691405099583485,0.03422126958524819
13776,-1.806376823683588,0.14429608247821796,0.1277645495719311,-0.08886543872867629,-0.079792145147321,1.7660356950125042,-0.14055908321213667,-0.0006657898194987188,-0.10985016655404918,0.10958247334829492,0.10628566415283638
13777,1.32609370265964,0.03389534802682688,-0.12169387073532242,0.0020231293931775147,0.0010656069376100297,-0.12253045657208768,-0.8917480913467873,-0.00928257289576526,0.08147313279993036,0.021960484779152106,0.07437550093722148
13778,1.087760421988247,-0.08863135441752229,0.0468220269265885,-0.08617639604406106,0.12015126807871511,0.24086401978857513,0.015578944330839539,-0.10794868808993129,0.10317900491726646,-0.13469189652155997,0.014606555129414417
13779,0.5916926391584912,-0.002403365768435202,-0.019015157596440586,-0.005308100345015996,-0.011954488408759885,0.06314048835959075,0.045069639191131224,-0.01567131490910989,-0.03454269320284721,-0.04020735792116017,-0.0321401366973349
13780,0.09559008010248117,-0.05225830538421029,0.10449645093526518,0.059763724888175856,0.08256908614197439,0.2078808827395693,1.286895700036954,-0.043986592811191084,0.1172849948515801,-0.8674022595785686,-0.1348978881471787
13781,-0.06907805130050768,-0.768217321216021,-0.01948117268227891,-0.13988567002116264,-0.07146213755511938,-0.1250263115158764,0.0328252816661083,0.10782274189767128,0.0818549294456301,1.024390649299768,0.02746849116375325
13782,0.11418980826649368,1.006404803217556,-0.014630311288978239,0.028537917580644064,0.019935743055431325,0.1527548384128524,-0.11417353431425815,-0.7131078772089227,-0.0340548891475115,-0.08199751599188129,0.09115859927953597
13783,0.36011808710237686,0.09126274475959309,0.21177197812599935,-0.4906023530064798,0.006966923550083893,-0.11415820462549955,-0.11293705041431858,0.8528588905940045,-0.08361432852114273,0.039835510831794714,0.0037744043314395515
13784,-0.048730245155950515,-0.060359792026168084,-0.0005121139470784571,0.7711481896542848,0.06571826209088986,0.05587843652660212,0.12815958448128628,-0.03305794913281736,-0.16120823492908778,-0.16415992109944152,-0.5127969585705335
13785,0.014294859625259611,0.17731207685988257,-0.09507608726400948,0.001138585161422526,-0.5363841684267499,0.05128470521320388,0.07932481689098574,0.0007989921282909847,-0.06837976869916171,0.027349157415893152,0.8106610252277533
13786,0.027383194737376777,-0.1293370424121726,-0.0657900767699585,0.06732452390078661,0.6038086272495162,-0.15125196822095294,-0.05002766882333606,-0.001300292001851228,-0.20855247138480607,-0.10033126636441883,-0.004485478190357125
13787,0.10958602316966379,-0.10171746355058808,-0.10718817109208935,0.033554700150415166,-0.06830433918941621,0.07799166256773801,0.17636809035147455,0.05259822449208552,0.5201683507372058,-0.051694192048257176,0.007061890782806272
13788,-0.16587891934089993,0.13932238302473632,0.5633484082574838,0.2097304808048102,-0.12820480081508934,-0.014929681065859167,-0.022950450566414173,-0.021316210362309046,0.0268507646145571,-0.016230188032735075,0.08384839926427021
13789,-0.03136020633000762,-0.12214183921496537,0.12780240857663816,0.0066504027079863385,-0.029521886083049675,-0.6734022364838385,0.04279452454356886,0.04543519711865899,-0.0237503814529861,-0.04607403924683952,0.06779043428697006
13790,0.0435936299932535,-0.0006924338743161101,0.4164948076324812,-0.02369772159844462,0.03476166334243975,0.03640606370788395,0.24334611776177098,-0.024538113333368944,-0.03134099931660117,0.12033854032611589,-0.13356557205054728
13791,-0.040379804652385005,0.6660229463864894,-0.011335134499460418,-0.009745534830728911,-0.009426536782163313,0.15321993659385516,0.04488448881462856,0.0609200752384015,-0.014920956313870927,0.004313425406157751,0.0570855165959736
13792,-1.9187563724290024,0.10288706844035225,-0.06253752240575071,-0.03884264047031381,-0.07774631885340472,1.9734543877176964,-0.044032339210763834,0.12965854502899427,-0.06676492591855047,0.09701503774888592,0.08643766415649104
13793,1.1724060519910586,0.00861152100321653,0.0576308422898958,0.015339990684636217,0.04085412793688697,0.040961316376589646,-0.9571502251115472,0.014864009252401496,0.01462963193590905,0.0562956386123971,0.09069529390649365
13794,0.7618040685484853,-0.056359064314074545,-0.1339137554556735,-0.014480353521851577,0.1277553066453409,-0.22949678157504366,-0.03134558328415178,0.09799313445044579,0.062192849868903985,0.005864707554386288,-0.02563039808902006
13795,0.6860397907500706,-0.008542627618738318,-0.0036885846919928376,-0.02143342224570268,0.03008927267652482,0.10124011240492496,-0.05797042052712387,0.0065900222287959605,-0.01574312184168032,-0.028341694030812964,0.03316480666247773
13796,0.007280218742486249,0.06087329509820825,0.07540033769580001,0.005559021540966648,-0.10596232776594063,-0.10685635949940134,1.324494903906682,0.07311756578790946,-0.050584563314644164,-0.9579828460769448,0.0321132200907978
13797,0.08838708149583557,-0.7119788973448375,-0.06950320056068754,-0.026934742543634364,-0.044721290461946936,-0.20094274427573564,-0.1238289005977329,-0.04542014561040894,0.042991451651629334,1.0388448470011244,-0.05217504218970377
13798,0.014249565785938284,0.927456737719789,0.0822566620956789,-0.010165475019637528,-0.03414446367325277,0.035836179442867856,0.05172040435422915,-0.6863695550678875,0.013653158397901977,-0.006561479206555881,-0.12384554616897045
13799,-0.045971145337765904,0.019218939681144815,0.11381166286193059,-0.6219858887926208,0.04612220915017181,0.08137813174649172,0.11683381189690822,0.800772405435919,-0.0538889147980169,-0.03163218312889684,-0.022870061055992548
13800,-0.12815183915358708,-0.031036410359835644,0.22323091574167375,0.8102164083771378,0.03177746682447946,-0.12804074967066623,0.046579674342604856,-0.08795801501357468,0.09111167644784034,-0.07796994570346637,-0.4996269444216099
13801,0.21403352309177698,-0.04498723285800274,-0.10214946897357485,-0.010625004016962711,-0.6413068984646948,0.06902488820977198,0.039806296499851235,-0.10534404747350416,-0.0647543814463925,-0.08870503629471778,0.8564498276109886
13802,0.010956274885865914,0.07530174158703694,-0.10906978922522292,-0.025747369281452895,0.6285600427228337,-0.028840645695218468,-0.003544560165743118,-0.05059864843558851,-0.1299052437299682,0.020825138776430628,0.03388083853852335
13803,0.013648179691121778,-0.09513120102627826,0.09282066378311483,0.1915887797190756,-0.032110733046899195,-0.08777273643853684,0.15736544116763615,-0.12411451216270383,0.4656839553249051,0.0897010501468621,0.006976017147664774
13804,0.0688801551717322,-0.042180996124638284,0.5969698648035575,-0.11266212687074517,0.07926107071942845,-0.01845054340432583,0.066657822536078,-0.0015994436629716766,0.018160897493979474,0.023651982756743743,0.06928763334163282
13805,0.04028249726902989,0.01644362222245326,-0.016310448130749767,-0.007052352712784187,0.0016758821347849567,-0.6758147519246439,0.05377004690652521,0.017703412294537178,-0.0015287542314000495,-0.046479227240935006,-0.05176659847435394
13806,0.2015566785772378,0.054929464483043075,0.38949949287964597,0.0914465344397821,0.041277515202095966,-0.1256973723215594,0.06303794274353586,-0.017990693517311064,-0.07550513327932294,0.04404958021207348,0.003945954637787235
13807,0.08447424986706163,0.7401422230382464,-0.02418815316127146,-0.06268653255153235,-0.02806264249067628,-0.12338166192959234,-0.09903489198189662,-0.050185156523498295,-0.030978777425676007,-0.12485025801929524,0.021742532021153078
13808,-2.000727772444963,0.041932344811897254,-0.04468912967957754,-4.1121962973133825e-05,0.0982494098924813,1.5909031663194868,-0.15003847821242094,0.17953934501298507,-0.03947601625087382,-0.0005528740220967334,-0.01007386238841765
13809,1.3801823610087507,0.06393172044591096,0.11976609964465854,0.015576220145323984,-0.055034266297030406,-0.1239589232598374,-0.9591398167216681,-0.028276916892071083,-0.03930733259609862,-0.04552691137160768,0.027979156694258194
13810,0.80386639088592,0.12653911554982608,0.0811093659790464,0.1021129369916417,0.008630080270593771,-0.0325068050346881,-0.007212944531226258,0.04097769724458469,0.016142640325525343,0.027860901201821345,0.15647011598587984
13811,0.5951919647428557,0.03368160894199718,-0.1376589246410582,0.059195469451086,0.023423990270344357,-0.013339725704733872,-0.028536133192423794,0.002760818163837701,-0.05970018694394627,-0.04925067865355375,-0.06430000953134139
13812,-0.004533482514543615,-0.024582685869421757,-0.020662399028894107,0.10035535691780208,0.04930954389963706,-0.16535377514246064,1.2709142038550874,-0.0023207319151326167,-0.08355330585126848,-0.8812444027133329,0.01330199679538029
13813,0.08868383360020082,-0.635032203750065,0.12156402779804654,0.11770879355235575,-0.09326489083472674,0.07246029343476726,0.04675580663477078,0.07544767133559276,-0.009330743707739519,0.953346785964565,-0.038399752643755905
13814,0.032086393649405805,1.1185867116961838,0.03354040031754082,0.09683402862809165,-0.05430624135163599,0.12143144083577787,-0.10488904521295427,-0.7113803496904165,-0.027981359062539738,0.06825671336304177,-0.012617743052347048
13815,0.2073381148309094,0.039278282456786974,-0.12212375760585689,-0.44314109624161063,-0.04345133434890063,-0.01958653418268545,-0.08047728053901446,0.7971113631108899,0.11301856835195949,-0.060060232366353085,-0.06013415639769545
13816,-0.0020575291692423317,0.07357688924307311,-0.0874292940674322,0.84820483103533,0.08000509802352296,0.0018965509350891193,0.05422219142284099,0.010313058390537026,-0.04302365324154796,-0.05429539998670099,-0.4997006739853209
13817,0.053723874723643344,0.04008738348340317,0.2916380862258274,0.04845985938465329,-0.5311219752623988,0.07007564916574277,0.15851584086990977,-0.04214713729897541,0.03952156428066391,-0.09367436856112357,0.8730020680614312
13818,0.1598907975562677,0.0268432401593183,-0.026584651462754603,-0.1616584089515666,0.6350461013473957,0.09202923315737528,0.04876188335280701,-0.0560316957974154,-0.28031502633186994,0.006032268606549588,0.03514260179465653
13819,0.1239394888850111,-0.03796485723020898,-0.008529010353638414,0.07872228722090702,-0.02148261205820548,0.023983674092137187,0.012722664083094122,0.12640117363488032,0.46008416226934346,-0.029565489198852848,-0.027781286355838913
13820,0.046097326711331627,0.0638187282767982,0.5730176767543749,0.05111106034113505,0.03822083106892554,0.0020652430664193904,0.12927314088407474,-0.07162687348953839,-0.08375207880282695,0.002578016410933231,0.06310556053931857
13821,0.156220221276505,-0.05105049679533905,-0.08761830480324259,-0.08169561977178315,-0.04877347775301815,-0.646191133925008,-0.02549007470736337,0.03497828564676138,-0.03161789602824409,0.03389759022762441,0.0028261644769003516
13822,-0.042322053458015596,0.12072609092120563,0.4263490341968684,0.007209477887829248,0.07635166193690061,-0.09576625873208323,-0.1310634890042209,0.09250613743706801,-0.0256066550933788,0.004891726643459392,0.16059839406184426
13823,-0.14302416536016108,0.6912526516089288,0.03436105191590333,0.05570579648703668,-0.04586705064339891,0.028819088776545577,0.15445710986001765,0.024295853761873376,-0.10057712121227147,-0.007410583634743244,-0.05804526441143913
13824,-1.4474828233649517,-0.19095005966925407,-0.07893790433887411,-0.07391982533952408,0.1351986640283776,1.625621697350837,-0.1986703024471282,-0.17835338524506691,-0.008339133384858534,0.3081556455515095,0.08747881315434863
13825,1.4372684521742245,-0.02469040716729084,-0.09341559714542307,-0.0344822815214162,0.0786920472486775,0.008545543611334392,-0.9613247816952314,-0.007367148040771516,-0.1247832563051025,0.01934834955333791,-0.040151878357819235
13826,0.6307844753689485,-0.036927473794222725,-0.050627911354177525,-0.13926004159935346,-0.04671462105431209,-0.017106755566153944,-0.045524395511061994,-0.13585709318726172,-0.06909079338935437,0.13262528706665297,-0.02926192428814612
13827,0.632139781319007,0.01155652435307795,-0.02168448884917101,0.037494369008898895,0.03657793393926131,0.028250793191160445,-0.030298249896352377,0.005018130156278481,-0.056808891313489866,-0.05145369851907139,-0.014925487413620965
13828,-0.05060892267317829,-0.04906310958991573,-0.1781416278700034,0.09931895923003303,0.002154600277157813,-0.06395112262421543,1.2855116205702524,0.03899160115105043,0.10258380231954331,-0.9213360166390119,0.04069343075567222
13829,-0.001174315117995805,-0.546063953678862,-0.025759301581258328,-0.09250481792879925,-0.05288395505072516,-0.023780998162994213,-0.07536789402297943,-0.057039416349171666,0.1617238713328729,0.9725398457941745,-0.050753470472161735
13830,-0.020392322432366182,0.9774919933824774,-0.019846270180557925,-0.0363764114190579,-0.07266451560767498,0.0966461615949659,0.020256430410167406,-0.6160811741033948,-0.10915179071590815,-0.019874176944012313,0.08616455487449282
13831,0.17719398322901975,-0.037206683681113524,0.11235349632421696,-0.4748413355029487,-0.04342723409369386,-0.022524394701552222,-0.1307644393744464,0.8167363373225577,0.11605716296455991,0.13663413092235147,0.16958222963860273
13832,-0.17929597995799723,0.08971468573252996,0.05628203190214124,0.8066823445867108,0.09957966501010083,-0.03670196639858179,0.07846479300057049,-0.003730727899498779,0.15308919783016067,0.1392732629313317,-0.6023635088695559
13833,0.08926009015940065,0.031793686823569464,-0.07260718226947824,-0.09171161591055997,-0.4989011668601978,-0.021523079174897677,0.07946755159313595,0.09945017014100312,0.03657310837072376,0.01728741669675095,0.8095411354094209
13834,-0.019441470552438975,-0.041685378050470394,0.0307553106631507,-0.01359512859534574,0.6425888400360045,-0.10416186446110759,0.12094153403550535,-0.03754067541448022,-0.4149890706634608,-0.20461816637138083,-0.0306301353280007
13835,-0.14634788552248298,-0.17602634913432139,-0.36374299367840396,0.13041457339118132,0.002913196025931674,-0.019101794454021385,0.1672887526017778,0.15057159706209505,0.4803758654926732,0.0846956931143636,-0.02179097407289769
13836,0.09100506147004034,0.05303930596641805,0.5674143443853067,0.1182537045323797,-0.010662464994711424,-0.16901369001599276,0.09615470703017853,0.02386743171033219,-0.01154697956152698,0.1404798282420654,-0.021993102633711292
13837,-0.07148667205457962,-0.07055922699927873,0.0696777795792017,-0.004813911206762657,0.0035737746024236206,-0.5926046823916653,0.049438128848779274,-0.03919717891409905,-0.06521376340332104,0.08588404776195507,0.02000399705472517
13838,-0.12727380688197204,0.06356931019716873,0.41713149332187155,-0.0018062776212466763,0.019193769962743728,0.012350397954304225,0.10462987875974158,-0.03412565408297787,-0.03888294284498625,0.009201473836059362,-0.028252634209966435
13839,0.13761067696290188,0.6882895209034255,0.10178727142132081,-0.0003204380221136357,-0.003302081426181591,0.004307597218832213,0.0779943570108857,-0.041196256971211154,-0.021796582059135983,0.01482214702995769,-0.011920812701323244
13840,-1.7648231631272175,-0.14158187884789544,0.06121209622650589,0.049452443121201006,0.14228526728701524,1.6041472685901415,-0.07445553685157896,-0.03895204761024899,-0.09651696431912017,0.055951124188935705,-0.05396079400945877
13841,1.4605766156366455,-0.09428208144210398,-0.004561374476901684,0.12375719034132811,0.0912980098882666,-0.03363592726682905,-0.9923412582699763,0.0545517389048016,0.04406868862581702,-0.003563881804300297,-0.022424794527195646
13842,0.8622781550499767,0.11041050210343707,-0.09299597899881677,-0.060683301039506254,-0.009454555354327116,0.09529988531819528,-0.058150712510641335,0.031605918767375035,-0.011070425392380501,-0.04823796471498748,0.04733595098971667
13843,0.6291306192570273,-0.01992124085848384,-0.013365090829299014,-0.019825416666585542,-0.05296836569702867,0.008847421779522757,-0.009958033067095647,0.014310280575276226,-0.07007901151891938,-0.008553030767527564,0.04179269971607068
13844,-0.1690406300345596,-0.08901337140065056,0.050301934884040396,-0.06673608333417676,-0.059079781047633874,0.07032953415562271,1.120114489157421,0.12622310795448882,0.002436934456532604,-0.9629686325779294,0.09822503439266962
13845,-0.0380093806672404,-0.7231957855233565,0.020361112543234867,0.12838551657700226,7.867663818763313e-05,-0.020731296618919766,0.11639396480698969,-0.054653637374349785,0.015474691278023147,0.9637333598753905,0.07770868133932825
13846,0.14864784457164357,1.0099698103593349,-0.04219270861275604,-0.08064245274827227,0.1068777493233362,-0.060264088073053605,0.031658436064836246,-0.577908359573233,0.04473844050778947,-0.030683390584130783,-0.043754762330887924
13847,0.2335749515185311,-0.14445494061779235,0.020678226805038526,-0.7485037790114011,0.025945659602966478,0.20692951192500558,0.024996110289184123,0.808827098728952,-0.06049842054081474,0.023154343401147942,0.038594963544968205
13848,-0.10206885669230617,-0.001728234257300691,-0.03435634365408838,0.755274016139289,0.02197781139817144,-0.09250151581725413,-0.08317855900977389,-0.01264476310468107,0.03051743031470162,0.08011366118175164,-0.3392692207622422
13849,0.3488912967778332,-0.033621259048598875,-0.06323750493189938,0.1238924963280987,-0.5469816204657599,-0.07029182906555652,-0.10997604566908235,-0.044125483386724604,0.02450110310034301,0.22162254588785207,0.93138690482974
13850,0.08557641058310755,0.10140132412207564,-0.00822382633580624,0.03581771314939268,0.5649875865192946,0.02526566311361904,-0.08816526154341556,-0.01792303169066663,-0.13964784777982492,0.12085670024718116,-0.00687094412892378
13851,-0.027884452953051597,-0.01542776763237369,-0.24890749621901126,0.037689832965011105,0.050940988881701295,0.10704901741797739,-0.10052981287573713,-0.09695477028218041,0.4795679351318914,0.0896697133496821,0.025477911578286102
13852,-0.14320025322713478,0.030078943100885866,0.6055950531499553,-0.1411330182729055,-0.1806774422122896,0.1297428906492194,-0.022846098988384498,0.16417688440835485,0.13923904782465943,3.136064730055021e-05,0.06852360323347544
13853,-0.06409339718982053,-0.02232575432055351,-0.17857321593493578,-0.1159236324699794,0.08539363280052521,-0.6609172055628842,0.035046483600097836,-0.06439422908407898,0.10543864782353676,0.10410938761426822,-0.001959608341809329
13854,-0.07769397934719269,-0.061974338579244614,0.43631066702219823,0.0850577707042172,0.046463860752109065,-0.030787085078411866,-0.11982713244350782,-0.047520868102131415,-0.09332451459132451,-0.0029822657340273766,0.05960967807126573
13855,-0.2851816034967384,0.7272057116869102,0.08954954485571177,0.0042063612357146445,-0.0418624685528501,0.06720640187792445,0.02009386895444828,0.011009095314825272,0.019556245053839995,0.04917122051397959,0.02120592979034468
13856,-1.8319074841838316,0.006298192190590275,0.006584922358913134,0.03184842765142651,-0.07117826566059722,1.5957630391533115,-0.10048247123889763,0.05206262103612238,-0.011121377949761145,-0.18661065656083742,0.07095117514194269
13857,1.6313931572434133,0.08329283068113534,-0.029365202095791507,0.010372172365066554,-0.013712192393818597,0.06322988304579237,-0.9869558760718101,-0.0676060062723978,-0.11669986670399721,0.05122242608842283,-0.0022842668400563696
13858,0.9312689422472356,-0.04287736455668535,0.012584529041889201,0.007501040730235865,-0.1439103367109523,-0.30808891027589547,0.014507434758217279,-0.018928238330898694,0.20447473173023245,0.011939962661938096,-0.020992728944255024
13859,0.5958102988311688,-0.01830242392625901,0.037319201908234456,0.0034031563246026105,0.04978159247535197,0.10658406579651801,-0.012379984491140741,-0.041827562382082586,0.01432972675100484,0.013340186385680743,-0.04541952520465067
13860,0.14793743917515564,-0.10791041198220576,0.09226742155505738,0.03895748616456248,0.13574037927276023,0.013601646992510995,1.3888665797793411,0.04330027066876848,-0.02934666117624425,-0.9063834279270226,-0.07795049386032338
13861,-0.05893038101530399,-0.655974519693807,0.08934944383355266,-0.056027753639014286,0.07066782912203555,0.0321294656717552,0.08685864322364396,0.07293601751306077,0.03662492323696021,0.9037625930734531,0.0897281833373843
13862,0.07743671736808333,0.9892405947693682,-0.04778884025404534,0.04704884641522773,0.00015971696517461022,-0.17287590466353914,-0.0597824936619373,-0.5230375033100791,-0.01215744652286255,0.08932335516024696,0.03750365736979638
13863,-0.1561510724410518,0.044862279913174305,-0.09890984683831487,-0.459825293710251,-0.12167336216694788,0.11141514629997787,-0.10266587423380433,0.7705116887602277,-0.0736442435710772,0.0874546505608392,0.04779035600633743
13864,0.15121633977544358,0.0034154040782975654,0.12195967075466857,0.8608440596103281,0.08529201450429255,-0.15183369156614962,0.046649621049754605,-0.034325201105985116,0.004934224457314769,0.07550574175856244,-0.4603852902890176
13865,0.15427275061284582,0.027609511929400258,0.07360099193980496,-0.03852868398976762,-0.4834051315320961,-0.02975933809099721,-0.016405591738907148,0.0980728022807896,0.16824677776790564,0.12799001594288129,0.8620452902046268
13866,-0.01301611513991746,0.15360484831771642,0.04345149487002435,0.04811191460211132,0.6013803435906829,0.1469906864062028,-0.01231250742102168,-0.0610698915484259,-0.18452847664834038,0.0003303233785427037,0.042689081251460766
13867,0.2129526385362593,-0.004020191466198475,-0.22966926037301594,0.0663819444877376,-0.03745977201030335,0.014805839538755642,-0.07953522369597435,0.2015668822974919,0.5026513806004743,0.05850144170422035,0.08326546478988214
13868,-0.051738214266783066,0.013166806087268076,0.5669373155223523,0.17599365497536668,0.20165406809264383,0.04655400344813484,-0.12339172598624246,-0.18687414261007007,0.03830586384167255,0.02314048112186157,0.04111134764886928
13869,0.07648442343753455,0.004873261634470793,-0.0031738041965846692,0.036390210371063755,-0.002424276145348947,-0.6839869504106205,-0.04768999174777792,-0.10887658152666968,-0.006574258893993537,0.03221107838971962,-0.049035234814890846
13870,-0.005760746291176674,0.009094201464463103,0.40027936982155254,-0.04729612513631772,0.04845721525272381,-0.08146850865236023,-0.025074518038054446,0.04673867579579144,-0.038245567597557525,0.15599277055743505,0.08329420429763609
13871,0.01995193716014136,0.6636715793956316,-0.004627981483292614,-0.05012761214357434,-0.07531650136081032,0.11952405899657056,0.043809151572375984,0.0050253139151248336,0.08533094322710744,0.02192373535176792,-0.022044530304209192
13872,-1.7939016267365069,-0.042942128098614196,0.039141705205407606,0.022896951717715452,-0.06665676052631712,1.832114095406608,-0.14254730330509835,0.09401782009002073,-0.1613511461416531,0.03410797558594226,-0.29681733419765344
13873,1.5103668185077408,-0.087381923159709,0.11612565886551755,0.016813170936778983,0.0026774768118484602,-0.06426027527030749,-1.0031808084041942,-0.011964452408183831,-0.036904277274948105,0.03905482736347595,-0.04027798809413364
13874,0.679048288023774,-0.06819080350743592,-0.10751910615907193,-0.06330497644272198,-0.013231749245003165,0.060454857081810434,0.055006919265290395,-0.04736792107376273,0.10118444279644498,0.021146269500353785,0.001756561053321011
13875,0.6038613945860695,-0.007710686995535888,0.11866317448147952,0.015596676612594413,-0.040515246198294205,0.06369792166402902,0.02761558418840164,-0.040182340137909535,0.02084677306373862,-0.02647495402125944,-0.020008415706514453
13876,-0.07521357764574152,-0.021002920575265746,0.042856634070167175,0.04730331041580555,0.039427341074971985,-0.12833004964895803,1.2768408022520799,0.027770556837168493,-0.043662331499421544,-0.9387527735492891,0.005964488127046648
13877,0.013269818454480675,-0.7808632564596931,-0.16217005210032262,0.10890035713106101,-0.08740272726453875,-0.224399467251105,0.09043186290955738,0.04472531144492077,0.04124889598710294,1.0274338207261655,0.09900155036922452
13878,0.22494916700899717,0.9220339708044876,-0.10157366689533923,0.015273504036006885,0.09256140357205433,0.005216297650774308,0.0763329209978901,-0.5675082283381812,-0.13071311810356184,-0.13270974815383102,-0.040591870349696114
13879,-0.023196569982015604,0.013218743249885827,-0.08646513841274195,-0.5572107098258642,-0.029705826062199833,-0.2644056192609518,-0.14878839862637835,0.8655836559390773,-0.06191166703668537,0.2918027712844016,-0.004661443539498408
13880,-0.13126626701413618,0.06892251815450344,0.054691592718224505,0.8111537997443016,0.013862370553810061,-0.051664793729049106,0.06084128960400278,0.01557229738042268,0.0349424925372491,0.12324813876474594,-0.7507743746807336
13881,0.05785918897051778,-0.10782771446440478,-0.036677130215781825,-0.05880396047108175,-0.5048508596181696,-0.07589211153226952,-0.019674079530521887,-0.05975664232364906,0.055345070321180946,0.12343528166357887,0.885778112807064
13882,-0.10111590019002405,0.0963157319391288,-0.03954573660149935,-0.044684945340019815,0.5728816156768172,0.04329460695319021,-0.14107197587401168,0.15058356706628517,0.05322632876384095,-0.06769526756544586,-0.00619412617523891
13883,0.07386542205818132,-0.1199120008009523,-0.06989105650641499,0.08380429404193729,-0.024541201107333165,-0.0007060163976162347,0.05634703826134616,-0.13180645785114198,0.47166753187492955,-0.22759934685024297,0.030265381250176335
13884,0.15748209773180805,0.0849908439933161,0.6178409104528686,0.1222704516347962,0.00832758737154615,0.08741680963407279,0.03024554597922415,-0.034535146788112245,0.052413004564020246,0.07028851035750111,-0.04656986756444899
13885,-0.02423879913590625,-0.014505044511953235,-0.01731926720929388,-0.024312723864766635,-0.14097674176405217,-0.6333376639085128,0.01511413276216562,0.07487540515512801,0.06283841120111774,-0.018024152047041626,-0.04548747388075376
13886,-0.04523905703085829,0.09356144615289153,0.38790484869820185,0.033528339337665844,-0.07752706571542455,-0.039968684412924775,-0.16204429548797752,-0.20820667220598707,-0.06643781875215897,-0.04329523804563297,0.06177386038083271
13887,0.13359137767854495,0.6347403315631795,-0.036074971609062395,-0.07005069497889059,0.04937172481350725,0.12395743582161001,-0.0919767048053116,0.03026047185135629,0.02648119433424994,-0.01999628572595486,-0.033917233550116326
13888,-1.5602592970078595,0.08033982548681068,0.16382276829471237,-0.05945367522490519,-0.047129468750660736,1.9912961023678273,0.13371913407528374,-0.020748484967818802,0.06576338734109266,0.0734130270168609,-0.012890285830553135
13889,1.4759352856795327,0.07584004629693797,0.19296405938918346,0.09729256986830516,-0.024213616639574442,0.025040176239886774,-0.964202545401323,-0.04539547037135325,0.12397553780325961,-0.024281763662023156,-0.03566717481246767
13890,0.7853177149703124,-0.20411045204428188,0.0104631019343954,-0.03526469472205204,0.03271111848966748,0.15772268505200615,-0.016396696032516367,-0.07167092290770671,-0.011103430788923889,-0.02017918912408922,-0.020854532445178604
13891,0.6843370878531612,-0.002233096703399661,-0.01594986340145956,0.012729569840773818,-0.023047614606119347,0.16358945283144782,-0.01761220695065633,-0.022015159698616116,-0.01137520262527224,0.032504714513594,0.00029574598746807176
13892,-0.1312662524531523,0.09273154712215628,-0.042419559193537675,0.0011349705748584247,-0.021808674720397398,0.1197431236602188,1.007195995816645,-0.0681174264722253,-0.03743573748844921,-0.9489863936906333,0.03262568933089213
13893,0.09017204355167054,-0.5722817775961729,0.10220818571231682,-0.0013020911776672316,0.10689231839810691,0.03193584594739238,-0.09330978904011623,-0.06205644823431594,-0.025597831612867643,0.9095487689363673,0.06246042385679515
13894,0.10995119606004186,0.9143353494795092,0.11172866324816515,-0.03228739855454711,0.020679528317448063,0.15389657608960988,-0.037342661283690265,-0.6851221130572722,0.05217973623703141,0.03564507577640095,-0.012584533062621948
13895,0.12780472973818965,0.01472055436240505,0.10058848636595617,-0.5358245631616342,-0.010388683765868142,0.19555820461488158,0.06690696910339132,0.8495557508207627,-0.08852002489036082,-0.07841674651415934,0.06950892997081612
13896,-0.010484322238657577,0.08123156484115147,-0.14463817556271033,0.793216337875571,-0.10467720522551592,-0.23786541445459905,0.0010185626343725048,-0.010486874667141181,0.0375833710073214,-0.11343251916508774,-0.4560824321761038
13897,-0.0665676137113623,0.11914226261985257,-0.024306853096637306,0.024272731413427964,-0.2764934213593451,0.1186783544878533,0.03113431956754317,-0.06910892395143008,-0.06842869906228312,-0.025814953466567828,0.9302393480710391
13898,0.057234849242582965,0.1409879038518691,0.0622953231346343,0.035899287857472685,0.5866922255788167,-0.11697485756962597,-0.07179098483423262,0.06128109171116574,-0.2676943201457665,0.1420353263832472,0.03786458987057934
13899,0.06371657359320541,0.10144921281035998,-0.4042787911821685,-0.02417309205244104,0.03123121727309949,0.22164840317526652,0.024714070120981934,0.04205203540363649,0.48201989824767494,-0.05888632122031411,0.15597278093649916
13900,-0.15840734047504781,-0.01595074946319068,0.6269366386351757,-0.01890403727652924,0.11436462166107936,-0.005289641339946626,-0.08359121947964991,-0.026009443163434974,0.10709645162132614,0.2776499607989139,-0.18244359148078268
13901,-0.061425442984984,-0.007435909932429573,0.14552595454268824,0.05473210956858643,-0.023845221464029967,-0.6511815229193435,0.0030963391695320486,0.0147949088522571,-0.018732091933878585,0.04148557560692162,0.06024962105587821
13902,0.103740748529234,-0.12742988586988077,0.4112707400622237,0.07207314745360739,-0.10987557398773383,0.0657542906447539,-0.15407614365089858,-0.13987089068175665,-0.011656717108837679,0.09581009962779673,-0.039458140220610644
13903,0.043080061618815314,0.6792024837292079,0.12570262513057862,0.07456135084100277,-0.008801715509825487,-0.04452004152929945,0.01449967700517397,-0.008761970731579527,0.11809001271313471,0.11676064154961469,-0.005951856929144097
13904,-1.9171325659355936,0.030121843307300895,0.22645356047653606,0.0009670388635168539,0.1743916318455316,1.8579004647603319,0.024638682053791536,0.020035172657740616,0.17828702774404684,-0.09300877727859509,0.0015570211623584327
13905,1.3234865324571647,-0.001051479631920823,-0.04916791792301618,0.0125882989799516,0.026030336804652148,-0.07903824948775523,-0.9659494518704531,0.027769129011225885,0.06896546294101788,-0.04226004855823583,-0.11037589042117259
13906,0.8524749206440796,-0.0023646901993483772,0.05289999518387825,0.005386227949834996,0.010336361833477045,0.14885278179229156,-0.029686758063994696,-0.15355520028947656,0.11489341406719951,0.03117844058105789,0.03819684822263223
13907,0.5931792364552009,-0.0047483526184261115,0.040994659846787754,-0.0027045152690514437,-0.06758137111241805,0.1109428040535939,-0.03169920970410595,0.04875051138688234,0.13250382853519133,-0.03023918611235596,-0.005738957114528528
13908,0.015835483004761695,0.053946906816845386,-0.05475772310733159,0.08759855695265639,-0.11844630160179441,0.07803348448608174,1.3217884493990797,0.013962636002828203,0.02616061675136996,-0.90242577368234,0.09470468338998525
13909,-0.05926511122707675,-0.5159719644918689,0.004925799385954158,-0.05498760527568315,0.11534602687528846,-0.11632491170193941,0.113928228439417,-0.07455236598422235,0.005424422887026633,0.9389771665527732,0.06995469117605622
13910,-0.1315187750742209,0.9625927788154114,0.14888460014878868,0.11247561594001175,-0.10991859014412923,0.14110461733294785,-0.08310620546763593,-0.604923490652817,0.016723178371055733,-0.13976586657516366,-0.00453488056692139
13911,-0.010497397897949116,0.1310017646433557,0.06824675349536707,-0.5244921737855841,0.048303360696479156,0.004009028245558814,-0.25309141921669137,0.9072059908092903,0.06799465576469414,0.07601528311462588,-0.08779117025586833
13912,0.12346354177104105,-0.021485787892545856,0.030366368624115358,0.7563405193091733,0.1543723114672137,-0.01348553622359379,0.21174831057812046,0.023613849399997403,0.04338395593481159,0.06887725792173723,-0.414617350048218
13913,-0.05345084684883508,0.11996730919855489,0.07097614463127982,0.062028467160761894,-0.8493726761162372,-0.10578126729619435,0.030457361707541316,-0.010525501937525866,0.18215717548076646,-0.11077308493105298,0.8977796585052004
13914,-0.17923828742214082,0.004180874406767567,0.3012318964018235,0.1397863040951578,0.6356735962259906,0.08819027944022788,0.09906492835673969,0.062371982976044196,-0.1353389225995686,-0.053659195759991826,-0.03081255052775117
13915,-0.012413396940392434,0.11540192302916574,-0.1004588890726186,0.09467809209445513,0.0836815163766545,-0.011837719337250438,-0.03608831845513989,0.05949180817526804,0.48033900225286114,0.14758136011734138,-0.030246939196519714
13916,0.13074019312716684,0.09059625623643743,0.5998528974829787,0.23744220145913697,-0.21583691535918137,0.04381533476502284,0.042164977325194496,0.019058761447859347,-0.007788025981766398,0.1141390809126908,0.043070006263578486
13917,0.06619541689162187,-0.09521419963393259,0.033684212985090965,0.030888727573817113,-0.0970263074805553,-0.7685260705922978,0.012430202959576624,-0.06838267754185796,-0.09452695540805243,-0.14485445435509686,0.07653063065161408
13918,-0.02338729592906912,-0.040505057847352685,0.4038425772863057,-0.059120396830475236,-0.021080796449395114,0.07524882408697578,-0.035617465503987235,-0.028704736902214242,0.06972975791596185,-0.12917808800763264,-0.05927717766607235
13919,0.007434049831658192,0.6689601277405617,-0.1099135641512768,0.0545761048422773,-0.017598257755965508,0.05500795656011514,0.07080491235170358,-0.014195777709753832,0.007718276637733763,-0.033581669256321715,0.030887150164824854
13920,-2.2441484138862724,-0.04668087790744005,0.010118886251896868,0.055568098181835245,0.08184950889602538,1.626500261437839,0.06200790846950486,0.02274184465909855,0.07168492948400829,-0.06018520063586178,-0.07994719167402065
13921,1.5001796228336919,-0.0028280481964354136,-0.11326327692995795,-0.0057889804505853815,-0.02390030658323316,0.02849083519612409,-1.0373436407238097,0.1007311891138912,0.1567558027301689,0.06599661536341528,0.01736610038632676
13922,0.8894555426812792,0.014959726235594288,0.1574268589085416,-0.05169652089011696,0.23231542218639245,0.0692959672937381,0.16773765200789026,0.0326545971715549,-0.1636717786007912,-0.08629382778806932,-0.1376534788632465
13923,0.6657462164701015,0.07139384697374998,0.14726537167792342,0.029080269772807643,0.006460681204210593,0.04183274367511766,-0.055067663193407494,-0.015659467410411212,0.01838709066613229,0.0004470932972721062,-0.0010266393630056297
13924,0.16963521153502636,0.057684223149054366,0.06349476290238107,0.029079140850318402,0.04912736676722556,-0.1375907669141909,1.0675190008294158,0.16167531462434945,-0.03646557417988342,-1.0235305279505256,0.030653488211881876
13925,-0.025594975949026037,-0.49800459501508826,0.014040492388340257,-0.04850377117305442,-0.025383512652479377,0.0017591019415911773,0.126898222756922,0.03498810315786581,0.19005965148889148,0.9779525487784633,0.04660122134404332
13926,-0.048475187642613944,0.9540815652823428,0.017060660950127454,0.016827294085516777,-0.00838881231029104,0.06791358796433414,0.02667582106273448,-0.7281399395220374,0.04301931472541748,0.1337264844236814,0.027507200711525712
13927,0.092103264376475,-0.022369188713346776,0.09019861484911935,-0.6949800527321643,-0.11660718855858819,-0.02438246246763219,0.1892750540698206,0.8837821004734404,-0.027286192981604097,-0.05164648283490491,0.05742968974672761
13928,0.08497416011342382,0.10416556766076485,0.18379937722310533,0.7703364338982399,-0.16673201306574328,0.1551988731953357,-0.08730830661234723,-0.035038563379726856,-0.05656173320889278,0.05785597733419715,-0.5493692403064206
13929,0.19470308545553994,-0.0971542195323517,-0.04145107024341971,-0.10717286503674257,-0.8028098008343961,0.03179402031852167,0.037170400739239995,0.019076093764349704,-0.08845660527964072,-0.10353144254607691,0.8464461787979116
13930,0.30739440883623287,0.06562720560727142,-0.06563900541053443,0.10062181342608208,0.6086310606856538,0.05955709122623852,-0.280329233388424,0.09542092026497533,-0.3125230455065177,-0.19093325037706566,-0.0307314930091441
13931,0.1126970080404934,-0.06041449555481284,-0.210457459230048,-0.06249732700956678,-0.07759452525593398,0.11616922216084638,-0.10190459783833541,0.12585057280036752,0.4595205832587414,-0.01860994306425399,0.026809104809698725
13932,0.030748957643955577,-0.002301915101790038,0.5564050028924871,0.05450336381268947,0.12139794691132397,0.10545123583986861,0.07094770435777331,0.2586879616311065,-0.010454622509263531,-0.03649924425553615,0.009197535298927424
13933,0.028125521454039827,-0.04684386430897268,0.022521512409258267,-0.0520770581749193,-0.10914658789137524,-0.6915572838828578,0.02115358483530847,0.004478820855109563,0.011848971088753813,-0.030962227031223175,0.01744693226846866
13934,-0.09492393327804559,-0.08835139298654487,0.39833825982755866,0.09105781471356018,0.042467069034113625,-0.051466994973259864,-0.0714769484641444,-0.05071966433116974,-0.11874607398138941,0.003537535898308577,0.037900347966608336
13935,-0.07871173142559908,0.6706805123214256,0.013560327641690982,0.06173844945434889,0.010873737459386164,-0.050821686855467105,0.05162808073179659,-0.024647324710984363,0.03508258816399245,0.11361459655105156,-0.03328810210164889
13936,-1.8285322866454794,0.1053099713650442,0.067005547645985,-0.01741664608798866,0.031255161979879514,1.9089794491316472,-0.009985487188250826,0.04685309214842244,0.007072501835441314,-0.011030938868397382,0.16444415938405507
13937,1.3317617798542536,0.03471283118522184,0.03152013248261311,-0.042837337396245075,-0.034884766223775794,-0.14313184937495577,-0.9695600688275523,-0.014953883102949143,-0.06890982462109431,-0.0009763796922244898,-0.020996135537132928
13938,1.1716310263358325,0.021361674448454798,-0.03210542459527123,-0.04415159344828856,0.1277641441389891,0.16236298954336664,0.037828064202618465,0.001164984683583108,-0.17906898143322406,-0.1462291904780576,-0.03258775666860848
13939,0.5371837472491293,-0.03282297056382555,-0.04886922592421986,-0.030892180392705148,-0.008039335891638525,-0.018393569776795828,0.042234448911484423,0.006097660315248107,-0.03897375236524029,0.0667491621120774,0.04072309731133904
13940,0.014631172204989978,0.05448546755449506,-0.09092079572885796,0.00029821411572978664,-0.004908931660582233,0.12817600415977076,1.2580852938742475,0.006725929052023972,0.11149078578641147,-0.9823462384990828,0.09031901614707223
13941,0.054369714912983515,-0.7101673918078238,0.08656607458474584,0.05416513818004116,-0.015341623021607572,0.0398173397349947,-0.2099464113250582,0.035213270262599725,0.09973499439086249,0.9602185710780159,0.04420079611799442
13942,0.08469779488238123,0.9622115638402507,-0.0980393878297917,0.06730951164367435,-0.11163963258724442,0.017033875984100527,0.08005181215434888,-0.5668941159229108,-0.02686893787008998,-0.029069110521492553,0.03255752242826226
13943,0.04211263130780058,0.010490407770469395,-0.007172910486998634,-0.5842520195608863,-0.018893701729513674,-0.07125411871559684,-0.10082193812710707,0.8008753682386364,-0.0007123870321961816,-0.004643340047177456,-0.18046075550954685
13944,-0.03310334558546983,-0.038722312267788495,0.16903828674293891,0.7670369449618066,0.13389644171017318,-0.20129714228968562,-0.1141412159656329,0.05864040431521197,-0.052326084365215894,0.03505668864721878,-0.5758170377995981
13945,-0.014005619860631778,0.03856326794891776,0.07677304287457729,0.06248515110008382,-0.6738790961652231,0.009066259749077907,-0.11475632097988109,0.12641369032354907,-0.07412540354965594,0.07803744880155299,0.8736913890005086
13946,-0.13668817153434126,-0.047672281238710014,-0.016077804788824708,-0.010008151443577378,0.6056540926572925,-0.1884438169163949,-0.14425870102960447,0.06045950489943812,-0.3386949650265174,0.09308263753952116,0.032902316172343314
13947,-0.002306846158349418,0.10935715026495943,-0.33041854619902983,-0.005311807628465313,0.07411726683908884,-0.03492147383889051,0.3240817229109371,0.012969575454485259,0.4735116732881368,0.11371083150884596,0.0038992618840646386
13948,0.09541731368487948,0.04654487491057834,0.5826491523765873,-0.03586796683986712,0.08631658147374793,0.13828235057508328,0.024478643680481,-0.0251834843298632,0.012292683844590212,-0.024821781170534896,0.10312235166256839
13949,-0.021053604909481938,-0.06648990737303391,-0.06554336605402183,-0.09495125527990411,-0.04578893977829035,-0.7207471651490316,0.10188139562369544,-0.1174718366604623,-0.03019760294258509,0.008495911402860459,0.09689706657730607
13950,0.017554398424532734,0.09344433352776406,0.40507751133370085,-0.10738826633640038,-0.028898597640198923,0.17536983441681087,0.18865858757482717,0.028819107445407804,0.03295229281120759,0.06658313904548935,-0.07666218670785313
13951,-0.0889402365213019,0.6903453384614107,-0.09838474297075282,-0.018198004188075573,-0.09799841474456739,0.0789930745674875,0.07362953248299256,0.059789485047834115,0.05689227486670857,-0.041943738171479346,-0.033560342480902866
13952,-2.0508509348135933,0.05246593737813904,0.006829248906263065,-0.04085690448975516,0.08101945498602132,1.6673601428685985,0.0062518377137594835,0.04448632273125289,-0.01358659735237281,-0.10677350760782059,0.04634767627933135
13953,1.216649681874676,-0.0461803064780369,-0.09619319350119979,0.08105572227235505,-0.03283428355974916,0.033293180942999864,-0.8992967984456707,-0.02395128996442124,0.028560421943429393,0.05266035132396909,0.09979772821989578
13954,1.1662137129930579,0.004588222635818125,0.030234332982086352,0.03007727771595835,0.018269034755074368,-0.04044869445723327,0.038235917254663514,-0.1232423888299996,-0.006598635402712355,0.07527233606758842,0.07020252921894701
13955,0.5837059761230787,-0.019518335936354818,-0.0363970700308967,0.01289990550993127,-0.04844508878541163,0.00022947843397114892,0.061851339912983326,0.005508851923079981,-0.09303186357313106,0.0339154830102716,-0.023489864813597494
13956,0.011440122724671004,-0.08350384354421306,0.015974328497974786,0.04916955957668937,0.0017797883089533365,-0.10930672318259146,1.351243730405703,-0.0006746027033019597,0.06280729721357811,-1.0161652726945771,-0.0007073729766825213
13957,-0.08929858767305228,-0.641622743611105,-0.0449614239424461,-0.013541514505399555,0.007500188199645392,0.3258021756733011,-0.08345724367688952,-0.03429224541853072,-0.0061469136368290656,0.9453576125307006,-0.07123529341591826
13958,-0.024257226982465484,0.8771929847759482,-0.041756367357266955,-0.03729720844891278,0.13592144472158102,0.01818316113534544,-0.026277701780481603,-0.628771702096208,-0.05224565242257792,-0.060424142703298066,-0.08298095764205467
13959,0.15591579550379167,-0.07212329726212267,0.07556806216079635,-0.5866907357603983,-0.01776694258943782,0.03156127061730478,0.10847687915179893,0.8479275140850394,-0.09119123403494393,-0.19700313983029524,-0.0015357476671036784
13960,0.1817383881453559,0.08784663189271694,0.0027903394505138365,0.7710576388213627,-0.09134357689666243,-0.1947749396107802,0.027818770490871666,-0.10985148973823812,0.015774603995652916,0.07775647125093081,-0.45206678279892276
13961,-0.1685426963721721,-0.05687094207437606,-0.13774572292630546,-0.07866518642822104,-0.48544122173322085,0.014441456776023584,-0.10968762513526704,0.19026660952323513,0.06299796473061155,-0.011408619793678026,0.8754648583227445
13962,0.07028126543313576,0.1154618525568084,-0.060341265364928356,0.0993833099242993,0.6370887573232669,0.03428649871883731,-0.07643930104805435,0.119768250530815,-0.18655604904479953,-0.05079242896237073,-0.03479700438790307
13963,0.00372182233977542,0.10636081577434825,-0.07446825996809149,0.06517749712828667,-0.020914450321004495,-0.07970312751931746,0.10502038281119543,-0.00657524580689115,0.5059259852869097,-0.07963028192772427,0.028130116386136557
13964,0.22456494661300544,-0.052976932020289434,0.556265101699305,-0.10552559077021424,-0.1105661501941275,0.04276591692061153,0.04525445565097412,-0.041554285040013565,0.12502676044807323,-0.11177910532548799,0.14643007410225212
13965,0.010418762540512577,0.06774873506081434,0.11289704400484471,-0.06206079226946524,-0.11248305562727584,-0.6747212773422891,0.061328271046657994,0.048964619199794016,0.001412197757069487,-0.051360577432145844,0.039524055304159415
13966,-0.023509283085713036,0.06829212388582663,0.44140625089780416,0.01645595760575673,0.13475260398179953,-0.02890292471151764,0.051446051466641315,-0.0030704299671493467,0.06713175305312735,-0.015716614557569092,-0.0662587791951997
13967,0.069653442363729,0.6404895176958777,-0.06465085541785129,-0.010945533214907535,0.01096660022947917,-0.04397356147691739,-0.04554711192107748,0.003873544321485009,-0.05900022219816656,0.04382934172322558,0.07103895724852054
13968,-1.9629119481839992,-0.11134852571150206,-0.06925443613002238,0.18555738471521477,-0.07286738708490592,1.7667072726170308,-0.05939811217009287,0.08312011016127699,0.05572182447092683,0.07595367158186406,0.022697039985421084
13969,1.3208772369063677,0.013083075212455303,-0.09070592101058912,0.13314010919685465,0.024630055304300624,0.017858168346362925,-0.8552509831138944,0.093914186513214,0.1269433739236241,-0.027205704632346398,0.05129594584427541
13970,0.8944520643189433,-0.0642254097350125,0.09389978427300967,-0.04162803199655245,0.005123836329417472,-0.10835515523097787,-0.06805249083592059,-0.10152969332159084,-0.03733224129149172,0.06309477121171062,-0.16845039047187335
13971,0.6176799615240157,0.06491969273858322,0.022177526101702774,-0.00397941547613477,-0.04992126412992848,0.05454171992675359,0.03431785894940089,0.04050746824306192,-0.004774104163465031,0.06849133472459036,-0.02482186966630792
13972,0.08763418107490464,0.10322536504396952,0.027287033362868023,-0.08051865258563451,-0.20692820386752717,0.0350431556259567,1.1916291735681948,0.12255441330722071,0.024173187745366857,-1.0740217503102245,0.04308010133943968
13973,-0.004239638499066235,-0.6459174409353639,0.012133672781798846,0.09618295607937201,-0.013317501076463522,-0.042719931557298335,0.12462584298168687,0.026793419183030867,0.06785562834830403,0.9955989137649577,-0.026887295980967344
13974,-0.02163342369135364,0.928899194265871,-0.03979190132466991,-0.05219554084610156,-0.09136191415919406,-0.09150441554664991,-0.05707141108798071,-0.6760258458659256,0.004879181515975115,0.10191603954651314,0.018602777983160762
13975,0.17167197843438564,-0.05081543490872729,0.13479858733412486,-0.3569155264617888,0.04059620209767912,0.07973244499580695,-0.146228862193999,0.9160042716418735,-0.0391504191609888,-0.12017428609488054,0.06802119972222334
13976,0.13086976633459702,-0.11307690606151431,0.023108828154429988,0.8097349842502797,-0.06512724035460811,-0.08184933556017145,-0.040721274282935475,0.018811241912912904,-0.09981189483487136,0.12335078667866871,-0.49153137397077173
13977,-0.03252271133886532,0.060257957358498454,0.0060916695387249736,0.03662897480627462,-0.7812594408534623,-0.0846869395055773,0.06854959229297522,0.07482698556264365,0.11345539818328697,-0.21432114611342623,0.9041074135155373
13978,0.013186506644824335,-0.04970916366406564,-0.09690020036460706,0.007446142723224501,0.612263099615169,-0.018846752223880162,0.16629944286152296,-0.06428538006125846,-0.3186428731422961,-0.0034093186946906814,-0.0011412411029874461
13979,-0.050886469812090496,0.06922151633982576,-0.06445647566670384,-0.025722236273825114,-0.0313620695627284,-0.08468979395306576,-0.006517260009236353,-0.09159209450439415,0.49211267183802426,0.026398041949258523,0.04042389742398969
13980,0.0890549133814911,0.0022049624075094684,0.6215549556945609,-0.08623975949237729,0.07280846299146393,0.021959993637276937,0.0035724046001880893,-0.22771925080150568,-0.1255698803328942,-0.2321125075672924,0.008397102715761214
13981,-0.04349460415306355,-0.057919044734002056,-0.021912951070704286,-0.0014399010041272137,0.10433627398359636,-0.7046706259088233,0.012330556139981094,0.002282859782679735,-0.06444661117312561,0.03636972738394202,0.011810536743269102
13982,-0.01684973734296634,-0.040718537910390075,0.41113801348119,-0.01363650228964581,0.05664572103613992,-0.16299869493152938,-0.08200645642989948,-0.010102861574776554,0.14362271749314057,-0.0970419735858669,-0.1379675300653517
13983,0.18926818948234317,0.5897456987711,-0.095001785193508,-0.025126713500958554,0.030918659081461075,0.17937414188996564,0.13045305119342016,0.044586643975952106,-0.008925979093727145,0.08096522615844269,0.04435201739545194
13984,-1.6906603703667435,-0.07285825404883356,-0.06929700130037059,-0.09255381415129388,0.07727698296748886,1.7556195370375154,0.13140389362810675,0.004836947336057149,-0.0981061585290778,-0.04849417482532618,0.04363870960617046
13985,1.4641014812115614,-0.06746963980858829,0.011904023004201274,0.029466984343425172,-0.15551644532491316,0.03454426444484081,-1.071725739375421,0.02394443575981905,-0.15237601283362606,0.056032524889462004,-0.06103168540009724
13986,0.7148865458237946,-0.03966701494194308,-0.0927071515136361,0.06349066630905216,0.043643992572882456,0.13003177982656167,-0.08178224787132328,-0.01678723709081409,0.024204316073944677,0.02822263722262377,0.07595246198094388
13987,0.6141686783337229,-0.06057626744784295,-0.07861069105816215,0.01113529619752315,-0.016613831182603973,0.08430694340289319,-0.013852270756376283,-0.03228404813589804,0.06670350357524453,0.019790164798081517,-0.027949944439453273
13988,0.02378242590959979,0.054837427447040385,0.10843242450043382,-0.04209778179604684,0.0773347495972348,-0.20055749053126185,1.327220975203542,-0.09139230334322998,-0.05812307246643861,-0.9302755350406349,-0.09303479208278183
13989,0.047953456104414593,-0.5674329766980384,-0.10317316778292426,0.00333574636558548,-0.005036784752024443,0.0727448298704664,-0.1166670301245174,-0.05052074439931878,-0.006323857883892555,0.9848614513080028,-0.11448090578013449
13990,-0.0880729508798481,0.8309954767499698,-0.04294547134593904,-0.03636661511474275,-0.016908555541182837,-0.016082929853474086,-0.044956902256538915,-0.6188912872043378,-0.02654908605956119,-0.03458459439752886,0.04507350528513018
13991,0.010928131692758105,-0.12298052519572873,0.011796170811441473,-0.5089611951105201,0.04721524801185568,0.110999212214649,-0.11473902407723284,0.8001571761475813,-0.08975731068018489,-0.09735079823009399,-0.0658209355735831
13992,0.08062072060221341,-0.018311978981073482,-0.0631632985973161,0.7671311372449463,0.12183073884050798,-0.14968425995167664,-0.049446070963737675,0.043491768808492835,0.09598196416559449,-0.22092277124648285,-0.39386857336112635
13993,0.10800092165639857,-0.14257395635474898,0.04931514976031024,-0.018470853994409852,-0.5850257182497267,0.14705568507254355,0.10388712860667884,0.11133104016279495,-0.13835010610075565,-0.12823045606103917,0.8785021335503042
13994,0.004522046645024624,-0.02957517044057447,0.0008086592651691312,-0.004240178817554417,0.5838413895298596,-0.05466612687025564,-0.023429158932717863,0.08131768799190145,-0.20368449696410185,-0.014103529343123648,-0.03199822372391126
13995,-0.20725646221420613,0.013860128940203708,0.047951361233374054,-0.19528562880892722,-0.032916558184954314,0.04654393554984158,0.0052526487838409856,-0.1213041932020357,0.49954523457678157,-0.0018710750372524518,-0.015005898699256275
13996,-0.28160770216918085,0.0023064113429248833,0.566204540726613,0.10153540868118344,-0.04513589732735443,-0.2778485180553869,-0.043269940782532185,-0.02925722225278473,0.12146696721893821,-0.1268903207881508,-0.0864364783572065
13997,-0.01671437188929059,-0.008514049967098467,0.11379697000869692,-0.12367005500886633,-0.017199721507517123,-0.6397107469064176,0.04316335249841214,0.043884157458051624,-0.01822811229813931,0.05517917048519215,-0.005538121071844175
13998,-0.03882247332575127,0.024846356391219716,0.4218551386760408,-0.14426875308659803,-0.025913041738380927,-0.10683511859084026,-0.03934133716885849,0.18994322802433064,0.069667194764406,0.051400637213407804,0.12650226049595936
13999,-0.28980069869372976,0.652627221919039,-0.03449247998291298,-0.04813873626619653,-0.06661403200718263,-0.09154118409803848,0.13677010704947162,0.044383249307092074,0.06013196965814654,-0.02079504133844573,0.002851813086730128
14000,-2.0029491097285357,-0.0035204208338895735,-0.04467059902164196,0.14713126679486646,0.0950522938473744,1.6875257935617458,0.22594241701896645,0.014135047659337676,-0.23332448597051395,0.0026562589033559455,0.14732479607063623
14001,1.3309406727991984,0.0142476926017929,0.0021408071957576403,-0.06256725888037863,0.10514173538051891,0.0033942481417459014,-1.026001903539709,-0.04330135073744726,0.14700840366078602,0.03228567437588916,-0.05610316702329517
14002,0.9062560813656365,0.020620806160045142,0.026472389659682953,-0.09861433705240566,-0.025309244996535855,0.12619675783469017,0.0034514779861894093,-0.09685641070235138,-0.008172462590491356,-0.011870885577883725,-0.08179339949582719
14003,0.6611118404343249,0.031028145783406208,-0.0244378539284741,0.06128281931308374,-0.020796405473106346,0.0649698359213387,-0.009029154984533131,0.01398822840699914,-0.005597021057821279,0.007209794088868682,0.060310920244029724
14004,0.16647245090082352,-0.07423753622193346,-0.015732900391335146,0.007825260828282828,-0.03309341935397513,-0.10781504583245924,1.2557458168353497,-0.011087576577953657,0.1362550171048426,-0.9504955359161759,-0.004232860108320226
14005,-0.044772044323357206,-0.6725336127184514,0.02980063145604641,0.09730899507913146,0.012736962242159897,-0.08731616373818561,0.07053239277151965,-0.0636407065484855,-0.029773306682872102,1.0167352261073708,0.00025293992611958877
14006,0.11446854296467876,0.9561765360610405,0.0391015497095709,0.027686996737431923,-0.06100175912010709,-0.04807203292047038,-0.0960672401827569,-0.5175935072722408,0.037033193014006205,0.07126982893175371,-0.13593293016373925
14007,0.1734842740367366,0.05373506087127981,-0.029781179178011014,-0.5153250823002483,-0.01132780388822311,-0.07066750536370256,0.0022083618524276504,0.8232014936593216,-0.05652504013142291,0.02423414045359639,0.04255041965425323
14008,0.1632686221682577,0.11352572252150048,-0.016397848724773356,0.8244951312192712,-0.030244854549665322,-0.09485562529976031,0.052587168177528766,-0.041490647575596735,-0.00511613739851894,-0.012242308545036433,-0.7335257334538162
14009,0.11493525296472579,0.04766872015992127,0.04229296976170812,0.10551431711444396,-0.5817702806628334,0.1077222633411046,-0.062229919961502275,0.026112686310268498,0.09099820127042871,-0.02172503334877678,0.9058443730818676
14010,0.19715518584836061,-0.17530751430215955,0.01501850237394093,-0.041188502418640985,0.5580751475164697,-0.26152224615909536,-0.03452338332510385,0.04977099872706047,-0.2524191462601205,-0.007825040529938248,-0.032315798442208984
14011,-0.14899481575152904,0.07569371541707509,-0.285117948327383,-0.009933998479806881,-0.03862775584518087,0.22173378889803078,0.15829734393489125,0.0840329216461106,0.5140509651089488,-0.06819914962799878,-0.1726381569318703
14012,0.19086271840833136,-0.059210328799576044,0.5873978457853417,0.056589452440622384,0.14277534517426604,0.04668320705763216,0.10040092827265322,0.0031861748528045717,0.015845043420662532,0.13172657560458556,0.14694229903958506
14013,0.03818347881144008,-0.03651794837284677,0.01008011650425286,-0.11382146864238403,0.06987888214529349,-0.6561911149028598,0.011898736930633607,-0.07309614344901047,0.008232389811292238,-0.01282683639481259,0.026440554436303658
14014,0.04325762643210984,-0.16326632366639754,0.38493883376273724,0.027553468202131413,0.010431752458183731,0.15046057054615705,-0.1779877486702541,-0.0809732600686461,0.02343185731663914,0.02695102128721042,-0.03391948647694723
14015,-0.020093888375554862,0.7641757646605811,-0.05985748169678449,0.03813878704275741,0.0012654388367015386,0.08696154861071442,0.015335663641411335,-0.011246787981805992,0.005653417120925078,0.04911586980004783,0.044559866403086595
14016,-1.993679150582726,-0.023740376335439656,-0.008871450001468342,0.055105049427678264,0.053687363563805615,1.7355473742472416,-0.015793836517174316,-0.02965285005196993,-0.055775223552803586,0.1413631832535675,-0.08774522905191445
14017,1.158982985824176,-0.044832354890445125,0.02536572319803838,0.026065795456618183,0.20979862865399498,-0.03499673871068137,-0.9474165805041235,0.06553846349657966,0.00912266723845669,-0.05433250279066764,-0.0687583494845761
14018,0.8527228584280536,-0.23485869270525703,0.013988984285423132,0.10722898967114208,0.07230017362637721,0.09619045881226568,-0.05811756369365098,-0.00814579519789705,0.04818486443102353,0.012758739122573668,-0.03126051213431742
14019,0.6356471092125282,0.031912300108956425,-0.07070818682535858,-0.04428454099219234,-0.023445104610749324,0.011183361859745156,-0.03868355388129417,0.012016625367548167,-0.03417033922468687,-0.04101927475531652,0.047796524792255435
14020,-0.08613083860832853,0.025188645239925367,0.03563403502663864,-0.07851273548599932,-0.06441002704191093,0.13740213937880702,1.2417126162295586,0.04917219516647439,0.07519275483778662,-1.1290648816713795,0.03595204487897677
14021,0.07861462099985903,-0.7133907491857774,-0.2034464363624548,-0.04652802857118777,-0.11345867426764583,-0.0015446480087745133,-0.06414234933910179,-0.020636640546894954,-0.0376967198848754,1.025098027408991,-0.07029583748453337
14022,0.041173211721278406,1.0259637800953851,0.04617824288479893,-0.0061878101296734735,-0.05714818265975616,0.10679311050993363,0.0020486041272040866,-0.5041114450647007,-0.0018886722787510974,-0.0304961436188362,-0.030692976611497103
14023,-0.08103418313300532,-0.029924842817987195,0.0041177494328359454,-0.576543131835939,0.022544366165715535,-0.021620282707006527,0.1658919775782784,0.8637002838331072,-0.10563638401649036,0.0070486158861922605,-0.030845630446219442
14024,0.1696726979134294,-0.10002938485897722,0.011985225399335848,0.8764726986773187,-0.109325420245832,-0.044417551030944885,-0.11476223744090505,-0.10640189600017035,0.10274528325357113,0.04106771777913769,-0.5449405686778703
14025,0.032183472276811786,-0.017040323694811566,0.080695651110473,0.03382005659205072,-0.5488401239457067,-0.1151169682327808,-0.10426903607898459,-0.021474602595805733,-0.030025779968687976,0.04058514670444745,0.8727746431810767
14026,-0.04828541677209431,-0.12646178250595702,0.1225887581110172,0.03592427265958779,0.591385696402665,0.20281528177102162,-0.08531711715992223,0.18052074479444127,-0.0518969555049969,0.05024929580876946,0.019101116179434895
14027,-0.04291866649175167,-0.0058016093122217754,-0.20426579943600176,0.041598312285784214,0.09436188717645819,0.12013262039951011,0.0661680040091528,0.12634913931153907,0.48672738287447187,0.0033925496506146628,0.015580432789107767
14028,-0.02405854911879227,0.041426204273161925,0.5386596662041149,0.14111474179112496,-0.02254716320682271,0.018141093922834743,0.2068831062345182,-0.21570615561627887,0.13708600765046147,0.1542712869450394,-0.028341372038635584
14029,-0.04369444297143319,-0.041295406162111484,-0.049466928814977607,0.016078957856570365,-0.006501284733073927,-0.6440078612734168,-0.08370902080228812,0.023179192023036355,-0.08804473638995852,-0.015807319658695702,0.061793293189936045
14030,-0.022526737175938238,0.06487325003110145,0.4007082436755265,0.048135487049970435,0.09795564133315138,0.020712181334726576,-0.07079617442972272,0.007502399434209885,0.001416058909012359,0.08579041722264776,0.08076134806567932
14031,-0.11940428169593753,0.6942599735655348,-0.02134594854823561,-0.044266459047462674,0.10468106542684548,-0.11206475524125174,0.08564510185319776,0.03242313914446372,-0.016214321282255695,-0.020714877247177896,-0.015422815378078398
14032,-1.7394779123670017,0.12217003010546769,0.009055133513423418,0.08215223644869517,0.03827070109569496,1.737824796333282,-0.026604605469409327,-0.0267580704271628,0.023072364578786312,0.013594831788745612,0.0011809324663616628
14033,1.1451292939560669,0.1154945536672829,0.14714558718171203,0.02313322405020169,-0.020151213747474684,0.10334277196984806,-1.0485469132348813,0.06572826915674972,-0.0799490684026177,0.010822996987154903,0.038723016408460015
14034,0.9713251703324889,-0.04884953615599348,0.02653999318455863,-0.06782029383631633,-0.020237458905851272,0.014797523596870685,-0.0890656056653097,-0.0021902599228498672,0.06784715417442902,0.1878555790992963,-0.025824860137700377
14035,0.5959393171623707,-0.006074198840426474,-0.06939687122274747,-0.007442230660440963,-0.01777102751850052,0.015576013222188757,0.066473069411212,0.012340737128857573,0.0636264886673097,0.013978270086798682,-0.08218278371577827
14036,-0.18445221017091948,-0.06799956668748273,-0.02893447069391166,0.029472863456615643,0.025058310326854082,0.05453266322792547,1.2246911091902344,0.09332156673316187,-0.047112942170711776,-0.9690057446089752,0.08485681845548701
14037,0.13179292579447918,-0.6169420500681523,0.05603367827494304,0.0035100274263142705,0.03345782330483307,0.02973224200774902,0.15129363514253208,-0.02579611126467733,0.0407374234891422,1.0355637790339922,-0.1591243883002317
14038,0.008959248663536177,0.9110005976200516,0.05399892479165245,0.0002591186724325628,-0.020055818010032093,0.06433138225390195,-0.09421540019629077,-0.5807116315175269,0.03625042214907606,0.0755069236596438,-0.040887861260378036
14039,0.2223703577579039,0.03535549898935496,0.05814148354087212,-0.42456526487316826,0.03029269326148059,0.18398521455865866,0.017290718846194847,0.8377402363861605,-0.13792045434306727,-0.06715868373167516,-0.027018774206100327
14040,-0.10101167262964772,-0.044547876127264116,0.1391760264665267,0.8120491002726289,-0.013739350782289298,0.27491537363751023,0.029076454204996362,-0.0719578817037959,0.13849920375789287,-0.032503118810416724,-0.36288402249988977
14041,0.25397678339012336,-0.06176699043828339,-0.008471482189002628,-0.10708237859619127,-0.6354148513567542,0.02721255331339624,-0.000474318544902182,-0.026329791947231757,0.024458335337119823,0.03594294916352896,0.8998131734779377
14042,-0.020115862444377023,-0.06537858029006266,0.0023278069375692323,0.014113860042000416,0.5767350401283243,-0.19356791542084795,0.0513847573375471,0.10174813614485875,-0.13049174472321035,-0.07316512780122263,0.007480535972652471
14043,-0.2919992198010014,-0.07974769381499724,-0.05899198068301975,0.10201977111550126,-0.034602024355307744,-0.042199657713133706,-0.10144242319611776,0.09405153930138815,0.49791101956128636,-0.17151390858846666,-0.0363955828190905
14044,-0.08864283131741117,0.046532097648381454,0.5543367066806844,0.07862271085947027,-0.01779143936350275,-0.212341603103472,0.1050270263947386,0.0777122090824409,-0.013136283888304987,-0.03770587960655229,-0.007399945236717354
14045,0.006927709889432415,0.05777945688497892,0.00642653456797899,-0.0407059014224351,-0.023682580802378603,-0.6155129871600736,0.046380125924072986,-0.05436100382709037,-0.047354107195220214,-0.03791244093019543,-0.012113171483148373
14046,-0.038245804996464544,-0.04516564213087634,0.3883740865829705,0.28175382422472633,0.015599752202052425,-0.019499774142546458,-0.04734212916567696,0.14814390283660356,0.08903869400350653,-0.11501405736588335,0.05965449749081318
14047,0.04548756431289425,0.6920277719750065,0.045209880766753724,-0.01386639204977551,-0.0022628134740245347,0.23173729274596233,-0.06628707117053216,-0.048654066140142435,0.0333708916009598,-0.09400303835480964,0.007308521455432426
14048,-1.8990269649362685,-0.15636177688410277,-0.04536730491550979,0.04396025011294824,-0.03715040441610046,1.9909277209669163,-0.09157444684808089,0.012065154301049427,0.02780193029034752,-0.1968631251567324,0.045992448359193625
14049,1.5752459147312945,0.00641484733117728,0.034250356703627124,0.10036610313566671,0.023829303458161442,0.037190970732344224,-1.017414117432105,-0.05218767499035496,-0.011942066277520194,-0.03549180758691462,-0.020860435976092745
14050,0.9081344493297792,-0.0781360317815341,0.07319160179841885,0.05869367298094609,-0.11826504275334071,0.01743790923056014,-0.10142156612438165,0.11550792667614257,0.026419086136004386,-0.0750880550270441,-0.10312863126622986
14051,0.685506361789167,0.029072157324202597,-0.14929190653828095,0.038053763537873216,-0.018521006402173714,0.06006202121438935,0.0489960980862107,0.07656721848692348,-0.0014950061860661851,-0.041007432150974465,0.007728928697878564
14052,-0.04827647607889572,-0.11977708529544738,-0.09033338208370165,0.07948030977587144,0.05573557939305461,-0.011490624440221642,1.3370193276395919,0.07470135384975359,0.008640889078214243,-0.8776780920142879,0.18674312998632867
14053,0.08743002158430485,-0.6235714834274112,0.12826648218851103,0.033929812619998154,0.07395117422202051,0.10282906577012832,-0.036603504651731934,0.11728585579622122,-0.09127008168547382,0.9872204825086359,0.11826313345972746
14054,-0.03949863458402721,0.9166450232051104,-0.004360853236605574,-0.049076943908568454,-0.016734061576089337,-0.008546807002624331,0.2919019507281956,-0.6768023974804791,0.04899830546207702,0.133309212667326,-0.006683749839220491
14055,0.05329704417647318,-0.013214772272614861,-0.10938981625321921,-0.5039863860629554,-0.09986181632711444,0.000797384270531179,0.015973368714656058,0.7984852698135131,-0.05928727203986753,0.1103563078692392,-0.041661125738407856
14056,-0.10029942483719341,0.0010720223087763866,-0.01692305497569915,0.7562321809154092,-0.08026502960883139,0.202000883909842,0.04422919823065472,0.06868488103054715,0.07335890905720786,0.019366527252574036,-0.6881441373117085
14057,-0.06783941857579388,-0.08456309810580952,0.06048209884962719,0.04614935033013295,-0.6579306775707355,-0.011359924921612191,-0.16246341220065263,-0.19442970257561076,-0.003921680571027784,-0.06385200767243318,0.8957396437315945
14058,-0.22061312419949233,-0.004422776991434798,-0.041135499979371756,0.039644850096243404,0.6244303657262271,0.13995867047107013,-0.04912002988892943,0.2668144532848583,-0.1976952258488843,0.09749797881484519,-0.05567025752694776
14059,0.11728908137426015,0.029692777319617017,-0.08572449599964527,-0.013577047653094917,0.07925329836205676,-0.1275705607678596,-0.13953776440841056,0.028508391620135083,0.5084339859131445,0.031873197099067045,0.022217433492867637
14060,0.05000448208109715,-0.025952954400600588,0.5996619967035941,-0.1412377547202971,0.09193712814007683,0.15372849551954296,0.043198126360529984,-0.07715108277775516,0.06826412286408093,-0.045998349819829566,-0.07679554401106459
14061,0.00959056059257726,-0.03692077973662028,0.090801508802946,0.014063257927693522,-0.012013169612532874,-0.6703965105967681,0.017478186151865124,-0.0512704622917197,0.03691785687656107,-0.07071286939343863,-0.017491420299192963
14062,0.18636729683046704,0.09063190478202905,0.41511251916498265,-0.14776274298792214,0.0341218186476417,0.07302396906397308,0.0011571297265460232,-0.09282058738888077,0.07576080460768085,0.07501380444896616,-0.03923466805434604
14063,0.13579393265529346,0.6865361363579107,-0.08998109194260624,-0.031707255115442916,0.017720687439663818,0.043715413343564304,0.022971317478410115,-0.05255137108510628,-0.04327026785554723,0.008167276687302884,0.029887621837355213
14064,-1.7119988773547525,0.11065276372415908,-0.025984043195442657,0.12610663767913904,0.005157780005531391,1.7253812376435111,-0.010695420778499297,0.052833226229473625,-0.0068292901513625475,-0.007318432015899447,-0.02315309206063467
14065,1.3637834390532202,0.06114835983135464,0.092435933548391,-0.03506039248453689,-0.004136984090359593,0.1107818789657262,-0.9915780678186911,-0.017096608900533675,0.02918185583355396,0.032369463252682154,0.06141265374305654
14066,0.6518787996298727,0.23958506562051995,-0.12445076575976287,-0.09061904934926784,0.010968290890273178,0.08381928828360763,0.04674448767458407,-0.009291663937710252,-0.2844592932047638,0.004738600997087713,-0.07903495587875145
14067,0.6613665335551389,0.031472426486132486,-0.039529660938381624,-0.04161883431710047,-0.06292729303814,0.1658358887478245,0.06918300289067378,0.008502580793394464,-0.038947160889613024,-0.01766080367871397,-0.05057539181109984
14068,-0.1375039476299581,-0.042380051519419086,-0.1334383962686763,-0.08162474386410949,-0.06671497589204785,0.02042823714916151,1.097921356116844,0.040468159381747804,0.04411313312485528,-0.9480308805494027,0.019868187570828477
14069,0.03153331509819005,-0.8209690456542557,-0.03775472379955901,0.03273469376465744,-0.08504927764135328,-0.06447400524915964,-0.0037829292821635395,0.05467629546477528,-0.1745027529038059,0.9579258561062802,0.03601091214197522
14070,0.12077940470289068,0.9613006314884163,0.044037319409298115,0.00017643746757353695,-0.025892016842277685,0.10899541723929934,0.13648679511764286,-0.6001845723654089,-0.04477008709663423,-0.11265532833689992,-0.0177258016280871
14071,-0.08866199409715374,0.0721164378831941,-0.05745163120382883,-0.6135637765063491,-0.011501612120166376,-0.03899602958881525,-0.09702514166578298,0.8817052119463727,-0.07385247008109395,0.031167598544488275,0.09604596541057031
14072,-0.24069975979705818,0.033583350631451174,-0.03281654363158051,0.8283749003359404,-0.0010839973381281459,0.03360294291063531,0.17604534281733838,0.07158926567914918,0.01526775858379376,-0.07320118563148323,-0.49493390977663143
14073,-0.08879232069470444,-0.0030747838132972206,0.2240341165154815,-0.017827341362030832,-0.5498815026898425,-0.1211568694684724,-0.025102649914607852,0.00515333235252462,-0.1302331314332544,-0.041704005060761884,0.9425309741462595
14074,-0.006381696448909947,-0.1327330644394359,-0.2510245637918331,0.031738664171049105,0.5711495103682741,-0.13208910464708926,-0.006719283551396618,-0.05059493338475087,-0.21078891615212497,0.004294545862981208,0.06755773198668688
14075,-0.028054609210264016,0.029109036576814098,0.1300122401101652,-0.10599123220056135,-0.0038316861119032,0.042563754147065085,0.023790990702186127,-0.032114271815216436,0.4714757862971829,0.0320574114333774,-0.13653688077980958
14076,-0.0527362715468949,-0.20112983151838656,0.5801388840345496,0.022847182928199865,-0.010037840636445361,-0.03229199580525949,-0.029486900287817412,0.012447450260285918,-0.032133740474555854,0.038503986867829576,-0.02351152073104458
14077,-0.10653807578545235,0.011746221341751292,-0.08645253960887742,-0.010642905048797363,-0.07824034903566862,-0.713665059685175,0.07223379302352956,-0.0008213453102826336,-0.04187591168512457,-0.059191666480600966,0.00329662161407147
14078,0.0762696198179878,0.08550211040528723,0.40102198104366577,0.04696142132270515,0.00836421166939585,0.16922788347627116,0.0897948052954936,-0.004402172106126993,0.06838347390294977,0.03277656828584625,-0.03115467151909843
14079,0.25341758408463716,0.6659377836180616,0.013137725370653441,0.018915939688139826,0.023091790056961877,0.13628641537601596,0.10679048320691055,-0.0007578930779547736,0.02629063479375937,0.05600618547300093,-0.06734200371061376
14080,-1.962576691392779,0.001726038055990183,-0.04606517241134661,-0.09854592516996324,-0.03588849782207814,1.829493606437219,-0.07996773750155044,-0.00910773107002733,-0.06038116825203559,0.2853954308241152,0.033922998893827175
14081,1.5040557939546964,0.09830033768307883,0.06189864201817186,0.050963278448959703,0.11601003351863574,0.13502768761110673,-0.9638740667471523,0.0807033364062809,0.05639105655380953,0.07968406634485045,0.08755427922452788
14082,0.8523245983352477,0.20917306526664517,-0.002098689503289554,-0.06679544845054183,-0.09624053435061676,0.1185972031455021,0.14820533426952637,0.01661918773590867,0.1450565292992039,-0.0028841650730340573,0.02725352170135697
14083,0.5607931378254714,0.05843915770691629,0.04522474048892632,0.03643073769626509,0.013517878095148202,0.05784872880426071,0.010152178424985243,-0.013913571660836834,-0.0478444564464333,0.008881243985073414,0.07996123327322618
14084,0.22877187210379418,-0.04349138660218938,-0.04352945218974017,-0.0060124810194298805,0.05546868933018976,-0.054759137397043654,1.367356214430924,0.05752208188051674,0.11791373583225027,-0.9210182727726046,0.06664799636919978
14085,0.09598877051137451,-0.5373306056515297,0.003028729924837675,0.09144212262641797,-0.09668623604690378,-0.08227000086145339,0.05431590961020171,-0.05587749483470177,0.0221217736903872,0.8728548082816402,0.07325613926566436
14086,0.037393558316552056,0.8357503840624142,-0.0020918587243011653,-0.03817951259953163,0.005456450363367897,-0.031308412519173996,0.13612527309651837,-0.6369688763140847,0.0893493792214627,0.1045325164257549,0.05089356617301792
14087,-0.04556589462492354,0.03709758343288567,-0.041853685153922925,-0.6811512258655905,0.041116888228402766,-0.17697334421401378,0.08214000497375579,0.8762504244374498,-0.028810844132467234,-0.12781285522347696,-0.07451998756388259
14088,-0.08945030515198572,0.0734648083545453,0.0311315045612381,0.8081329358579478,0.012416241130719752,-0.04733736907903437,0.02617922505624452,0.06661635269178705,0.060990324092985604,-0.01200538561991504,-0.5186701119922481
14089,0.1189526055172296,-0.03312633685706707,-0.05326117025194546,0.03290752928436761,-0.6637763615222348,0.046879977471251534,-0.28318160532147174,-0.1451635243758767,0.020072583245672113,-0.022424303007724484,0.7433731783375552
14090,0.22465494304625805,0.11612511761066996,-0.08951310702378765,0.05138135206478727,0.5978298608241173,0.06511211378653896,-0.010082234515722325,-0.022460733388247736,-0.23609488357886887,-0.14406598864432058,-0.02380338323619701
14091,-0.01997949677336345,-0.02904841693106324,0.06321606233184231,-0.033971667070695044,0.02615105115868328,-0.005502892267033434,-0.06562093757289522,-0.0010118626622027983,0.4689007488500508,-0.01808099054883922,0.11001450717334531
14092,-0.05294161706085147,-0.1788113595703988,0.5709652435373611,-0.12875959858939032,0.13840545259785322,0.030911960967198997,-0.04970145973307557,-0.10453167670374068,-0.16574816624719887,0.12789437840403428,-0.020117626813632723
14093,0.011204968525811388,-0.033571098707833584,-0.10861092262733085,-0.1266750167218893,0.12930488977126167,-0.6325397670651727,-0.02386262402752848,0.05224902457465699,-0.03945125633831313,-0.005297845175182432,0.035207563784347265
14094,0.12179310305089253,-0.19477799502247212,0.40865343709371815,-0.08340649668541485,-0.07895133945213546,-0.03754206715208632,-0.15013537850949085,-0.03360056739018322,0.11376220851966219,0.03782106527600583,-0.01549248769271664
14095,-0.19229167188683774,0.5849741157591715,-0.04048594067091532,0.025901820955578123,-0.00336206576975982,0.009090110827440212,0.11225266064003371,0.022296740079782447,-0.02285833444296145,0.0027086270344523185,-0.07536603741094844
14096,-1.9925237135957432,-0.023942141047336468,0.02818383054191808,-0.1301009840777983,-0.13871906067439352,1.5243015565249909,-0.06812513290680225,-0.06309458584997887,-0.012573988908355007,-0.026939006980893174,-0.0017665668922122223
14097,1.6145607710924303,0.037841150776843226,0.06705651293725651,0.13081155386395174,-0.15706079474153356,0.008455238063366252,-0.9022685481649741,0.02224407627530346,-0.13012034313220627,0.006771416984042436,0.011986824937868033
14098,0.8724533798616558,-0.03358356690611781,-0.09551237875154896,-0.0262505575872839,0.17649273180179303,0.013589617249136297,-0.003447188537703003,-0.07719350713924074,0.1248174026955744,-0.06499261969060771,0.13405717273633178
14099,0.5623015422252635,0.0367146776329492,0.08333730673409509,-0.04025818636111604,0.024083173449315192,0.06442391919599084,-0.016855590437053217,0.012483345086132048,0.01859072250970381,-0.02928957816247893,-0.012949881736268303
14100,0.02194113173176084,0.019300288262833483,-0.016052417911456066,-0.09269324810610959,-0.023213449571498915,0.15281810401911483,1.4044796549124214,0.01589830139675496,0.07761589036305501,-0.9657437939402945,-0.0708592116068437
14101,0.21165605036822077,-0.743334324545793,-0.05333385527470692,0.09173832135425716,0.028671874316500267,0.025110243980611614,-0.03362581570277949,-0.043127345041531054,-0.037805942926287056,0.9405514642265245,-0.1778842587206624
14102,-0.0071021826041631556,0.9332738803280787,0.0069206716373270485,0.013403614083728487,0.09142497259806975,-0.035665484777670745,-0.0029169504318887676,-0.6026978445915395,-0.1621617709367895,-0.09071359622716006,0.025683857028388952
14103,0.008048028440208466,-0.026900776579121117,-0.06783394450359327,-0.618831460478577,-0.053407264829927976,-0.01999953031057761,-0.08052583747908201,0.778655833667244,0.023689945874071108,0.12775206357381247,0.03373441290446518
14104,-0.16984033200229975,0.039652217915798205,-0.03382546546285682,0.8122367900499853,0.06120752783262842,0.14365575054895707,0.2155567741097761,-0.12013194798926796,0.06353824290771458,0.2027767922454073,-0.7057768692431887
14105,-0.015415080448852408,0.041717223670472856,0.03567143802224977,-0.03421402886609648,-0.5850802423769998,-0.07948256982472968,0.08104357104471983,-0.018310757795769832,-0.07198183113944681,-0.1943057521715146,0.9054570722151686
14106,-0.3918159832927589,0.051511745330845696,-0.15549557211155915,-0.07902102372417084,0.616739217366361,0.178732522984392,0.11679089877763923,-0.07888314536850345,-0.2172053796342729,0.09314371828594956,-0.05947428353106002
14107,-0.2286066462625459,0.1789313795287744,0.0075951182759470826,-0.022015299426738844,-0.04647264709163769,-0.20378492563922262,-0.13698267662279343,-0.183936000636397,0.4963021890971288,0.032727834482070756,-0.0732883084108361
14108,0.13617816434870703,0.0040617201947330955,0.5022768889286295,0.0818643578889555,-0.023787529331862647,-0.16675552940370927,-0.09964506786418854,0.09413400803343686,-0.034110015261028956,0.020526353102919916,0.03448175916755385
14109,0.03297918779507188,-0.10908657662667039,-0.0831680298812081,0.01843882708200733,-0.07251602072202763,-0.6380957711586347,-0.02215800360678536,0.061323747658040675,-0.045513448443040706,-0.035931284139184706,0.016908108247337687
14110,-0.15384020768414064,-0.08477192667122753,0.4329306903996243,0.016107476118211898,0.07071473104500439,0.028033408108759587,0.021443427840770905,0.04064524618762374,-0.21946993162853273,0.033754152581327516,0.04672375627210923
14111,-0.021801862332022838,0.709010918521098,-0.08166134210433608,0.04366736755538168,-0.06112172755679264,0.03959089475714913,0.2246472133596556,0.03465709721626191,-0.058622064688342856,-0.09083431153775766,-0.0030696962106156202
14112,-1.6764260961347783,-0.0666838820351777,0.04859098097210436,0.045889195465627385,-0.13065014312760706,1.6195619953396145,-0.07800423841067271,-0.0881078347451295,-0.23065609041199833,0.14125711396586385,0.1339529621412868
14113,1.449701881452091,-0.04141669761909507,-0.018975140397123114,0.025408496445585297,0.006498108427360771,-0.08557301541197405,-0.8512508529484556,0.07489424840848742,-0.045578912726012014,0.03467572935280134,0.08490153834144502
14114,0.734618629377192,-0.062388383572357944,0.06576204730961471,0.022596764031069392,0.006293084724352985,-0.004011727206567478,0.08496425391698646,-0.1322288412909555,0.08140445010309195,-0.03152726167071832,-0.019231704515949202
14115,0.5986813205126527,-0.05197525516971693,-0.003912108705825279,-0.046607668346650345,0.030151517265425764,0.145314251816339,-0.025360760153362343,0.02546574486356258,0.004268558865039684,-0.030024570565784107,-0.07122175481579723
14116,-0.037748529063403834,-0.05671029637343334,0.07804452771567184,0.059808292432172935,-0.022640023081490837,-0.1004636000726056,1.2569738380540019,0.008582180231054884,0.04590221500798795,-1.0417627506631966,0.026479836279272768
14117,0.14982816578869781,-0.753222040335987,-0.07603497131176547,0.08124227034829457,0.08215143917341489,0.00681022805130644,-0.02868068905909983,0.001682263369111791,0.05434953849110394,1.0554016061255769,-0.09024793918576919
14118,-0.026271424700949238,1.0119702320960287,-0.04328365794546693,0.07545294524906933,-0.045372531037129155,0.10272662372615185,0.08586195167164541,-0.5902301125406408,-0.010263262719295655,-0.1305833153594406,-0.14183595647738534
14119,0.11824643048875852,-0.044819957356507324,-0.07361414474413537,-0.6045110339590574,0.011768096686822301,0.07408842401739449,-0.054036265547632814,0.9333268664487302,-0.08376284224663103,0.015741298193931517,0.07588783315015285
14120,-0.04477885379194389,-0.01760272791363226,0.01985928168602529,0.8672270271442403,-0.06747765940387163,-0.010074937358973994,0.0885077344207108,0.008539261574715292,-0.020767094924039605,-0.020758508192165397,-0.5442814642104695
14121,-0.0033510888559122732,-0.09750465681071731,-0.008184736774753803,0.06384838296341132,-0.3045284535581497,0.10440155631745136,0.023020708896636058,0.014686925338276126,-0.1612595889370682,0.03499542902251133,0.8907506511260207
14122,-0.35058702704958206,0.15809065867987718,-0.06561939035697814,-0.008680304868818229,0.618585360146612,0.02333363899052544,-0.06823270308066948,-0.10884741805061192,-0.2125239256832444,0.00905030763064921,0.0020781697575298756
14123,0.007222867453620778,0.1608161311372876,-0.143420558289368,-0.029590948429472828,0.013022852615821158,-0.037994059900627215,-0.07431651281440284,-0.18530394605846798,0.4824756674501001,-0.03484073371943165,0.06087067680706118
14124,0.06902944548422422,0.01859224154556495,0.5358507023930553,0.12081820251850901,0.19221797298468254,0.15300931199132664,-0.022726383166839653,-0.09423502978735855,0.06694075795660542,-0.055010115033356094,-0.017929053757428745
14125,-0.04232244694928985,-0.05433475262356089,-0.0907617463683222,0.049619332182799174,0.02975080999520787,-0.6125655303859694,0.06434257404385425,-0.17068878956081118,-0.04062313504997467,-0.02128671221502695,-0.10242178776598229
14126,0.12545064259782057,0.09081541304947839,0.4437727764355647,-0.19709862471748732,0.04860568179084374,-0.1720194558170001,0.18753586686984464,-0.15722632702171221,-0.044223741357015095,0.024395100095090473,0.010761653765601512
14127,0.10285047714056235,0.7231978380514373,-0.005639215656727143,-0.021073993455850263,0.011308813014884914,0.07202419979147642,0.004225450849192645,-0.014943614712384857,0.07499096239426578,0.027403971290919468,0.04270006273953727
14128,-1.7330003780037586,0.012709683517154197,0.019647043054618903,-0.12884369443968385,0.018766419733193863,2.006714493597402,-0.0019662276017034857,0.058324556203152474,0.22053864202233733,-0.20382414979711175,-0.08705582358861522
14129,1.3029285366203005,-0.12594080680373654,-0.05293149545065775,-0.07647985511885545,0.02416706929790609,0.055424803640584795,-0.9610851609828849,0.039497609880265655,-0.11245494455487924,-0.036926660926549476,-0.0055129550161733525
14130,0.7746870018939795,-0.13078440987585055,-0.24449147819407088,-0.007444526969827994,0.04161009166374103,-0.05709817457829702,0.06083605454134922,0.020344732828190114,0.12608427385599885,0.027043926915384285,0.10449656719409663
14131,0.6320722217101573,-0.009534269237649443,-0.0751613170311983,0.026841948952590143,0.057292565754996645,0.04139510930305843,-0.031205804074597308,-0.05592031408113594,0.025498350461341544,-0.044621884109243184,-0.043381706415758385
14132,0.08012479813327351,-0.11166821259107479,0.02363331496651746,0.10039490467686697,-0.18327154851675687,-0.038509683312341544,1.4452191313246874,0.14445860797499838,0.04408942209615217,-0.8262003942638434,-0.043468140428287755
14133,-0.10844677969093278,-0.5904873956131101,-0.05065651699965155,0.15343099764059112,-0.12191764353994237,-0.1421069446438779,-0.1156974364521001,-0.08630899726443701,-0.13064129035208222,0.9141246886755653,0.035272245111218806
14134,0.011803335167482784,0.9458818800750732,0.10824624949846742,-0.030143830026197672,0.07076246828246457,-0.06976223513175711,-0.026046868436509885,-0.6894485400611069,-0.01758289561212337,0.22253627932810147,0.12585643539491603
14135,-0.09003530535206705,-0.13769581358120755,-0.14564604527415265,-0.6004943238249392,-0.09658440076789157,0.23674770806969872,-0.06311668865507736,0.8277073723965948,0.02416621451282786,-0.004174898492248252,0.028221728061905905
14136,0.00891266581030183,-0.11502338050541194,0.043314214992148665,0.7501726117040284,0.0032351634896631344,-0.023222324433246004,0.014327814677725625,0.08147484094894525,-0.1520378972499639,0.12695006926454847,-0.3962740352014987
14137,-0.0942395892547042,0.1776439174213044,-0.012779742310612949,-0.013980712927156781,-0.7958453314872936,-0.045978509084632385,-0.08760589457448276,0.09104618212505004,-0.10407403365938102,0.05433059303385271,0.9009112696218163
14138,-0.24359239936238755,0.037382001916499805,-0.05112298163536244,-0.040023764824438986,0.5922109634328152,0.014327719017413077,0.03661213776149047,0.08958846254848983,-0.13295858905393165,-0.059762224297285525,0.03239519642240394
14139,-0.20041410001066906,0.05284089032373341,-0.06853682910502452,0.03613757978925539,0.02439408939703643,-0.056898886158181707,-0.035173259703933424,0.02145459135020747,0.4707073741978017,-0.04983201472308919,0.15450440511321722
14140,0.330968414289281,0.04122641152886892,0.625031000305196,0.11365920912287919,0.1521060020802089,0.11585130141546357,0.13034625890207352,-0.07565734344331058,0.06160400132571635,-0.09157266282327182,0.2134512808805796
14141,0.010736213328643558,0.02502616539060226,0.05673898589323828,-0.058005727608729366,-0.07357156230452379,-0.6706671865855365,-0.002209162309035565,0.01975155393188346,-0.0018580126227935936,-0.0880156769611825,-0.07250871229631667
14142,-0.10206393317231448,-0.17648837355353306,0.433459314043995,-0.07943708006200109,-0.18285953680718162,0.10470645184168649,0.11996446627465691,0.009630940589815154,-0.0330113433934112,-0.264310499572152,0.03474629710146194
14143,0.11489704230879207,0.6790591008925202,-0.10037878403304402,0.0046220606754050365,0.007741023002207063,-0.006801668707582843,0.07408249129773176,0.0324552268877918,0.022328524649310604,0.06791602126909417,-0.08303551664298563
14144,-1.6086823453045005,0.033180393674554866,0.033282177199831495,0.05459220117784784,-0.011226357442648997,1.8845490264822642,0.14216123083239546,-0.010586526508717607,-0.11296855962163017,0.03817680937309702,-0.1796897427111716
14145,1.445498153053726,-0.0269603656687285,0.07733559771095268,-0.026548780241144685,0.07390652026934903,0.011785153171687497,-0.8802915021719049,0.011493284597512317,-0.032721223413433115,-0.034174804930235836,-0.0057956126568372195
14146,0.7910586468537106,-0.191701315467566,0.14604849790673094,-0.1838253250992768,-0.08088187967850764,0.17000127929030812,0.08080437363448995,-0.04653626001208374,-0.11804446301487147,-0.11187038943040362,0.04364207439666778
14147,0.6014408729282344,0.02945135510839971,0.014933141500444336,0.029788892105835636,-0.06847562960428566,0.017426691443928204,-0.024762606850167974,-0.031077742785167672,-0.05415960887599447,-0.03643425073109195,0.025880554859186475
14148,-0.12377404860398285,-0.05772863572376562,0.04557586746232921,-0.005396015121762649,-0.03315676294194444,-0.013310026452714506,1.3561850924816974,-0.056276914513708316,-0.19556110131766904,-0.9731707566805369,-0.06808228733035797
14149,0.12954261333698217,-0.6161367410256061,0.041157683502875825,0.023793552619057294,-0.021127488262579503,-0.008902304808084849,-0.17521182280028666,-0.08141383859881446,0.07657594742495873,0.9531002405535135,0.0618353422212691
14150,-0.12588433388649026,0.9374686678331714,-0.1800142651031107,0.005705911358034379,-0.041717162195549204,-0.13079349943687008,-0.0566510503540687,-0.686825605561747,-0.03489180479493586,0.10904871111268537,0.042264753312671585
14151,-0.021346012926447784,-0.05470756130447194,-0.04934779276197663,-0.5959989439779737,-0.057920830844550575,-0.15971929094627335,-0.04156681275865472,0.8955135862846734,-0.026741427151251357,-0.1447305601336835,-0.04791981913810053
14152,0.10621248782979861,-0.006403754723380618,0.0495466784183799,0.6874420645656703,0.01992083343423549,0.10132596161345109,0.17318018210233085,-0.011023831132064474,-0.001976647503837816,-0.027450955916215717,-0.4738572934861339
14153,-0.003454279353636376,0.30314164236115365,0.03802142978007222,-0.02000193387470483,-0.44129484113244666,0.10134772771284489,-0.05611991894629867,-0.04602207761411871,-0.009103881302781787,-0.015238059122532982,0.8205068799627743
14154,0.12156750270046383,0.03877099350973936,-0.025237915924682656,-0.00156889341969436,0.6152057162328731,0.14495657012386606,0.08544449710360057,-0.055908876532786804,-0.5798879621913658,-0.07563117834887503,-0.00560178525623342
14155,-0.055354200669722284,-0.151231182829873,-0.2169582685261669,-0.1614214160985345,-0.016607439423008127,0.23757233310710663,0.05343369852473339,0.10991807619725724,0.5420205789713269,-0.10738557254757883,-0.03222215528179959
14156,-0.1798342803280038,0.04886811150511907,0.5851140446986959,-0.16926924853498956,-0.06296898194524755,-0.11988477558795403,0.02654420554073342,0.07155127222148869,-0.06373767353618412,0.053373760294996984,0.18490811506974256
14157,0.026478511912679956,-0.0858445948425689,-0.12582607067097068,0.010977244500668438,-0.12456525818670965,-0.6440444275920736,0.01180560039648359,-0.044677652072772744,-0.05891613661970351,-0.02949245723729084,-0.028290702847042735
14158,0.056312455216625215,-0.029756777185757824,0.44396771736382534,-0.08607535522839124,-0.10287037685265776,0.037326941663749585,0.040384799240250686,-0.0647136175578253,0.001153786358092231,-0.058674142804735686,-0.12980060490361917
14159,0.021273832617944244,0.7315224577503955,-0.006446230087501575,0.08020480097874237,-0.12805669421856833,-0.044076429774167425,0.06532628601791737,-0.03885891901784366,0.08660585660308093,0.09704815993337164,0.01940179893101205
14160,-1.9045222404244841,0.08659527695545907,-0.07812916395762606,0.061365723604317655,-0.06072154646661345,1.7662749964214914,0.09236362731483032,-0.19046646046666643,-0.040293421976789374,0.07749601233965417,0.06309549499329761
14161,1.6801002519812773,0.031184152559748726,0.0017308325535124191,-0.05373988483625414,0.08124249582659472,0.011952592935733052,-0.91990579593698,0.03506059756504981,-0.07029973165554289,-0.007586371654070513,-0.05653022633288969
14162,0.9427698189222349,0.05191020500490372,0.03805761700484489,-0.04393754198098178,0.01006212201302296,0.12544331005656018,0.01403490796594338,0.02708403644875329,0.10442096884625539,0.007834461653270113,-0.06600937044914262
14163,0.6119015891563339,0.0003326777449617867,-0.011067382355794436,0.0030009713530520727,-0.04999985772917076,0.15382253186591519,0.0005003244587852599,0.0077141877240612024,0.04585073648452597,0.012675871162312424,-0.005829355154284664
14164,-0.13259880610161326,0.0424043138280152,0.04421625112836866,0.000982005010006357,-0.09966273504645208,0.10365052472805555,1.3616701695578846,-0.17468534686974563,0.032212746290415914,-0.8544600695695669,-0.054125907750765936
14165,0.1479311852630526,-0.9111031676194696,-0.03700946065270061,-0.0439465503706543,-0.028659136467567646,0.028095062270217745,-0.003788509693890859,-0.08596999513729113,0.06859063754444646,0.9656936322787931,-0.018470273453926704
14166,0.06036308433329344,0.8707523206018016,-0.011041530190817665,-0.035963254994299934,-0.014262276324718388,-0.241032713940349,-0.2832656789016494,-0.5337343113372066,0.10755087849335519,-0.12835369940384056,-0.11229094695162749
14167,-0.14825361482819654,0.0960045755386656,0.008565541426851841,-0.548867296257055,-0.06257324650248974,-0.0037678215851514787,-0.0439110159717774,0.8390946559639388,-0.010711457706326142,-0.1454728187074952,-0.0053958793484777815
14168,0.01696362466986524,0.07076289312854858,0.07171503254808384,0.8655026732848663,-0.011095800098333775,0.06238156195459458,-0.07200194278019786,-0.03733592121990428,-0.09503287370354874,-0.030430577607990124,-0.3115881467407434
14169,0.15675126855047078,0.1102142227866365,-0.14559209753225305,0.01644718178679105,-0.5383860637675875,0.12463089189804398,0.0172508157101586,0.03683867695457588,-0.07735898181557822,0.12587516678579208,0.8792172519540367
14170,0.18302903780902433,0.09461693048930209,0.11818945153350731,-0.013217925592208243,0.5960901800398405,0.01853298690845659,0.09816930455170615,0.1758865537165096,-0.32196074489858306,0.15551023175454848,0.011095623770335494
14171,0.20817738523272997,0.005286443752702143,-0.046132477749196946,0.0347376984717469,0.1108354912574283,0.09735767919553871,0.11358441068241676,-0.06703799692601371,0.5023928014960736,-0.2921845984289515,0.05530883262108244
14172,0.0595848224067368,-0.0136810246245843,0.5957559433686734,0.26567694230106115,-0.10098875273616292,-0.2748190141698222,-0.06747005622768215,-0.10738875081527124,-0.06292907575596315,0.16607354417705728,0.01490964164443183
14173,-0.013812377958248105,0.06515012754087497,-0.11387325992746847,-0.10518267053537932,0.03690694714713154,-0.674602129299545,0.004532167028289659,0.09885602645187538,-0.00442656893406647,0.030272364760429705,0.02192221182781763
14174,-0.24890408874762715,-0.10387184276496812,0.4260798018042458,0.0965726874907553,-0.08211734782809299,0.01209176343287948,-0.029854959948011458,0.0412003755749863,0.016794351123349285,-0.022338459454730376,-0.057225515413931616
14175,-0.08048182684486524,0.6367574335298826,-0.04434626496863271,0.005210496213404097,-0.01092815163977937,0.07881960600777241,-0.05276071024435533,0.03374047578880937,-0.07919825743601516,-0.04684484777326938,0.04360275399725247
14176,-1.6776144758474032,-0.08315239777323102,0.12511861292286433,-0.05903016704053671,-0.06217842286821262,1.7940603002934057,-0.017705270627363108,0.029448935538125866,0.11962629257904268,0.018816542591820695,0.06934397751303598
14177,1.355715756037858,-0.01529578937882851,0.18516779045693302,0.06145977523728286,0.03713274837982381,-0.13689952209893796,-1.0068078193511285,-0.0962772136202555,0.05775362238552629,-0.06437193445196324,0.05190725697391964
14178,0.9395844895933558,-0.06774028958684551,-0.010931746901545754,-0.07206626685101697,-0.008468501268835504,-0.2254588091878626,-0.022452284292249065,0.023275164574903494,-0.0995228531562555,0.12249498421571049,-0.02612608744964417
14179,0.6620060469385125,0.029594798932274742,-0.011465606974100657,-0.038063589211277594,-0.01216963500432207,0.07870591431856837,0.00022081245313994617,0.026832891322322742,-0.03636499650184787,0.023354282521140482,-0.013518556351591635
14180,0.03179182909575813,0.13151159487383354,0.052175497121865484,-0.0006115079346116145,-0.09115213647572061,-0.03910806699173909,1.14894608522721,-0.00983196131656248,-0.0064881976458621505,-0.8671209120617995,-0.06859381031862005
14181,0.07185324787049677,-0.5937390858913472,-0.09161135906128448,0.003992731591066407,-0.08320518954839907,-0.03509407470502945,-0.005519520918612296,0.0076936619880316305,-0.15319845063773432,0.965474972276706,0.05580685523053072
14182,-0.008581119052716513,0.9859509497049093,-0.11562979833288331,-0.03196827483875475,0.03420632187119469,0.04685688125608098,0.04488452229445143,-0.7501836585361636,-0.003268796092417835,0.06478330792977852,0.055720840596835006
14183,-0.08431782209526087,0.05848917891784333,-0.005772692258793478,-0.6295085513746317,-0.0959241061945821,0.09925817364313821,0.10040727964805074,0.803091202056961,-0.09159585884697627,-0.03121223702017458,-0.08817732868773431
14184,0.10387784060927847,0.014500759259527311,0.023884420167538428,0.7774817407164786,-0.062411127217828884,0.036708266100014805,0.0515814268094687,0.0034167611385487674,0.05655315431662494,-0.11893400412846428,-0.5311763654215909
14185,0.1014377195606286,0.15693675528785608,-0.0543844928301309,0.09943892052688647,-0.477980579680845,0.22077701427585883,-0.2841451089722992,-0.026923504383177487,-0.05274387396227162,0.14991254829780704,0.9204896285220975
14186,0.07679712490095181,0.011715368550213058,0.04390821008572328,0.07832764028850503,0.6241160071651088,0.23855819977132445,0.011473668884470309,-0.012811521830131109,-0.09128510350766889,-0.1349552778021858,0.03053570905651814
14187,-0.2323450832031511,-0.0017909103603420788,-0.12421577655432309,0.12796268876583117,0.040683636093901014,-0.17356799004726783,0.07826730826141078,0.1093153102115214,0.4515787301564059,-0.019271986837292792,-0.0672288704531116
14188,0.036593525339305565,-0.11738472647625535,0.5889708454656298,-0.10763525383414492,0.1451623685767702,0.017501549532713632,0.10077101073999596,0.1118693260699447,0.08606632398523864,-0.07378254035682562,-0.0370017248175707
14189,0.06677893778361717,-0.03372766647946984,-0.07739036044467726,0.045696360075821695,0.04831257605346424,-0.6908450554716904,-0.03766949321277999,-0.0667861348036679,-0.07702264406777815,0.05651465150596943,0.007309518693148954
14190,0.04577349915747869,-0.104439285364245,0.415629346177702,-0.057354389279485,0.029521856276883005,0.007924437484700614,-0.12849673465039724,-0.018207094466681693,0.054345499932658,-0.06592017957377413,-0.04866176506504265
14191,0.18123977471321753,0.7616646211273235,-0.02397578697124457,0.000913808163788598,0.016085657996214253,-0.0320861285296747,-0.01767381134407297,0.009091370333634176,-0.014266808611344335,0.09583582684874742,-0.007516532839971668
14192,-1.7880849692278284,-0.011830703511767576,-0.011334928808079903,0.13493737535300473,0.0545122583773019,1.8014473672533737,-0.07909795091756264,0.05932585841502951,-0.06264143427836819,0.18093617502393797,-0.03238993357012744
14193,1.4339368875713145,-0.00398737173498247,0.08929812407655392,0.10465360537476998,0.12898718984472182,-0.11866345911127038,-1.0363620020362239,-0.03042340834282259,-0.05073685445814846,0.003265735028144371,-0.0878661780378039
14194,0.7317412724084913,-0.0029592067598377706,-0.07517188153357682,-0.1631074907605068,0.002738707899689172,-0.0008159939655150369,0.10230463599806709,0.05690632375628344,-0.17718204741344437,0.07291513661108616,0.2255499275735019
14195,0.6015696948125975,-0.0009178087974647305,0.042576677100454624,-0.003980867928409274,0.018181624357954007,0.057940177759524175,-0.02168126097077148,0.0319742245546983,-0.003096638799229014,-0.039432227946346154,-0.06091805062330142
14196,-0.013585288967875859,0.11001347434290074,-0.07727485169838477,-0.020732899024712346,-0.049106707647322057,0.01830150183410203,1.3982900028592233,-0.11995703447562849,0.002983029177099739,-0.8981758100786416,-0.02879290165018834
14197,0.13454692482703842,-0.7161872905970084,-0.03663628182514836,0.0009885086766019766,-0.12563486399459403,0.0028954241121584654,0.15814265711903763,0.06992693815972516,-0.14900142655664234,1.0575057752338413,0.0027981981606917594
14198,-0.038200517147769605,0.8897361679152392,0.056364731266202596,-0.06547701749356309,-0.045848446509927816,-0.11868477329757424,-0.04333489736549672,-0.7236552842571449,0.06192679770636694,0.04586630184524356,0.023799217808308935
14199,-0.18788473069194556,-0.09410774771175985,0.0798652876034296,-0.5669289637691486,-0.008417083882778665,0.18505873358061917,-0.022924166476559947,0.8419408439060371,-0.05180143003732586,-0.20278990416859458,-0.04647212153888266
14200,0.08573024588068626,0.007944464669519726,-0.0387504512573359,0.7398891030611618,0.02099207661957948,-0.04242094716927664,0.03161009688023744,-0.13704244233472615,-0.04893546920386116,0.20279571118273848,-0.5425996363763015
14201,-0.15462254594796138,-0.05356013076639086,0.10837388939030326,0.06859295781504138,-0.48322292237278375,0.008597397686773018,0.17251764710074546,0.04178052816350151,-0.06949154400790684,0.19212681848039806,0.8370826794324562
14202,-0.03552634247432967,-0.02160457104811096,-0.06306721335552432,0.0881502170353301,0.5832461742842053,-0.05418416533515994,-0.03138475401622268,-0.02672752050646559,-0.11461028841014495,0.093973711322041,-0.016257307764765937
14203,-0.1036603912238237,-0.06246230170096161,-0.05203489367506958,-0.042320853376081935,0.01795138345180777,-0.03925244559711537,-0.009783923601114528,-0.07254272654529895,0.4801982461634035,-0.022089348354551838,-0.03193012231892191
14204,-0.23641548911836097,-0.05668219482964674,0.6161649221505553,-0.14595840084585324,0.08138628454776779,0.08678328520446166,0.15939457364329693,0.0007732710834603054,0.16509307918891394,0.11352472287133934,-0.039613733430975115
14205,0.03958246645399955,0.052511690158180524,0.06302887007586373,0.00021839957542877948,-0.049529898597094474,-0.6600675770095971,-0.04126325008063006,0.02092140209876397,0.04940300469165464,-0.06938470194879771,0.02235566286810213
14206,0.03832206851475645,0.05155592696948653,0.4451526704085416,-0.19405152316064903,0.11219992670229575,0.06688942485782967,0.10990882985750537,-0.12209922227330071,0.08735769684392038,0.02335448150994772,0.01627662889279548
14207,0.02582022165163496,0.6678883838940315,0.02508062036523137,-0.011491086507763227,-0.05408501032926058,0.2296295940521797,0.11830416502272317,0.057176031027543386,-0.018002841276559017,0.08668069525045928,-0.05001177669855896
14208,-1.9570063045269757,0.022088167643440203,-0.06815717130319926,0.03932517526896394,0.11451405339059638,1.908033909779221,0.023935912535901827,0.0676493765029684,0.03676463712406418,-0.00322176632783384,-0.09200511465901107
14209,1.5472893007571145,0.0714121462215321,-0.013153710644194228,-0.07439431545988037,-0.028222012454910052,-0.0898976621962985,-0.9058190675855018,0.028503765781762804,-0.1607410195341189,0.12107980933718474,-0.019679161477215715
14210,0.8900997824472986,0.07314665467696853,-0.03529568419048102,-0.009945375029524224,0.09753004458115688,0.09047589945105225,0.01739122159314003,0.02019990350389388,0.1183723784327382,-0.05768562140389856,-0.10238951864760638
14211,0.6303150358985214,0.001127570721917208,-0.05446796224328314,-0.01828899236626481,-0.0600268629363196,0.03959179334223117,0.014483523323814338,-0.027280514849712223,-0.023150870251903658,-0.014832030496019949,-0.005368405978275164
14212,-0.02797935898263237,0.022870920754003037,-0.05841437356170603,0.007821181842397613,-0.0602920885817188,-0.08084963548524193,1.3924458443028138,-0.029749192173688956,0.05595590033497594,-0.9431182731077808,0.00011366437984240783
14213,0.23140237928723262,-0.7236216432944752,-0.10627962368376251,-0.017725017748828925,0.038999717613175895,-0.06824042041221483,-0.06436954028831139,0.07637996148174732,-0.1150701490185344,0.8934655775883475,0.040765645106978665
14214,-0.2536427440601238,0.9201515901799702,0.056687559935527564,-0.011005011555045257,-0.059256509464632255,-0.13110651203878168,-0.09133515312976043,-0.45058364442757975,-0.10255533351528714,0.010399683554850768,0.00809477166862348
14215,0.16601017843612245,-0.11552250598034049,-0.06157743820788032,-0.5023086569999132,-0.06306302731371292,-0.07405473479816416,-0.013008581586047441,0.8814697725415749,-0.07296533669089612,-0.056656659659822146,0.003966457508320793
14216,-0.08153678714311122,-0.01741224548814755,-0.04301330676637957,0.7606559235683578,0.04017745591674732,0.14572340645192416,0.0809970625910485,0.0278366864793415,0.04356541563480941,0.05953279102206012,-0.4636378803182313
14217,0.002390761873796909,-0.00026664116443948305,0.12284486100375888,-0.03957524575774349,-0.6196419488347454,-0.17784669492481334,-0.048490897879326866,0.047489062546561496,-0.005917053120331681,0.11487082429634907,0.9560832031879856
14218,0.11578854859338546,0.07352312751288087,0.07181225717612731,0.026385723715129462,0.6062888709121019,-0.11396180046461211,-0.025082156017122888,-0.0276658971238361,-0.6255418259689008,-0.08357517202931572,0.026233034073655494
14219,0.10405913407628438,0.029378200945101424,-0.08186186731188767,0.047733932664934184,-0.0488436011602947,-0.10913966824241385,0.06607645578826739,0.19841231898534628,0.5002747010272598,0.12716188971771836,-0.0958635998860106
14220,-0.3228475330058372,0.09213442342702322,0.6113105214388233,0.04071901360588055,0.10987029237679535,0.09475910851587409,-0.037113045435946186,-0.0012934887721592365,0.04344411394830027,0.07276819476318411,0.11187744120562394
14221,0.019652084269994027,0.0032213229736638505,-0.06472952245880836,0.052681337563027904,0.07430765844261482,-0.6974062469869687,-0.04866145402136132,0.07590903188126259,0.0807422426560051,0.011626820443573372,0.0988081171606644
14222,0.16702404601686077,-0.030544640201910618,0.44270066476673314,-0.031191508330723428,0.0003870650801306875,0.12549778945881848,0.12351203498834609,-0.04470911921674804,-0.04245728706707754,-0.09227293277487814,0.11354680586787938
14223,-0.14359869103605583,0.7443756255271443,0.008125243125473802,0.040901117319263575,0.03607792711033771,0.057912814978095556,0.031424321201720506,0.02677303083501023,0.008212856748665046,0.13400577017787427,-0.022437323287998807
14224,-1.9273752100719868,0.1696882203572742,-0.02897235319713955,-0.10615374700613496,0.10356781874074149,1.82186617783085,-0.13605445221190476,-0.10503432411409182,-0.03889518668363211,0.05158219117121739,-0.03641432146991152
14225,1.2380625383692925,0.021760868144361407,0.12450944005263676,-0.01910523469280157,-0.02831196109926432,-0.07541156440300843,-0.8557350555454742,-0.0061466957265817095,0.04093062071773358,0.05688057126005878,0.0006556729565842107
14226,0.8755070502173324,-0.008304037887505252,0.06751255201998417,0.033975483782854476,0.0047700081668828,0.12771262244619133,-0.000181544756146252,0.07261431887212466,0.06432889900023812,0.04666292884931697,-0.12976516699107038
14227,0.5819703905867081,-0.010522179459493393,-0.17682047952804641,-0.031449726513206544,-0.010433520978224716,0.0231780217439005,-0.020264095852397187,0.03320638965856449,-0.046202182524920955,-0.009330336126742948,0.023947564455027673
14228,0.08229051867078292,-0.06014492720022392,-0.04383759572466256,0.0722025948063331,-0.020732928635400043,0.037246716146242524,1.305969069282399,0.039043451422443476,0.07034554932178366,-0.9442779761635568,-0.0448051158111767
14229,-0.0715096857832515,-0.7042750274209945,-0.06489712317810659,0.005345688988265684,-0.021748642553285735,0.11751233126983064,0.04748397503677612,0.07628447041442606,0.1681255835450475,1.028009759962693,0.13599306300830277
14230,0.048050050515659075,0.8956288052748926,0.1241435760247849,0.04619727924276977,0.09315643770033397,-0.11129819309449092,0.12440066410790873,-0.6114126521355056,-0.10577133547813794,-0.20289944651728958,-0.1601181391982951
14231,0.04771034709852833,-0.04262897612252344,0.022742219908073458,-0.6428596924754524,0.035918389079554074,0.06702002809055196,0.034802132095763674,0.8023557549006586,-0.08020806288676721,0.21677765470244936,-0.05173852909215349
14232,-0.033998705481719536,0.006327985740947487,0.07853096345725863,0.7553500427438594,-0.05830686150202224,0.19412257252801085,-0.00021397718838046462,-0.008352420258638173,0.060059298154057666,-0.030622968244667717,-0.3991632714408248
14233,0.05493482298562678,0.1652147610794677,0.07491153814731868,-0.01418886708590704,-0.6028557239129277,-0.037852277902070276,0.04171644987702995,-0.04683786993703096,0.009030838367403732,-0.19227990055047658,0.8904949377199223
14234,0.1522949751129365,-0.028991003469616354,-0.23327268497950668,0.021504753883268574,0.5659501375716449,-0.11960273355787059,0.15143798098099523,0.049283642103187204,-0.209689772613315,0.07295578560661073,-0.053264301971028515
14235,0.14358465134375176,0.02760609276059603,-0.04828719260096203,0.13499592402743527,-0.018002058267774276,-0.03453345818682397,-0.18422027012776554,-0.030552502980061874,0.46135980051007847,-0.09628592457365312,-0.040595301754112724
14236,0.09951440966341445,-0.03224271580397371,0.5780188716008999,-0.06873538208216552,0.01650895696128739,-0.06737785836142901,-0.15458671270272015,-0.05037738337150591,-0.06788031621717372,0.0757601820774708,-0.08635319521736229
14237,-0.012176206810652783,0.05403101782555889,-0.0035515298098889787,0.03654522246370691,0.04810456444686308,-0.7254469659124755,-0.019454305040239612,0.009901188266546363,-0.16705239374332,-0.01059517928106313,-0.07106360633383732
14238,0.0012825727814070615,-0.20792401672662802,0.42551583030824336,-0.15555467455510388,0.06260577010360432,-0.13526478863530056,0.1246086654405055,-0.11897565018072212,-0.05320528017358127,0.1130598432807479,0.0510737635017708
14239,0.10361568140017534,0.6305467492287199,0.08961822517978812,0.009860078090579176,0.05942962294928143,0.058663571615446115,0.00464757134245436,0.014736863809635955,0.03673376060977975,0.09271915401372999,-0.022098030230481444
14240,-1.9227621828759147,-0.05750006252596012,0.07683411994035022,0.08521012731470097,0.02563607486979698,1.7243188923801778,0.03126495392830927,-0.0629357143853626,0.1335345234355989,0.02912296014415739,-0.11302336024935394
14241,1.6282090170323118,0.06400203710624894,-0.21239835481698205,0.003995551767122268,-0.04725619254690411,0.05314707451049835,-0.9890106436924627,-0.003061839556707407,-0.04811030539598755,-0.0028784411768247612,0.0028502676648055085
14242,0.9087453717823064,-0.016098263264684925,-0.03677588040843653,-0.0953025782589158,-0.03055965481647735,-0.08078102134823356,0.06584389417271809,-0.013663779964976744,-0.0846248727892548,-0.04490330280006003,-0.006201044835535291
14243,0.6308838588106559,-0.052899179214438215,0.03668374067680138,-0.06840842191821399,0.005530293525812527,-0.0709789802529222,-0.059173877782421634,0.03913728097073971,-0.014962840042017103,-0.04294365808234123,0.0067771159999208104
14244,-0.06671504994001234,-0.0042326644197064195,0.12558150905088383,-0.07782506345547545,0.10802863594378267,-0.04847984020315332,1.1483327558094458,0.031297316380795887,0.08894221199393378,-0.8738838745087298,0.11814116765053423
14245,0.25368462361666816,-0.7449460253456366,0.03171308631509088,0.09405543268579092,-0.035997672166696124,0.04273600869930394,0.03616274896593594,0.0009609159689288733,-0.03717674936887337,0.9627026407039115,0.07095244451767123
14246,-0.23106858026117652,0.8479256291952044,0.18122690261812135,0.06178154506390844,-0.09290155609728871,-0.08731646779895759,-0.049672546478032605,-0.5262500767677165,0.15912120087314718,-0.008281121030382699,0.022283310784109316
14247,0.05700440271472061,-0.0964886507311358,-0.15858692367717844,-0.5554750073883616,0.08207572581629659,-0.12289151151744951,0.031829824728757,0.8008326470638707,-0.13188564883099732,-0.06473997963228198,0.033525363320674975
14248,0.09769452323989247,0.10600024945537075,-0.012697672729707383,0.7691518841932137,-0.002679093890402664,-0.03491686670121204,0.06046045210270906,-0.037362719731011934,0.07209625579097015,0.012157034624869724,-0.6764174743726202
14249,-0.07233867885117828,-0.0026582535255141584,-0.14347864835233182,-0.027860964685227942,-0.49735689024546487,-0.1519249346910209,0.009070809528055905,-0.03501947926134551,0.028674706835720345,-0.13003748390340492,0.9932112364375953
14250,-0.0770810814535965,0.0691727349280493,-0.12702704590015773,-0.08358312161098148,0.5965241836604597,-0.06838007043299535,-0.13068169302183735,0.02197398363176349,0.07501149261265996,-0.0034094189055740845,0.017284456928899523
14251,-0.09652847156234297,0.14094221030449366,0.1894545591561092,0.04595195647071959,0.049672637985735485,0.032890123983117206,-0.003031232737804663,-0.13874766596988847,0.49507031048889266,-0.017003615629785224,-0.010500868325623998
14252,0.047495997251194,-0.021623236106999143,0.6038124203752313,0.07487020900079337,0.02752915742872777,0.00586669899571591,0.011271121625480399,0.13545630327112124,0.010086020232890722,0.018426180582472865,-0.10906990417451402
14253,-0.0385969193801661,0.07936504468246021,0.024079971996988463,0.004639748355003332,0.07970343021238128,-0.6403585944087529,-0.02846906704726087,-0.09856864364306267,-0.0780981433820422,-0.03803524528604845,0.0013628298771919019
14254,0.10450831263633054,-0.026771312263513723,0.41460088609447,0.03919847275059784,0.14314230332339029,0.15313341456306184,0.07903796749071289,-0.042720033718802626,0.018684944689557056,0.09929131266110924,0.11479306086324666
14255,0.04111185917273002,0.6347988337929645,0.04311661077670297,-0.056705382578517864,0.03544966842560685,-0.12110115897416594,0.07444084045926158,0.02815186852263666,-0.042483118732934574,0.06433248951561035,-0.004452458501205665
14256,-1.6338992028050088,0.07033732013041749,-0.060287552545944395,0.02400447599948655,0.17389313145499655,1.7759545261902412,-0.03903835250770777,0.05564035289364837,-0.050216953741262074,0.2422475598955765,0.05006768001347846
14257,1.6006333084212228,-0.026826069457329797,-0.038417910324533504,0.1199711107999938,-0.0461182402714936,0.03604115248542207,-0.9844297212244867,0.09794989528050467,-0.20791357383725573,0.010077721451885372,0.026782372602485057
14258,0.9087452628596024,-0.07334606149844752,0.0023716323697411325,0.00294671789602843,0.009370980698480398,-0.011063831736483655,0.007107121680976702,0.197193962766477,-0.06420843790209245,-0.12144583769786581,-0.027878973108963943
14259,0.6575352421430587,0.005025317039566563,0.0024400333654723697,-0.05288973291098213,-0.04036195794108556,0.029561304190715117,0.06904788569092073,0.005753532205979919,-0.034190834234038646,-0.037563768985276705,-0.03631687902180591
14260,-0.022321538984178758,-0.06522289550935598,0.012249027763874876,-0.08166461944513737,0.06515075554638901,0.08369469129033227,1.2449564057570914,-0.02954177856727445,0.01898461816614814,-0.8501963725454368,-0.012030019289561577
14261,0.0757077915667442,-0.6748674231764421,-0.01048125137180728,0.04426260981210689,0.040758257898984684,-0.13907730950095296,0.04106734319687145,0.09489514157800634,-0.05108645702431909,0.9997518411839054,0.10302837055857773
14262,-0.020978494687489586,0.6999450441004422,-0.04667843042286727,-0.09938738627760661,-0.03872061574132654,0.07093861059766264,-0.16769537534055054,-0.6142276276968146,-0.01762376311659599,-0.0783522596810971,0.004133919261028442
14263,-0.07889116875066145,0.0706135326626605,0.02308711912502931,-0.4249084364469281,-0.06844626265354897,0.015642710063529658,-0.04009341804595699,0.8423021723059445,-0.08819606672848566,0.08135256060553869,-0.028401591787581292
14264,0.15520920875222105,-0.152402601040939,-0.034860587219173726,0.7471505784238153,-0.1422558913244348,-0.027125538968111214,-0.0794534716378687,-0.04688793570588403,0.0675749799726549,-0.06443983147907176,-0.565660582673331
14265,0.07465551824660249,-0.26269672698876984,0.012997906382529996,0.08350025918649243,-0.6473251962626319,0.10208528038195125,-0.24429930717472248,-0.07369279360271398,0.03725759845187793,0.029884602891322012,0.8670573523456219
14266,0.16348927270591673,-0.008587323087054477,-0.1425197635817353,-0.058156021531204506,0.5931878777908446,0.0018102031589683127,0.10590419001450893,-0.08941749501347433,-0.2518941697611039,0.08133603478228113,-0.016320614093555043
14267,-0.20786750321412437,0.17478259641418128,-0.15034167498935147,0.08269708300358723,-0.01308734393947325,-0.06971344011138118,-0.031009606706393383,0.015032321747013733,0.49937160217494103,0.04075696156477964,-0.1027855540236833
14268,0.04308198522332055,0.011970100118538104,0.5606546931750815,0.047090514109773066,0.07225972124722214,0.01740909248967816,0.0798078224613399,0.054745190074542066,0.09148775038540904,-0.14351950387938905,-0.11801338616806292
14269,-0.020781062685999573,0.09416991541127873,0.029095395487536126,0.01361418991467597,-0.004534468473408571,-0.6360484606641668,-0.0316693216964639,-0.1739999017052992,-0.05146323035352707,0.011073246009161947,-0.02786206687873983
14270,-0.01599283275357466,-0.04212310869797838,0.38671400469657685,-0.0293720280737359,-0.042260689165475804,-0.06867599795810866,-0.04233430961486116,0.16547967684699988,-0.06691243573295759,0.08634315822150608,0.09282652810459761
14271,-0.07628902944678641,0.5839794112304924,-0.0018569359928243476,0.01867179147890971,0.0592039002188066,0.2658332182393348,0.19384295499182674,0.007447121062704733,0.0065740570903728085,-0.021027919715750618,0.08780145808183835
14272,-1.6258456769625043,-0.07993454558191944,-0.010556974381799596,0.07412150533296599,0.06755953459535724,1.6855183509734666,-0.172245119251394,0.11571303345912859,0.01083209294673336,0.032742460891477074,0.17255557701536575
14273,1.5314851661180662,-0.028690327614520002,0.01564135619865816,-0.06989281833228794,-0.009470297928492083,0.14142775824474157,-0.902378826227117,-0.0182049180653152,-0.021232882168466288,-0.07457344479860262,0.01508184867442932
14274,1.00345660122351,0.2308786710951551,-0.002127851341719141,-0.23068084835523162,-0.044785315922913446,0.017255252509922405,0.08769558601013128,0.07385330967272005,-5.883380300408976e-05,0.05966348592693755,-0.07252223299835496
14275,0.6395213982035122,-0.03811234161881164,-0.04816533096740059,-0.02248025112092687,0.0011713174257442843,-0.008282922230414318,0.009034213839341927,-0.020857779031885904,-0.03759222546719633,-0.012847431876332428,0.04191618664428541
14276,0.13589007749886692,0.06326305903541128,0.014753080266259853,0.0067509795296466476,0.014117884791942733,0.07215187113162769,1.251394901203512,0.08827145153386808,0.07540757862287266,-0.8375375788832357,-0.10686530354396764
14277,-0.16052877544691488,-0.9352587760328627,0.01667573592210181,0.029590324884257266,0.06884960665134861,-0.09597926458034164,-0.07508930536866282,0.012054333565688196,-0.10464134152011519,1.0265255885220685,0.08884912691092862
14278,-0.017694688867934696,0.9159596705091707,0.15654721103375352,-0.005565285081658404,0.04224408498390661,0.0005203314177931154,0.09888133886982799,-0.4987936183554135,-0.0043460875753269824,0.0790878027016677,0.035063291403302166
14279,0.10018577919664858,-0.039472278367854836,-0.05369005017211699,-0.46311897472532493,0.04871151940527252,-0.13777970334265754,0.11323302388357355,0.7971342844740934,0.020417043035678244,-0.16121044760394565,0.07568422365978103
14280,0.016796913223857166,-0.06854119868035324,0.10267272920943062,0.741632283545474,-0.13247225377542937,-0.04730893628593073,0.02881423624988903,0.06626477058174715,0.15186142889676932,0.10006389882778405,-0.43023115586433375
14281,-0.04885884453637222,-0.07089361841132152,0.03231146662516809,0.05715597618487787,-0.6625764021475423,-0.06067177925373684,0.218997545644934,-0.09386907195282373,-0.03552388021733578,-0.07859110912813101,0.8854225330450143
14282,-0.08055678184177714,-0.18965949765786685,0.08124267909902404,-0.04372230633777203,0.5899059169386524,0.06136191101727493,0.20662305288926508,-0.06138387523236351,-0.3118993230634576,0.08555807422514958,0.053759783789972496
14283,0.1565122392387869,-0.10623926055410796,-0.1271893763237051,0.03389883251788855,0.010654932691008865,-0.14468584425153538,0.025546706949282745,0.07897864730782106,0.47781024589653986,0.06763487734018449,-0.003683227713026022
14284,-0.14987850663822513,-0.1362419955161409,0.57281444138526,-0.07238670264936134,0.09707125934143389,0.11299968781177396,0.05606935670323063,0.030980812247407882,0.011537626308340019,-0.04771239407486225,0.0843473387619686
14285,-0.08643556217593774,0.1139967191878664,-0.00717257407647005,0.009202035048602137,-0.12945315138313318,-0.6340157858684604,-0.043621495255531426,-0.00998453872444689,0.06716000914344257,0.019822148645880385,-0.019862831302343772
14286,0.011106769066480721,0.05652909112146734,0.40703790975503296,0.09659944072464492,0.10437390131085054,0.12849887148757333,0.25329069443478636,-0.0397239840443615,0.06806981919290078,0.008849703214124417,0.01643187653356931
14287,0.4022771556361926,0.7104596661699547,-0.01945754254224137,-0.07048632023515916,0.00785392547427947,0.06377013012397045,0.051359979768599226,-0.03577613460804602,0.04797338484476371,0.013131094694987439,0.0037337161327349465
14288,-2.100599064700478,-0.02622760549993554,0.01864233058716428,0.05443916417487855,0.018419313611789775,1.75770225653449,-0.059595941577729995,-0.1797291947801202,0.06612068757207294,-0.03695798173561846,-0.004893591910486581
14289,1.7971294895638112,0.06058547427698563,0.03930011155984865,-0.06844189332285688,-0.01749821383130258,0.02761382795266068,-0.9007877577931913,-0.013238685949933365,-0.08907233164014702,-0.04667821676382487,-0.04633129387100592
14290,0.8171641815789144,0.011132409257932416,0.014669962110714332,-0.1555608033675624,-0.12638102845010732,-0.03294063393895687,-0.0317866948323032,0.021786891899758864,-0.04684263657425301,-0.05485763792872478,0.052445705164785306
14291,0.6540308056158557,-0.02048750185192315,-0.03420622003085061,-0.02130305469140028,-0.06953192449241401,-0.024188971896781777,-0.05098105284739295,0.028137933176952228,0.028622783743192853,0.041793481288337535,0.04886377977100004
14292,-0.0380330249254863,-0.020413930386436976,-0.04040011915965537,0.03898105102820318,0.016307243107074064,0.03375802094156233,1.2439108406444148,0.07874790619078416,0.012391233134246093,-0.8805947789119163,-0.035239126793528266
14293,0.025040860773978282,-0.7841092748876896,0.07153234242509049,-0.02812686457861647,0.07396342964738264,-0.11077495317910012,0.11626953787857922,0.16594053296346267,0.034446129572569414,1.006642484897851,0.10396459219432887
14294,0.049375322022777876,0.8758848370562065,-0.018126628331402734,-0.020809324904393342,-0.05793612998665692,0.014091753877096316,0.11200835277652832,-0.610716590668233,-0.16357744329548507,0.00428365342330687,0.028899145074219614
14295,0.1275265688004596,0.03958342580200478,-0.11191393528150562,-0.4754376719872574,-0.06672401652830273,0.09161157278601259,-0.026249336028454806,0.8717312920010841,-0.0028545231028913095,0.1254944776226751,-0.1272629770861523
14296,-0.07992894113165037,-0.22466353585250837,-0.012038895045711793,0.7907550868620877,-0.02794185578177601,0.10495766255153423,-0.0957516391700309,0.0737336653401017,0.034247970714770815,-0.04480088528097768,-0.5977393757319062
14297,-0.04085750282607112,-0.2021242071921144,-0.05043781829511861,0.04426428424498721,-0.5796894238724467,-0.04153574982207735,-0.025122585516637475,-0.09776898643907424,-0.12747142894754163,-0.035513446688401715,0.8643973077912566
14298,0.19571157119476423,0.05645494483375292,-0.05819795903806817,-0.030682386945468196,0.606655259377372,-0.017012261093435257,0.16876656161151057,0.10134891369199057,-0.2851145093475774,0.23701490386421176,-0.005253668876486877
14299,0.1082024213252572,0.0093465166781386,-0.26224848867636025,0.04103172913707348,0.036391024134631536,0.10257387692908583,0.07082761521336965,0.02029851756411097,0.5098233120680147,-0.1477169314065135,-0.054992947947128876
14300,0.030861408819100183,-0.0006163104056568901,0.593690690880212,0.16918481465292062,-0.061977976244184885,-0.248245979840668,-0.11450686827453142,0.1025752861262769,-0.0329018982703104,0.04555462730414773,0.1163054639491039
14301,0.08811404543599782,-0.10769325932630135,0.011742533594109202,-0.018685625579805663,-0.0780975629717831,-0.7125465312696483,-0.023732602979245943,-0.029174723576601325,-0.07852593471761049,0.018110851111218094,0.06129912993121711
14302,0.10030795768516507,-0.03682474754386553,0.4017543812375197,0.09866290126567914,-0.1200506622608862,-0.10970419575055593,-0.09588933116106134,0.06425661602540726,0.07231814275491717,0.0047344641693335895,0.004383213983616099
14303,0.04023122169220592,0.5938872056119094,-0.009044335681467747,-0.07547683279232521,0.04107502673946363,0.19079032700803794,0.12587947456927429,0.04972908790497982,-0.04538253009621926,-0.03547147792446706,0.02104243337747129
14304,-1.908473950676623,0.017517514116772645,-0.18705024096317915,0.006460501068482503,0.14817975072848338,1.6684523708792092,0.020276468767642938,0.034120708970477635,-0.1340620861534435,0.05842711183550479,-0.10183937920197272
14305,1.5422518459013466,0.0039077364708189006,-0.13167103117635712,0.023851851235523077,0.06071494595386326,-0.1636618918133826,-1.0724178953168704,-0.0975480456844344,-0.01963941171436249,-0.059061658362902815,0.01658833367153192
14306,1.08384141910455,0.0002268501442851019,-0.13528923176860638,0.004107574626320741,0.02855318013954177,0.0034666334370626953,0.15172434799730658,-0.016248658893934072,-0.06966544597533157,-0.1413433493776332,-0.10418492586629599
14307,0.6402331776768699,-0.021190017118141412,-0.060382243446939814,0.030979060761866926,-0.0051290498895817625,0.012288171110887008,-0.04942385166304052,-0.012050903907465025,-0.020514976068303565,-0.001744573441043769,-0.06137846495031359
14308,-0.11473417614581996,-0.07653606514489819,0.16935506803614153,-0.1783813973167176,-0.043938203648101075,-0.08115286527035989,1.113319159317765,-0.05114940611753431,-0.000839041820769167,-1.0201872923296005,0.02106882499019015
14309,-0.11735116220425477,-0.6717555849068128,-0.20748895416909247,0.07959301229239853,0.1430940763402236,0.09074414305631541,0.05700483677705463,0.09095994511111036,-0.14414279079479056,1.0402136161254816,0.02677589032496433
14310,-0.013436971381453609,0.9914978261436671,-0.004811062028609725,0.09159107441012561,-0.033836947600717794,-0.003792970670947058,0.0724780718804479,-0.6921843779934196,0.006547474767626942,0.07379172517090363,0.03556278175106727
14311,0.0690812606025669,0.0036336833745694405,-0.1283477174041653,-0.38907489461044464,0.05229252024516213,0.12529414176068157,0.011238925456551859,0.8736430460363928,0.003869941698211081,-0.18294366312513197,-0.07701771711158889
14312,-0.14617634237968594,0.09755687405759479,0.11147657843031364,0.7415213918666769,0.010104500658273138,0.09029022600167247,0.12518834636935935,0.04410132729634641,-0.09265054497033684,0.027010675624549545,-0.48819866592613226
14313,0.0538259972256834,-0.03574842451386183,0.08937394821225836,0.054177269905273474,-0.42869113351003707,0.02793249420924921,0.032978111119493475,0.0827891111640188,0.0036638767433428187,0.08432310145280707,0.8722404500409552
14314,-0.017232244159754558,-0.0634893858505057,-0.06192786882416847,-0.06703274052917864,0.5858154031847583,0.07405697155358487,-0.012412570316438692,-0.09115926323035928,-0.6664621965188714,0.02201397857685206,-0.03542257217378184
14315,-0.013152210154554856,-0.0008127458026809609,-0.10569261910473247,-0.12084470316088859,0.023447619597722416,-0.1268752364453917,-0.11338972711721983,-0.04449031193170694,0.46463199161779273,-0.014913856818883818,-0.08561324869763888
14316,0.005099028901833752,-0.1385854087574129,0.6356766447294849,0.05851446776818302,-0.014944585680805176,0.21464662722363795,-0.035913193117928253,0.011726830783840562,-0.036974338681719066,-0.034956152827074136,-0.032446486654336026
14317,0.058166014538492385,0.039410535620564964,-0.005042439083802015,0.04969678470117911,0.027370535906596168,-0.6686200647747524,0.01235633769054671,-0.07818592559985697,0.010411644124032504,-0.02255622858426663,-0.09305882116121543
14318,-0.09618400746651126,0.0663039474970182,0.4217800972860062,-0.045413787367522954,-0.17716658294859258,-0.05737141034519445,0.06356831735871579,-0.14364718055111997,0.015174610461550083,-0.12094889102575244,-0.17929131695531567
14319,0.03447333290647605,0.6549862132197168,-0.07087196645128532,0.0382288835644711,-0.00017901099849655482,-0.029322520395662355,-0.024061214221289998,0.015040131351464776,0.06189145239300697,-0.01608437767412313,0.01705004999372312
14320,-1.8585890778879357,-0.038552759209432484,0.031562118727942276,0.05512626473510689,-0.10811622079086869,1.651163425207813,0.06290663197395166,0.008013821861202005,-0.010825361847346103,0.063140468269473,0.026151659995378482
14321,1.401749251983532,0.03065801706270306,0.012469171145393487,0.06034024540564894,0.008208936845631225,-0.13473370715359945,-1.022511550788598,-0.03334508828106535,0.14690409005599758,-0.04505191175269123,0.05271577015438752
14322,1.18663599743452,-0.008473657532532954,0.011470606853486897,-0.17201535244244215,0.008728345596046882,0.15808229176355654,-0.09958440870895202,-0.1312632636404885,-0.08881744503839488,0.057544473317395685,0.10087538261521818
14323,0.5618660048068262,-0.026520669443161525,0.061302427029691305,-0.023391660304821996,-0.05347923320203878,0.08471447837127655,-0.04493619446385643,-0.001217049330779253,-0.028041423826952343,-0.06644611376913744,0.02644936265252731
14324,0.08059004459448682,0.10616292808004472,-0.11547842275533707,-0.054522098247283234,-0.023290478714252882,0.0026126034385748707,1.3963452347864103,0.07771841340229697,0.028685827952102415,-0.9372551919752855,-0.007763625114507533
14325,0.31182075157146305,-0.524100744848109,0.06557214143619665,-0.0759101819832422,-0.035564774658604886,-0.06358672165333379,0.013983704070544936,-0.0043826920476063465,0.09185747346190304,1.063553054920553,-0.13109965607258992
14326,-0.07716980701783484,0.892223853726612,0.0020317307826866367,0.022387744015554503,0.0621762024843145,-0.03203061156932754,-0.12764357507997723,-0.7234258392797044,0.030377840195940965,-0.14724881545403606,-0.10489971263842306
14327,-0.02570477219814966,-0.005830423226338234,-0.018386649790571596,-0.4928742140131558,-0.01195479027847721,0.10466236486355768,0.24518603620426738,0.7685498220430252,0.05808234098617575,-0.016977791903834527,-0.059522285986965705
14328,-0.17039282057946298,-0.056827826521862634,0.015719875797734997,0.8435208640881768,0.1930897562089238,-0.050066266922322654,-0.04934321998399406,-0.053267145605062835,0.08496377807878812,-0.06440770429736425,-0.3067379805524252
14329,0.08108466313369263,-0.13594701549703933,0.058202143809683554,-0.06091083949302819,-0.5930951017873212,-0.029166469137795647,-0.14337585159574914,-0.028002471113769384,-0.015168682828188087,-0.009783381168253225,0.8954374620408034
14330,-0.1434184508190728,-0.04398043935881961,0.013005504036587946,0.04486582916269781,0.6136077455977689,-0.10996586244755209,0.024364685146170306,-0.013143913495838945,-0.315789652860445,-0.06822765104154277,-0.03848198149847643
14331,-0.11303491351238752,-0.01075037254879187,-0.131783612007272,-0.05323910212676916,-0.06883890636769914,0.06400896781733728,0.006208731034913624,-0.019191115925528933,0.5132766902917432,0.01727683610836613,-0.07408925174629982
14332,-0.2495045268118632,-0.08336271889660869,0.5719373955222093,0.03766955101154516,-0.21360127725632966,-0.06657079526190941,0.021965582195033886,0.04980774421338781,0.010090507296784377,0.047005970086407486,0.07187765197317596
14333,0.020215536187442602,-0.03180011789417018,-0.14700048870767002,0.04317105692737294,-0.029149863952985362,-0.6759079056825132,-0.06565962416440815,-0.047354810802598,-0.014232898672839741,0.020382997645441,0.1600836210354363
14334,-0.09628758275933003,0.14121490569928677,0.4159997644176457,0.019347332975806847,-0.022056318754069455,-0.05674424368916494,0.1582323531724083,0.05740150005295806,0.05031296116061178,-0.08687196543046245,-0.01900074828939493
14335,-0.08823008719353695,0.6602281562138472,0.1527258888616111,-0.0006011784332269033,0.01626965480446681,0.06629502469156338,0.004489989344188379,0.045188557766412715,0.013926750079911726,-0.06033163052429248,-0.03443486757323389
14336,-1.6254438485880955,-0.0017509962923579307,-0.022177314592865507,-0.01567869183305891,-0.09434671568222286,1.754922428619932,0.023662164262283174,-0.03493404688808658,0.14013057554579328,0.0770515054770823,0.025875689484381445
14337,1.2386340687253208,-0.00046986663065693313,-0.12969094938160122,0.10523791500817786,-0.023833230669697038,0.17800682427468217,-0.9440049659815821,-0.05430759898828317,0.06563114085089343,-0.014221673840612476,-0.026214129126136285
14338,0.8651955758712693,0.011833235252391569,-0.0843429548435004,0.01059498179420328,0.1023240645889227,-0.0800717203211318,-0.07148539852280354,0.01612169506210939,0.03715605479608179,0.21500863587106983,0.07129138089106232
14339,0.5683313950731176,-0.05911085718499523,-0.10384987154289516,-0.016779754008340593,-0.0022123959572395947,0.02569835206905606,-0.062136114035901045,-0.045171534824021614,0.03913869016130486,-0.0014434797744379045,0.05417778523863276
14340,0.12987473820153234,-0.17361350707030884,-0.06196622264072674,0.03580958197249493,0.15476294144758265,-0.10466884842920204,1.2946270103836237,-0.07391797846716831,-0.000148394794088852,-0.9721579973098896,0.03981812657787509
14341,-0.034111433757497894,-0.6568566675847058,-0.019959269856208973,0.034019845067118415,-0.04575583940981771,0.0033773501219424348,0.15282553305397292,0.015103263342589275,0.27329929934297265,0.9605509834299765,-0.09152926226740227
14342,0.02011359528918457,0.8324518407453736,-0.00936906474066078,0.01270470788164582,-0.03071996068604099,-0.21707943410456654,0.058467684012622013,-0.5762914434118389,-0.08866630922294416,-0.009237945964135661,0.05432303186094899
14343,0.012057389220756927,0.013790477917506393,0.03441090675061428,-0.48945650552150083,0.03894638998325279,-0.18223871717028453,0.1038646230767683,0.7623877465524067,-0.04614289759723701,0.09815671570935586,-0.07625155249530849
14344,0.22010464860912576,0.0028395568724893737,-0.04321013426769898,0.8003140944113664,-0.054671549770658245,0.006985403645787852,-0.04595371856830765,-0.12010131032235445,0.003539559348881576,-0.11666773472233169,-0.3826584924862238
14345,0.031218829865834418,0.030324138536051478,0.061642690381612554,0.011185548032151207,-0.312628748842845,0.08109634330033368,0.23295414738443118,0.08705790834327681,-0.1348109653234798,0.1586782860259373,0.8352274706709157
14346,0.011810691186851956,0.009815251491234597,0.04655204248993869,0.037113278121581855,0.6185462353328841,0.18298000340144777,-0.03224140814269404,-0.03559908737264072,-0.31796835934973067,-0.13264854092322148,-0.07466029865664969
14347,-0.06876168154122658,0.06818480943085609,0.03783934937518056,-0.14401941372823024,0.06176876474156052,0.05176267957167218,0.08102819864897098,-0.05263499790686939,0.4898692188539045,-0.07084011968845359,-0.07025690699923885
14348,-0.05993289331428275,-0.004745621223610184,0.5715488992781999,-0.06268425223977295,-0.03462426943672639,0.06811865330743355,0.0370079854247349,-0.009625851064544088,0.038772775613205565,-0.017870650279834175,-0.01310982306607233
14349,0.02734126941642459,-0.08640306977030532,0.12044234377115244,-0.005941408469176218,0.14328519018631533,-0.7174974517987454,-0.043665802385062465,0.02081954098457966,-0.02989592865449384,0.04482251495114131,-0.0380823449423985
14350,-0.10223925544224159,-0.06856824215405376,0.4108705410138483,0.11673309881553345,-0.0850363032723626,-0.012171638035080522,0.07955787180100693,0.002687401342200917,0.02606756381682722,0.14909028188221915,-0.015944048370608022
14351,0.028824055472538183,0.6466571620407666,-0.010065251937365469,-0.03272455716764591,-0.07731576251726666,0.03220695635716124,0.06835837531029021,0.023108818872752547,-0.047560210122790186,0.0012834649524019956,0.019672938585860344
14352,-1.69642933249239,0.04067572610832522,-0.12819159749637368,-0.10090556234832593,0.10287843148515557,1.7716100386496334,-0.030746582820560597,-0.04526322121139819,-0.04176267378895901,-0.0630642774490353,-0.1247737139725231
14353,1.725724118373738,0.031059002159180626,-0.05113458870474301,0.06661473813927868,-0.06328847591858824,-0.01669795092213116,-0.8883437031943762,-0.02995353897908678,0.0070593860309608614,0.006327113730201314,-0.01029896636115592
14354,0.7552365552147454,-0.12964593704460034,-0.07177115923493527,0.04211282345716312,-0.031622755522853915,-0.010669577011581124,0.06292755932445947,0.018234802702653267,-0.10861040926389182,-0.09685885910999498,-0.07542703003362222
14355,0.677014993184565,0.0023292284775577408,-0.0692111531911144,-0.03627773843799539,0.08294833547701627,0.15591405723002727,-0.06593473195669664,0.016489668226103392,-0.07147091145406076,1.7890328021586896e-05,0.027743787319362997
14356,-0.20442374677036534,-0.018730358800059955,0.035237452872109984,-0.02250151531649782,-0.00439213080532781,0.05188977012288808,1.4794458624695512,0.06658527225240896,0.1188075311660448,-1.0007661118406075,-0.0921416699677503
14357,0.019811582760579326,-0.7334078262701992,-0.025563864672331425,0.04389165014265481,-0.022271631783097115,0.009196790283131754,0.04462474462544629,-0.037373678979866494,-0.028438254500852092,0.9404282804435488,0.10661034166125655
14358,-0.06429697746366568,1.0204031397423539,-0.033218434517745185,-0.036674870603859364,0.07895889622021611,0.11581764126734076,-0.04425491971495509,-0.5735751293360101,0.06588785284581998,0.08557175035403047,-0.0002659948095156302
14359,0.036426287361312815,0.09005868312605206,0.03272436137430951,-0.547474115518455,-0.018900430169620022,0.10705901696087314,0.11082383143659241,0.7757267549791607,-0.1263335658148601,-0.1547693373288894,-0.11311850490987252
14360,0.029662936260072926,0.018615412978063146,-0.07425035590706726,0.7069744712087164,-0.0982266190459603,-0.0523662077724987,-0.07235075785929099,0.06812628643239063,-0.13669684525423564,0.053996662694652454,-0.43463491667441567
14361,0.0014202118281985456,0.067897884767648,0.00910401046497203,0.027877845524851876,-0.47956442728459836,0.07038619624448691,-0.03305273423997197,0.13082531551022653,-0.08612316498913505,0.1475037438081972,0.9588896891768364
14362,-0.19647957283032574,-0.011284332628226517,-0.02537804846607431,-0.13927935897737823,0.6254419295693695,-0.03127045189223311,-0.06863663528575098,-0.11009417378516441,-0.536393957404716,0.07139165607970792,-0.012470782907850702
14363,-0.015783531681994367,0.031815143785235145,-0.008034323411444166,0.0453126607922756,0.04522843361075706,-0.04451786697276171,-0.11726231621330405,0.07444746187950586,0.46174375781915544,0.14544705578799283,-0.05329733302110665
14364,0.055889991753268704,0.1279825501900194,0.6574104974219127,0.1593568636165705,0.0949309952025662,0.1867982555037088,0.020005283791623182,-0.05204473514133408,0.06620595698890577,-0.028349478044785444,0.13002354330418503
14365,0.025156589353603688,-0.024110513435011006,0.06780744048700525,0.042534702112321604,-0.11789563815543583,-0.6667042766685285,-0.08454224091757875,0.062045476674576945,0.12248876198108663,-0.05702922837612141,0.08242259921864308
14366,-0.09442836282602551,0.02046482715848591,0.4246949897392531,0.05245463235111905,-0.05098668723481977,-0.06551285857188968,0.06972635059133343,-0.12229258810186182,-0.016796542776387022,-0.1695383466739595,0.051262229141379345
14367,-0.12118432115028227,0.6691586554413549,0.10391102610145148,0.08052155697569532,-0.036088491335678416,0.10105245360035811,0.04209816981381519,-0.033731487262746246,0.0655254768324029,-0.058025498321574095,-0.023112875112210128
14368,-1.837444667994263,-0.1786703821912949,0.104939868004106,-0.022789620673093577,0.06406998091899066,1.7632597352298687,-0.037299835487600394,0.048678095996328996,-0.02070330141012914,0.03526268692955443,0.023617620630278287
14369,1.249509933214267,0.10867416156632206,0.09671129941097573,-0.10279941989018672,0.09285899251269082,-0.06814473639600009,-0.8693949301457975,-0.014117774867606191,0.1423376434174212,-0.04568976114194113,-0.06388769005632365
14370,1.07597171251178,0.08106517276971878,0.05577667510436289,-0.2353048454033379,-0.09043913967393508,-0.024349792804602984,-0.09079735202916649,-0.009812646806667717,-0.1341472915852601,0.008929222808004945,0.09560551421268265
14371,0.6672278745013664,-0.0349462044343997,0.024722822497873182,-0.042737893955373876,-0.04314535193520522,0.06595892925855282,-0.015182022817294031,0.014003856844861736,0.056119692516347505,0.017117151873152797,0.03950067201158726
14372,0.28449135598398745,-0.02546524812748239,0.09542295622602398,-0.07357597714477551,-0.0822327351704469,-0.08513806980004368,1.3121628179254172,-0.05609159017647091,-0.1406916129909725,-0.9022245925581085,-0.1443030254378276
14373,0.035880562219681215,-0.7151269508629059,0.14763534331208134,-0.12706313908272732,-0.016103567744826422,-0.20135780005668621,0.07053353384224353,0.03023028597391286,-0.07893640601866511,0.9910086760345929,-0.05886558797276566
14374,-0.19538194958557814,0.9389663207002629,-0.05945013962213376,0.10904635820857396,-0.029330209828717226,-0.0941389676549983,0.05257986643009301,-0.6586347232762516,0.017891131715900135,0.009006498147023551,-0.09219219396438155
14375,-0.04259107627897829,-0.025292855913323243,0.14505756714536638,-0.4619671117075688,0.05419934238883655,-0.035921608908169776,0.009612238957305088,0.7964084973768449,0.017020304203403756,-0.09939648806460358,0.10743502023635881
14376,-0.10703840198539924,-0.07184854424727385,-0.024141151549886174,0.7444680111304373,-0.02728235271456828,0.014805728403692323,0.12970503648583917,-0.015838077111677475,0.16651031740077105,-0.08320917472125522,-0.37384616933263104
14377,0.024226724049543184,-0.15736161558324688,-0.10816091549170045,-0.052096867931273216,-0.4249317413780699,-0.002957131099006565,-0.10152556857680768,-0.00564578186096585,-0.00262974629477629,0.04756470323148714,0.9384473870210442
14378,-0.04730556685193852,-0.214256018071238,-0.2490258633668465,-0.019963728226746354,0.5890354701270091,0.02818847652426579,0.05811700107858291,-0.24442807646476658,-0.3397076975279111,-0.05478690140617603,-0.01806941334812684
14379,0.02604165178514474,-0.039105059561604934,-0.12008121989589052,0.06067279795466639,0.017875583881454167,-0.03358796940524732,0.06873754423842901,0.1190481747983886,0.4916049233713595,0.20229951684975206,-0.0518244044444367
14380,-0.2770565272311738,0.04776856608371854,0.643845109961538,-0.03377781740881747,-0.04887567301607744,-0.18561850652574757,-0.08055542535388673,-0.09128304467260565,-0.13034111823754305,-0.12089711901707866,0.2552029422425806
14381,-0.04209755428176147,0.007453893692014276,0.11823825769639174,-0.04421541198041554,0.09614729192220207,-0.7104513931695345,-0.11631504791408641,-0.025284586737301974,0.0084112966291228,0.043813632583035264,-0.019821830254393186
14382,0.0007948327665018139,0.012509524186871082,0.40382111450881586,0.09066775387240941,0.031280835792351934,0.03659335544463262,-0.21979904944636536,-0.1263792739136803,0.12445409005039479,-0.06782127095960273,-0.009452485365339724
14383,0.0673367408542507,0.6731036490022042,-0.021994277902553847,0.03179976556839507,-0.004255599425764435,0.06507286643809682,0.1375527112890737,0.043608445342442015,0.06592800281608627,-0.029360282640446468,0.03751219773276318
14384,-1.8914997488094092,-0.05220822554939385,0.017014379493636433,0.022341996699128237,0.016164542843974426,1.8391701682605168,-0.11271748125603191,-0.08794712376669142,0.07412291113412342,-0.022282290268887117,-0.058047860399509904
14385,1.1424070308693144,0.024644151605039095,0.03466102777030029,0.04675990159702001,-0.06243896550790649,-0.017003186252494425,-0.9061174301489161,-0.09701452305876852,-0.047319437116030844,0.04492431775813615,-0.0049885311248709695
14386,0.8658460128882798,0.048318156034134946,-0.0022411016063155404,-0.07615786699178931,0.12875105760751887,0.03350735584347025,0.060873280218691254,-0.05586271368099964,-0.14746862182974482,-0.0117893630905015,-0.05105985007687587
14387,0.7041981211158433,0.007398971942949256,-0.03003822711877925,0.01233862324505881,0.07153237006337669,0.13427574968509176,-0.04630275931639414,-0.006235619024735463,-0.038843235463772816,0.004054510430511339,0.040924282603585535
14388,0.052338285838587906,0.02236414854954369,-0.23283545785913098,0.09255964952676575,-0.04982126875940635,0.12175655128592938,1.2581115700963472,0.13928745475304322,0.03792948717146457,-0.9474138557396641,0.14493313029531857
14389,0.19153839494161887,-0.5792738728672291,0.046617772654608224,0.013407542743777683,0.05509712683770483,0.2207906016175469,0.05845067521080935,-0.07920962133516511,-0.02917333957990171,0.901899859043362,-0.007570559333320195
14390,0.1532904689923218,0.7943583217146895,-0.07682240269813487,-0.10884011139570314,-0.010603950907884442,-0.1352193201213859,-0.05731828142932169,-0.6604364634231847,-0.10940111601390409,0.054822646832682974,-0.10496954556301535
14391,0.07702001960514993,0.048770962522442056,0.026468497157739163,-0.4639345431436642,-0.1520272838426186,0.02604835327299537,0.057440069041802405,0.7057979926005797,0.015949984164275625,0.024563773398014462,-0.10460517651244836
14392,-0.10863644930746623,0.081261082988424,0.017490204898334544,0.7541136550450442,0.11907217852823818,0.12548520939281835,-0.023614632211715645,-0.010696867072564491,0.03916637464740687,-0.060593222806717535,-0.560457758594304
14393,-0.08430391053129221,-0.06857536999840216,-0.09378074554593036,0.006366841687843286,-0.5603312140978457,0.04093405555092108,-0.1402997278995368,-0.03118597171642379,0.09809051108320593,-0.10904543177512388,0.8545103788918923
14394,0.04149546639480427,-0.004172022217688081,0.11754984245324811,-0.05514849735961691,0.5620814171772237,-0.07883941180261812,-0.07367088809734985,-0.01413610405367221,-0.02942793594850668,-0.06815727774588569,-0.099332970363911
14395,-0.0621094467241323,-0.035934491282289774,-0.14809783814023258,0.08772926039164372,-0.019140736336041547,0.03472103119299482,-0.029398698977621783,-0.06858858545970688,0.5177543850060651,0.03905668763104063,0.007592182010450027
14396,0.15519875718400414,-0.12065598098809434,0.5773853642389352,0.08146094089042488,0.015033235317428794,0.0782804377223178,-0.013836623259767925,-0.17800161397594141,-0.06683678049595368,0.09853435466855738,0.0390185028276761
14397,0.08782735054415529,-0.05910600918882358,-0.02254551737579939,0.03642741582457016,0.07190638238910167,-0.6576770823433393,0.07221338681316816,-0.002805506150305491,0.02999228601389231,0.06227867962844642,0.035128100053404776
14398,0.12252467937748535,-0.035103692381037506,0.4413038955338089,-0.1331690642755178,-0.03880263807490785,-0.15971084339462902,-0.1020128070576953,0.09443763720587105,0.07848810641921898,0.0023276787853484474,-0.03426708539207558
14399,0.033701144428053414,0.690453078347323,-0.00384191004952736,0.08514578760947937,-0.02876880194364372,0.020832115558298253,0.08570724175418665,0.016748329668274064,0.024308380623899256,-0.060187809771470854,0.03314374025437315
14400,-2.0988776211491675,0.03789051053397206,-0.16719963108716035,-0.009148305146335706,-0.08262741708464108,1.7606594259259316,-0.03874800480269537,0.002413050660821766,-0.03826035978221584,0.030584963096194177,0.08433064238479676
14401,1.6363812230606043,0.0491934158074098,0.011964501256786546,-0.035922089090451685,0.028936897132287545,0.13621207661163598,-0.9718054644144425,0.10229543392392562,-0.07845952460380821,0.019671604344488086,-0.11117667825536853
14402,1.054002800552653,0.15117333253326623,-0.010414291670565488,0.0007405053654753902,-0.10842826802835413,0.05939518936497992,0.00804641465204484,-0.03669753573609534,-0.008392513463377065,-0.13845088776935968,-0.14107212409478528
14403,0.6258503791498211,-0.05428251579368324,0.1149933845701974,0.006826553786388791,-0.019156843610521702,0.024304917659012375,-0.0037509299706346465,0.029479134698597316,0.002453701409582565,0.028591034516990937,-0.0481441923676691
14404,0.2124513358227414,-0.0428967168491975,0.026671750145358015,0.007878405281849094,0.12823539006258994,-0.1281459769190692,1.2724793200334912,0.01477348884092231,-0.20448970381914536,-0.9325541224126702,0.033291754343591703
14405,-0.013746432191597959,-0.6727171007401407,-0.09653456990649543,0.06996090675220601,-0.03777121878534263,-0.07238400188602906,-0.14791857024105998,-0.0501617855592755,0.026645409030328103,0.9828571811010335,0.1759254222429077
14406,0.20211379077713992,0.9938927399314901,-0.2096331138216904,2.5531228612293237e-05,-0.025846275837468704,0.03753071176703884,-0.03997810757012923,-0.6597394061246176,0.02798252761745452,-0.12003573527461882,-0.06588352489106931
14407,0.31559870841754756,-0.027785246670477007,-0.007259131203586029,-0.5889949672200732,-0.003953340818943652,0.08899121150559816,-0.014060872077527908,0.8297659297047305,0.05678700259568241,-0.10977611799874004,-0.071738666106514
14408,0.06070674423220375,-0.08038805244179076,0.0401766627606263,0.7687548921938272,0.05512856213342841,0.1216832810832906,0.1406424267605544,-0.05121683598227883,-0.05431443599349163,-0.18261568562682742,-0.47017040384164455
14409,0.10454770332694105,0.0008800701062468786,-0.11373716870186928,0.006895978690700563,-0.5755530305861851,0.124405629673759,0.17164269011455502,0.045301821033229085,-0.04736689503079895,-0.006950646385990402,0.9768192312993949
14410,0.09827535182841073,0.08872312417700601,0.11061696237020059,0.06650311788344426,0.5777811153813791,-0.12250699902716211,0.2200685136128238,0.0638823754969621,-0.03342738871251519,-0.1407711874205473,0.01977880432591634
14411,-0.06442185931890644,0.12124987146313701,0.2130461539304231,-0.08443093069489187,0.030408293508322443,-0.062360847201301015,-0.08547552674911035,0.06490298571422132,0.4394481859556165,-0.12598017869699019,-0.035069792664895606
14412,-0.17349301596280067,-0.06662889724679286,0.581378297737702,0.074514414530715,0.18465220749044906,-0.012794104847314565,-0.04865357543804756,-0.05883962062670833,-0.0012648277539995464,-0.03100256577042623,0.09332053995956281
14413,-0.006908149191922901,-0.033964257205690976,0.07450584117124114,-0.10637020194166323,-0.0008750446819854405,-0.6199821456585727,-0.05298865836277559,-0.08489526082202663,0.06151550008340465,0.06904595743730423,-0.023058596503531564
14414,0.10951100177362451,0.09539346094905868,0.4289156683998744,-0.029363961226046155,-0.027781381282960853,0.08484135347357222,0.09103835923431675,-0.014466773694023322,-0.0704965230723527,-0.014725900983135665,-0.016823364138835485
14415,0.13353458449914102,0.7525611070309578,-0.01824818749152836,-0.047010124114781796,0.0022474539790999244,-0.10289121090002061,-0.07980339729009936,-0.008352714493817564,0.00737373311497636,-0.03839358748050938,0.011778051623814715
14416,-1.5082819468413688,0.03833081978881728,0.011648806236675264,0.06723566070662809,-0.008164797562159317,1.7928631800797292,-0.06146020121616711,-0.10085128942992322,-0.15373288572700985,-0.03643841548724452,0.08068202399429689
14417,1.5731930436200658,-0.015408094004390693,-0.06293767861641104,-0.041586675451687975,0.07264046579997072,0.1339460667535569,-0.8787097842644023,0.007743335494528867,-0.008460343657135352,-0.06575475917936596,-0.002766950298606144
14418,0.7464604147964969,0.04006216784514889,-0.13768383185166555,0.06282789649105965,0.067685481646742,0.11304782138736137,-0.055108633040417486,0.024113187793996006,-0.038468642496368055,0.03936069607276248,0.07168342969825878
14419,0.6397301940233757,-0.021404857880007434,0.01636396287778731,0.013978819648879509,-0.014333838534283532,0.03266585253482831,0.019824709197783338,-0.011583307510185438,0.009089515724980426,0.003925354174149598,-0.09445438912650952
14420,-0.10970095776716653,-0.10259182507520109,-0.07912861535324976,0.043411434035505805,-0.04472178047683149,-0.07089444395637312,1.475348166783799,-0.060365233530725454,-0.08141850333300357,-0.8935392967964771,-0.04375450687541492
14421,-0.08053073370992883,-0.5404787647485914,-0.06924277884448904,-0.0507818506487806,0.025485226365229745,0.059981227042967336,0.07131261781778092,0.035344224394656565,0.21129286528181873,0.8966020589806297,-0.07537864781644706
14422,-0.173954718202612,0.8948824357078724,0.010418783922347696,0.054897055504729966,0.056507895627419695,0.0891062239841086,0.18024626927573859,-0.5739129542661068,-0.015065091598656717,-0.09238783723626788,0.022010398870751652
14423,-0.11904600347260663,0.021631346107131025,-0.10914639844323003,-0.4195532541469227,0.02210822329888195,0.07090149114946023,-0.05613380758954161,0.8079433935489848,0.04716424651996573,-0.10041678935713608,0.042813397121915155
14424,-0.03305950251686504,-0.09307549073614076,0.03241536820781464,0.8679062885687545,0.16730857501552968,0.048181825410367564,-0.05855367791324185,0.01790950483137468,0.025681891577063135,0.019403539778312034,-0.5291225601108407
14425,-0.03600248971852464,-0.027584507889351392,-0.028917926586906742,0.041360749276807794,-0.652835693815122,0.1759298160667987,0.12432672786856983,-0.004832917298010107,-0.07586928856497843,-0.01414922712598387,0.9774728796004318
14426,-0.012325710857777636,0.08339093499557965,0.011923124751073079,0.010924333117954182,0.5765524960435301,-0.027927705917996683,0.056408519049208426,-0.040380478323994835,-0.23954925521007392,0.06255796556096431,-0.029024837228586314
14427,0.1811315116259898,0.06673061213050879,-0.21700641424914374,0.0733690183262018,-0.03399352208126347,0.10913240366644576,-0.08226647375775653,0.047345946453292514,0.45301247110434045,0.04346456779781097,0.09521039668505751
14428,-0.008790032536988708,0.09386877944959274,0.6132611733700013,0.005623836075550495,0.0027963434559648394,0.15605498857112013,0.0909905439702853,0.00615890196326244,0.15252444231076606,0.10714777568369421,0.06071849376786965
14429,0.009721141947271202,0.014448969319391089,0.011039981572336629,-0.07189763701633178,0.02347146550083099,-0.7039744938283126,-0.03241486811286117,-0.058609909637406046,0.05967331798142166,0.039642460214170026,-0.02567422538590343
14430,-0.34304433769946086,0.005294969333862766,0.38876803580336206,0.10997236295198165,-0.0034894297524830026,0.09054147171395059,-0.06899963739346367,0.10046048999451351,0.1268491821308156,0.12052005535525621,0.06918560982801004
14431,-0.06189523883136121,0.6722921842173336,0.10828677684502348,-0.04243309664716926,0.07470860092852617,0.10673797517660533,-0.035035490764560924,0.018742550665842933,0.18290148329712227,-0.0019404887487505535,0.01180971195127678
14432,-1.8299978794694438,-0.10081821755144584,0.15089847780464208,0.015365498508193484,-0.10624534753433629,1.606882975377353,-0.032471833487300206,0.06323164146681869,0.013139183926694819,0.001286884443099282,0.07219366969676286
14433,1.5432073788229657,-0.01479946383210919,-0.03937267447222142,-0.07681546438099494,-0.0526264675641402,0.08573005458807315,-1.0772174903853327,-0.040886070215632224,0.048898902856760025,0.046401658368640325,0.026544508796486118
14434,1.0268805858525563,-0.04892845481036629,0.20755113764424132,0.1660637571900145,0.018055122021375845,-0.1078716361103597,-0.17377228557295407,-0.05662081050425988,0.12064463496364305,0.01948395806792755,0.0761774834805827
14435,0.6261438710560949,-0.01198808917405326,-0.0876498394543005,0.0313319486626118,0.008198228016097472,0.012215401651828117,-0.04815675771364082,0.02519704835539819,0.03944514603479078,-0.0540909641064165,-0.039814516328341695
14436,-0.4159688423982657,-0.04916899994074557,0.061879360684908,-0.05686541262203248,-0.10377135091449248,-0.08090787681703618,1.2178210775952134,0.09118798819674295,0.1668741439629291,-0.9267520795974885,-0.009292003782632521
14437,-0.10439757242988203,-0.6158919993233314,-0.03593256713000635,-0.009145047716807719,-0.06619002675904692,0.23159827121739346,-0.0985583358171341,0.046677368518541956,0.07072143078005126,1.048980391737589,0.15355104333307046
14438,0.009762873468297404,0.9428727158340805,-0.16486070292333718,-0.0974628157179206,-0.05395480358962208,-0.060434044846136396,0.014932045924896067,-0.6894461000267329,0.0023931280301627738,0.024224895206642796,0.0009197943511309288
14439,0.06083021392277887,-0.14195368588264914,0.030650044271140965,-0.3633205509085451,-0.07211694776678301,-0.2517650322634648,-0.12515824852442808,0.8340656290698969,0.015612101769422515,-0.12852245470352097,-0.002970871711680147
14440,0.2665210636943429,0.05311118371230613,-0.04078258169101399,0.7824968193647325,-0.07388873527044242,-0.12939508777450168,0.13307287528222886,-0.014514803271092854,-0.07258174445728136,0.12287902635335891,-0.5409018257646327
14441,0.037243234189072286,-0.040271540436925206,-0.06045549124713487,-0.00858140609347265,-0.4480433513541398,0.0539646680093953,-0.05724888979212593,0.19625770443558066,0.00010488849150377347,0.00823498876047989,0.8198162958283991
14442,0.12287724550372658,0.05639750034476483,0.0446075265490183,-0.040402912034498924,0.6234375297049856,0.2462866879195832,0.06979159285191007,-0.02075214241106611,-0.36701348260594946,-0.0027678989210525745,0.06812223961464273
14443,0.07395522223290152,0.07540029565259601,-0.08805047122248769,0.13703019968708796,-0.031356954863892665,-0.03609215027952983,0.05101010832284491,-0.11544516943570336,0.4842484159132632,0.0045435556218125315,-0.012770187853650592
14444,0.19525772141504813,0.10131322014802052,0.5517381592236839,-0.07013688219023485,0.003702990994778831,0.05881354762612025,0.13227635872194235,-0.0058088889056336305,0.10602589465855786,-0.1190554184278577,0.1255327302798262
14445,-0.05024323808961143,-0.13266991008478207,0.11776816887387728,0.07638410012796126,0.12262633723446814,-0.6054480701499749,-0.006047893086617399,-0.023978754014142234,0.0949728288141312,0.13301183378368125,-0.07948303922276281
14446,0.0932018353354437,-0.0869812855179486,0.4438211451457813,-0.0409826582881044,0.0489548163413872,-0.10730937476221933,0.007026526098304243,0.06285264474055116,0.035164463413962656,0.003965196821586386,-0.06319422086948898
14447,0.046659075622797155,0.6482033672487,0.01807881973450468,-0.013767457126522414,0.06741215515827517,0.1308374253471421,0.12175568145690008,0.015298943640577654,0.07552138004372405,0.07114144457218367,-0.005572140532702177
14448,-2.0302607368279433,-0.12683956460075932,0.07279684300539499,-0.06477696839587765,-0.09368512349549675,1.7051951612872938,0.053280709251894036,0.07021688389961057,0.05594512163318316,0.09976107332840349,0.0582483758453016
14449,1.2374041521721457,-0.03315051444769507,0.02506646982792526,0.05471804887605201,-0.04226631487501257,-0.014337967829314959,-0.9640199171469339,-0.08522815164842333,0.017126776466517155,0.00802850399651978,-0.019595490461573307
14450,0.8900649754487144,-0.0283781169235085,0.04321438921014902,0.07326868412111774,0.11480522347150242,0.056955989635049255,-0.029530464385551666,0.08634098262976996,0.024518755577564905,0.042640210937919885,0.06848660153354003
14451,0.5594140534945463,0.0475106543797785,0.10109352214899137,0.016293048212149754,0.0034456933813985643,0.03268266215238315,0.01486009575419937,0.0014025817817076855,0.027507832169682056,-0.04733227359379119,0.046057923677042124
14452,0.1707976896660484,-0.06537327556305667,-0.08627022226530948,0.15404798034353276,0.009836178343613118,0.005718760616250516,1.3471731001441742,0.10392356254739281,0.08241079846626297,-0.9972255117568066,-0.00038643426245100424
14453,0.07456516815325423,-0.5230828510921604,0.034364819318733884,-0.02038452720811014,0.0017273755723477755,0.2308007147800128,0.049753506532733076,-0.06721594279625483,-0.14524734816315088,1.0645176287101161,0.06935519302501841
14454,-0.14565667900723692,0.8956210915453179,0.02466279995420427,-0.04248442700954107,0.018382031218223713,-0.08810038204510265,0.12170224998114562,-0.5663513006216215,0.05826751366361474,-0.062399217328860536,-0.05450506179159993
14455,0.053945015510492196,0.052815147590320126,0.04213443031806577,-0.5261687443846363,-0.0015694619629637273,0.04482351890855697,-0.22361511345408017,0.8283145635176614,0.053008491569699265,0.14763424882860882,-0.1380265699770663
14456,0.1064039761403836,0.16764649859305797,-0.08765220327819001,0.7177247149716636,-0.09511434715508328,0.17897916514234996,0.05530734652790379,0.02458758542270995,-0.00986216380968625,-0.0393564251080816,-0.4888628982099349
14457,-0.0155330559582477,0.0708868380943934,-0.1117989600651913,-0.03354351876426678,-0.8796908855284007,-0.12832776015263264,-0.20636171379866294,-0.057958395329322,0.027612607100512086,-0.05980879335621015,0.8821586394886494
14458,-0.031054063194318186,0.24162386725040164,-0.13513723981570716,-0.043430199551843615,0.630931942759282,-0.08904264834148197,0.029639189431204502,-0.016699186839313384,-0.048952591646245436,-0.02025572341063091,-0.010922391779442554
14459,-0.1024344339173171,0.11869996362076896,-0.05903597411764872,-0.01630202785483834,0.022220779365119868,-0.04657271244217588,-0.24218093412697592,-0.11980089609574532,0.48603882543687443,-0.06060245026206252,-0.07739582798154689
14460,-0.17662565740620673,0.07837975647195995,0.6061171964540005,-0.020216567871684774,0.043576486736095585,0.030213651024406832,0.03782208992022137,0.14575817684321868,0.01711524185026158,0.06692231815740741,0.09106263795595507
14461,0.023253649880802585,0.0169626464769307,0.018165753549360394,0.000986044193197473,0.07869119814343396,-0.6816411982090833,0.035734797864128316,0.10772600956861458,0.011239978577269341,0.02368270370231422,-0.02793554597126517
14462,0.05197539969385512,0.11680265195570975,0.4199747441329544,-0.05594515895381321,0.10594621221977171,0.1771443988848228,-0.16068673503176498,-0.06565590237129197,0.018298582867221063,-0.048473755640164276,-0.15928837556814807
14463,-0.06104948370318228,0.6196602755505239,-0.07110822089931058,-0.07209370729438096,-0.0927183034327458,0.029072613164623177,0.2717602552517196,0.031004783188797954,0.015476291620838797,0.14390343630457256,0.020310138463063086
14464,-1.862764855558608,0.04431792663301203,0.03135141124219851,-0.04592031048516837,-7.293676619146618e-05,1.5009887422469772,-0.12522904429748466,0.03741820753830055,-0.03545094285108825,0.1638340469443196,0.08017165490448774
14465,1.0070516618400849,0.11912199709984281,-0.051548675361407226,0.028369518103412945,-0.06403568253892199,0.04224281129701632,-0.9554025282643237,-0.0053060683747735505,-0.027668793730249323,-0.029664585193650818,-0.016293718440360448
14466,0.7669744754459793,0.15777005326028043,-0.08379772582937947,-0.025079541607535442,0.04808489315952485,-0.08392598045654298,0.03766764502056337,0.11032353411440247,0.03832296721981744,-0.057980958181498884,0.052530517901658254
14467,0.6193901740579009,-0.05206716797823607,-0.04074041832853942,-0.013318392874485115,0.020096996570873348,0.12847727770680006,0.0041106167100086344,-0.026218574937121493,0.0046805994588105075,-0.03063953023552638,-0.04238163267388989
14468,-0.04730892716059753,-0.03915674393147378,0.07876368880368052,-0.11499772751089278,-0.0033753729068026804,0.010828649464135667,1.4831860565558408,0.0687522061845658,-0.047276111996960496,-0.9338650085700686,-0.056447555266621804
14469,-0.055288015171993526,-0.5177554742619035,-0.013493046665046624,0.12402575516531836,-0.04761869470339498,0.10450638601320208,0.14014216707412122,0.021895309349464223,-0.1525114237489924,1.0682078690098076,0.07840737403389356
14470,0.016226440354176343,0.926484213057624,0.058953885377333454,0.04562820232384683,-0.06319019373374309,-0.034823397432657034,0.1245747454020359,-0.5232818778479235,0.13124724269226398,0.03382523707137516,-0.01331500087692642
14471,0.028846329963892726,-0.0377066085956402,-0.0816659677850988,-0.5004461484519819,-0.0008137673414988101,-0.0004598683500468643,-0.0774715228084344,0.7755866220978518,0.16079532900803012,0.03702169546474827,0.001795447790809493
14472,-0.04900589496746324,-0.24928795911992027,0.09022677496035975,0.7802289953433537,0.007005699584286642,0.00020908294223000168,-0.027029276179571907,-0.008989490708505108,0.1051643359362323,0.1098230951770114,-0.42009408036592644
14473,0.11873748995817368,-0.12129112028025257,-0.011420244982858214,-0.02208672402381345,-0.8058342847088138,-0.2834975441205173,0.038622298971681276,-0.0161982160758369,0.06137997208044848,-0.18672868420223845,0.9087652257732193
14474,0.08739719007914998,0.03951983924768235,-0.07550489133692322,-0.012891709197900697,0.615188297533002,-0.11856524162841929,0.060048135208670646,0.07320620360767725,-0.05493746610644318,-0.016578672196959826,-0.03420402348847419
14475,0.07317567321703673,-0.12761411571568781,-0.11424438928356512,0.06623067837136962,-0.05546960558818409,0.106430154428883,-0.08006055345250618,-0.027229914066836093,0.450816934479099,0.11579005980981273,-0.01293310480671514
14476,0.04974117002611691,0.04888385432709477,0.6419926135212252,0.09606847965041487,0.06526883157850197,-0.1494049628998141,0.14003424306028414,0.03184530162846474,0.020543350384710106,-0.06354918759165074,-0.045529027854191224
14477,-0.026067727904512908,0.029005004100095735,0.01799607908412066,0.04875700762912146,-0.00771361293401856,-0.6624994340492409,-0.01664738124225198,0.1313273880662567,0.009931670387481661,0.04026760504296709,0.07904250891230902
14478,0.0985291275914493,0.05202627425162518,0.4259566861315371,0.05616537934291694,-0.014856219932217841,0.13226948141070627,-0.053396847547955935,0.024298774137288228,0.159125829719953,-0.05589446121853198,-0.023085140015928974
14479,-0.048192244478477704,0.6285224489665147,-0.1471813894171436,-0.0018196624308019246,0.03549007705452091,-0.006075018945030201,0.06749131353544535,0.0062707659923267,-0.023536018886514264,-0.012942653232206643,0.0035497731014456145
14480,-1.8372957719155096,0.015153660193904012,0.08745532995391114,-0.0021081422172079863,0.0957350330332219,1.8375818639578505,0.07565037027793572,-0.028081808410857424,-0.026789453538767785,-0.009814718692085497,0.04151237967026383
14481,1.7365039354450402,-0.024928481217705578,-0.017411612972386244,-0.09856873725962678,-0.06600237964118633,-0.025910546016712124,-0.9733685714547543,0.026700019028082257,-0.07617680328316544,-0.052968005917105265,-0.06358246348475179
14482,1.0302558177749996,-0.06310915134774087,0.03624270585055469,0.07881849577527557,0.20948431078136204,0.017294013750294643,0.0145758097358891,0.017900344097702265,0.05959696796008941,-0.05684646908246956,0.049645692810086024
14483,0.5750848897956994,-0.03988057506701812,-0.02259665847606736,-0.007722207076892324,-0.014478494156794891,0.0019450106687781757,0.028948059792774785,-0.059898665655093004,-0.02529838285431038,-0.060268114089573985,0.02395866978472696
14484,0.12625643291727232,-0.09852777379282086,0.09496349668736503,0.11091475832006394,-0.049034538836538556,-0.10831547990213591,1.3246521962986468,0.1099909864018129,0.03241586080649659,-0.9076170257043091,-0.02472112952149924
14485,-0.027190671612952563,-0.6834494411430311,0.01207690127213677,-0.17379161679368962,-0.11684897756084979,-0.15988990058894129,0.04653716061846475,0.0673529425138574,-0.09661565817094744,1.0337030557691356,0.08328557459559431
14486,-0.024391627496487808,0.8714831132000993,0.08867611189955564,-0.03033966548116823,-0.02151480985838994,0.14846689240541855,0.17761785150199924,-0.6439491420947044,0.06023849361259041,0.05775187120199099,0.010898031607816754
14487,0.1025987005574683,-0.06336869663940188,-0.13431797655452216,-0.473011793960067,-0.09181018569027836,-0.15961402967547458,0.023434787141115562,0.7637069978821902,0.09880614128606513,0.05599397410898212,0.018676800360384736
14488,0.16516533355837795,-0.13070908491765806,0.056620987541908675,0.7762086886740562,0.05080658120741698,0.036448329045833026,-0.23725453436310495,0.013857400138342826,0.06774409680170293,0.0265890162335818,-0.3319663980604943
14489,0.11902801209035359,-0.05089862202671614,0.10006834996425909,0.03304656920715949,-0.5856398621834367,0.20119640606499092,-0.1678929767865094,0.05264183159269023,-0.06280543842401194,0.11262042534865163,0.8319472246272107
14490,0.07776421599090574,0.047199190642355636,-0.029499887173086197,-0.12948566144935625,0.5882594388037555,0.14430025341440836,-0.15823155100618339,0.07452303575233199,-0.29064774130670973,0.05845336814270701,-0.009960508886972395
14491,-0.14895272433285012,-0.10409810951466925,-0.04506473508966222,0.09214027422270457,0.049588823844885055,-0.03457776582891759,0.07411077726800076,0.16940946639280494,0.46250864158426086,0.04568869011750451,0.017263254146821273
14492,0.056359157043999596,-0.042990389737121174,0.591072027306557,0.08010050027151586,-0.1132916329041485,-0.024974080331904187,-0.02719560743802904,0.04354375532546421,-0.11192270938021107,0.20654328638428054,-0.12382648391677253
14493,-0.011945065106076007,-0.005653978969091915,-0.06667554760034579,0.05718166752671359,-0.08065650655254204,-0.7260545831307398,-0.09143618387914645,-0.046384991873533475,-0.11410591444193288,-0.14206020261340976,-0.06884479402908014
14494,-0.19055154354646386,0.08670320055656182,0.4319197181021486,0.008664339076561578,-0.13043614113244054,-0.05576284642157186,0.04298766665271083,-0.10930416829983632,-0.05874891909250602,-0.1426616748065763,0.08903259560080953
14495,0.11635211765084728,0.7396324507314591,-0.08176549256643148,-0.07169463807218017,0.009204600028580527,0.3065130295452385,-0.047449377916555,0.013480597686340148,-0.012646520877370044,-0.025097593376720594,0.044704802284872114
14496,-1.6370632255129611,0.11791151698779896,-0.009286280007419392,-0.1615698057191414,0.031227467556023455,1.5661031743523235,0.03135294932844565,-0.05941910832479721,0.10921305666062593,0.036618264632158136,-0.02734950190402929
14497,1.144548313806815,-0.01239505002234301,0.05667563546552716,0.07517345818545469,0.029581458775358314,0.02703245696725591,-1.0002996190663722,-0.0015124361019468978,-0.2298447397284448,-0.0544919751946614,-0.0890826827574245
14498,0.7389922803994589,-0.05128603703596857,-0.11569092973850711,-0.02370264748996753,0.06123773855397739,0.014204884217226318,0.10630647656755213,-0.17629930171253952,0.012036637617699339,0.09092544954893912,0.0503323163309319
14499,0.6455884479214615,-0.06712254509666923,0.0992260006712808,-0.023124183882245734,-0.07846640771503871,0.026450532977358526,-0.011531208561719897,0.039402503174668486,-0.025855410376147286,-0.00858748567243232,-0.029191672481332698
14500,-0.053155063416550394,-0.037351950692912764,0.20104727530969502,-0.09991523720906925,-0.12857518548606034,0.12297663983200935,1.3210092862732197,-0.0859658146515892,-0.004397792965206974,-1.1000537215539317,0.01785375496815749
14501,0.08569720552837232,-0.5554848053844417,-0.11022201115377202,0.06729697783322032,0.04383001822624257,-0.08076495975201094,-0.04512393070615588,0.033125489985976767,0.003967447589718899,0.9587126317570899,0.048870548582693726
14502,0.03643652756022074,1.0442383101182036,0.04167164358064477,-0.028815101749922474,-0.0557232603689101,-0.12054143833657305,0.14517285818819986,-0.6752456554593629,-0.012085841863136212,-0.011064750399154978,0.005669127607855727
14503,-0.06922862226464808,-0.0701559220945252,-0.08079595647521044,-0.5827098133029683,0.038534055431159966,-0.010173430203154827,0.07029874972233355,0.8616999725358627,0.04238556703586524,-0.09109915700326143,-0.003920818166224232
14504,-0.2932952027481129,-0.037097512259459696,0.06728933081714321,0.7610688087898082,-0.06366501714557321,0.16756312931038267,0.0072585349710314676,-0.04650093445561824,0.030251513216448467,0.03336592544892553,-0.5476248449501826
14505,0.01542797630928541,0.06796462777084909,-0.1026639044880304,-0.014832037294706467,-0.6174352234563532,0.0947012451722267,0.036124054598969765,0.02893837759925718,-0.09705035557304212,0.00037565971112732324,0.8775314630068124
14506,-0.152172355053598,0.11258476945427429,0.16477757818047886,-0.04096764557050131,0.6278243628421641,-0.2475089748896458,-0.0013878738153329873,0.046983861731750357,-0.19722833793814207,-0.19689381353540963,0.018215139359786844
14507,-0.010692590367146357,-0.0638109617760608,-0.1831141186787563,-0.028843466888664144,-0.04080419123378808,0.13165270338152016,-0.13776570416235534,-0.028945644436764825,0.4900657573243214,-0.08551059683913338,-0.02973699811863825
14508,-0.22278557135777194,0.007322537705432368,0.5631311902175495,0.08540092369074351,-0.01850323284415592,0.0419880098914239,-0.07559480959666093,-0.051928286558246134,-0.035648724391815795,-0.11774000648571607,0.15061732965045282
14509,0.012338021532938939,-0.12114843294426864,-0.06440443681371141,0.1041757303427249,-0.09164488018657273,-0.7382240325433153,-0.09574037390661634,-0.013127222020520283,-0.012646930519741742,-0.047910009203797704,-0.01573068761412836
14510,0.021321867395955974,-0.16644989679974073,0.41334104000838845,-0.025895343655264916,-0.07169276723024798,-0.05307798160618569,-0.004619897768174535,-0.02795652298541946,0.06492873503414814,0.0008160751413452761,0.06874887841113961
14511,-0.10841236132723361,0.6415250720172054,0.07186450368691197,-0.004774529022426175,0.018231339161190657,0.13305433248064596,0.008152541480500052,0.036743740646468945,-0.024209176140223783,0.07200777678992555,-0.04192626258237984
14512,-2.0144399012059693,0.011394376525477699,-0.15983863547137075,-0.10973377399662756,0.016762722885086356,1.7747641802293446,0.13231057832790796,0.03756614381200091,0.006271090979360409,-0.057326695896760566,0.06276897953213788
14513,1.4983423668543638,-0.03535247911566736,-0.09138059716559675,0.005667626091053158,0.03678180873639185,-0.08198698072774042,-0.8376705073562236,0.08589933185265172,-0.03774892065240982,0.15669695511299866,0.02563018423735024
14514,0.8127565796427646,0.10764069570844646,-0.039623130741212695,0.09721637589920862,0.10129366131694115,-0.11058124897931505,-0.07048911659175836,0.007239279648664134,0.08965562094845426,0.04889765117655048,0.004784786453984249
14515,0.594650001036725,0.012241633682732912,-0.07519498769928538,0.02271844514173077,-0.05731537425908174,0.05611269880236926,0.09554351391181101,0.0002757087192335776,-0.0520014592059323,0.013199101645347664,-0.02800911795596704
14516,0.07435863703194125,-0.056298994938408384,0.007038433316644711,0.0017166590449507026,0.062036469388053204,0.2062258974099325,1.4453371303064972,0.14814237027353297,0.04986778466609062,-0.9367182485618131,-0.09491505796663652
14517,0.01123195900048051,-0.8383180015661448,0.10543011036592277,-0.02772585517067397,-0.005421583699594988,-0.04722303024469708,-0.00737465351952608,-0.03298123021560226,0.14552216009291927,1.0328644749049607,0.15608956222623763
14518,-0.1770043346147613,0.9001313107257946,0.016691424780234786,-0.018636266841481605,0.029446351270765184,-0.14853485756566837,0.014213851673940223,-0.5775824547801477,-0.04431720357215181,-0.12339212669474804,0.02549542952745094
14519,0.0828810073925916,-0.04045102250822934,0.12433469220425507,-0.6859471674976736,-0.09628360638238175,-0.2194909783610665,0.3229630786372176,0.7433547060561725,-0.09140290270988854,-0.05340308285253628,-0.0182126595215125
14520,-0.07411453475092404,0.06436757462006694,0.04958132449638234,0.7485580084402996,0.032621612147279495,0.04230632586499562,0.09227504319442811,-0.07919749667618114,0.004187070748559819,0.038750198691546875,-0.5804855005577061
14521,-0.047103688480300956,-0.06094053289224345,-0.1126346160112299,-0.06434497329169804,-0.43599490883727765,-0.10730917826012082,-0.03302914241453743,-0.03502355119022923,-0.14876422018963195,0.06300588915149041,0.8620872669826386
14522,-0.10489410455210935,0.13406410664005236,0.0669131406851243,-0.06348079654142208,0.626574169086509,-0.2196728105456486,-0.0667588536779655,0.10269859340967186,-0.26350564943559707,0.12503984874871713,0.04269841779799019
14523,-0.11525515972272912,-0.01692490327559039,-0.21161327236857502,-0.11216725714426101,-0.06543595012823286,0.025974768090036005,-0.2233151253476409,-0.03969620810568553,0.5102201337312292,-0.08646170159590233,-0.07949437509976136
14524,0.16264434630185082,0.20525001253537706,0.599391157407421,-0.09852714781392118,0.20610050616513764,-0.2326749041295293,0.03629458965562718,0.08561101039533772,-0.04010924099880902,0.07557676428087766,0.07015904458773975
14525,0.03653152522478071,-0.061427345704675576,0.14118685395129557,-0.01615347028584755,0.0330685647244954,-0.7177378509388471,-0.0020263327795707257,0.030376056173121307,0.015492746710464278,0.02370064615940775,-0.017336975115691357
14526,-0.3521074354987559,-0.04321697980631728,0.41881361229325625,0.03899108279851563,-0.02881896783674451,-0.11238194067738484,0.06847252897275748,-0.017630394425504486,-0.05058330503926277,-0.2646221965577523,-0.0346503598913321
14527,0.06631360669853208,0.6251219628674454,-0.04236504153718855,0.0057457727652626255,0.00514679366035781,0.011331302845673082,-0.028290076412323027,-0.04953135567573906,-0.09982185068591981,0.055375146926692834,-0.07753413680641211
14528,-1.663057303372352,-0.02305966184464823,0.0778454599956649,-0.05922476968305328,-0.05751992117288163,1.6599112954859345,-0.07115484263201272,0.06502937292740159,-0.009129310270764334,0.0879707293665835,-0.09653199084265601
14529,1.7391868138403463,-0.009054547486671113,0.0650916627229563,-0.013355432160808634,0.04940495289473268,0.19469415838503354,-0.9273068365150121,-0.011871691132561035,0.0551341089366906,0.0069675724013919015,0.024487155098786784
14530,0.7682245783459538,0.07156895919057993,0.1735064506792294,0.12090534773949035,0.05753357249071665,0.22781918788254502,0.16440426091219057,0.15429765460595296,0.013555722918941169,-0.052111491382179714,-0.16009160922395888
14531,0.5995894062194425,-0.027827075354037237,-0.029177173184228827,0.05229008735695844,-0.025855948071148847,0.03372859388772474,0.05427766534314874,-0.01686042728585687,0.0020149374186800347,-0.013701084900296602,-0.030887814718430225
14532,-0.18336184527405947,0.07426324661431803,0.1795418714906821,-0.045702610869026675,0.18153963012414578,-0.16265570315391856,1.3285896255615142,-0.046437362049786046,0.06591372245446081,-0.9658297004581707,-0.025124238128740598
14533,-0.012066810498811656,-0.6883321077234387,-0.04869901373448709,0.12997388105043634,0.08753875043126998,0.022440235684998738,-0.12045007638811385,-0.019392251708900125,0.11809410234636472,0.9926844625204536,-0.08021440627305762
14534,-0.17592519076735227,0.9883774543275559,0.055239080450056884,0.12454811279285766,0.06855993155176926,-0.004676966078921631,-0.06537957764289395,-0.6309884711021836,0.01209168151905456,0.0641880327428658,-0.019251138929677655
14535,0.01964004862258462,0.08785555570326065,0.019389017025328394,-0.5457409441204777,-0.010562568704702327,0.2596349394595033,0.08530928496502622,0.9800026590679646,0.005236382528839938,-0.031842628171106856,-0.07324534590226525
14536,0.0533901932540901,-0.04489108350092129,-0.10055779972889507,0.8092926996062665,-0.032169025640522625,0.108867688313033,0.045541922623552875,0.11007357064309563,0.007347475056931334,0.14290346902700987,-0.7501324843633104
14537,-0.18008548825545587,0.01625907633786807,-0.0777269965078673,0.018078146916005147,-0.7788436551930102,-0.03193301554851831,-0.062027387702238326,0.041898972347807685,0.005329093390010986,0.024455315315200756,0.9269679116937388
14538,0.13415331877798456,0.09724718634742366,0.08766888831607549,0.09659297834573247,0.6165803895494267,-0.004653492288180387,0.033300058690118525,-0.07252431390741917,0.005898874803054149,0.1298425375226331,-0.029327663085275894
14539,-0.0023776677627564725,-0.2021762479849939,0.002180884969434138,-0.13884630064841394,0.05406962293123686,0.1315940469248685,-0.011902247808153235,0.1591894101756378,0.4990718019827544,-0.22110339698741846,0.007000967985175492
14540,-0.12540250544004553,-0.03992838600054703,0.5768835423084859,-0.053030764008020995,0.018333095634791574,3.141879994295049e-05,-0.12971828869401947,0.025999268887580133,0.1466684548223783,-0.08665495614803931,0.08088634144556174
14541,-0.02871888041098728,-0.05430266479696886,-0.1142647163855948,-0.07960265825966166,-0.10164076526863633,-0.6798926054988442,-0.05676462151057554,-0.0062643499006675395,-0.03509444816228496,-0.011169687951851488,-0.06234377015823432
14542,0.05417192554878719,-0.058600568891549534,0.4060647904855542,0.03894855366661598,0.0005211634435783553,-0.21546330457272483,0.0064475748894370615,0.05628829420288804,0.032179321072841036,-0.21224466843930317,-0.007580413392500485
14543,-0.015850848227400828,0.7093918519455236,0.11720580726020031,-0.022220798100512366,-0.027955162532164315,-0.030483462631354777,0.01143359886881024,-0.002627447810823535,-0.02887898747723745,0.0507045207162396,0.0407301364026424
14544,-1.6257840941828743,0.04944640384997843,-0.0004171135663736912,-0.06672566208604422,0.03175173049311861,1.8758175401815338,-0.06476318233620036,0.043446284200751355,0.0281523750195291,-0.033866470378249545,-0.039918046045701185
14545,1.4269377226093345,-0.09458265098468696,0.0425314048689717,0.07988482814877369,0.028684233261171886,0.11491695179930178,-0.9608029410779938,-0.0429072461243379,-0.04618840072311351,-0.030636065932419763,0.07115528428400346
14546,0.8886941805135266,-0.09343922389713326,0.07608431569319891,0.11453295495042548,-0.04031734143166697,0.151475496002449,-0.03557614861753802,0.0166826923744997,-0.19562894051908972,-0.0031466952672938716,-0.0374955930137642
14547,0.6025580680352444,-0.030684103227263136,-0.04082813565133724,-0.028936258136144963,-0.040278053099331905,0.005405203425109674,0.0391491671589544,-0.029216009975979985,0.02535824284089648,-0.018142228075961643,-0.04787538706569577
14548,0.008780928268077328,0.02022891196627314,-0.014057475825327296,0.04936929243304481,-0.0660434551146001,-0.08022649831005504,1.301592934203635,0.0719599575153349,0.0942293308169462,-0.8224884806023456,0.2485877393513503
14549,0.010324523513294957,-0.8146175263036342,0.1073343626634664,0.04375866972914263,0.1358019903936156,-0.10028045152182818,0.03511408354882607,0.12399836186200146,-0.015046929313430506,0.8824692557379369,-0.018584340650998316
14550,0.2832056737767414,0.9226259015075653,0.08951562087092682,-0.031466683454535044,0.08169212880591736,0.02775207762009662,-0.1731990203652616,-0.6423710461428708,0.058176556210576214,0.07409741637290215,0.001794355467034877
14551,0.07477176783096176,-0.0007943631233637343,-0.0626117020813456,-0.6566990835086295,-0.02038579382883165,-0.12300900600230788,0.09416959058474283,0.8774726393018975,-0.0066487703354193815,0.09020911732594075,-0.013752156771929572
14552,0.07488639547413503,0.21880907739809716,0.08742776136582427,0.7666501654347269,0.011907901087743908,-0.007401807309778477,-0.09475442309903362,-0.07346665414440219,-0.030553083756290154,0.0363418867217479,-0.584505327029814
14553,0.18035766940602768,0.032673705608268586,-0.12950925436508962,0.08184400805232137,-0.48142692842366597,0.1407907274922475,0.07663648379295804,-0.04016088282124485,0.02971503198658459,-0.14958156780698106,0.9378948847061734
14554,-0.011684816336941439,0.13043273238842545,-0.10163692535537526,-0.08714361221149607,0.5940716306244048,0.12247158408610716,-0.019599312400357668,-0.10402025887690687,-0.26230733918410815,-0.014527824787929501,-0.02454003367912358
14555,0.07851147048605195,0.04773001735002347,-0.12217312112432012,0.10493230759759976,0.027978319723091297,0.0011495776206774508,0.018581950543247096,-0.06559427385432308,0.5094540165115643,0.020578367828640688,0.025793400256302636
14556,0.12445644944764851,-0.004113001552350634,0.5722735998317883,0.20499651630972007,0.10407506664556361,0.047871604346973975,0.0289029667559029,0.12417393214140306,-0.09814427824312422,-0.10602446648327428,0.17560053694878786
14557,0.041405268256955154,0.10286873729181131,-0.15078975404498116,-0.10857201708653548,-0.04967432825987086,-0.6887868306542217,-0.02410432490000777,-0.013516922491131357,-0.0832276664517297,0.054909044351768174,0.11756964940393627
14558,-0.04411081311610811,0.14290689759690267,0.43038867425893523,0.11051728485359073,0.10304726607106149,-0.19488984609557394,0.10257267026332433,0.03966339558277129,0.09494486154521553,0.04597820015289084,-0.03865942996797628
14559,-0.06481582011203543,0.6251079694440287,0.11927347023539885,0.003956148351018482,0.07279894793782232,0.08089707510919955,0.01948989288625253,0.048991277620575854,0.1275601664889445,0.0956417129604837,0.0073507945654243505
14560,-1.8004356220159188,-0.11119025393931914,-0.02903102629726523,-0.0347070976097822,0.1342961135733527,1.7431628007284952,0.05262316810674883,-0.0035879168685356184,0.07914734912434714,0.035885314753844426,0.057659410801129525
14561,1.4919970822487691,0.024563358295215942,0.11278154925103183,-0.030794370289812804,-0.01937276950342095,-0.002102423196450004,-1.0468279246683336,-0.03638848983088104,-0.004345224056745853,-0.022240977673344566,-0.12540506147992994
14562,1.0190604764186564,-0.09899923290110887,0.13187073217112075,-0.19237200293189538,0.09099143691196833,-0.13653997371911708,0.0021517178428964384,0.11903385563859852,-0.0658772676127885,-0.10156511763355566,-0.04877104361151498
14563,0.6435419464472242,-0.044162942325538315,-0.0374945018618445,0.013484637218475811,0.047209888250848944,0.0863848451281044,0.016577708062824614,-0.03127373063760427,-0.1265582933970888,-0.014804283005258339,-0.02892915806174549
14564,0.006008570803076202,-0.15343059792273844,0.017457629988008275,-0.014792203228571311,-0.08293973959118674,0.11856317539878328,1.1791253219347677,-0.006038343016212675,0.17399657318300552,-0.9129264786938476,-0.043873022493413544
14565,0.055160856982717936,-0.6351139029998548,-0.09308229318950069,-0.05036706344625745,0.06325266943837929,-0.11878273163087485,0.029841905091743247,-0.0233431873133886,-0.01165764420591543,0.9645958378202099,0.008607877739745489
14566,-0.059468894524376745,0.7995151799610138,0.06972420379462801,-0.10743951982214202,-0.0625677346806537,-0.08657322494781515,-0.06408779446639143,-0.7229529677476005,-0.04781736187252364,-0.05646758113163699,0.0604075232357086
14567,0.017410098017414475,0.009826229334038459,0.10592231214482634,-0.5434049373213976,-0.012852152644618819,0.018486071656475256,0.0950442591123224,0.8751504783611717,0.01548121099861112,-0.043753718730035224,-0.055791456295669194
14568,-0.01453629304965327,0.09920844592793694,0.034163237595808735,0.7543162574385724,0.01147115532701563,-0.0887733830584299,0.22498913576829332,0.007501003741420438,-0.05537052829548139,-0.028240565689324953,-0.5401615232188004
14569,-0.05084759057545202,0.015312038093658525,-0.09224899651997132,-0.01683676013045451,-0.5875580735932063,-0.020485917039417656,0.10293733747538242,-0.03851396763782484,-0.046864617733906315,-0.15631983221930995,0.8983891559083096
14570,-0.0778464196419925,0.1910201926738414,0.1402591045206701,0.011743862868741854,0.5797295683674853,0.08494462782150973,0.23900649636709878,-0.12942033009771278,-0.14847641854363552,-0.022008910022248897,-0.01805585541793317
14571,0.1898507283041896,0.10232867877436641,-0.20535491224107422,0.037580336829342344,-0.051080298995365106,-0.15880186330446014,0.09771203366328846,0.0019466889623954552,0.4705225014013808,0.05166281426740099,0.012818705372660496
14572,-0.0847928878670252,-0.0697591074202312,0.6159131086912436,-0.11036329863486127,-0.09485180191841795,-0.18615751191991034,0.04229466526539997,0.06457585891108633,-0.058113196272893373,-0.008462701870725514,-0.09448667060659215
14573,0.01944752665001672,-0.06386502073043425,0.00028564505604269626,-0.07744073920221077,0.0028292907926480548,-0.7289487758571077,-0.0031244704413127874,-0.10175943816353779,0.1536435065799501,-0.05522750570030698,-0.03402597223034769
14574,-0.10219322731782732,-0.03657531408683334,0.41790487769461876,0.09848074729319063,0.05545130707044043,0.03125612464088783,-0.0010345854857029763,0.2137532043855779,0.03428722201472558,0.04396637631492485,0.04412938225852167
14575,-0.1604809955332587,0.7797703809992669,0.10305871770709943,0.029382975402120082,-0.0038756625401311137,0.12742284826855282,0.0397857491945636,-0.08058511990649204,-0.054153794499367865,0.03310296304060779,-0.01653689330497598
14576,-1.8670184333568536,0.030567579817560288,0.03549306311260533,-0.08650654204323609,0.09902352669447491,1.8877932874683132,-0.0640263793003756,0.1294628416259577,-0.06997912264741712,-0.026678059333553515,-0.07203199496296425
14577,1.2038550982924456,0.09623356539846382,0.008776805971636256,0.05471668203728195,-0.02260894010105156,-0.08171091783381555,-0.9485491031008895,-0.1101561174394064,-0.11327061197178416,0.007035478965926815,-0.03844480980493331
14578,0.8128565991603758,-0.11409175441853942,-0.18738333707402932,-0.06014949943626283,-0.17241656869607888,-0.033995515668966345,-0.16561751744821362,-0.08591233696981286,-0.1313984765033582,-0.08631291455983171,-0.03747759694512521
14579,0.6179538769748066,0.02886578530029254,-0.0022020730975358897,0.06666748612458545,-0.05840610952591383,0.008446728917978864,-0.03326648846940546,0.010997081585391701,0.0036000519185664433,0.023685520248398408,0.04604166243307972
14580,0.12671743709672809,0.07628409016242191,-0.04256065799646551,0.08852247542222083,-0.013468306309942734,0.016801249719202552,1.2235555136282383,0.128815049608448,0.005247755352934773,-0.9015570029655834,-0.08884306397726974
14581,0.058898240197592294,-0.5702755805035091,-0.11809308908857244,0.02805952621986952,0.006444605826592581,-0.08401795438432634,-0.07671040964853354,0.08326361779861052,-0.031763499149029574,0.969726856746242,0.018313978619966923
14582,0.2691966428408488,0.9846133372959897,0.02508572961957416,-0.013756552137542467,0.035836424228689746,0.009720204472189447,0.07247521221733293,-0.4903578775288571,-0.04683956643878669,-0.14258464023735948,0.019560986149869522
14583,-0.04985710098706584,-0.014805965822521848,-0.035072272472885496,-0.5808097543447382,-0.09592992081157453,0.3302564578269266,-0.06439775028452507,0.8575472832170532,-0.045504356801687254,0.08509124656000572,0.06276898162445993
14584,0.24344760186149705,0.0030817998171333047,0.09598388621407856,0.7378812232289175,0.13070730732011165,0.07323915187351066,0.025885223056699862,-0.05683132697191967,0.019958781927662157,0.008824371309628662,-0.5613931314647804
14585,0.013239912492739616,-0.0273306953795215,0.1515740769727888,-0.022412484218690312,-0.304180023913335,-0.027226131702892398,-0.24836582081143074,-0.07135612920003692,-0.07091864685129026,-0.02041814625048515,0.8948213964287876
14586,-0.22618446272320172,0.1036933646133726,0.012849448676102045,0.12336484980314612,0.6261014246212111,0.07624670387034933,0.1134200222910106,-0.0035429622076900624,-0.13991134449222367,-0.027654215431189514,-0.06572578013324809
14587,0.06282403421941322,0.030340026544687756,-0.24972872333131907,-0.10598961035999793,-0.0261843197204531,-0.09064340738334567,0.05968992635620994,0.16299400019234056,0.4863063807442554,-0.012458524249589802,-0.005698086751311655
14588,-0.24007545124854676,0.03424798953558038,0.6174927034546464,0.011671730229895793,-0.04197004359571736,0.031006396144225977,-0.05025142843075817,-0.2648367469671001,0.13123370623385047,0.22728724612988438,0.0876523278581874
14589,0.03255860499497272,-0.09570336075961579,0.04299961958361501,0.040881517318247,0.14506440314022157,-0.6483135726722672,0.003561017802385835,0.0015994553847192997,0.14689527321769758,0.05841202534395394,0.024043078787866552
14590,0.04915744537255738,0.13779913492892443,0.4193198850745263,0.02766735165652799,-0.08346130703700284,0.3045292286775964,-0.07417353023555204,0.011004863559169584,-0.09851673782314384,0.04345668000160986,0.07227356226852963
14591,0.016278669444620142,0.6484287797032623,-0.1475536907916868,0.0075499370070507,0.052616595881659,-0.08472107939291192,-0.29010353789205345,-0.03402599906515619,-0.023159109773383493,-0.06307528738022651,9.496843137463606e-06
14592,-1.7464175907884312,0.07784336414609089,-0.17383987094925513,0.003001852779745922,0.07849447507994052,1.5509601165506066,-0.07978253553307439,0.03740560302628744,0.0212377585961286,0.12899310551623236,0.12798896144092367
14593,1.404265965222591,0.11013542981590371,-0.019193972423814317,-0.07343790155670443,0.12255947607635272,0.0326567807759367,-0.861001928048224,-0.011518715498384895,-0.007943109966158131,-0.03175181533436598,0.08678617922481535
14594,0.8456476689749602,0.1561616407882903,-0.0015044505700442822,-0.08601404691703325,0.06776933065772904,0.17452259231811135,0.00527151470674408,0.10671679532574394,0.034957947824889646,-0.022494950809177,-0.0541746556663979
14595,0.6015590315008079,0.013381184131405833,-0.034466294976513254,0.046154637085616,-0.009811095940884886,0.08629813206570335,-0.027431459104738577,-0.006585620509144465,-0.0552082888606347,-0.04993437957810382,0.014712901415716201
14596,-0.050996692585148884,0.04545903228955121,0.033944946835174475,-0.13593939480340397,0.06684169342482654,-0.16430494655286376,1.2815965237355684,0.034217653237627425,-0.05486072089880562,-0.8765281758890642,0.16161246634390417
14597,0.05790487956926623,-0.7080284107478279,0.0037534018627628967,0.09744142730768,0.08094646855600185,0.20949824872401462,-0.010687390750441436,0.031121549422825256,-0.15389552842107357,0.9223106943967452,-0.10424815244523813
14598,0.06896194830223205,1.0122820141251547,0.012098748351717795,0.006333073168386952,0.06355954769062237,0.06054036305332114,0.008865614227526348,-0.6382267238448185,0.010994279355521082,-0.253098178391508,0.04369740544610618
14599,-0.10053903258246036,-0.04245848416561201,0.11729519057001095,-0.4414030936404192,-0.08244378410169756,-0.07295757038682199,0.06941898368318047,0.846627753185305,-0.10319490484711785,-0.018062429652745043,0.03248762935171421
14600,-0.1092439700230407,-0.059087511048873775,-0.0037069370942239307,0.7804523700952151,0.022604967858191816,0.04206665610691411,0.2459112325145997,0.09070375509867931,0.06300686692185417,0.026373152999068037,-0.3706515277012741
14601,-0.16547141807702978,-0.037721766964715416,-0.1035324675259845,-0.047933214224648364,-0.5753989892320825,0.03590835782224483,-0.13787480556549334,-0.010997868805704875,-0.08446903755732746,0.06986686985199367,0.9159015597450462
14602,0.04222344429750113,0.10928149608299807,0.010797811412959123,-0.10101559505876022,0.5931421416251061,-0.1452211249834436,-0.12348590099495595,-0.049068758420694705,-0.4744593045907508,0.009021955631973215,-0.02703673856761444
14603,-0.028259590248970755,-0.14891466283090052,-0.10619033262615647,0.1625400773328161,-0.10415318483348032,0.1311290312502424,-0.15604303754711465,0.014575788869826994,0.4793096432980692,0.010861006581993717,-0.0784100849345366
14604,-0.09002528050356896,-0.07601665836080308,0.5913816119512599,-0.04518873710303385,0.002212339955735827,-0.19596040506274204,-0.035122299870904136,-0.11090127267844938,0.09306263626096184,-0.08278749696338625,0.09803952991654097
14605,-0.05489886766241214,0.036090421055672416,-0.14599107928207927,-0.10253011730595046,-0.04265656208245418,-0.6265983062515614,0.008158655832126365,0.05498113351797505,-0.014805355852100155,-0.07678705724571823,0.04816034973633014
14606,0.12444948307450956,-0.1298499443248355,0.40587634661073785,-0.002101972291204818,-0.015577735835254646,0.12965031109781627,0.05977751465895474,-0.030425107065764078,0.04188106593179802,0.08417624562731807,0.06273016439397647
14607,0.0037795734277980553,0.7183251468795573,-0.06041611624337885,-0.03398835294188454,-0.03822715172661739,0.08410716219542694,0.046806974326198916,0.0006986545797240005,0.041406152223163115,0.17118736073122806,-0.03239241948555319
14608,-1.8119723374778187,-0.10719070556091345,-0.15336388473301557,-0.10795123784181387,0.08985858678875934,1.6564099437445103,-0.10616505754587813,0.024162740865222705,0.001873556048980377,0.04531747804577439,0.045906231734589936
14609,1.2179016009227661,0.015456214119503767,-0.053948252610913544,-0.04047546698736669,0.07376662032755839,-0.17917373794553418,-0.9364849709143058,0.025466434680017955,0.09755217073653666,-0.03775032818511481,-0.07831095410987131
14610,0.849662492094435,-0.2195860632369563,-0.22855834705330563,0.06987694388609016,-0.13352984898631562,0.002307364466912813,0.04443069877445465,-0.028593355334609882,0.08793208390390791,-0.07982683999790037,-0.0994054904811918
14611,0.5550227398381296,-0.01982552031275485,-0.006892847259450322,0.05720385712967921,0.07085546433543047,0.07522566478623098,-0.0005178143134030801,-0.021024823716193818,-0.006081341322476592,-0.011905123674686463,-0.021586206953221033
14612,-0.03856198148151355,-0.1362355174561348,0.012550563542017109,-0.025023385367040983,0.1388693227896164,0.26280659636550946,1.4154941194611599,-0.0344116353117871,0.059224394551305355,-0.8977994888264661,0.0697019121121515
14613,-0.019285969523400247,-0.7767050023392816,0.030001780981931285,-0.05596082810249145,0.0303793644722405,0.12836184371057424,-0.005284461299625122,-0.057247250420673565,0.0016185601412096254,0.8809469114657675,0.10626596115253209
14614,-0.022727377562613768,0.9978568073002219,-0.08473865707518817,-0.012345032542353581,0.04951122354621353,-0.06059687401596576,-0.08878442340806503,-0.5280700512404376,0.01672794232732354,0.24246334350093318,-0.07548415845718777
14615,-0.22533911236204293,0.13381662467088773,-0.019441191394400106,-0.5588256842786453,0.001483529388384211,-0.040382544619729226,-0.09107170792246855,0.8102386082461741,0.023566479920837376,0.023903068009854648,-0.08384521488916422
14616,0.017991883090673687,-0.044033266030204785,-0.04951504701769163,0.7611984548607948,0.04181765564212897,-0.11839515481788301,0.022467794568421455,0.057055092741175796,0.2209810740796864,0.223461141255507,-0.596597924150718
14617,0.035745155991195696,-0.034284740282833,-0.014086543253605723,0.011856132138258266,-0.5243835594766687,-0.016743599173008033,0.004779882145123879,-0.03203573932565473,-0.08842285365539179,-0.21543602910458348,0.80778670683412
14618,-0.07530448629888027,0.018945789588640384,-0.12452453589952504,0.02037526968685165,0.6255404268077737,0.16203773995681164,-0.07503093353204875,0.16283843312661403,-0.3614577827864782,-0.05889030161750664,0.057857932087104026
14619,-0.323393859531038,0.016718412792173683,0.037252791547022546,-0.12885970928664603,-0.12809877921786703,0.011872830488394737,-0.03871504373103469,-0.027414706430267624,0.4908333708130269,0.04630809290096012,-0.05612397525451215
14620,0.034831281405791156,0.1588722231691211,0.5534779642160302,0.03261790974705568,0.06826793335543481,0.14416334952947224,0.047478103323295086,0.03279070416297299,-0.0127465032104409,-0.044966352910100364,0.07876388452162769
14621,-0.0024574500663935585,0.020782519925432764,0.08595460916521655,0.04784341122571276,0.11668813819707723,-0.6439853928259502,-0.0039022084873705093,-0.10397376368022816,0.05108745285776895,0.015448316112530013,0.18556693523882428
14622,0.04078577045377694,0.20716249703090941,0.4149121073933948,-0.05111295891172605,0.01802428788291912,0.3504400035616598,-0.3729571536417482,0.08513792602697022,-0.09092367340403612,-0.07151225514465055,-0.07750762902698921
14623,-0.10301915346773668,0.6375927207064793,-0.07223675120848752,-0.006873033890991391,-0.02281693519466319,-0.040270820033454224,0.141320338456973,0.030242907517530376,0.006550094815333723,-0.003098053019020811,-0.03894566863153797
14624,-1.7508390403795766,0.048562791211775744,0.05922702839923771,0.09530702437001941,0.11803435118385949,1.5543928366306647,-0.06428066519589339,0.057804530874592766,-0.12125163641073186,-0.053701967825308526,-0.07587137305044336
14625,1.4008684698793796,0.15730811028050803,0.19716029950205655,-0.08630759093937905,-0.16161049494129875,0.03376216016235517,-0.9913582242640834,0.021544372320666475,0.040414770815490615,0.009750144201707979,0.03933999230805637
14626,0.8688019500349607,0.22240148788606523,0.06154831150131588,-0.09615328780105546,-0.16624131407632903,-0.11791662894614983,-0.20770272258977196,0.09827493453702488,-0.04812943788628857,0.12120817574992117,0.021409926521579505
14627,0.6282681027448831,0.002535586131926287,-0.02127261292178211,0.006776378826176147,0.011496755580679842,0.018566060104387622,-0.06072656421019746,-0.035385711677305705,-0.08718476478331126,0.010222391173851254,0.029672318673102372
14628,0.040259665225928984,-0.06654023334635963,0.20596877662563687,0.03548166715008491,0.11227109237387085,-0.07500737368090843,1.242052486179158,0.04002215736179621,-0.10139687518075949,-0.9175002054648276,-0.0027681945590927776
14629,0.06236175319236291,-0.5040246445564879,0.03663078023780983,0.0006917644352389648,-0.03733809392114757,0.11116229572939708,0.14132605622307748,-0.02068594915276982,0.008812209400131384,0.8525173605556836,0.000521425570451926
14630,-0.012889722868424781,0.8533410807421025,-0.012898511257055502,0.07716701968132646,-0.027108139703914014,-0.24094571971687503,0.2157741541641693,-0.5411279332700426,0.008376058682464181,0.1519775961658755,-0.04526887544299595
14631,-0.04324330007008826,-0.00980058448351362,-0.08215217825120491,-0.43048214258059775,0.010712809043778004,0.08188769554400921,0.057527421417755006,0.7853262377794933,-0.016129327712954417,-0.10088160623494968,-0.1838065937789689
14632,-0.03436470958014604,-0.022199994585721736,-0.03583547321841078,0.76627259435649,-0.1272655398009952,-0.10665299715962595,0.0026141913987477172,-0.08808797413711893,0.09497965160361979,0.010167396802682332,-0.4372101719346723
14633,-0.025310227470022758,0.1782294473278162,-0.010072272292166666,0.021300744540815507,-0.5932539893419083,-0.03209351019713196,0.007151344015465071,0.10265225975720055,0.011002483613767475,0.0290131089750459,0.7914126684975021
14634,0.09792178803510589,0.03538759873486273,0.1456867120162122,-0.10703920896004424,0.5579647325303742,-0.10001754036324052,-0.12007664064502767,-0.021006523993477844,-0.18278629400379628,0.11131692316085638,0.018189818702394302
14635,-0.006851037616624707,0.13238335476646454,-0.2770411764460064,0.025464175411683696,-0.04469806506285534,0.019169598429089253,-0.19534796828578602,-0.043272568195024334,0.45154839897984117,-0.12705389570202205,0.016565308216608225
14636,0.3065288426368468,-0.13718061304564685,0.6057594698899698,-0.05635795002613525,0.0073757328077310785,0.1627329723868385,0.08581407514547101,-0.07143532016060326,0.03525951842807424,0.18141233590406386,0.020764544667198032
14637,0.015875580870753445,-0.09634651561079609,0.03398520625935773,-0.05327090631109265,0.043395118676258525,-0.6004114828573432,-0.027671342312585938,0.07735859581800617,0.0369215479640017,0.11346094165149735,-0.04608582955705191
14638,0.0352729421383403,-0.16389476686976814,0.4384910799263482,-0.1568690428818869,-0.042616652997511065,-0.19548776384147906,-0.281715886816538,-0.007336919673789334,-0.020422722178961177,-0.11703246331379841,-0.03938275781018952
14639,-0.012704332604317118,0.6260947435840931,-0.00408630625517902,0.004954998021517491,0.006866117819555099,0.12295476057810312,0.0186990756314029,0.03514678176324104,-0.005397057719175871,0.07999735812818592,0.011743947723259736
14640,-1.6892878979679158,0.08882369028097435,-0.12925857080913405,0.08236182314305455,-0.0674019800335383,1.6138446350103317,-0.1207991754496887,-0.06354966508716343,0.029986717777341413,0.03858312535908848,0.012407547410974723
14641,1.1993951970001149,0.03084093735810085,0.01098669279567911,0.06200131874950412,0.004138007188927384,-0.141912695765862,-0.9570789244378626,-0.007787124879412047,0.0027770694346398823,-0.0001491011042329775,-0.14382607140204173
14642,0.9771946552663008,0.09060365280645495,0.0867651150231842,0.07722772055827654,-0.07190961323299833,-0.057202786046860216,0.03590659084247388,0.08232287059141327,0.03611523047482261,-0.1001347707504789,-0.02137464076923276
14643,0.6442593961807139,-0.01214065449949841,0.06163802056380712,0.008488996596995362,-0.0274300651923424,0.005481669232750563,-0.040520876039092504,0.045537184526598704,-0.03026565701844327,-0.009589243192610376,-0.02632209960269238
14644,-0.02261831710274653,-0.06833480573652088,0.05702093369800679,0.07470546472291698,-0.0035293139177482984,-0.08248011315029069,1.1494127751234682,-0.018184786739448327,0.011569406044418269,-0.8555588320049288,0.04079883166068869
14645,0.1512688268216054,-0.6163255122842823,-0.04551967447075802,-0.05669040754961771,0.04772814595591438,0.027894498428464764,-0.10168862470755552,-0.07014011709628935,-0.035977774210833216,1.040196718513817,-0.05911007243057227
14646,-0.11641201825272264,0.8405441072295534,0.21561674705417722,-0.010197717753524538,0.024574968320994928,-0.1397533224506683,-0.025852007990646353,-0.6726833942314075,-0.07005959986630393,0.014829967295867857,-0.023903017693663327
14647,0.06823084147108628,-0.08096817799150854,0.18412214085474823,-0.6175297950420827,-0.09454595189235492,-0.10503536647748632,-0.012761839437397265,0.8700235284466956,0.02966531892468562,-0.08872439422547054,0.027818492913083324
14648,-0.06261394782180421,0.13487978691463742,-0.008582022415470474,0.8354587786008799,-0.07374302554187569,0.14820927674025688,-0.028222913639847184,0.012755248477115419,0.08121973073808471,0.04668238147426752,-0.435998714477749
14649,0.04035474936083552,0.012599633201813207,0.12085352241294042,0.04311833465631729,-0.5551377233992234,-0.007546926545241388,-0.07751891562618976,0.14932599462034962,-0.05908532427033021,-0.1481458815254861,0.8500327573738049
14650,0.04744677622744795,0.14826285105109302,-0.11997846159812534,0.04837948392122791,0.6065197689140014,0.0381204130105568,-0.21690816636877244,-0.03322125116013167,-0.2636340456936493,-0.0697160115462472,0.014769998995956067
14651,0.09938745710880907,-0.06761322208061285,-0.1866671418649854,-0.023955833169430316,0.04025384132747956,0.10483654212906147,0.10889184663287664,0.27611525066810366,0.4864043823325488,0.056975918465158065,-0.13120041896467904
14652,0.10724650335013128,0.11357214441230665,0.6297112004863146,0.028710510034156936,0.03743046708562403,-0.03403834667992463,-0.006548693683381175,-0.032701985232129124,-0.008330301828791412,0.10461053976606148,0.025581552580510983
14653,-0.009195748755115994,-0.014888999445315555,0.029669531561120545,0.04828199504791161,-0.011219986957029554,-0.6517942397962422,0.08680577012313652,-0.02094798266268671,-0.11905414778515652,-0.03443511088986795,0.12416459032657613
14654,0.07829621842554846,0.1361631137003295,0.40401363174389116,0.12795587016603988,0.05218231466518391,0.06976948949931908,0.09342094864821573,-0.04622281006860903,-0.0836052100241966,0.09969779737429899,0.019346473087887624
14655,0.2488380070246747,0.6902858671101042,0.006514755200132741,-0.01825327271017591,-0.015353807271004178,-0.0048082701646436354,-0.07377891843559918,0.00931431008672042,0.07121231641823239,0.15815507873653892,-0.027217993409103077
14656,-1.8235016613940713,0.05286719372965053,0.030266662438223416,-0.03920454734167894,0.0590761337257726,1.7792710729233394,-0.03390216878595985,0.045593053177238545,-0.15705893951194505,-0.10404063443748693,-0.07847885822714057
14657,1.358415791075759,0.04958421914812157,-0.026790001286821356,0.09844367144625417,0.03583469732732325,0.1280340670552804,-1.0726837481933291,0.04655369294211121,-0.03735871785809651,0.05620158451095435,0.013160373992925516
14658,0.8087810503294344,-0.0830657918103252,-0.007740889651770917,-0.02219003902915758,-0.08809617402400854,0.08176068339846487,-0.10547456916429844,-0.043417796956846236,0.03072973265450202,0.05737737220526489,0.09386615244126736
14659,0.6430015936601118,0.015548852114174136,-0.052978502415230035,0.01423714503270923,-0.024200356048737548,0.15647805178190163,-0.011643557362045434,0.04950499520989449,-0.03556840381553791,0.020472462809232886,-0.03490922665954409
14660,0.16783444259812616,0.0009475100453882517,0.058734470591698874,-0.10926693496302108,-0.017221285512372335,0.1144279030031572,1.301283050769396,0.021136927023606804,-0.09485503603400026,-0.9247416590256187,0.010316152064132911
14661,-0.12196587748983323,-0.7906553997687775,0.09237611324248499,0.009391778519583682,-0.009955585046762735,-0.05293619625348352,0.020222767436367656,-0.049296288883854636,-0.08055143792445989,0.9452701126942772,-0.10404815511629213
14662,-0.05226183866082371,0.9268399444264028,-0.03610772061069856,0.16608276350036244,-0.0004267362832391826,0.18109522504184972,0.04683508964608288,-0.7157744145771581,0.009459995506684735,0.12345593912327803,0.011172396154091515
14663,-0.022503305166212916,-0.002537643185616597,0.01575307889843657,-0.5877608962441165,0.025222689294540038,0.08043889167499255,-0.04241003856986554,0.8862792598823668,0.06430398347166813,0.06504531211539359,-0.12420212325404925
14664,0.09472628204791154,-0.0870373043653094,0.05186822859732725,0.7304046959553735,-0.15015801073788512,-0.1910411292043233,0.05520707851708419,-0.0643285861166886,0.033969875032184974,-0.13115529859866137,-0.4881972472726751
14665,0.09470126609761276,0.07824489540967593,0.024917715214478237,0.05001407777726392,-0.20209243056568021,-0.0867841437376122,0.04426755318659911,-0.11476284317716033,-0.0992708636722168,-0.022727791096523516,0.8940007142519131
14666,0.1043099071052288,0.18125169827603838,0.06315933561205773,-0.02086508194512708,0.5977612231675355,-0.10929537692386236,-0.012634716032536998,0.10295674141352204,-0.12460784553839829,0.07404787308916926,0.00037078761910923266
14667,-0.008586068007640358,0.17251315145034415,-0.07434868075312102,0.16002786193667928,0.018865816046827442,-0.01133731356843755,-0.029870796442843454,-0.0807988200050718,0.49674292021628097,0.11396846030217792,-0.07407494160357593
14668,0.17378306080335962,0.10440108992771954,0.5824296471227252,-0.00793907104376778,-0.06353895925416522,0.1693877969286737,0.032210674790474014,0.12865024247618703,-0.0729144537393806,-0.08337127792422681,-0.01969314017734356
14669,-0.061545595398333694,0.12904068963337217,-0.13951862697582898,0.15886119000333776,0.03783880992031086,-0.6775181075561599,-0.010026211268177604,-0.012448114243826632,-0.05389290550120025,0.049105254953631765,-0.07707254121561165
14670,-0.2050764157204288,-0.05582798483946265,0.434144628641872,0.013885978934269032,0.02536021342561764,0.07229508949425667,-0.03291368913916508,-0.16216728616447712,0.04322581460010072,0.001283844671628339,0.08805890564106805
14671,-0.023891823371328523,0.6861197342051556,0.05697494534455001,-0.012028880315516542,-0.001826820357664372,0.11084171402577497,-0.057638323578207376,-0.014986005931233802,0.008000270375109076,-0.09421080857545328,0.04667560787642453
14672,-2.0699627031484416,0.02082480943714779,0.10392517133953191,0.17525275235578236,0.049564389498583016,1.8510779322081168,-0.21174439462971525,0.0242043395192636,-0.055232474302985814,2.9572556391317846e-05,0.11763215423104553
14673,1.3425304367388204,-0.07285424645850955,-0.0022030205500997327,-0.06332944171728452,0.02731994892150116,-0.1336477336029675,-1.0834355207016173,0.06414130849008448,0.025255629476575964,-0.06569675556136348,0.08715282987313458
14674,0.8692428836553701,0.019349040906838866,0.12202032630960048,-0.0912393019809495,-0.0985747821273395,-0.05358513088895053,-0.05524912636892655,-0.052815940262140045,-0.05734370468821323,0.05216166602073691,-0.11390330767187742
14675,0.5781718494787501,0.01925311603232585,0.01665188702367431,-0.04222799143767966,0.02120087323452194,0.0497336014623683,0.04130757099104831,-0.016676743867494605,-0.02757331550419319,-0.00042796273408050173,0.009777934486608096
14676,0.10279902643471767,-0.028295455288494177,0.023785775707825307,-0.17589715358739313,0.016581981235853267,-0.14512815290335482,1.3337380838450976,0.02473481947128563,0.1165483999238543,-0.9661734719320145,-0.06298513977379502
14677,-0.13850133865686096,-0.7475897006241254,-0.06067034152682956,0.009276172332337048,-0.02001000253394789,-0.06077111881631764,-0.024966391450691707,0.06736452398306574,-0.03527067765803102,1.003083601565332,-0.15608512121401646
14678,-0.10028117229139442,0.8671116699098232,0.10915273369291059,-0.04228405302813608,-0.05726003045048422,-0.03865432530217192,-0.07795689716797326,-0.6279045926491378,0.009913418519987194,0.042414720815732464,-0.0012273289864605263
14679,0.03482293585716239,-0.012852018417566998,-0.20655027106846957,-0.6348407136075283,0.005147159166796882,0.004708313496737386,-0.16096599048216215,0.7911793351151667,0.08903786525469394,0.2025116976010482,-0.07957769856754388
14680,0.23197647329106008,-0.12267284335564566,-0.05714043137397619,0.7368331547191296,-0.06861041277350369,-0.12262747286433776,0.07797053095707598,-0.08684880599989464,0.04507827452814904,0.05405588697376445,-0.49947960175591993
14681,-0.20253370694894593,0.15342369766943065,-0.021550530645266578,0.04945420990778999,-0.41870298867692995,0.03479509179862767,-0.04262621495638469,-0.10122266209396025,0.05165940000600854,-0.03146712712397972,0.8966073149211433
14682,0.11824580955550276,0.10121312445433586,-0.020876391515001116,-0.046657640707899725,0.623275464441592,-0.17425364616144562,-0.08846912907668439,-0.033645035326890706,-0.37058994489494984,0.025598109341142556,0.03938406523737333
14683,-0.006410768670257004,-0.02060658038312032,-0.00674541809403266,-0.1960656421773758,-0.03466403219468026,0.02430522996415271,-0.07492916878871873,0.12185772059428956,0.5462766589407556,0.047253532588839256,0.01966219061744997
14684,-0.11409790431156212,0.13132733538586944,0.5654412707583389,0.18945070391555938,-0.13311190388915314,-0.0025301611779525376,0.06027613836317031,0.07589447319565466,-0.1010414382949536,0.049648319832196794,0.06360267072068379
14685,0.10040604451822348,-0.07829290669184878,0.1601833676771261,-0.09983424858391339,0.02479537317477195,-0.695483173976326,-0.0313847751422435,-0.02990343490991691,0.025096795382112718,0.028490287861815546,-0.04145452736287958
14686,-0.04013248316018855,0.12785722137899586,0.4170664170561736,-0.10636329657197217,0.05320586944979824,0.02763349697893313,-0.21504091246272186,-0.09669391964962673,-0.09517593926108181,0.028401121311137846,0.1334074882438819
14687,0.012986147654848023,0.7389280861330825,-0.052885470718508285,-0.02757435319689948,0.005884834891825933,0.046460519618641206,0.11448210326581812,-0.0008873718323944395,0.0068389354596083895,0.07632059946994739,-0.05959006770719341
14688,-1.8311358236034958,-0.008691450772080419,0.021730124250776778,-0.020288889192560906,0.04722941030556411,1.9356814089068206,-0.11204898644690774,0.09754917529735808,0.03477311648581376,-0.14283306517709846,-0.005441108521187973
14689,1.735235720831212,-0.009023938527276065,0.038330116619703224,0.08457947467705479,-0.029731051396593988,0.048136648189481386,-0.8942338206941167,0.005552717242398393,0.1120980322635176,-0.040363676600606774,-0.03250618978897282
14690,0.9055195208063617,0.1099708164380271,0.04353859955312147,0.05180095982560674,0.07697150024574816,0.15844841696846618,0.0009241497454843771,-0.1016124003471494,-0.008846911832241802,-0.0443677679137811,0.029604821424378695
14691,0.6136121009424439,0.023186365439572906,-0.010952180343270283,-0.012512171155725582,0.0023242044041692266,0.10958405671810154,-0.011462285176266832,0.015556872412704576,-0.02164654788136891,0.07166844220384581,-0.025682792606495385
14692,0.10409788077764091,-0.001713523872259618,-0.051137217069753174,-0.04775520501340822,-0.04913141366586348,0.17617159755734788,1.2154831184369816,0.10749552417143761,0.0250510365547889,-0.8330523471205147,0.023980653075359275
14693,0.10251438453479934,-0.6760459348578987,-0.051406305884647306,0.02743145883180298,-0.0925727865249627,0.1394570938727962,-0.03337392433569755,-0.07604090440312847,0.14198404093192268,1.0070952461420917,0.018980733666723038
14694,0.30352805625976875,0.8842532407028822,0.009972788360171073,-0.08359925474177901,0.01701028597807692,0.19393372469394593,-0.2598128836917545,-0.5005950189560837,0.025959211329170902,-0.12943505743095704,-0.03321533845278728
14695,0.10898403941606338,0.02711816817871575,-0.10351983827438688,-0.5427337754546243,-0.035776095311136215,-0.06062103714981492,0.03329710186627313,0.8317420161146084,0.0024495729960646757,0.10175350542905476,-0.11116050543459524
14696,-0.013890767782598533,0.12218385808876274,-0.00016448175176871603,0.7556690739130425,0.16200486814104695,0.16967544085529154,0.019845802201190546,0.0028008030549987223,0.026912066310903277,-0.039297176205038316,-0.5761168159996457
14697,-0.060931879227372476,0.04674536987334592,0.002112639779451848,0.0019755996790858316,-0.5544084696025684,0.01988225379918269,-0.011783495551231824,0.063236186458175,0.0343195373487161,-0.1450693630517736,0.9196793425759767
14698,0.2622073116948144,0.039634405747890754,-0.0599597986273676,0.07300124783124505,0.5661002630659021,0.02005811299789287,-0.14009532714960318,-0.07863124727017283,-0.1932446558693926,0.0316885266086213,0.00569211662815835
14699,0.0537087415202065,0.19825307472548287,0.033914096486421214,-0.16873527160010174,0.04087732870384275,0.05296622486992782,-0.047498784904344345,-0.05216033440631198,0.4511932110463289,0.10635177724955129,-0.07664978334569819
14700,-0.19195067329236035,0.003762092881149687,0.6173536547755624,0.0460532880754389,-0.0547802995763563,-0.013552458781786928,0.07780198915149672,-0.10771778352034297,0.11365574248624702,-0.09104954521435676,-0.021267248486947235
14701,-0.03706164085758093,0.03524896291806612,0.006785650668938064,-0.013363688111360553,0.029305507694325973,-0.6684404504033925,-0.03683031363340102,0.005444328536552268,0.06878464484938426,0.024727401557353257,-0.05588684197528612
14702,0.12790443860341605,-0.004175961628617926,0.43093265275527914,0.040383539802319006,-0.027270502064988895,0.029393225146004794,-0.12937612623209793,0.011032389791785915,-0.13397577386583387,0.10268107051364596,-0.0747124635724401
14703,0.1594855034701454,0.7296723820137315,0.09594771823875749,-0.021392616765896013,-0.09690574478554191,-0.11648955888841946,0.1632127228788231,-0.06744012915478449,-0.06311553557006241,0.007444020822304385,-0.028180730725331674
14704,-1.9249228978746054,0.002099693280858496,0.019172017952309127,-0.05809617021420288,-0.06879266104572658,1.9362039449989406,0.0476161502848865,-0.06672861242300866,-0.006657377514128785,-0.09350731990510386,-0.018019080089098874
14705,1.4318290317576743,0.02668019404947807,-0.032069020868444174,0.079129374622172,-0.1253203506805071,0.19533276284236833,-0.9742501087859405,-0.026683575375920976,0.07332149856665533,-0.007748828477097312,0.10168020756868813
14706,0.6737125428567567,-0.08388548102590478,0.0333808732225598,-0.04180229592221699,0.07963783168253036,0.033544550055206304,0.07594364810563978,0.14240111630879437,0.13130321908234108,-0.01058180897684552,0.02553520759250774
14707,0.6314037825364142,0.013276895814955862,-0.05331857489835706,-0.10991062763926553,0.008243840004168546,0.04002318750649901,0.017717267753962682,-0.01312875828963526,0.004365307197473741,-0.045957240226240564,0.016409485667945426
14708,-0.11620704594929894,-0.1385484600792624,0.12187981982019838,-0.10612643248451979,0.011088054475230232,-0.006540692139031188,1.390098969442964,0.020324213320639172,0.049904493288617756,-0.9999164055122963,0.003610665510477811
14709,-0.04936488629032516,-0.7562419595810688,-0.05055422970342662,0.053364373815399255,0.07914421061584018,-0.12371119932325945,-0.04447020119678729,0.09519143161601423,-0.041570885691750506,0.9542968716319907,-0.09861499445654835
14710,0.10204638163255372,0.8904490387509004,-0.011482527681004141,0.0036000293136878346,-0.07106535984224135,-0.11746234877447562,0.0021117092297907453,-0.5757912041226791,-0.01574958437249005,0.08259884652423914,0.0245781029726954
14711,-0.28108597958430037,0.02715595063937096,0.061005144751562546,-0.4655729809182201,-0.013167948910786043,-0.011295141899563136,-0.18992213189513688,0.8338463153426162,0.04757260829342172,0.031926208804027446,0.06466160526374445
14712,-0.0950100824974326,0.14586716029905508,0.034995708029468796,0.807373966072004,-0.04361197144281537,-0.11748588884147854,-0.04636047401666832,0.04704283921032006,-0.08536492781297747,-0.31816471100717797,-0.4387337835103076
14713,-0.027647471468019515,-0.15001395093317899,-0.005436907381377427,-0.05233812602541347,-0.48821409968579826,-0.012312111748292765,0.013111544276241775,-0.12414449483174197,-0.032964157690223476,-0.07794564968807806,0.8863763097108669
14714,0.1495360001425306,-0.05199601120167028,-0.009363607494077577,0.10316358204426075,0.6413965006636055,0.02484361370293558,0.12291286341325088,-0.06276424766993198,-0.34065488045905035,-0.029889541991813633,-0.03552438025384131
14715,-0.269835778375614,-0.2691915644517308,0.05119652112680183,0.008485608983088597,-0.04127898458495264,-0.056143614086832105,0.13375783066814262,0.18397212233042584,0.48579329246299047,-0.03978784964065914,0.09286505662675575
14716,0.08223187642107445,0.09732301373059798,0.5869174341437453,0.03292783131112449,0.017659125698329087,0.22202599212197213,0.13945156180649787,0.00985194318852289,0.016310637260381188,-0.038763459929278224,-0.013123953513687016
14717,-0.014026422671764942,-0.06104515271114723,0.01277949109955276,-0.03857747517056628,-0.06258529223484369,-0.666013143881225,0.004463002268976347,-0.025419293552070437,0.04644607092187396,0.007627753937041176,0.026818283495202266
14718,0.2005769090702047,-0.09228598779100004,0.41525565624290894,0.03415861913954712,-0.04208819839143837,0.14717681418976108,-0.05773239932218529,-0.06303558789053249,-0.13167295461530115,-0.06482157415482709,-0.05599208995135477
14719,-0.08169097315671751,0.7297162611722265,-0.10258832821546639,0.08112579644884287,-0.05761850508346955,0.04576669147579667,0.07157696316817261,0.008950291403815855,0.00878501499273984,-0.000724295461970113,0.09228748029553514
14720,-1.6610489531128831,0.08278415684719888,-0.07941252000884312,0.13254512844083127,-0.21222432925090137,1.8415295931018516,0.07742699700852144,-0.007775929597431163,0.1454921176247121,0.029675754801775516,0.024048871171767343
14721,1.5023894868453902,0.018220479745167772,-0.04489361311813363,0.016262209357456207,0.16656581268236267,-0.0835728418297899,-1.049217211972052,-0.028898072840388443,-0.06438834733711327,-0.03404516980355111,0.15532633410312116
14722,0.7902234116938087,0.051159311562314666,0.0018523991891333633,0.13492653425406653,-0.008325184921540534,-0.06328873419301977,0.017618512710133285,0.020815474499116103,0.046366637210155576,0.005418421830731913,0.026502320735730507
14723,0.6121811937216591,-0.0023826065306393595,-0.018679237520134617,0.04197922217591982,-0.007089844837956161,0.15446953197977398,-0.05824880758385347,-0.009691900029776691,0.06586553082864696,0.007136095291042813,0.0051311145227731425
14724,-0.07944093691341254,-0.05040308584852455,-0.12121572200952484,-0.052542527949873595,-0.09881799507244093,0.03823374026582468,1.3074488234633477,0.09917793636491125,-0.051958627560674035,-0.8889763696819019,0.12010102275772709
14725,0.03793059384401094,-0.6446083058324104,-0.14286924049127767,-0.033662038007030874,-0.08466341561627203,-0.0950240503297692,0.06835479839035243,0.013141850995831374,-0.08962973609930601,0.9805186606503904,0.08074466499931646
14726,-0.059173076762342985,1.0492550053759369,-0.15121636380390927,-0.050242700172072996,-0.11029896000495513,-0.05064554334547198,0.0688213009152861,-0.6360848809317324,0.026279994657682694,0.15235343808790092,-0.018251089146443886
14727,-0.16136514560378448,0.10363533745438802,0.008608389518743617,-0.5686957362718623,0.091276381456074,0.05141733223717613,-0.022553695712171466,0.8346242565642162,-0.0458276213537885,-0.06636288833966719,-0.012449530766253462
14728,-0.06512745405623292,0.1470889552449649,-0.13845247948822573,0.808088457743623,0.16024187279517466,0.07138180501653636,0.14364407899770473,0.02044422495802461,-0.05384105609276815,-0.01004126456294114,-0.44518498681363616
14729,0.04981631143770446,-0.06722272463234065,0.11993668108195818,0.08836989009912039,-0.784673514232674,0.0751919076185985,-0.016154192109965236,0.01178804632228712,-0.004190424359417999,-0.14676568440129698,0.8722514530149764
14730,-0.13350989453577825,-0.022736415737421106,0.08817890712079182,0.01688892312822438,0.609009076060865,0.15745712803794668,-0.029757844100658376,0.00888184005061572,-0.3005386342093014,0.06999500914221297,-0.023418739621072895
14731,-0.20576876090398735,0.02197801907212104,-0.3150407118820951,-0.05332619433012929,0.09225360117498296,0.12311847213006749,0.15369365345374456,-0.04407836788875653,0.49036486188530365,-0.022067342708370553,-0.0030049296708449676
14732,0.02770468083554825,-0.07505300625785445,0.630874515339808,0.09371678086046122,0.14462838618966048,-0.1371034005309369,0.11869676416548186,0.016909611006243067,0.09036390528746013,-0.11370569027847185,0.07283592018348646
14733,-0.042447468109876034,0.0853156946446489,0.0754435524756035,-0.003860148169299429,0.0019456844115517558,-0.6085876907123837,0.07506809685698206,0.037324852731881804,0.0913615911129556,-0.0317703643514451,0.001315138987173255
14734,-0.01753518052646006,0.03670512687430891,0.4073465722889052,0.08797092080200045,-0.10068314502754144,0.14255243792960431,0.010351611910187436,-0.2157433081464377,-0.05041276244044958,-0.04239741819454068,-0.014355687245120544
14735,0.03706786859193184,0.7140128613348413,0.012875178173858665,0.08204820263288844,0.007057855749867184,0.08712418874984873,0.026730836321196435,-0.04951800625567161,-0.03445787886710143,0.0006134603040070154,0.005622022768916922
14736,-1.808596410326412,0.10676662071957362,0.1904028077562362,-0.018895564353376724,-0.05505561895925706,1.4562252359735717,-0.12022605930614262,-0.012664601469974416,-0.06316422996049526,0.04933319351130603,-0.0535390844339113
14737,1.2726285387390577,0.06312001705020745,0.2371008740710853,-0.009055883391861665,0.07565832909969598,0.05392698789468241,-0.9634603606457331,-0.026990094532020413,-0.06439637552102068,0.0008200382072631238,-0.024789488022546147
14738,0.8624922724236248,-0.04774701188641505,-0.011753790834080236,-0.2114084301728372,-0.18830636303501025,0.17358820264444896,0.0340121268844392,0.15740816576954725,-0.13179066364210226,-0.0056866262180309095,-0.00753538034609709
14739,0.5595802656436009,-0.028419775759035627,0.062059585921095166,-0.01728125795081681,0.03212369053153224,0.08488340261558544,0.0462610120263976,0.03976772702086245,0.017796467667685625,0.013637498250350185,0.015700702552545843
14740,0.20458181182210033,0.0786194514232437,0.21663597150341896,0.1587068173581583,0.1379567929447799,0.25041629750314964,1.472410690226329,-0.009204937402287342,-0.07944474031007515,-0.949801397197966,0.03839409575883346
14741,0.2526123086783914,-0.725523943325337,0.05480755081481405,-0.0628019044789827,0.006779508380666239,0.0017161931509977243,0.04716274218395003,-0.09891092754054501,0.12458503689214004,1.0288407319117938,0.25552702335227223
14742,0.0961656664074741,0.9103771900815101,0.02441917281636345,0.011062638757851797,-0.01919443878056428,-0.008737268387905879,0.1025933311167162,-0.738280439594398,0.04543854374743554,0.055134264549120265,-0.09319846807192676
14743,-0.03223519935862703,0.1090987612390904,-0.07549012738461056,-0.5182663797192189,-0.02930941319245442,0.05454277312995255,0.1110187231633825,0.8617028803495128,0.008218912756276231,-0.07293335055016098,0.08208963793633073
14744,-0.09332568114008427,-0.0847128288123365,-0.13986342675621363,0.7890564322249167,-0.14459700953865637,0.025950689786678444,0.14105997531156375,0.04522826784642762,-0.016352714557105075,-0.04606755905270794,-0.5531712892637454
14745,-0.20373713930743864,-0.12158266944480951,-0.009436990236254886,-0.027518341812384276,-0.43398882130848837,-0.028636291931490764,-0.09053714841961989,-0.004131336971042511,0.032234233195722835,0.02986732949887022,0.9612178570774853
14746,0.02487673407340736,0.06759690955768978,-0.11005339116276136,-0.011951361652065104,0.6354975354925886,-0.10009500123353662,0.013420335680002476,0.009255698120350936,-0.14607682697221896,0.06321127188335167,-0.02084063076135966
14747,0.17183761989207194,0.08572453037973515,-0.19601736520617508,0.06648780914156922,-0.010306421802062458,-0.002793951915073835,-0.003085744966179752,0.08656715069328084,0.5029952588054248,-0.10072861600116043,0.1004616764460603
14748,0.186025219480761,0.08713109054304004,0.5594513399171581,0.16275800087985717,0.0218798252430443,0.00816388178308997,-0.139721572214055,0.08955503485446223,0.09476935768630596,-0.024710771606645147,0.17255840710517018
14749,-0.04729411878652168,0.009558724880687312,-0.19970839081592875,-0.02608659874974758,-0.04663181165999555,-0.6606745519103245,0.020411954259006517,0.037909947213415465,0.11027012986822309,-0.11396905900723722,0.04600909361501703
14750,0.050074808285711134,0.051088644057406644,0.4182933652791442,-0.2980946372856632,0.039222714286205114,-0.01954828663366119,-0.015653441318889662,-0.03930419683406585,-0.020443468948295993,0.05288543942197933,0.01565189326528695
14751,0.19825373485442482,0.6554469706757913,-0.10544905317854213,0.05480543761693553,0.034430791470621155,0.03860423451765016,0.05054272116295878,0.07842572091149003,0.07361576526201366,0.09608732821212139,-0.054497238699465864
14752,-1.7474252374650172,-0.1029633850591543,0.042268557867173887,-0.14926281588943344,-0.02835810365378499,2.035428220095552,0.023231626484235973,0.057883453451226974,-0.08281515258222816,0.04159170149509955,0.0846063492503796
14753,1.7334962747490803,0.040506626837176075,0.08266991456740184,-0.11572253214806945,-0.004163784433045589,-0.0802113062688724,-1.049429654789541,-0.02318928610237549,0.057168073680420976,-0.012829404295132261,-0.14187844712221312
14754,0.7686389835053018,-0.17049351330517268,-0.1329847016949986,-0.0065550184613225575,-0.035849808910101866,0.04069175355395674,-0.05160832862709306,0.01921496295647106,0.11082525055860781,-0.08170549486192598,0.011809569974507913
14755,0.5704813025032955,-0.037044060154533584,-0.03099379816011514,0.060597366277009,-0.0331680092752182,0.02572006433049913,-0.023037430454769574,0.026919401874489345,-0.0065741783000181665,-0.013731690779983496,0.029090639604341464
14756,0.20192450546247334,-0.03936991700376201,0.011820627422518909,-0.17082610549632032,0.04430226388205332,0.019491495548016182,1.3016664922861227,-0.08320125678471024,0.032765084351282225,-0.8957312290462621,0.018034548304875612
14757,0.03984222631107588,-0.6063098528544023,-0.04054829283748076,0.012543901914307386,-0.06957687171440892,-0.015352044371164613,0.07261571257019891,-0.0024173065074447756,-0.06892659414786326,0.971277174645596,-0.13126543093044413
14758,-0.034426095751407135,0.8109271480853396,0.0075539847499520784,-0.0031832633980688908,-0.04032623490515389,-0.01201737500440318,0.08727392642548552,-0.5798521515678678,0.03699706453902647,0.08127941049939229,-0.008159373589697361
14759,0.1598612446154071,-0.04228097867333424,0.027198107106044787,-0.5544779707425646,-0.09392756033676058,0.09175536564933068,-0.03223283715298775,0.8132541254530277,0.008197199569508089,-0.0053506168535578345,0.07052690497595118
14760,0.18569528178845274,-0.06404335013747689,0.05292508656393057,0.8648464326960752,0.0910668584916081,-0.10856546599749466,-0.11044321278904898,-0.06587612476335944,-0.02817982915022002,-0.10874832578841967,-0.5022429104595506
14761,0.1366875960691718,0.09285150440128388,0.029624560055473134,-0.06678389274766132,-0.6369357143295971,-0.007451797161897001,0.12694741145048943,-0.03132193945033746,0.037374510389347415,-0.05587549142446247,0.8734846981708709
14762,-0.1529935974722257,0.060011673296050214,0.031619364211318474,-0.0035053719270892333,0.6156257999509215,-0.1400282024212499,0.0403893373323762,-0.0032530813188847534,-0.18641385927748655,0.07859067909200777,0.027205743165441096
14763,-0.09775996443925947,0.026869582239844973,-0.08255030969087208,-0.03879225666202943,-0.05221410070688873,-0.010612349340051883,-0.0700917132135279,-0.07349525935101203,0.4870904722777288,0.033767003742320494,-0.16420199832272275
14764,-0.13682920557585002,-0.02545876958230968,0.5894400208002382,-0.022393759595712628,0.053814186682195175,-0.019951898157830557,0.007728413170346447,0.09253694932048298,0.07968289477896431,-0.0659079558037256,0.01052373715617879
14765,0.01057814097685906,-0.02041014631453713,-0.05752372401834296,0.006038842755097972,0.1176550430879039,-0.6968022514715652,-0.03126405567837371,-0.01772897996454598,0.02694352473056415,-0.10796146425509645,-0.002445549550203076
14766,0.23747692126300118,0.0774896164345665,0.43694827704388844,-0.07708847889640869,-0.08472867393758271,0.03268891799247948,0.05057172516743287,0.13905636819234599,0.02827082657398275,0.13159854079881578,0.08738042962626834
14767,0.22875061525427232,0.6772997551022104,-0.11777451322087533,-0.037289083648435056,0.09905984317772858,0.04276325493999202,0.09687852320446043,0.0209900270161837,-0.09850246694205714,0.02968566626896238,0.08794872060319232
14768,-1.9192390477814358,-0.03296716335332254,-0.08254715939506993,0.04929529906865515,0.052073085157544885,1.7570234152548396,0.05489255487374874,0.05686077815529303,-0.1398413130286083,-0.13890861963106807,-0.171770337281913
14769,1.3706347401475054,0.02574676859885692,-0.03177026563329008,0.06899309510726466,-0.09921862540055866,0.05140228748106884,-0.9619742326782691,-0.007981983940854257,0.006112449843780861,-0.00122042336891692,0.06437312313272572
14770,1.0009988330369421,0.05563312016563637,-0.02120066321921544,0.12860637913900988,-0.09965783799928732,0.07664272728922866,-0.08489382553729172,-0.0035609252732238883,-0.004801550752921529,0.06301621527577078,-0.07407379742907122
14771,0.6872024535501707,-0.011514934094435433,-0.003317671328133121,0.04453285106656244,0.029815230740838788,0.11338232144003191,-0.018862203963621572,0.024981622216893144,-0.015170491749372999,-0.04323682711774062,0.01447750913285098
14772,-0.07043007070089263,0.07531052463771631,0.05547480878168088,0.030288586455204047,-0.04116412999992838,-0.05587789956955369,1.502579217896285,-0.09868957464125859,-0.2509544559845513,-0.9726985909429922,-0.034900825125927626
14773,0.06354915325399665,-0.5607889695707456,0.05903250025487615,0.03594036288169503,0.1279961107486859,0.10170615136155813,-0.11083924295726079,-0.11836601217996794,0.05782748634044146,1.0095122520488458,-0.021658921357267536
14774,0.0407199621753682,0.9252244655279905,0.18490346844541616,0.036728288670403175,-0.0067411063294521,0.14470279676463413,-0.057936269866974546,-0.6956666145715633,-0.09940087516435407,-0.027870026648608076,-0.046846761094935296
14775,0.039584874913616425,-0.02938097072085159,0.18299286466895334,-0.43400217009110587,0.022772940344977982,-0.1366459588163577,0.0421906544259868,0.9103623142696097,-0.058641012251261476,0.1204838991019748,-0.03689832533042377
14776,0.049430271232265524,0.04654865771410412,0.02933608418853294,0.7882238091794258,-0.0033153620400551533,-0.12713346921244964,-0.1536368547484121,0.012183780993308467,0.02748977771089182,0.15511086743795588,-0.3515471414183443
14777,0.276378605243439,0.09493650169115272,-0.12655857729516504,-0.0028989937458738816,-0.4455615002232286,-0.11079161092531586,-0.005432566091748262,0.05885018855949376,-0.01813782679358323,-0.01979193767265301,0.8901354917605274
14778,-0.07745135850010733,0.08530810589861043,0.010687388085881433,-0.05757252910960087,0.5968220380476642,0.066485737660351,0.11005350728032673,-0.02333445525482867,-0.0011632832844691299,-0.07458330652710868,-0.04184765643888573
14779,0.01976742026745332,0.022300590543395542,-0.09521362819764562,-0.1125331559013529,0.058706988222511386,0.3032304303086429,-0.027273810012755535,-0.021680102682750987,0.49084825551553796,-0.10430311686211494,0.05835009939044595
14780,0.013799016025088621,0.03170138411274332,0.5871101171004749,-0.24971657998796762,0.08626970804879384,-0.056155684574684,0.443533649453483,-0.09266259142250767,0.0326680189626708,-0.11691643097385038,0.06979336483935945
14781,0.1201888616125073,0.006002787288467881,-0.01155636525190375,-0.027499364962003527,0.033250231828352544,-0.6783484057040471,0.06770722922579507,-0.08514269401490436,-0.061259206098672477,0.004665405300325111,0.05392014731393334
14782,-0.05063887373260301,-0.07445051390180782,0.42967960513798376,-0.23620902136502273,-0.09521319629665576,0.04900580651815781,-0.04539355455893566,0.050029474497449815,-0.019135131635232408,-0.1544323003904865,-0.08234544580422234
14783,-0.19463959719525548,0.6818513880588177,0.02604743001288322,0.10283206705215917,-0.053165268956533146,0.07579916906245067,0.006356690686215135,-0.03596834186217453,-0.03650291916966201,-0.022795051930691916,0.05369101529545641
14784,-1.8392907383488954,0.13959419469714013,0.11122637033869776,0.14426228821109066,0.05471321360313312,1.5957188340603936,-0.05874313145816784,0.05261274569215779,-0.10754869836847249,-0.008818061681098562,0.18992295208897825
14785,1.343305971333646,-0.09519367741530198,-0.012956918188486124,0.026199377361540925,0.002480613277596001,-0.04455155778777213,-1.0305012004209728,0.0043030488901416525,0.0027607003234277547,0.10134637362575163,-0.1307867364177661
14786,0.9054067859811985,-0.0933177732074285,0.045019350823020714,0.009694860266665054,-0.03881845893607798,0.05446047560564933,-0.22806267034151695,-0.11453790484700654,0.03350282953267612,0.023760333750434712,0.016749370762015776
14787,0.5822891165597911,0.017063654415898556,0.0338231758994055,0.04442201383246703,-0.04042971101865106,-0.027982240707480552,-0.039713406221575785,0.005558536002945348,0.024635569829590837,0.0037955391335481713,-0.010384791188302918
14788,-0.1417169085012226,-0.015516892969008668,0.010805055356757702,0.0029858918845289744,0.10548846006377664,-0.024369882453984824,1.2063710087261774,-0.08101876476624205,-0.0391451559885152,-0.9277139733986779,-0.1059817489325933
14789,-0.11626062206381793,-0.605381824712414,-0.036926806422225185,-0.021650417096758273,0.10462519684207265,0.05478366076786263,-0.016115465624536578,0.002959431554822085,0.0476549878257534,0.9598238413874375,0.053294879258488664
14790,0.17321269598083494,0.8454488145989012,0.12629031453866552,0.0041812090452500415,0.05444464332932515,0.07056879252717031,-0.00899728526084286,-0.5948714633284066,-0.08451663486295939,-0.15487499320561268,0.013697973810401456
14791,0.08186739208698711,-0.02174288909230429,0.1198933969522196,-0.5065696454583176,0.05427696178312331,-0.04184515863023909,-0.06060263345086382,0.9377471679367259,-0.13100193392738535,0.12325943512602841,-0.01578375266186459
14792,0.05142986707172347,-0.07621036052485948,-0.02985346382584586,0.7889320538266272,0.09139882165345714,0.09457811643621537,0.08438178531188537,0.037911538247655974,-0.07467619758956129,-0.23919920922301738,-0.4859476200601435
14793,-0.13227460908159033,-0.04742741362878985,0.0224116897327852,-0.05885949553572827,-0.3991764141720651,0.07148540508797185,-0.0036949377230056164,0.21439866089328766,0.07513347901584479,-0.07392011407357207,0.8506376058159498
14794,-0.24349424519854548,-0.06129780811629641,-0.018677476852841362,-0.014584561248791934,0.6342303402180511,0.015458147452036495,-0.23611657216002455,-0.2144212236550633,-0.32989126637084565,-0.04423600028652977,0.057065427202026175
14795,0.16837949570610117,0.13769064686127788,-0.0380959184749734,-0.11746469458458404,-0.040143510402149744,-0.0874609268449141,0.09293266924582128,-0.0554902171967508,0.480591738809471,-0.13026059966616985,0.037553531665742525
14796,0.05399106902901033,-0.0148508236931544,0.5497691605414116,0.22594512719773951,0.16913492975107147,-0.10928778465959572,-0.1959773558161759,-0.022539913680493358,0.12484573749963643,0.09107087306243605,0.09373523085616045
14797,0.1137931883996829,0.05097626576795035,0.00831177041117955,0.0079718617124775,0.02987191568335828,-0.7536980059317524,0.07342956146190331,-0.05108873420145586,0.048648568093963424,0.06492178145140441,-0.08620716916768842
14798,0.2196760090501791,-0.2726280629308439,0.41358496064774175,-0.051631071052521176,0.1366817519351707,-0.019130412798670678,-0.024288354066000797,0.0017733328829989685,-0.03497999295460195,0.10284316257097972,-0.03652029402112747
14799,-0.1811036073383556,0.7046534093597,-0.16127901874089573,-0.09866793385220028,-0.03193500216666488,0.08371029402580557,-0.029982827931483214,-0.012369263267560347,-0.0668868075761796,-0.012297573964299183,0.04769897248814518
14800,-2.0807713073654055,0.16776191342026583,-0.005084568720442131,0.024476208843338208,0.03658181050213666,1.4357592918370696,0.1261106700841692,-0.09473222932645528,-0.1662557865669619,-0.004321606196996249,0.012679475352802701
14801,1.52137716268763,0.02311680491475998,-0.040459214770700955,0.058550739610724975,-0.0680795663757528,-0.03631383797461046,-1.0972361310946859,0.09200429778103535,0.08315986793288555,-0.008085005427947175,0.03804252357098555
14802,0.8535757703550519,-0.08490027683048564,0.015426038025622472,-0.012990542056481775,-0.014893413679906167,0.06572368012467994,-0.09096072170001368,0.0016455878707776826,-0.016922161023498552,0.09256810887291707,-0.059905530014519155
14803,0.593624778577098,0.018863819768263915,0.014595271241349985,0.029849624979114572,0.020383481008624346,-0.017843088423054307,-0.0008926776258757068,-0.021433672064953273,-0.11651677252178534,0.0019868975734027676,-0.01884695685917452
14804,0.08402091716952269,0.03887009651742571,-0.030898811430478346,-0.035310741984986384,0.12397796917028286,0.06857268559827664,1.4574550765235297,-0.03523372129421754,0.11317537942705568,-1.0199716854833272,-0.0470123417507525
14805,0.2280168014287614,-0.505232448943476,0.15626102612976867,-0.02260352953143978,-0.2646031803687016,-0.12901882397700218,-0.06289961672220008,-0.008152702904597978,-0.07556701365021522,1.0516713468259846,0.05243369148158092
14806,0.0037605674305029226,0.8267249970859547,0.13910158201907571,0.07073201109392753,-0.0337860588667941,0.029608419537923918,0.0941866894431016,-0.6662052437236154,-0.14478936441342855,0.04639870622723678,-0.05436164482611815
14807,0.09305298812881568,0.057000114044500116,-0.0035816246859856895,-0.4766838345534383,-0.10589656408260281,-0.08854917844987056,-0.11760462628682612,0.8105670016503983,0.06619464329973761,-0.03299074486028146,0.10626629990741843
14808,0.06853813691733862,-0.13221939295583088,-0.0833330000795151,0.7489925245299504,-0.02053448228445207,-0.09591900163358655,-0.18338349196611176,0.0216448067962903,0.08817553476063558,-0.1328128741726081,-0.2835578126819136
14809,0.004161734976065539,0.05630334379762755,0.0652859471683726,0.04824798474187419,-0.428298636475399,-0.0225818785582601,-0.050846195241832995,-0.01025355313377459,0.1385707068738204,0.0016705708321352111,0.8851255852780919
14810,-0.13690916468135547,-0.0706253696549884,-0.05679732612047872,0.03465081711219849,0.5785224678004942,0.07677691299011163,-0.17767655494129708,0.2211476249919361,-0.15819509744172056,0.015707459533624513,-0.049201714704792385
14811,0.01608347697633525,0.22966496753473892,-0.0016334971168777968,0.07449318567503198,-0.020394904212210525,0.017983252816286623,0.08480865497418012,0.006243957381748644,0.48752270171424594,-0.013942786616653643,-0.04635047875912654
14812,-0.003980086187041194,0.09774462072249289,0.5104555482016471,-0.03674093341015705,-0.03773535614144105,-0.0456722687856353,-0.063884803194175,-0.031835610251401726,-0.1621878152762397,-0.011771348044385663,0.023452349654713947
14813,-0.000813987994553414,0.08058177230339518,0.028823574596927082,-0.04075942705913943,-0.04808868357543748,-0.6971457935490742,0.07449713307237131,-0.025701652595403787,0.04754903615932621,0.009840803892554345,-0.0990694996861953
14814,-0.03387315623946523,-0.08633762935601721,0.404271355961074,-0.07774609958213259,0.059222040962184724,0.13622384469385548,0.19515325267632624,0.0337256009791024,-0.04026675938127016,0.04463809525191552,-0.12250064892618319
14815,0.08889846345366385,0.7799082050102474,-0.08201364382649967,0.04143404322365538,0.05982831656639091,0.11162917717417271,-0.024096593315084028,0.040069080431095874,0.07353285169440554,-0.010450863438748926,-0.05819847211043755
14816,-1.64634674934391,-0.06479051809487302,0.07716228896876981,-0.14471307271158979,0.06928125742132725,1.8829799319469906,0.12220671219464116,-0.04865958680044157,-0.11445358770525799,2.5452801687034926e-05,0.06000861158697896
14817,1.1024839629911338,-0.08107389676698444,-0.08107718870910882,-0.02954371712664335,0.04881644216091601,-0.0032887059386064914,-0.9534755602328013,0.04709879067913075,0.007567448379843372,0.03424211930460672,-0.04271105190665562
14818,0.6959552324879679,-0.02909651679426229,-0.1363273741544105,0.1264647952669482,-0.04166824862160312,-0.0858141392200565,-0.0474182905082951,0.11537438583692933,0.0685732825429805,0.1795980982559557,-0.027776522984778104
14819,0.6275951853741915,-0.030294526736348346,-0.04349429265214493,-0.04408164610401616,0.03939793058535252,0.04029487043463311,0.03535717176825147,-0.03401152108677069,-0.03856580900106159,-0.009585157083972222,-0.06034057842059671
14820,0.007054216952644448,0.07271595886194321,0.015616424444590993,-0.0466915209900281,-0.03286690856573288,0.04973635959356293,1.1678377462142737,-0.08309412216812197,0.027031407325887463,-0.8904543090349866,-0.04209349053924395
14821,0.03783876503357745,-0.7132965253527267,-0.1451032088001521,-0.12737900741795116,0.04379726134945453,-0.021784546813064794,-0.05312025032416517,-0.049915290729655205,0.023958085142350965,0.9664955257771037,0.08366491740922981
14822,0.2281657890921816,0.9290333295892905,0.0022547535499768136,-0.029202150683465215,-0.020084150575871488,-0.05587641297007825,0.09820850776343844,-0.635306718387853,-0.22265679540657685,0.1488323879987508,-0.024664619831565322
14823,0.08745792771372456,-0.021973619540449168,0.040875760125199036,-0.4706244344089883,-0.03743272936187385,0.023483844515852188,-0.09031573950008515,0.8980693846747906,0.04399601464388857,-0.13085521539547373,-0.03601666388918698
14824,-0.11930468976004918,0.005591939912993834,-0.1551230998986475,0.8204177520508428,-0.10545360496499284,-0.03174328620136999,0.27366887825621594,-0.03475485626385287,-0.023740040329960268,-0.12633940466984028,-0.39741843525252907
14825,-0.1310481041377587,-0.07875365661093735,0.003382009900200097,0.052061435703039345,-0.4145999238925182,0.030859121542069205,0.23754625685765,0.05035058354059835,-0.12027927924750521,0.06605927312718529,0.888268178931996
14826,-0.03319636868655383,0.05703778882289093,0.05486690813290568,-0.011888609666543034,0.6366005004967367,-0.041307481155608804,0.053667354758684574,0.05731332279638934,-0.283418051682116,-0.11834882184548809,-0.11488448244235568
14827,-0.1590376079554683,0.006879153432464529,-0.2841181541428446,-0.001276566219303367,0.06635772305396072,0.06774736868058918,0.1299275244798723,-0.05662009912239629,0.4393871670446791,-0.080999163666595,0.020026130715770835
14828,0.14903906152264332,0.12795451503800606,0.5513985672025153,0.08357398603352842,0.03533775234713244,-0.16981352780474518,-0.09565786163110108,0.011378022091031679,-0.06595723087313621,0.0006390560908102094,-0.13975550598592515
14829,0.039518495575916315,0.06321297755789189,-0.10228417709457582,-0.013978984066823567,0.05379056976644653,-0.6851099467950706,-0.07985074038651227,0.04827681618275341,-0.09342261254383905,-0.027287425884071934,-0.0007558897390889064
14830,-0.050303313927651264,0.04838536955780511,0.36954817830655473,-0.01002729236511966,0.0286005357553591,0.07022047168056603,-0.008876929756202228,0.0743353471268032,0.0027084941065285114,-0.0949404172855786,-0.03096438314951665
14831,-0.08977660414828238,0.5802594149885366,0.07277156511649926,-0.07173298454572485,0.0563041037356342,-0.0014113068277885193,0.054932655048463196,-0.04103157770445043,-0.017729846320373954,0.008480836513180783,0.0025291248141545613
14832,-1.976178976789653,0.10926929762148226,-0.045482448072741294,0.0012456107977056826,0.012692410571845471,1.823990080580152,-0.010049869511975408,-0.09122755143952467,-0.09302556205460476,-0.07799182453060444,-0.1295151659109215
14833,1.3888825337302846,0.024536192739893724,0.24695932762160358,-0.030874792995168463,-0.06134368998870817,0.10622484572402223,-0.9891788392153326,0.06131179947085369,0.038815327549766146,-0.047486090993406116,-0.005353888448858172
14834,1.1144624781383203,0.03387965681065108,-0.11928989197661434,0.1530084324493004,-0.11255887340903219,0.11670892769816087,0.07849550440750294,-0.04043181444497121,0.0814667832081265,0.02463428597175986,0.00047200576583340185
14835,0.5833159918091873,-0.018452385150362724,0.04125181976157518,-0.08890885788807593,-0.013269050348507835,0.06421961556792341,-0.007736881011187554,-0.02001353508931021,0.007532651544349879,0.026486401456783666,0.03929011576601997
14836,0.006493448340165612,0.06390695653638118,-0.004382282240276891,0.09563551181425507,0.12899621771430878,-0.0580472305682631,1.2644490510762112,-0.04420836631159828,0.1361830713061172,-0.9738038462041574,0.06488265104127817
14837,0.1033458030628535,-0.6265720291576097,-0.0019434246337214382,0.09890224296713411,-0.07537624355467311,-0.015580095510988429,0.03951342801548911,0.04795158706347563,-0.01153312141752321,0.9881888943041478,0.054314825891763896
14838,-0.1420496892874569,0.8391807912980719,0.020808250668875074,0.027895870570172156,0.025543027711686324,0.057610976536210695,0.02482791869641067,-0.5843629055342119,0.1163468236457889,-0.04217855132779164,0.1454151559394771
14839,0.004085876051205039,0.025430510484586544,0.05057853473343678,-0.6365419163258178,0.0471855871435147,0.17134898559397768,0.21106280072629519,0.7076657629332788,0.03176787931847981,-0.05211463682417413,-0.10250436703952795
14840,-0.030139744952056673,0.030684633972342574,-0.07286946701830882,0.8540206541418396,-0.17202424883193157,0.0425330730235266,-0.07399737529068967,0.009889072885869349,0.07596040583189664,0.03976048577283617,-0.21777894387828878
14841,0.07011267301516406,0.05274698296321934,-0.0695366256225042,-0.061303406226858925,-0.40294610227789857,0.06193498602585977,-0.10681051792050762,-0.12347438843147884,-0.023538299803482602,-0.005732297459408666,0.8847040845406221
14842,-0.1669660024176335,-0.14487269373142392,-0.16931143677369437,0.021680331718538674,0.5976172691388997,0.04008577026974569,0.047806480079288165,0.09236301672106244,-0.07479614539393933,-0.024980712116288148,0.06222413529751744
14843,0.04112193110206255,0.03383663973360296,-0.017849120442370373,-0.020367923017551907,-0.06790975142733159,0.04844829745713732,-0.2470850209446057,-0.049232255973599745,0.4857967236775587,0.01079076445837511,-0.10615050801825622
14844,0.24470243183391543,0.017890144512097306,0.5714859391886247,0.060960540484879686,-0.010359638266053711,-0.06031259928304173,-0.044788744930280136,-0.08070436465639033,-0.009940533039083585,0.08889877454519321,0.12752010482772666
14845,0.023364905768199884,-0.05312568115206014,-0.0313733429268716,0.00698599202544834,-0.09490426028895693,-0.6771829121567691,0.03942724429050946,0.02575553747989839,0.004308678191383582,-0.03334582474897925,-0.07628673195976725
14846,0.10810925588319711,0.09772901973462395,0.40277041082850173,-0.03196085472811062,0.17284985255214425,-0.03443135590450114,-0.04466791492079241,-0.02963607404730314,0.048197297368973345,0.2038545604716455,-0.028477411815939383
14847,0.16026856738179684,0.6573009125842446,-0.05409098863941562,0.051907643103991256,0.07881854324051145,0.1670354730473144,0.04367196366563177,0.007766435661035512,0.03646628370691448,-0.0015406319265207843,0.004153059408642733
14848,-1.6552117978891598,-0.032894231635641716,-0.03108238337335102,-0.032734952913892376,0.07004510616364051,1.6214654757445075,0.050927730911985,-0.0002707178505648687,0.024548103498873333,-0.049496496450747336,0.08887839119383523
14849,1.4951479968116541,-0.06468663460336375,-0.13767798494139433,0.003997148568783356,-0.014560139696781965,-0.18969646438100318,-1.0923523717387829,-0.0710912833514193,-0.014903354605361423,-0.016488932145615903,-0.005016551200016903
14850,0.8510554798727761,0.06316519710279772,0.023859183424960295,-0.1404218072709269,0.07821801015126016,0.058408555888228464,0.02505689392936929,-5.8135152730472324e-05,-0.04971557670187103,0.01375494741264872,-0.12776732976114924
14851,0.623682805160364,-0.009841992087212212,-0.0845701042708894,0.06865076780836443,0.023081381228217023,0.016941322874399693,0.006101583704864367,-0.019976254134089863,0.06765189272535993,0.062057017296658856,0.00500541363088361
14852,-0.07304464910322193,-0.03318650792696143,0.15591472578412435,-0.1515105271739503,-0.0020090397680550694,-0.05304494323988816,1.210636160380164,0.000791867503431866,0.12301618293929495,-0.8969374713964615,0.22762720195974898
14853,-0.13609339736072285,-0.7079040558333657,0.044543631268061365,-0.05898653337264152,-0.047679684772636184,0.008302260282177232,-0.012735150093552661,0.1596846489062634,-0.03699073647641598,1.0765093394035818,-0.02630755527495963
14854,-0.21940426994863024,0.95543218969831,-0.12448593336858715,0.013047646152006598,-0.07620952739464873,-0.08443478030756632,-0.07939173902060605,-0.6215484936534289,-0.04109075913483287,-0.09991140129722083,0.05540099327271461
14855,-0.0023964206340510836,-0.06918545655161452,-0.04896143288834482,-0.5647262017743897,0.032742656205717396,-0.08225602787464345,0.007055300314556275,0.8747294076778669,-0.05592791442946278,-0.05143033794013004,-0.023506413895358902
14856,-0.08528020938050303,-0.0605522219358441,-0.057296254127840326,0.743977616937262,0.11477938678808286,-0.06538705131512099,-0.1182906288878462,0.1298137825079459,-0.06911746875348716,-0.033350717466966495,-0.4722539370570952
14857,0.004162355052885125,-0.0026152332113547087,-0.08908688364332892,-0.01590801794642475,-0.4959137923328025,-0.08676839391096518,-0.03453398598594545,0.10298648193747471,0.06165467816580466,0.04666842125643828,0.8404859404676215
14858,0.08248955022780484,0.08379095660185303,0.03031450125073937,-0.03783604600460284,0.6775943517912222,-0.10649556296347971,0.10238182172223848,-0.024246250605816512,-0.28822737285371647,-0.024817426970973375,0.03867282599772755
14859,-0.11572674783443473,0.03919066305761151,-0.2965620652772185,0.18269459711244904,-0.014637983145629039,0.11124226202350691,-0.027532392355832914,0.10838900794953979,0.4857846888091959,-0.022157908470333845,-0.0789608143951362
14860,-0.03717515352092947,-0.08982816409534826,0.5282831401480679,-0.1404786863454658,0.00653966461478177,0.09043097245897952,0.20773663092660333,0.014790607520416516,0.04255559322956434,0.08750379433363578,-0.0764403233784159
14861,-0.05245469592866793,-0.00847274308489862,-0.03762197578081059,-0.13017635248664639,0.13162655730323541,-0.685839138040557,-0.05947882594294705,0.028117452797532697,-0.03626818095380796,0.051656566403443786,0.016148385569921528
14862,0.22344556849740096,0.12551093119752715,0.4202439513838508,-0.1482625321803888,-0.041349050629429764,0.1032222044707708,-0.17834320355141528,0.011344963207799213,-0.0032925422820994643,-0.19980483484329262,-0.05078837023170836
14863,0.033216220700112396,0.7097446009989095,-0.07880782473613347,0.014141353556382727,0.04162275638773072,0.14637545356527865,0.18169782759898778,0.03171497040961607,0.06401825280671611,-0.06091567581401301,0.02508631359293439
14864,-1.624029332600951,8.724328621574282e-06,0.09721732624661329,-0.10459431873613384,-0.002719268339213562,1.6442445431113855,-0.007425934877703405,0.2043382916461252,0.06601656883099044,-0.07783285382507173,0.01389420427263419
14865,1.0680189459681553,0.09968637341757927,0.06744450808506271,0.04104396021976408,0.03941874780952931,-0.11520412939927728,-0.947434832703518,-0.05688853351701756,-0.05866453752976934,-0.05726063677324974,0.07745429905131332
14866,0.9332771773508789,0.05888222295715558,-0.021751999477319428,0.14633456535280745,-0.03715017792386706,-0.037983155655371345,-0.09285402479927847,0.000850900532474341,-0.11216126767625544,0.0931302581609182,0.059383283875959134
14867,0.619115760100619,0.02729209242994056,-0.010456580731779758,0.034126383210473114,-0.04214265413890935,0.0028511343608210796,0.005734437477750326,-0.0007634225757472092,0.01971745086561354,0.015912653307327204,-0.0012632514045392241
14868,-0.03934277168048318,-0.03480032612572441,0.0687682632713446,-0.13706064671807405,0.08429221879681806,0.27829833572290114,1.3539956073078527,-0.06270360552630119,0.12132186716538934,-0.8834425929692893,-0.01902815961062388
14869,0.05861289872108817,-0.5404882981770505,0.12707788942613835,0.11503085783566475,0.06673855033889073,0.030865453783257463,-0.020866057771942805,0.1178962349857021,-0.11646148412432604,1.0488933765244481,0.047049156414683366
14870,-0.04829431838338973,1.0047032758595769,-0.0641998588703619,0.05419333783756884,-0.11723893967160372,0.13573081768340436,-0.07112004235894395,-0.7622222040516531,-0.08263726605878452,0.006018795103699251,0.05332061062344297
14871,-0.16893384426839017,0.007638801900458981,0.06451450832711114,-0.6839789880483401,0.043872374989064065,0.030015977039200826,0.04348388089089984,0.8350484837840156,0.04323379075789864,-0.012443180330337134,-0.032055976658434945
14872,0.04272615730385998,0.16691717498043404,-0.05600518686936359,0.7512313642948266,0.05647063162191619,-0.10736053102338948,-0.14373890656361946,0.05286787452607965,-0.046312510090075865,-0.07590316537242191,-0.3861171250685092
14873,-0.17223542547282064,0.04649003881773347,-0.14744023635553355,0.10029391233786848,-0.6579842449430431,0.15339526471193773,-0.13760032184942853,0.02548076232185553,0.008386098164418126,-0.07410752394482821,0.8993209636376605
14874,-0.1812871465003404,-0.10872958915078258,-0.09861700646056512,0.029358941865388885,0.5849344761788953,0.04401876121076502,0.05876121707388227,-0.06524758571632024,-0.274239313205139,0.23464720564034777,0.01838880613252525
14875,0.030360377375834545,-0.024254248072217682,-0.08499749680774407,0.0836691297684497,-0.08110072793354892,0.01580160416301942,0.12828007680572218,-0.03865754166666325,0.44392704148894335,-0.004929991790693943,-0.060958906653365896
14876,0.11623664317068368,-0.06167829457170313,0.6432368889788668,0.038375411938520176,0.11087424984535188,0.0733604255844498,0.0017869688845849555,0.12771788376149704,0.17575472561527591,-0.18617766579809278,-0.0566738659378798
14877,0.02229450183872686,-0.027831255750477894,-0.07149350642460081,0.1909503091635962,0.11563300914457383,-0.6743982688237964,0.04027323957875163,-0.09387741182918732,0.005288581588910735,-0.03708188793736141,-0.04224497414339801
14878,0.26222854290165426,-0.0638720408219263,0.46208919417009464,0.0520078068569646,0.03624406572180617,0.22498371697495403,-0.11065697373546049,0.0750213226454766,-0.10219741599444386,0.044734768889193983,0.04588392079577709
14879,0.05710261158952331,0.5987006064167966,-0.11390760748274363,-0.009677405309521426,-0.08089364063353799,-0.12174632804736894,0.05290366977549314,-0.012751780048413534,0.03235998349325385,0.061925456827896005,0.02488353030315078
14880,-1.6676804587896328,-0.0012166289599977523,0.13197827042885776,-0.019714481823791676,-0.22103836666222385,1.8079605018999438,-0.1702829313769023,0.12440689872892458,-0.05761820451872479,-0.021480259125976894,-0.019858710603097872
14881,1.5320128996887183,0.025506382101559373,0.14998270405673927,-0.002534828952630357,0.15262748669901705,0.01968396840948928,-0.9803793789135059,-0.01824006736445503,-0.0498707022837822,-0.03883132037752568,0.06738356482004337
14882,0.8189402867955907,0.021290665592363235,0.06169233067731701,0.036665839423142804,-0.08171525723039853,-0.1399519509260314,-0.09308133508369017,0.019829519552582813,-0.01531517132792376,0.08134777991280093,-0.009156591319575537
14883,0.6045838876692335,-0.060530668195110826,-0.013542387683588043,-0.02083055884362376,-0.04977769926227859,0.017736066957391314,-0.01150820829253621,-0.031565962293149376,0.07022274071494479,-0.018151823797577155,0.022084803063797034
14884,0.0035112715700144747,0.05017607114123228,-0.20149602438867273,0.05887210030573886,-0.023067006630201566,0.05960232213373349,1.2146063385016745,-0.039362205912308615,-0.09787183722342299,-0.8504348868388147,0.01944346165224325
14885,0.0011890031797026734,-0.7130149200762602,0.09229210795410116,0.02087642217534591,0.12966321895006427,-0.0025304531365043133,-0.06645250366078961,-0.042177334256039194,0.008643297724137328,0.8868202590791173,-0.012242247773707856
14886,0.022051289799838683,0.9466316429291373,0.03403293018039467,-0.06182903219205027,-0.033986994910781096,0.03554869016722169,-0.2220377102195368,-0.6604781727411122,-0.010050264887958174,-0.019219432430695477,-0.07343328025449636
14887,0.022717936984575873,0.11657130500955569,-0.05497119681455342,-0.5175253252826074,-0.014249105958512429,-0.017580746869265772,-0.13592072031236702,0.7851914289408478,0.0871502436877985,-0.03407733768933731,0.029761834773546395
14888,-0.09273442620500617,-0.07412215384565157,0.2678651755347486,0.7624118538266733,0.05129947773473418,0.023508986683398014,0.0037269993264058172,-0.10576971731900817,0.13927022639092526,-0.07106778996317402,-0.6679487821898475
14889,-0.008269299578960675,-0.011212153392561767,0.13141562684546626,0.06613871333557428,-0.47911173137826923,-0.049072774054451325,0.09213617282609576,-0.022750467746864508,0.0641842125831639,-0.08258609959318063,0.9393365525297069
14890,-0.08542597567506574,0.040028036659542875,0.03354123803018064,-0.11375395837551937,0.6321604100959276,-0.015905770856904092,0.03215286758526827,-0.06608046470505206,-0.20807855241477052,0.017590703414945938,-0.015241677054566615
14891,-0.033401743596449464,-0.18113617908623378,-0.11932191459369851,0.1038771557724358,-0.06030039896269887,-0.004050868370694143,0.016079662335356504,0.08076796710768913,0.4528793416153438,0.04369627084972683,-0.01631719009428638
14892,0.07131388847379423,0.12445271018250174,0.6261337140053643,0.07962754692035182,0.016518980159806823,0.046088121836445776,0.04639665723457226,0.16750043834099965,0.003991885679338298,0.11144819713265745,0.04700610629769776
14893,0.060421325687333785,-0.03832134696166132,0.029895379147684087,-0.007945205567929527,-0.038988318421686985,-0.6071876922694064,0.008369152348334494,-0.014519358614667096,-0.05630640685495502,0.036521796885399783,-0.1231576126167259
14894,-0.03207516869859056,-0.021507076011893722,0.40596645092653577,-0.05911843443509352,-0.06964219628055449,-0.12625143686818083,0.012882204344883515,-0.1604393383472975,0.01524715413906296,-0.058988985243709706,-0.16515468055923635
14895,0.09491015502174546,0.7131331115282359,0.11397603065718222,0.03140228389080133,0.07288698302945398,-0.04275252804545186,0.10914561911633562,-0.006916081492719453,0.018496874488754363,-0.007008719535199883,0.02785547102193743
14896,-1.9314761746595044,0.1287609537087734,0.10145390202183897,-0.03998660219580392,0.11569343145994455,1.7361847383245037,0.055210981024974286,-0.07418262365268267,-0.02124431948665617,-0.050343127707175896,-0.05090815579464657
14897,1.2259285918988954,0.035309328382584486,-0.06734465735293728,-0.0315765112087255,-0.06487680592244505,-0.1161832138096604,-0.9853949098849165,0.05474868481594762,0.16755886520642155,-0.05839233466123146,0.017936351163064312
14898,0.8282035703985412,-0.06446852189646249,0.012621221147175076,-0.0962510784060375,-0.02889402932311011,0.17209544061415855,-0.0329064288619288,0.004442535036619968,0.03724321420532534,-0.0086229149912593,-0.03590972674709653
14899,0.6661113962514614,-0.027634283928747734,0.031629626776172315,0.0005267934844242839,-0.020441475464999095,0.0968727378929374,0.018986594330149334,-0.055996783536568256,0.12313339907053604,-0.02108461192986795,0.01505779994897996
14900,-0.10970419739565543,-0.025736621982965807,0.031094613538001276,-0.09365293272242847,0.14752591456285985,0.058476365894516304,1.2158161216950831,0.09453483394675438,-0.10257036422309083,-0.8818463243084639,0.16849707012443405
14901,0.08804919025785879,-0.5804114500447003,0.03670117102755555,-0.08366543402774422,-0.16237455205940787,0.012761761536628804,-0.034436314345112434,-0.034920789997642754,0.1385307499424291,0.9363658620007677,0.0030587675610797734
14902,0.10103277975430586,0.9944863406471722,-0.07468754981786929,0.04243403417293885,0.04396219316024314,-0.03179850943931347,-0.01574230228476023,-0.5729579866617384,0.03924102212396269,0.05550983715590218,0.017919132003952194
14903,-0.15860316812933675,0.012642699189397708,-0.07598394615555401,-0.5819110446989955,0.048687081207980216,-0.06507555859452635,-0.175353463703559,0.8148546283440602,0.20570593324900252,0.03472490363171135,0.06275755477053294
14904,0.04666473436339633,0.016353587896654392,-0.183266641363457,0.7390200932751051,0.08519252074457498,-0.03769648661207483,-0.07913727389634123,-0.0066335829845576046,-0.1481672972480747,0.042865645033824534,-0.5857495963886625
14905,-0.08864245611669709,-0.004352630955348998,-0.12613675124269158,-0.07487466599298508,-0.6167561551105365,-0.018939283817603538,-0.23033448894501685,-0.0439402651383825,0.12729071030794872,0.1571067330733094,0.908857220136095
14906,-0.1642966144833322,0.05158583928535392,-0.03192580910071196,-0.04102412117119953,0.5313582741283648,0.1617477542651982,0.22173410576128152,0.0069404282388452684,-0.46244056095822317,0.032599700948976,-0.016200615093505087
14907,0.14202354230449596,0.08911888296036868,-0.15377294668491792,0.03933612669245211,-0.0708697184462101,-0.13108185728075533,-0.1902968817207807,-0.10062557665297656,0.4530806566355395,-0.11769674205376303,0.036819319934858555
14908,-0.0784734205994333,-0.025363023345319174,0.6301473700158442,0.061096847303648144,-0.145134756598031,0.14993028122280927,0.13325376108025822,-0.10563383610120673,-0.01035486201740915,-0.15011195734086002,-0.02644693396250712
14909,0.02459672334732356,0.0035563068114551075,-0.01931151450529265,0.03748575897398894,-0.029376954631060596,-0.7183216102019396,0.05539924671888954,-0.09534117936406929,-0.06173688113739069,-0.028030238040899293,0.05896252904142107
14910,0.0712823991072669,-0.10900306816395706,0.40914132452182567,-0.10286720009233644,0.010966282515227618,0.2973713530115156,-0.015172975564701121,0.0363750449821291,0.051585553335179564,0.1278029715872867,-0.01623992845193735
14911,-0.06562912843608398,0.684208014838342,-0.07797492970664033,-0.08353971798357683,0.05540965531821464,0.07269085750205459,0.034223903184463625,0.016371579720085627,-0.06368406300444068,-0.02525277504035474,0.05146083360648859
14912,-1.8755461012450778,-0.11403283544954582,-0.14286488629967883,0.037010192137962625,-0.07387313327277258,1.951505234381224,-0.008305266373523688,-0.05692025863088163,0.05771747445328207,0.034882183500968965,-0.09606469861008732
14913,1.9066978033632085,-0.15948589128428384,-0.06221746330287684,-0.14905863858363477,0.022233482375521366,-0.14747869145138265,-1.0301280148491452,-0.021577512430163023,0.15960261739260856,-0.07831384883748083,0.027476005500037436
14914,0.7026963376436317,-0.10939094841013974,-0.08152140223259498,0.17498691635786756,-0.050432749969463384,-0.08184721701335886,0.062202243830385306,0.0045091208586450025,0.002035829747281833,-0.010001284561441573,-0.07394427984436829
14915,0.5668113646913217,0.04711884914770217,-0.015343983331448045,-0.003214513885266475,0.012212901031557647,0.0473097369989868,-0.0624915866943337,0.002415779387475018,0.026792215617064102,-0.019353885546551826,-0.025379761120633965
14916,-0.018791970817277286,0.09665450218817266,-0.04356420948261623,0.058562342450344695,0.01060569374980913,0.3113987062103688,1.3421707741733317,-0.19432755509063224,0.047567078890653626,-1.0145232591716689,0.02781474570507019
14917,-0.2196681619120274,-0.6224638594375492,0.12746472532048858,-0.09074584444415927,0.13585101881339726,-0.07884678953915143,0.10519357459970567,0.055629214172034716,0.007598639216613657,1.0078804799368573,0.09545435668416068
14918,-0.16515028528216227,0.9004648796467613,-0.12063183422757044,-0.04024824501140757,-0.017613244112116757,0.2409644789960919,-0.1644050480998376,-0.5707449467990527,-0.05816805412781957,-0.030702942489347712,0.05393603098594515
14919,-0.05015048824663803,-0.02124183364859985,0.26454869000823655,-0.5529588174450663,-0.03982503656480363,0.10279717199158586,-0.1018270441796259,0.7873315098705747,0.03372993746172867,0.06337837367886731,0.128530006403195
14920,-0.11145374212161606,0.05027727996759086,-0.0559186430043028,0.7601568074267515,-0.03462286298848092,-0.07016516287598204,-0.22498487553277036,0.09895313448507997,-0.08686310415786304,0.08010221324424764,-0.6459917498067107
14921,-0.16682999330517034,-0.03486890120703568,-0.04723495796345799,-0.007049973101670361,-0.7290650949885598,0.020844893683310547,0.09495512497096002,-0.1122243451198351,0.0994571663060255,-0.04264784166325402,1.0116525182320217
14922,-0.06395724316051096,0.1261206201576633,-0.12701631900630245,0.024222199593098397,0.6180276601585389,0.03711347159739841,0.011878710359038543,0.01027134544018604,-0.3333067052591543,0.12040060786347626,-0.0012883053738173252
14923,-0.10333012277238127,0.02885338220707945,-0.20512722969699948,0.006723581103185626,0.0003617525707289395,-0.03476845326964949,-0.25346249375949903,0.08626058796486394,0.46838199300470024,-0.01571001013222395,-0.03727899924645208
14924,-0.1976114752820595,0.11715674255972601,0.5882646432233425,-0.03776219567824589,0.06764408297996759,-0.04331189105892125,-0.012554735054845063,0.15466492443730417,-0.1327926421655737,-0.10031014728346124,0.05902830857606611
14925,0.02433783737407775,-0.029207483931095898,-0.08069880753980749,-0.013707055652822878,0.019031410551885772,-0.6367187478092131,0.10939738854133658,-0.022877233339732184,-0.0363352842349722,0.028208729954753473,0.002199152813998055
14926,0.02002943968191194,0.02811620726070989,0.40961857070074786,0.032600659971842895,0.09386413944305749,-0.10110649550976224,-0.20289668018704607,-0.011276268686855028,0.10841983099733203,0.039498291962618795,0.07646307117583638
14927,0.02103990647551137,0.6454070518829986,0.0453660445978466,-0.0021932333707938524,0.04829657939074622,-0.1638279279305272,0.1162287172058117,-0.050540296149761105,-0.0385708214491133,0.014109116603776437,-0.058836260863331304
14928,-1.8403149207899512,0.07333455387284468,-0.04450012422190047,0.08037769725240361,-0.0018488292955893167,1.896615269521965,-0.0343992925759786,-0.04318341120330954,-0.05230702184043395,-0.17030875101732548,-0.14102539735096561
14929,1.5364266322908686,-0.02753338384031608,0.19324887971754004,0.0018037026183996472,0.004837821386802835,-0.15725500040664286,-0.9159971453927683,0.07787570955074061,0.1264732902726931,0.03419740675897099,0.016190907602717013
14930,0.6729219067681481,-0.037218244440803315,0.07689971900121689,0.10568671352716578,-0.060473285547466955,-0.08183805765641501,0.1987298048533678,0.011832781404744383,0.10221928399751466,0.0608314877105948,0.028578232052439756
14931,0.6427624039630649,0.013905812996441785,-0.0010636015807894755,0.0017434052300199796,-0.0038190178546244125,-0.02539824727901374,-0.017536762175620963,-0.030438992624612804,-0.013040560501143234,0.009290670284103493,-0.025212208178442004
14932,0.2151382727025278,-0.026815405881493434,-0.0019573184794378405,-0.005129930504356395,0.1296539839998879,-0.09902208968179635,1.2964431218429195,-0.09474185468385973,-0.042877026726984575,-0.887743911109873,-0.02254781192096572
14933,0.045815809801451085,-0.6332117397665058,0.027781052872138577,0.03628663022596496,-0.11291484802683643,-0.12673163224985,0.06481931514405116,0.07292372155481328,-0.037157712759819814,0.8837370099295123,0.12818504529491684
14934,-0.001260606792908495,0.9944107595440124,0.023523785657443876,0.013265464327487668,0.0583904042435461,0.14077893537653935,0.13177780009793474,-0.5863159757229812,0.04990165221395705,-0.08654459881808241,-0.10902056554781593
14935,-0.03977011961474885,0.022315583920432057,0.1021933659249922,-0.44954644469114496,-0.026916890325394217,-0.042562038564467754,-0.0312961129966936,0.827361468715515,-0.09768607423607543,0.10583467906047248,-0.006395175611166292
14936,-0.08190271840750213,0.028403215246955216,0.04029268611646893,0.7699221292031149,-0.16889780493296366,0.12122149860491822,0.1469666699155812,0.0360886443501739,-0.010861699769490665,-0.12023107397390438,-0.5153104442745506
14937,-0.08063857221483546,-0.014050707874171828,0.11611971520972314,-0.015317852997692139,-0.6144812544516415,0.051998313742050085,0.2401050596531521,-0.09927657607905227,-0.1395270331111918,0.05714535825745131,0.815824425481007
14938,-0.21507605442554514,0.20020122687018815,0.01688029435210593,0.06586228602137474,0.6010086920401075,0.07696999668484929,0.01973073164525489,-0.06823921595080833,-0.1873347653854999,-0.08586320819552608,-0.007923778683740015
14939,-0.0009127365214464693,-0.14083768536495422,-0.21826235919071352,0.09565829297085385,-0.015262578681913861,-0.09703686139486505,0.02347830763155935,0.1222048777065272,0.5070798829595908,-0.09260209519148731,-0.020956667422553265
14940,0.16872580580705246,0.0022150694486273792,0.5999085675055873,-0.09102879013379617,0.11315920306515025,-0.11761399947730379,0.2000748541606327,0.10007614500719303,-0.13385928856949247,0.006122116760780869,-0.09072080393822216
14941,0.026916885390828316,0.15846550118646063,0.01787298338449629,-0.0304116758498674,-0.07606040768605014,-0.6978379671369949,0.11859614352237116,0.04639951623253502,0.14411163386312162,0.045696300885045976,0.023865212601046105
14942,0.12462705755048904,-0.0685953533594228,0.4573248471195949,-0.03544468343841408,-0.049804311808016095,-0.07057325293555977,0.13080479947249118,0.06006441634820166,0.10876935805818518,-0.09139498583169665,0.09858202182645949
14943,-0.0465897401770633,0.6657763541545907,0.003834788344016824,-0.03807844248602272,-0.004632317434389733,-0.1902128195522435,0.1326981587721343,-0.03755390514386914,-0.0909916777103873,0.014109968395229386,-0.0006639340993419424
14944,-1.8378308134440495,0.10286153365401063,-0.06312662582860798,-0.08108167360364754,-0.12143403891744466,1.8610839353159718,0.050956701513770755,0.03131509667771985,0.01987976104889434,-0.003056811364331841,0.06284120675737742
14945,1.466548054509213,0.028948254662733652,0.017386215469485627,-0.009479726583161326,0.11518675564067218,0.19208656556842463,-1.0457686845429728,-0.029162593125927103,0.05906466169577353,-0.00045345151427940607,0.04928240274727484
14946,0.6854684412455321,-0.034078058840700434,0.05829972068381823,-0.15785274205911942,0.07921555818096303,-0.06493998974226492,-0.03698865100539553,0.0478994310926727,-0.058220926399796466,0.026499636184735297,-0.0447238225923795
14947,0.652562582562573,-0.029673580180853983,-0.024107082222899895,-0.07285648071828883,0.08735773609814551,0.09640714660371642,0.0013141017787486329,-0.026329024912021978,-0.009760881036865024,0.02494020028282122,-0.1341124468509303
14948,0.03965095499734193,-0.11132960648808832,-0.051625245345434286,-0.08511745574838289,0.10428972877457734,0.2125957265817436,1.3275944204268704,-0.1760205280407257,0.15421320328585061,-0.8173212687178824,-0.11628906823344476
14949,-0.012763919116677926,-0.67876463295171,-0.028405725664050533,-0.006797003462965863,-0.026180620215591414,-0.15099027265436235,-0.03488621226362791,-0.02969054562329377,0.057480592344696164,0.995737346373902,0.02689697655192132
14950,0.1468868177772931,0.843411323780034,0.09798767359227252,-0.043740964436402505,-0.04234999533088132,0.10144382361543085,0.09006957231648607,-0.5913844224443846,-0.07214762296813748,-0.055600493880815095,-0.07979995257361631
14951,0.07814068519336408,0.026425264159542442,0.17865307626650248,-0.5741438309538447,-0.10106910474896202,0.17940006250118268,0.012641879877968606,0.8791739424393777,0.06644040586863229,0.07567268483102965,-0.030344430479804372
14952,0.08872771547565042,-0.0843805644851206,0.14466498552499504,0.785144640564676,-0.1012250562625073,-0.09871215618048734,-0.08959723177413048,0.0667091228871403,-0.032621815043172686,0.05584655025361011,-0.36381355435842344
14953,-0.0032118495823900014,0.03594951954920936,-0.06313563285480195,0.03085650648604789,-0.36751464436331016,0.005507027153527052,-0.06674162175792035,-0.10599170044578506,-0.14572053653259,0.04508399540747406,0.9219450084871156
14954,-0.020620507132382792,-0.018275123887412592,0.016088583064424792,0.06081986746518988,0.6175487628549609,-0.2658154719570942,-0.09189989568579111,0.027487818455748547,0.045367741908373976,0.0594543425595275,-0.016275547919958964
14955,0.12582124079537416,-0.2208275471447275,0.043747638866865265,-0.0484139483165254,-0.037830571001790055,-0.1326502464037644,0.024068594216707,-0.06586216727899571,0.5350297665597068,0.03951058426675016,-0.09892306091525979
14956,0.13252781788308463,-0.05415075480553288,0.5666158146570737,-0.038903809863784306,0.09400278495941561,0.017324078352741586,-0.05359101446457821,0.014800788925611937,-0.04135092220907855,0.19617805029015445,0.07162989066502665
14957,-0.04293147693513488,-0.04301425452939007,0.021419125691469282,0.04896755085903353,-0.10526523679146922,-0.6475094625625163,0.05813518697028698,-0.0033808617745195234,-0.08076345977204429,0.04556915529593033,0.024676911065738494
14958,0.019662354181067807,0.08455882143108501,0.42231019033992,-0.20869080591487166,-0.04483844750045363,-0.02069323054338227,0.09041049091056692,0.15532568492665488,-0.019517671153169606,-0.1056655841295712,0.03374378102297096
14959,-0.14104659797495628,0.6378483988497002,-0.04377044777965307,0.0315473114961905,0.040250927945051224,-0.009708378566302543,0.0694755902949037,-0.024485083221919172,0.0026678767363628583,-0.03178223896311605,0.07308169022835861
14960,-1.7315698086875626,-0.06544284699617574,0.04120300649657825,-0.13839896370033627,-0.0547416524158115,1.8826636338744147,-0.00698424834748184,0.08049222855102477,-0.041894791212353545,0.17805120705876054,0.07656049008352167
14961,1.4337520961045742,0.033579863714512374,0.007995822247927132,0.1039485435074493,-0.11304217223423436,-0.0033595716127431553,-0.9170313431019879,-0.03476588648894764,-0.08376938279227741,-0.008444073085842356,-0.05161393729996373
14962,0.7984725895770568,-0.12364472409436203,0.05747301426493481,-0.01574006536041154,0.05336319964531599,-0.12428716016158674,-0.13100795312992822,-0.137726543119142,-0.10597493780634494,-0.0495187167708187,-0.15631812894241665
14963,0.622556144523081,0.007340020361323677,0.038078696284953854,-0.028365565435062037,-0.04344929675596287,0.01008951492078301,-0.02414699762496194,-0.02370614979515316,0.0035915079235929286,-0.00017473745350164282,0.006020445672433208
14964,-0.10497698502188324,-0.06779543194233734,0.001719998578664579,0.017942029616123012,0.03934366821313309,0.07387486960507428,1.3664916054655314,-0.099675179052756,-0.09287828902585635,-0.9638468075562954,-0.11556742380519965
14965,0.2029157036420871,-0.7535673795325686,-0.06730373924917443,-0.02359387969969199,-0.002022909870293567,0.1000717604174741,0.024098181907672697,-0.07777352270741843,0.018511267656360984,1.0261455237520567,0.09000113845553463
14966,-0.04931429239531631,0.7069295349693386,0.05054570118975359,-0.05987562895812276,-0.030555469034511347,0.07788675900910662,0.012318530602588463,-0.6541867364074029,0.038325459777325516,-0.0009637348845490676,-0.03708799013025087
14967,-0.06793870596691817,0.11241126204582605,0.001377042804460006,-0.5192544792132139,-0.05863332185046452,0.09877680133129277,0.11082758655280994,0.862193373611465,0.10270358653524343,0.004907023343828764,-0.00846827321267894
14968,0.07971910767114437,-0.22206955131838832,-0.06279258741747885,0.7665729138169491,0.04984063825152526,0.19867489461407375,0.15258173547627443,0.041170702775142634,0.17289659783092967,-0.1510435746304667,-0.43599425813638065
14969,-0.2355476275451206,-0.03949254367047836,-0.006966447964743359,0.07502824356093736,-0.762429315285061,-0.13164050146624443,0.036024224322171644,-0.037197856302478106,-0.013114634414999386,-0.12442089486755392,0.8481311474929942
14970,-0.01817883199527694,-0.0469881853742195,0.11886527584795996,0.0943479590759098,0.6112902764005698,0.07628398139296623,-0.0790083844621373,-0.14088034907349595,-0.36354360195458446,-0.061875671857567205,0.03988660653993331
14971,-0.1913805612513057,0.13921750279075948,-0.06743361812125057,0.0007780412434130433,0.05280484435990363,0.006096900322583802,-0.03296873116498801,0.05863430488527504,0.4805422716882645,-0.06685754421518089,0.004691589783986165
14972,0.1975280257988788,0.11748549634646166,0.6135808480802671,-0.10811428848302937,0.04821504165504567,-0.1945521266607873,0.10647057890355856,-0.029134678129692282,0.015226289758972144,-0.09773081613747556,0.04759502866108449
14973,0.03703234295022824,0.013437283941118493,0.08714662531333843,0.04609639748455702,-0.07266110910640862,-0.6712881386331105,-0.008047899450006654,-0.002021080857250808,-0.0016244161872350006,-0.01308587195963664,0.09452597121177932
14974,0.13327546732043008,0.13142520434915958,0.4580257584564309,-0.08466329635856393,0.19198972756605479,-0.06584451654393335,-0.08045612904517702,-0.051678573128091765,-0.01700474616068041,-0.022626022420023838,0.04495139360199331
14975,0.013399417073345321,0.6500965815650028,-0.06034010155355475,0.04765722845681618,0.005324105059259573,0.005105622610886672,0.07254055823196179,-0.02617380962811906,-0.06801186238686213,-0.036144700014612924,0.014476516429580534
14976,-1.6482827764862926,-0.04873348697684898,0.09485153702605337,-0.2640195528610213,0.08041618851054126,1.957972439120791,0.14869992059105955,-0.057134024398966594,0.06291820356539983,0.018331114416539757,-0.03133937117850177
14977,1.4341388872127023,0.09524683586406692,-0.047021249309911126,-0.0014368740193875422,-0.10697381448792702,-0.09962313988194244,-1.0870964340757079,0.013289410444896949,0.03406848218134061,0.055832784016905515,0.03565716578667929
14978,0.8243354902363188,-0.09136068825996842,0.02418955113929982,0.008378725156904201,0.11727221782327657,-0.010192083170612772,0.21087238066062688,-0.07132133802127155,0.15984284704680696,0.15841752309571272,0.06780986741962315
14979,0.6253331708593715,-0.005260416534291146,0.018324474944343364,0.025428580828054485,-0.006930848859245146,0.05590475233305234,0.010329889996644373,0.02180923651256366,0.050259641581071324,-0.07412720355285748,-0.032018328575141
14980,0.16465700568565736,0.0894366860545048,0.03759547862178148,-0.021407870472101163,-0.1224688582791586,-0.060163434551381866,1.1296019383027838,0.003600470382295448,0.04130582692057063,-0.9560984552564763,-0.08355015259926307
14981,-0.07814224370838715,-0.5866820695601925,-0.10600112862351724,-0.11411694863326537,0.00756028853362103,0.019700505768433022,-0.022503962817092264,-0.011312837366912578,0.06961253352748227,0.8949554618916626,0.08924562865371918
14982,0.26013858946983237,0.9520324733913847,-0.1122270369703565,-0.009261039183725046,-0.01687968461139464,-0.049894384386746725,0.12986975965496764,-0.5813269243532408,-0.12150687769048082,0.003727320560727734,0.005900812568163909
14983,0.19261813939371486,-0.15882031277729988,0.08634386169051392,-0.4581960795531669,-0.06073055568098291,0.025025351828538853,-0.00382717017071124,0.7712880626950676,0.041865845651543915,-0.0041316153974291885,-0.009306894700589749
14984,-0.1450333685704576,-0.07391144380685302,-0.06661237317382943,0.8325921062001249,-0.12966851119023712,0.2515459658404051,-0.0617034018468574,0.03522274279564774,-0.06681786951012257,-0.16046684254585963,-0.48109705076540715
14985,0.10362340950060836,0.03394319624255541,0.06065733094166378,0.08217688304836922,-0.4772036932804037,-0.08706453135009297,-0.05736322887409501,-0.006890033919351177,-0.10767151045953546,0.0783679449841494,0.8944075796860701
14986,-0.07442593151194223,-0.05507447004175822,-0.0572902887347235,0.11739824055770949,0.580857617459179,-0.06509570893733645,-0.0020274750753558777,0.06650658607135207,-0.3613836334007947,-0.08815905444658478,0.014163564542473589
14987,0.18792643202905546,-0.11504008109649735,0.0916032205752161,0.06357640468253983,0.0408725507202557,0.28607218962987563,-0.1648895527168132,0.046201273881991314,0.5089068631967915,0.07681158720798599,0.03829295696478052
14988,-0.2737990957905363,0.11196732223737893,0.6468158595215399,-0.11409465672721947,0.010477949102591432,0.005747170176473205,0.05500312673667262,0.03082338851214876,-0.02066918930423,-0.08839921240669767,0.01334477932640564
14989,0.0226868153073084,-0.15526791026739267,-0.03174328834506458,-0.09030054563367028,-0.03475576665171593,-0.6727823684858981,-0.05940872431216717,-0.02299812113145494,0.04443958047292815,0.016099660117164155,-0.025178711236023076
14990,-0.13906980176403566,-0.05929449177162138,0.4208068713600051,-0.060178854740996386,-0.045903756708224934,0.20042033428456943,-0.07993031400252606,-0.14150115448230544,-0.04331598622659779,-0.015550546304160794,-0.054133520989015985
14991,-0.02400476901405716,0.6696140813541838,0.009823194546471858,0.047210663964012654,-0.045939116855331724,0.04621895017261165,-0.017498016775807188,0.019466544904961004,0.01660590680640084,-0.04150507550541018,-0.10709175884659947
14992,-1.8304847271401155,8.107343445981977e-05,0.052922263071409875,0.022698414644849625,-0.027850972966775706,1.4628003607326734,-0.1275420845743793,0.11994754941694379,0.050522134731745647,-0.0026941386532691926,0.01924818206960392
14993,1.5408689301363045,0.039777841972081625,0.06395223847224302,0.10054526197020262,0.00278755154761061,0.09849496064247053,-0.9061289388058227,0.018159831850296935,0.03291451416050057,0.09062837830481518,0.01705629626404466
14994,0.8218216030753097,0.1991651837680809,-0.054547119895157425,0.023079169198239286,-0.021275723951617,0.09896467456937909,-1.706064381534517e-05,-0.018881649001265943,-0.06379766255645311,-0.02232461710427406,-0.13852574040619
14995,0.6246805150300297,-0.017999827038146003,-0.06384046047645871,-0.013472172563857613,0.017046491688758467,0.05657354897991286,-0.02008795405709768,-0.0057779372751850895,-0.018149664520648822,-0.03146856825334959,0.030380506701712027
14996,-0.12371379953837128,-0.017077328729649337,-0.08718594083062088,-0.08608578582285731,0.03616510926525889,0.10622588646890127,1.368715333140975,0.048930762214380544,-0.014287753397897975,-0.9041589657562578,-0.04075627076774492
14997,-0.1539562533979237,-0.8789206095485467,0.07530955701397199,0.02204603147664317,-0.08633768736920792,0.16050015824210567,-0.04560379789098022,0.11524290731935484,0.02108874937634382,0.9694593012989884,0.12936349373772066
14998,0.23415636181267993,0.9529948467557303,0.11290367401993624,0.005848426771174916,-0.01127870512027156,-0.04743140465635294,-0.08093529816733107,-0.6525197349382408,0.07202254574945993,-0.18522867843039956,0.004596245026859965
14999,-0.11461616772556724,0.02144647924671358,-0.03697145111495462,-0.5020909791443872,-0.12063923380648739,-0.025527347145488787,0.06167251658235345,0.8499672206603541,0.0672344779916531,0.03544331989021121,-0.03566823544631828
15000,0.03583093320847112,-0.055166057834924294,-0.014085096286304596,0.7959184417762505,-0.001775618218347597,-0.0034962533010906034,0.011855099568940158,0.11113621382485471,0.038086798124082874,-0.005722515578852392,-0.5499176915935365
15001,-0.00797800345475063,-0.07998084333246826,-0.002612456406259964,0.021825563941519965,-0.5951153977810902,0.04628596908331445,0.06480347819277746,1.6450377972269253e-06,0.041108790426905295,0.09469252184728726,0.8646337283840183
15002,0.1554116941008162,-0.06168057284025482,-0.1328773938031428,-0.018320422335640775,0.6026324935118529,0.004261290274437622,0.12718364823167222,-0.10046066765384482,-0.5901174795796323,-0.02344720626504394,-0.0031120007810028372
15003,-0.2787231808091137,0.06952616904846404,0.05711121220160546,0.10073073526214057,-0.03830091716237451,0.04306860863804233,-0.019761627093821073,-0.04112030573519856,0.5213823530250304,0.0028408400501671897,-0.009751698200255052
15004,0.01025452956130727,0.11467526841905401,0.5930320983088071,-0.07928435431862331,-0.07578263320462277,-0.034570688922299427,0.002198746514280727,0.13506413319464433,0.11347506882807731,-0.13857315922436078,0.07194288006896277
15005,-0.10827333347348415,0.00733016661554631,-0.10861820473302532,0.009661861005826475,0.06678774731034905,-0.7412689467744833,-0.04099025818590866,0.10916853894054093,0.06240462393881927,0.054110395370482255,0.053886244111953974
15006,0.12539427994286917,0.28449481622331707,0.43959182032640864,-0.02406060902195922,0.06310521453211765,0.18263933981972805,0.1294572846545385,-0.11329172583682755,-0.10445099338932289,0.006021158727390365,0.11142418368221901
15007,0.17055209723502185,0.6095066290615626,0.006492493854277248,-0.03589068710374002,-0.06250827880515682,0.07698812600378438,0.024551717124523684,-0.0736781321280389,-0.048300379596957994,0.0081381648046852,-0.06658062223244968
15008,-1.7506781266160991,-0.07889031809991973,0.031883158874735584,0.08770334671593474,-0.04888815310940638,1.7486260230787838,0.0704250671807045,-0.003930222841163997,0.008863509036526588,0.1370053785404952,0.018537234883813168
15009,1.6054047373492768,-0.031901233077207825,-0.0472680490092492,0.05180944493818193,0.1366098754578807,-0.02376856782162807,-1.0022835823776797,0.11270882113636906,0.13696391936224434,-0.08784159717448112,-0.09066358920093709
15010,0.8621595322460356,-0.16133401672698638,0.08360876096429397,-0.06736872041824114,0.023047144793097225,-0.09109746287633276,-0.07024628125956846,-0.028442549798772386,0.04661890815056455,-0.07612196099341335,0.07884238398125716
15011,0.5743347457674595,-0.027464585723272844,0.0010496834457068083,-0.03903524089781638,-0.023843743243844633,0.08307503138451874,0.07434992920719273,-0.013730309291946864,0.019887639695446036,0.011013907920590484,0.0033342277150495087
15012,-0.29217253622493417,-0.06219376259004603,-0.02060231652678691,-0.016777324414250904,-0.007547501962921461,0.08420200562276728,1.3331816489573416,0.08837708722154015,-0.08026097535620934,-0.8668943905677795,-0.00467503837456635
15013,0.002861647404364029,-0.8466616957492351,-0.11614941264270716,0.022730285608940415,-0.026978172725791307,-0.01230752324719597,0.013418315705220658,-0.03137408022026197,0.06917912034433485,0.9145425466656617,-0.021699279734381464
15014,-0.1848556195980601,0.9464991574387215,0.028493800927125702,0.015220639490490566,-0.04567190601024881,-0.021019139829605835,0.04011516306349539,-0.7014129099439215,0.050245353865617515,0.020873950817687628,0.015258976521318707
15015,0.015237273388356098,-0.07347510646564005,0.08112488457982192,-0.6067227932023447,0.05329722590984149,-0.10426665282560585,0.11725132744558614,0.876508792625239,-0.08726071862400274,-0.03815628291697031,-0.03749277773770763
15016,0.03738509507992609,0.04726172149852648,0.04057431584728163,0.7765220049572288,0.1251569745178253,-0.05029230380282586,0.06131661754741106,-0.05305537772206719,-0.01249926783547458,-0.05241572110164306,-0.3500891028366012
15017,-0.14599716656281145,0.05701145270347319,-0.1054142083209687,0.08076941144464342,-0.46360691471056864,-0.0024299717259750036,0.23450131099139085,0.07946444467712328,-0.023126841192662353,0.008634102940639151,0.8603074639613484
15018,-0.33604373136937243,0.03980536179769647,-0.0057435671714846145,-0.02821382484681215,0.5937720569949779,0.09838074231544325,0.11405427486708912,-0.07251795106997784,-0.2617258964645885,0.006629802117390541,0.05169145232894566
15019,0.09571371128760964,0.02248754570495614,-0.0824250213548776,-0.08562421548563459,0.028830932287786867,-0.11421670706962632,-0.03352876468333853,0.06255121696861145,0.5162567215667175,0.06410759049425166,0.042198894571341815
15020,-0.06684090603565318,-0.11054218482661882,0.589138080661183,-0.028340641038488056,-0.034606763006122615,-0.09432994197954019,0.06020955991488658,-0.07999279739576311,0.0471285146949482,0.03368523019817247,-0.012837230234478332
15021,0.059852378407619485,-0.04125135728776884,-0.0292795097307588,-0.00601864850077496,0.04084504012938113,-0.640536242431546,-0.04562478817653876,0.01820136076926929,-0.034833687747362826,0.06074259592115401,0.005649375127217974
15022,0.16149492827775694,0.19264932478492333,0.43113498669747996,0.045581957353318533,0.16502594096969608,-0.033267114202334525,-0.06788942228533083,0.1409071487184651,0.03659093542158278,-0.06081636105042287,0.0017979681530974033
15023,0.140280376696662,0.6599284136590917,0.014291602172033294,-0.03269232061239774,0.02772981270967899,-0.12309143613587857,0.021801261999171196,-0.028564505987384952,0.02858527681393787,-0.04726619962604992,0.03352911743778102
15024,-1.593172351488835,-0.1298790384248509,0.12224668927710178,-0.1021442761534692,-0.009925271785822094,1.7384242884684287,0.16372822489418012,-0.11082873421523314,-0.08059123441839326,0.1148270596209364,0.10199847774147475
15025,1.3940276906619802,-0.022430802539598733,-0.13721077863772246,-0.0527406156676295,0.06340150685782453,0.0695565303003984,-1.08752127168881,0.04654519226060556,-0.03802676468811286,0.06887166831372135,0.02073530073632679
15026,1.0961974861854407,-0.12388501733429647,-0.098021974442041,-0.06368656429280667,0.09023489467348147,0.037261610849759194,-0.2020144262958525,0.13836154173228024,0.003632256364494055,0.07086142206095333,-0.02154831723234809
15027,0.6445327144417312,0.014317142878155336,0.03244655977719079,-0.0036498296248086864,-0.03290395014848252,0.01305404596622535,-0.030095421113292154,-0.028416655297086424,0.05754276873349065,0.05322845157474514,-0.03012591424119338
15028,0.06843624884691277,0.010652326626696181,0.14844751949429533,0.016297797314353345,-0.053484965729358125,-0.009510737877308323,1.380811896447708,-0.03914950911015673,-0.02009384900783455,-0.8890053285795316,0.07475000407350174
15029,-0.04053503377578183,-0.5734148925132924,-0.11359536764975929,0.016598632787659565,0.0842425261419131,-0.055387436777211266,-0.09436729656218508,-0.08180322419679946,-0.08240919081266747,0.8517900995594145,0.050166796018046855
15030,0.09538298892098539,0.9680301880534975,-0.0032929297741154757,0.021684377786143398,-0.011312808687663206,-0.11817594005258036,0.18743608863923528,-0.6341624137187291,-0.028713113851188694,0.05324334264311315,-0.07143330727930601
15031,-0.044155929953067996,0.05985652136942529,0.029609894980743953,-0.44529431933248126,0.01996330231686925,0.06023093646772562,0.11640844033048038,0.8470055443105206,-0.0036991745547642098,-0.05657635059118994,-0.056817361778460244
15032,0.14765649880974152,-0.07294742220426466,0.12418982150642058,0.7618632522414238,-0.05355639874672912,-0.11896569550738545,0.19993017654767103,0.02796256168031368,0.1433672311943891,-0.11762964497249892,-0.509310243106895
15033,-0.07227999357623449,0.05437626790528098,-0.03835252857052807,0.042292494231110395,-0.5390414469931332,-0.009703257002138399,0.1036274925786802,-0.004583205479257438,-0.007106592252789201,-0.13925770778931432,0.9044761269497058
15034,0.20496993284156456,0.06953027783487226,-0.008212586189213014,0.011997353576607736,0.6240321280492492,0.030316091585009326,-0.07381935606028889,0.03272004394070718,-0.2551025474876371,-0.01710604153652765,-0.05745496801255506
15035,0.05530823501683749,-0.07946382109492023,-0.04357760355532988,-0.04713683355610378,-0.12661896216689936,0.2513950370842705,-0.018207741103318985,0.21406784088424696,0.468357467091907,0.1381274445422553,-0.008170919697464321
15036,-0.01979376986880644,-0.12376468297776748,0.5897054949201105,0.15617443322624297,0.01955605233567085,0.05240747763670237,-0.31058506016020354,-0.04639575813450871,0.08747211192616555,0.017193179773909845,0.19303791325554256
15037,-0.057414943225837616,-0.019306463143560437,0.07936844868136109,-0.05744391170675679,-0.011419386365024719,-0.6515786171082977,0.07365766415244991,-0.04987762945999421,0.039253812506055516,-0.07152210952088062,-0.014599929816838107
15038,-0.29176941484688884,0.20267145842250647,0.4325592762888785,0.13402336164175033,-0.13251296498606474,-0.006895571266096344,0.05083102939763672,-0.1040186421629586,-0.12923805328926474,-0.007529082322291061,-0.045896802137078765
15039,-0.033915424579940116,0.6181675265528579,-0.07382069875344513,0.006795857772958628,0.0322810509431484,-0.14321666000890393,0.08567383129084971,0.0598327667029849,0.11257880429466652,0.01716468851302144,-0.009903526603059877
15040,-1.715831877912887,-0.061853196176681675,0.07086935705222175,0.0913190981378674,0.010026759158532421,1.8209002720318876,0.19340408418249,-0.11444487625846998,-0.15604498875660938,-0.09289028186377528,-0.006324870453949121
15041,1.7092739647205963,0.01675146528427061,0.06751689746314232,-0.04168024138628121,-0.036025311531288226,0.1582986800231991,-1.0172204961586093,-0.04432385934111685,-0.0922002448829399,0.05089096544311556,-0.06174138390124018
15042,0.6935598803851288,-0.09725557149937099,-0.06006180822762671,0.002301595969423158,-0.020584956823582537,0.02959881614078375,0.060624069103785684,-0.09348107769516562,-0.07752062046035699,0.027366142899362664,-0.024323897758775546
15043,0.6313777063668031,-0.07058500707511763,-0.1375711206950282,0.010689020836918396,0.02675912515134204,0.051124501023674045,-0.031243788353148345,-0.012846451820334372,0.05113133783611383,0.015988842088887602,0.08386436669194114
15044,0.011840766053121836,0.004840219687971268,-0.044599305774454,-0.05425275863344509,-0.10176690240481404,-0.16479432273310926,1.4505571656060154,0.031987433818956995,0.06403360884154173,-0.9312962208993606,0.14461194651271309
15045,-0.05361491367282443,-0.6956316473925004,0.009487672930614446,-0.018582245428743163,0.10783836560112955,-0.12705175174500688,0.08025668454578679,0.029372701121343343,-0.12030573846066583,1.0484408523353927,0.020487609640903716
15046,-0.1928486475719837,0.9097070518292416,-0.0068977329451283785,0.010360586043940363,0.03970551936075301,0.02400555695127387,0.07276219993402777,-0.5484297070437173,-0.039422306101892235,0.00031845267139223987,-0.021403506871866537
15047,-0.03332533355562377,-0.02981009677093527,-0.10112990881017853,-0.5710948223392734,-0.01714670380468636,-0.07581723945265209,0.08347684793847887,0.818094645429,-0.03491090929441006,0.06287767929999111,-0.04501060435873209
15048,0.20621418665448696,0.11631650182889099,0.11095985525359761,0.7911115846559552,0.016212840240044935,0.04557414773486364,0.006233521245393378,0.010046557900393872,-0.061934763000699444,0.09263992831771185,-0.4078349301404023
15049,-0.16467840065080092,0.005062534590079563,-0.011329244358429249,-0.055141895643342764,-0.46550582069581,-0.005951741474386032,-0.17677865096358922,-0.024544817787206477,-0.08934204874056471,0.15718579850435174,0.8200105094468918
15050,-0.11276651812362988,0.006563211504065997,-0.02092502924206726,0.04813720745431376,0.604851140186962,-0.0008616626232117856,0.19466952539131466,-0.05552626365590936,-0.22535827388040214,-0.041274234757400316,0.007088543382369482
15051,0.17807714673871064,0.06090616617163973,-0.05639328359797954,0.045981615179153584,-0.06859913629337569,0.10920324078736648,-0.1461549335887963,-0.09556368800387344,0.4678626053575393,0.09411707272331082,0.03335586368258162
15052,-0.03030979878404836,0.1448923177101714,0.6254915432552943,-0.027627988109303486,-0.011743567678566942,0.16068770039957456,-0.032877639725980526,-0.09102700189153035,-0.10245224281761864,-0.026578552932702806,-0.009569995869458564
15053,-0.02985985354479942,-0.10312532868430138,-0.02032225610518987,-0.10752610732593101,0.09794113380683249,-0.7101395557862484,-0.0396884660572922,-0.0632891273069096,-0.04880094438829908,-0.07020217006642068,0.01710210300839363
15054,0.03402616490430876,-0.08124205555546235,0.376180818399234,0.1484752668112709,-0.06830430525228927,-0.03840812122263171,0.09761113025130148,-0.027759326538759486,0.12293175742337135,0.03986914069515302,1.811384646397199e-05
15055,-0.052850227828925435,0.6840645350970388,-0.10938407966541502,0.06642523354614442,0.002786125025399526,-0.14363526303788726,0.06772157690371372,0.024389240049115492,-0.005434938302987014,-0.022320937731591793,-0.01669296402774468
15056,-1.94486530736367,0.011303558839209563,0.08121559789429904,-0.06172932973833437,-0.01643173683469996,1.8322823858442805,-0.10181046451630354,-0.13505936525663875,-0.20833482483407845,-0.12589825783099126,-0.025528606787422452
15057,1.3805484567405601,-0.03758228659774249,0.039835944457506524,-0.06397023146735868,0.15635720627708546,0.034054762506209243,-0.9708517220911048,-0.0019204609503955241,-0.03824081263355306,-0.037048930660181646,0.016580254193563314
15058,0.68900195647983,0.11854010705381801,-0.047188353420379976,-0.030170760962224236,0.15489036350690952,0.006535211206781539,0.06143533172372288,0.07292761372380047,0.0006243830202139096,0.03355169419123114,-0.0321790277367941
15059,0.6559232995957985,-0.018603512938764347,0.02517492324959666,-0.04698642487675494,-0.030930286641686382,-0.010771096585648746,-0.00907488327399361,0.02896127459931773,0.07373552296529898,-0.019707930592666338,-0.0010280393708677607
15060,-0.03648512695358858,-0.004566385851137729,-0.06569531447648926,0.015664228345894673,0.0821928487359445,-0.11858224920734742,1.2361895120282926,0.08621922851296841,0.09410178965700738,-0.9296216221895773,0.008416211791412189
15061,-0.05116253694220118,-0.6180923593173255,-0.030688653108989956,-0.05605648442364271,-0.03539418139461274,-0.1453999630316017,-0.06064177131936717,-0.012091323325612578,-0.14017316168988433,1.064025260978375,-0.07450223809007793
15062,0.11010540168098801,0.8467968998121786,0.08423646423536967,-0.023838830217163376,-0.0014866879650062732,-0.019627858698560804,-0.09609794933264297,-0.704856023592554,-0.07356104729929622,-0.004101093786636904,0.05223287970263878
15063,-0.06418524371572372,-0.04051545921911333,0.003865925031267132,-0.5529109882610448,0.022804923985605227,-0.1460491456755686,-0.0020664108928637017,0.8887330491649792,0.017656266564240988,-0.055234087583027516,0.05666789477624159
15064,0.03326134683711599,-0.1060671477982599,-0.023623629512492587,0.8975256321636755,0.07842454873297773,0.06052436103593194,0.23198759582074946,0.11148529996117096,-0.05097078941804742,0.009070705196076475,-0.36042349490354103
15065,0.08996730599274125,-0.22327857097175327,0.030951032446974232,-0.032945233892181035,-0.49026842185080455,0.08080196937320624,-0.0978920215372459,0.18182312631792336,-0.16173816287384288,0.13669576907956132,0.8506667324179595
15066,-0.1305896327880759,0.025920665853581867,-0.07326179619803293,0.06939633412232188,0.5948450395885968,0.12711653165571982,-0.004413436131595381,-0.15232995746557315,-0.1560799921975809,0.04841795540332407,-0.11071314786333272
15067,0.2207688874370517,-0.019053659116513123,-0.05946636146001069,-0.01452486690395893,0.013866410534138982,0.10225152486137548,0.13376079106231079,-0.13428330634458463,0.4401980421791051,0.10104818032792423,-0.018422416079948475
15068,0.10586968241679232,0.1294334629258444,0.5533960699774303,0.10119392799274807,0.034091482165304374,0.12315670466996319,0.06968586693270044,0.17434014057549546,0.09329189295077955,0.08261756203871512,0.012317377837869181
15069,-0.13089162230485185,0.03273789529656979,-0.182718593321493,-0.002166195769729362,-0.07581476233901392,-0.6634021510973004,0.1294682135613221,0.06404057379377019,0.016090185925326166,0.05268965819914618,0.02963097967447327
15070,0.14432056468119095,-0.027527809641738316,0.408258352940541,0.13967866658272582,-0.01981133514187166,0.1686180816999852,0.029288574914968727,-0.040314538513424515,0.003225166799900101,-0.06241404515732902,0.03547755958909293
15071,0.024508136135510013,0.62890127605793,0.01521862943088052,-0.051045378858907656,0.055560353251096276,0.11646217436834791,-0.16669584713006974,0.0770549904560842,0.06819940320641413,-0.04779238939816432,-0.008074888023251415
15072,-1.8635943134400568,0.1258187152769088,-0.02999026079671063,-0.072030593809141,0.04160664366372378,1.7588933902821946,0.056420365745073274,0.09476313760412575,-0.09178463468031035,-0.12557513954375626,0.006888284346539266
15073,1.6654656673845032,-0.04346086272019832,-0.19153523061867841,0.025718652955071662,-0.00037095138317553905,-0.1263847212901426,-1.007446438709639,-0.038423796318276776,-0.06804628346434254,-0.019634165056652237,0.012779674729856569
15074,0.9380387677653491,0.08634248050708998,-0.1155690013636531,-0.02127000224970082,0.04773801858852302,-0.15225624728224618,-0.040048768036730985,-0.06208277060359004,0.052832362957227444,-0.13250169573923914,0.019053982716216417
15075,0.6113185562735347,-0.04439045952856695,-0.025687945296890467,-0.034270809845439044,-0.031090346182332997,0.061430712958893546,0.008922585281335913,-0.03987409939239689,-0.012058542166985547,0.00133681604418193,0.002720954066460119
15076,-0.10908950612327777,-0.06436567927405518,0.03844516037194196,-0.0645483477787455,0.037782187166595496,-0.07516254377009801,1.2172230767240724,-0.04400947522435345,0.07409184000843046,-0.9776948905131287,0.030269163834548318
15077,0.0279104116186626,-0.6938959039261515,0.07252485909740124,-0.041744808526848295,-0.047352193294508745,-0.09472714040833718,-0.0462601561680909,-0.1777520800709646,-0.022439209112828738,0.9634810171974703,0.00731821618120972
15078,-0.11306591136884339,0.7858246781179282,0.07312022427253428,-0.1325803144177677,0.02158696711877364,0.08725422032621236,-0.05771664194445811,-0.6609664245749778,0.13089643075192262,0.0497731844457975,0.040864825168567674
15079,-0.04769931947073154,0.005744335717700819,0.19905699389391768,-0.38858539920769425,-0.01668397148511222,-0.11622631890381094,0.07131960021251853,0.8947565847721526,0.012734763706120325,-0.09586675119422894,0.02123416356269279
15080,0.11975977881653442,-0.04407557122447288,-0.05521174082552706,0.815858818642668,0.1058935659432712,-0.025066955149281464,0.04197333715210802,-0.01818262571515611,0.0690397697806131,-0.099124356541279,-0.41781066448837184
15081,0.02415912655484367,0.0013908143045658085,0.0303561515598166,0.031891433723686136,-0.5966275822172822,-0.009929691788972041,0.3283476684371286,0.07280971065165269,0.06883745590809556,-0.06911825482539255,0.9158037167266276
15082,-0.0355394246047805,0.008726251953621209,-0.00791947346127986,0.003952657461068251,0.6173206276235154,-0.1699094588739036,-0.0878045083578462,0.011333941079876498,-0.2093349863206543,-0.15159219241978672,0.05865028818112989
15083,0.02267881458321668,-0.03332931449462933,-0.36304553996828487,0.047673228530560635,0.05329903156795993,0.00028110743730367066,0.019058561318002855,-0.14219434543014578,0.48223119441735507,0.03231920976858816,0.08682416007011126
15084,0.263986250466688,-0.04881462047657252,0.5619693996740958,0.06217621530548623,-0.06868677799022288,-0.03244668429288509,0.016450452931349415,0.04929020267122781,-0.23586674039072547,0.07810625689716755,-0.05305935072201493
15085,0.0011745062094395348,0.008719104872409365,-0.11498207502617946,-0.06769779692139917,0.11733072907156593,-0.7294346768370649,-0.09404345154185212,-0.07375155708526598,-0.13987106237633534,0.01362972184881251,0.11209186005092746
15086,0.04283829535133302,0.027367885694353937,0.4078042618014643,-0.018581326001036347,0.19232792996255751,-0.05500952382040503,0.09105254742256103,-0.012471304876088453,0.0852732185502927,-0.15307254041359997,0.005528127863064168
15087,0.04387575017712564,0.7298003069898942,0.020130906286799727,-0.015600354016668148,-0.02595636581847221,-0.02297465279318872,0.15276423330551386,0.05610291544842208,-0.009608636186377476,0.0701954619418978,-0.01305086663265521
15088,-1.917555974852616,0.10975163957908711,0.015867715539007,-0.16109084493151202,-0.0631592565115438,1.5447086069045215,-0.09492819129273761,0.02020093960533261,-0.01762633917931666,0.07077831675026754,0.04570680532480175
15089,1.5812427515489567,-0.016331501921111425,0.01738384216020744,0.013701267418628187,-0.14650900604369896,0.030420449886119832,-0.9958206226448649,0.022566488921926628,0.013923495474574827,0.02288540296501542,-0.01333840331072405
15090,0.6699462385716617,-0.1284128078896855,-0.03286166993854861,-0.06784746864620868,-0.030467973945353784,0.13944754232125786,0.19518461086166075,-0.09039136631167095,0.012892454148405924,-0.09675866048996648,-0.07107573777671657
15091,0.589347166674117,-0.07424350125853516,0.08858709486431297,-0.0007279388193395988,0.020451671100661952,0.09198477829467976,-0.03163540954028305,0.026300219543907898,0.011668909466122417,0.0018513602336058107,0.02016022239934576
15092,-4.761271418200243e-05,0.08053002351801825,0.07196600441494001,0.023022906173425995,0.007102243045907107,0.05967803410220709,1.1605219829734454,0.13639295665834522,0.07770825799182988,-0.955902857371881,-0.05588390484414024
15093,-0.014079584348806901,-0.6167500900580027,-0.07741744379112317,0.08861385855990814,0.0479314538702349,-0.1360861548570879,-0.030894490491106742,-0.01817824758218418,0.0433567431723736,1.0086889388472824,-0.021596918494612607
15094,-0.010655580918851439,0.8682548911984432,-0.006629344267626304,-0.07556562018222795,0.0374568005287939,0.09984193394821878,0.06496065898158805,-0.5795194174999942,-0.04390987228044177,0.06878121313474977,0.09867074776295878
15095,0.04870686421764464,-0.0748362757802889,-0.07055971093167426,-0.4589333922358094,0.04746032191581609,0.03463964054133645,-0.18314926382716099,0.8750155652482727,-0.053979155410553606,0.023409543033566915,-0.015389783661737606
15096,-0.2583036291643433,0.0956238312789198,0.09551690628853256,0.7518362135166056,-0.04352778967057394,-0.16983473764475743,0.23949542178662495,0.11267738828525381,-0.12692979116045036,-0.02120117287592195,-0.4938658905296574
15097,0.1069883091414147,-0.07664523845698641,0.07654310784323545,-0.010326412943115345,-0.4660559890335914,-0.08546728458908757,0.10449148612921974,-0.02349504293219653,-0.20498067877553502,0.0469700145979427,0.8776845846405072
15098,-0.10386410630641164,-0.07698560365770547,-0.08620824657211554,0.06949664292025926,0.6067981621257901,0.1174476576725949,-0.12981325536308524,0.07104432726458075,-0.14003332773234622,0.029695843322910496,0.03143522887163543
15099,-0.004013771845745601,0.08225261370583437,-0.13848341318259444,0.02872799859111298,0.021109655042285357,-0.05009185139564915,0.1380718073137671,0.10739484395488932,0.47206908708679646,0.012091780145733772,0.10606729755141926
15100,-0.23140207064662846,-0.07241726308563873,0.5835164358907334,-0.12434149782510415,0.07687982587248,0.03106157509375851,0.029359232994734367,-0.06157024514124952,-0.07050493011290973,-0.013917908970308299,0.08967688758415959
15101,-0.06519870682063862,-0.0052554864601835356,0.10722691035859137,0.020938047196507322,-0.02034004788182392,-0.7165414341379212,-0.024094528025458656,-0.06152291277278918,0.04933662244378866,0.04758709492868247,-0.09893047919464239
15102,0.10293207215735765,-0.08973061852752082,0.41632118813977326,-0.08170999993468667,0.015077459421150258,0.002545634714909078,0.09318876322010548,0.16103814015604512,0.11867507507373916,-0.09518261459230265,-0.06926100079989206
15103,-0.030236521702811978,0.715648359729524,0.1256196540431277,0.08572806092232489,-0.08198646373294981,-0.04664560416083152,-0.024789260721203715,-0.09356223657686628,0.08326031740119708,0.04310866801017407,-0.037349828864955095
15104,-1.8845213102094216,0.11359652972390501,0.0129048318847679,0.06308699472436702,-0.09684227529371316,1.6349215662047103,-0.021046526822928856,-0.046415057808623525,-0.13243052975706865,0.08478844041844538,-0.1358102641302075
15105,1.3845746941621975,0.10953909779556413,0.11143003964557183,0.10678182495308577,0.07430807705444235,-0.015372354411980501,-0.9669279087656303,0.08883583340972798,0.04588008485943412,-0.029613216606973095,0.045337660592574436
15106,0.8051464622252043,-0.0806864197890728,-0.08812470580542389,-0.16645089286195616,0.03965470946984283,0.09287180787464822,-0.059354582781806865,0.06484541456140419,-0.09473622788237979,-0.006638599631531399,-0.030198832080353913
15107,0.5603896110966252,0.029950209999053255,-0.09067177621801878,-0.020146625745096958,-0.016502560203741277,0.1024547465895014,-0.03588599996608269,0.019957231834710973,-0.017468111328282694,-0.014713598536931247,-0.05676716056190939
15108,-0.037761059761311826,-0.08240063281923482,0.055705887452967444,-0.18216182261078254,0.014374370681367597,-0.2254814893380272,1.0949987408548236,0.028512531642557955,0.04038000891730531,-0.8727817549900035,-0.09987279551929151
15109,-0.09491350229361674,-0.6743755288341677,0.09520168988436821,-0.07625382915646498,-0.10645507626062657,-0.029000898892421467,0.02509026636998454,0.05451358595919342,0.05348720266642736,0.9837692694101359,0.08891206377549814
15110,0.10005092168902642,0.9643698498126969,0.2635733442164428,-0.015449058289996062,-0.013275838957965146,0.023817409777615248,-0.13166688738188695,-0.626292840235953,-0.10902257421928387,0.1146630139080063,0.059147401039612246
15111,0.05579365079955823,0.04421479156275443,0.05607461555580477,-0.5136212101832824,0.004006007732277703,0.01117138905228852,0.07021906264820645,0.8148567765824207,-0.14865379843177842,-0.130766503799943,-0.08876033983591847
15112,-0.12283470645752213,-0.007290983393213147,-0.047532229668993904,0.7331041587224011,0.049387930708865824,0.14738710376439887,-0.035362974620773334,0.12694442501161649,0.05675900375059899,-0.04995243849321377,-0.5532638687162532
15113,-0.19135037181505332,0.05213533022705032,0.004674521034151298,0.01126070643742981,-0.3552007346786739,0.03514280028632894,-0.26844955953313177,-0.03557198158155089,0.061386373389351816,0.09562715073857024,0.9369785252891512
15114,0.024256220523569353,-0.10599696440516354,0.026257703344484743,-0.03536087085644094,0.6194851019666796,0.1187149638561396,0.14542079668310903,-0.10057759618522086,-0.3285564328969438,0.13591053955063623,0.025579957672397305
15115,0.09279385501050313,0.08226925579656663,-0.0644532547516716,-0.024217222668966133,-0.05662841874016654,-0.1706610770921608,-0.1306935049157084,0.0338669641395804,0.5205106582241169,-0.0040327121140981284,0.03083701805745707
15116,-0.16115165844186552,0.04340755634489094,0.5906217144585371,0.27219157779635794,0.07866532753154155,0.038434601477787676,0.06466639062413788,-0.05590877588958239,0.05601133284888711,-0.11640882185473504,-0.12203596850592191
15117,-0.005780358830822016,-0.025183300047719192,-0.012914928030728422,-0.030674185737114796,-0.033273489505537455,-0.6959005837561929,-0.0006919035649549487,-0.11642305860463388,0.2650802058675266,0.028245529796949442,-0.013071110215123733
15118,0.19890904490543151,0.04768387450399508,0.42106633806265487,0.02394110810102498,0.12318572187214326,0.047052858983583586,0.24015034219713516,-0.061213852730771394,-0.042932551071144014,0.006176979315644891,-0.00636443106488958
15119,0.15879108964223654,0.6549465232480522,0.03280254399137603,0.024729589290889135,0.0009122006003460287,0.15771163849033032,-0.0055832958599657395,0.05549160531626232,0.05661694571086295,-0.04954163116445217,-0.010154273879007237
15120,-1.9432957464495546,-0.06438182711468877,0.05100714674394265,0.04719224826087904,0.14795084473510667,1.8164273286732553,-0.022267644909607313,0.14320431019190402,0.1666464926518244,-0.056994610893231726,-0.0947874422159391
15121,1.7882313661638065,-0.02433961903199536,-0.0902053609620207,-0.0018918502103313093,0.046139624603735614,-0.12133750506699818,-1.0093925395425876,-0.043001987711473046,0.10514401138490373,-0.015549851758985541,0.06978008987510277
15122,0.8891305794980331,-0.09492142679975239,0.11453521053493888,0.08887947334661302,-0.08266853241694602,-0.040584552191001155,-0.01117393954053853,-0.10381319605198858,0.041963304003967694,-0.22751702859952985,-0.0025043844764827683
15123,0.6176617007431334,-0.028326407421165524,0.011570055424434067,0.05458095626175264,-0.023130026109875412,0.03637011403247413,-0.01168001123270774,-0.04623305061872085,-0.0320117995835886,-0.006803001985206187,0.00326343946381689
15124,0.10878859543949645,-0.023839347640331736,-0.11941142718225674,-0.0058090792220646965,0.005736336648073364,-0.06592890583229569,1.192596275577226,-0.1547125456380008,0.0726418802913911,-0.9987956347084743,0.12079655779850594
15125,-0.22586259856622096,-0.46623806682669366,0.09751942779344315,-0.0467220572895156,-0.09872936862178809,-0.025157725905725726,0.0009389523916872738,-0.0276508345503535,-0.03804445395334611,1.0682050345241747,0.0006949123882243578
15126,-0.08241834131335793,0.9681784245730592,0.014008386285970032,0.11246809526292458,-0.016595588700287028,0.09733712644094877,-0.1586809048164103,-0.5264450009601908,-0.007555168241058408,0.19873340597991976,-0.1435731872390299
15127,-0.020895509110801853,0.015255962327605782,0.07167209258538383,-0.6161992905099656,-0.01347838430286974,-0.022688578271321733,-0.15565143859209155,0.8243861289557856,0.010698413649554307,-0.14062396990325038,0.014615105813285165
15128,-0.008624486969565531,-0.07802714065648837,-0.07582028435337058,0.7921926697450197,0.09828749118907845,0.13679478986999075,-0.08808388567680167,0.12291225162195948,-0.04511173937775263,0.23016745125417581,-0.4645897047716209
15129,0.0447513633083015,-0.01275065888346362,0.07715403392819073,-0.0035025338063104385,-0.44374523723955805,-0.13995224849843824,0.020543922548568405,0.02987317237400723,0.13055108346256986,0.045952301577039674,0.8885136193212202
15130,-0.13997962425218513,-0.15241023638029463,0.07844430549744114,0.05047847247364867,0.6507447906839167,-0.06072038996292185,-0.06043551959440069,0.03757817992541447,-0.311803353765162,-0.05739534522774035,-0.0005846421772996001
15131,-0.07956574065615242,-0.11297261294261512,-0.08170291549718042,0.046663739383802263,0.05233959538702297,0.08452007839517409,0.09436100117507448,-0.10600797196507313,0.469834144074193,0.10327151484775231,0.013709828962091454
15132,0.21228891720804413,-0.014344116101828662,0.5539727946888049,-0.18006614996456263,0.0006082822024827371,0.11311157961709324,0.03736206169620532,0.06339826387406743,-0.0828604607102561,0.04837073850124125,-0.06146937483849491
15133,-0.032718436566554675,0.01496900170091325,-0.11925695227685736,0.028900770504865895,-0.1234315608538063,-0.6446687435341069,-0.005349087404354873,0.07940307615895535,-0.027585852094232352,-0.034413885766679905,0.08370334937420587
15134,-0.03427789863219258,0.021070993578946894,0.4323472963486127,0.07569222617923756,0.11301678158640546,-0.050806289563819995,0.0508198099948486,-0.044106825149138544,0.06764070403511084,0.11899959846700187,0.11773597038092025
15135,0.07901685356868952,0.6967266982558551,-0.0012083749706785774,-0.0034077638654484853,0.04969518749678714,0.11333700014009432,-0.0705691250925314,0.0073361571276502,-0.0322134680425798,-0.05005059251268823,0.1003885542541337
15136,-1.8951320202006783,0.14176997260209986,0.026007493006150267,0.11045019278597851,0.1457766200587837,1.5233554119223252,0.06493306368927304,0.03908866359371908,-0.022478597476721977,-0.02774821481926784,0.09645362671882587
15137,1.4560747713966178,0.037300014840386565,-0.012247386241050064,-0.027395712619735706,0.04738613445477669,-0.2469634321812014,-0.9350510585814998,0.06460311645592878,0.05548539991787271,-0.01134655142099658,0.019119083368651178
15138,0.8150152143712777,-0.13185059987928358,-0.019968979005575375,0.04075186761456902,-0.1291741926936294,0.0266381918164927,-0.056374856176825125,0.04555836463800192,0.03364756568979055,-0.06903954512247153,0.043218265098938474
15139,0.5657583069657554,-0.0030292652006640684,-0.02396212024318113,0.012021722594262589,-0.013849589490061386,0.022893552787314732,-0.0063725915892877535,-0.06790439350498505,0.0028977037717897534,-0.02696687871281122,-0.008993793388272272
15140,-0.04973708591072552,0.02230561081004541,-0.09760595640782763,-0.12151351523888307,0.08917533064901799,0.0685856429068758,1.2700586434043344,0.0610083342530601,-0.05493658719802818,-0.8614110099319858,-0.00940021658590728
15141,0.201810836154856,-0.794755245839304,0.10648242628827745,0.022523491654787647,0.06948843996839191,-0.016967266294176102,-0.0004091861931828553,0.15868278800865057,0.1142634945117663,1.0076320134001797,-0.004008821011666584
15142,-0.0883747484220016,0.8627816735000854,0.025639313103764955,0.05595312565007837,0.013005238708730826,-0.06565937783404102,-0.02035553756846528,-0.7467842725600431,0.028468113702761293,-0.019565746327788597,-0.03365519605407918
15143,0.12599843676392117,0.07131721454645833,0.09539823000275059,-0.648510945877868,-0.055599319209494694,-0.227854124390555,-0.06892630435060927,0.8119604073584982,-0.026409035170818173,-0.06808961504866032,-0.0358806350138014
15144,-0.3115559231964537,-0.06461850485007072,0.06298226954323476,0.8222997914340027,-0.03964838571153994,-0.0052202847453719295,-0.03304009207865714,0.0332450069353005,0.06419150819654414,0.24648202665016786,-0.366336819322847
15145,-0.20609096317648734,0.15434975110669547,0.14332931672460625,0.02394277609803424,-0.5344182096648201,0.005033507893475515,-0.011404222115559883,0.015655194019468514,-0.140347238112144,0.07035160398446359,0.8250747727797021
15146,0.028308922584588014,-0.01721006220706264,-0.027341889782809187,0.02612086261489075,0.5804614448804006,0.07500533444219173,-0.10077475061299097,0.11284154344540341,-0.13422613702028333,0.04464707027491985,-0.012540675025226605
15147,-0.024408993341359004,-0.010220792814859889,-0.1544936316998007,-0.11516465735690357,0.028201198868218647,0.07215032103358524,0.0017375202122411997,0.05867834724299502,0.5210119680025622,-0.010306896972569767,0.012702573456307204
15148,-0.07771756147437346,0.0009816321942939313,0.566730594689168,-0.0451597439011862,0.14991123834609704,0.006882530819612912,-0.056034383854372774,0.023039806901526044,0.024459918646916386,0.012799262693560466,-0.17149588904690594
15149,-0.035578687380278994,0.06931112669690195,0.029936178857100718,-0.11610243291604293,-0.029778293297328853,-0.6327700766619183,-0.010032126421414168,0.031520965896714416,0.018804689627503653,-0.03247743684279025,-0.04795180232274103
15150,0.06939528061292964,0.20976284147475646,0.39825997241088823,0.10054618768495314,0.024119605900830492,0.2735680938240988,-0.019652506663115073,0.06076645828672985,-0.024759104918044186,0.14384290863770238,-0.11301640327757985
15151,0.005439558567505202,0.5750852923836176,-0.08029871719910055,0.027288318957034763,0.03010691427304136,0.05638555178065119,0.0046755506976747,-0.05441627595225457,0.004755431719179836,0.0651809412922903,0.06136647199848919
15152,-1.8217966122178382,-0.2115586913128867,-0.14379883612940347,0.13737742194770872,-0.013036597099590652,1.8164061499117108,-0.04123432094747263,-0.04759597259566601,0.10954115498057022,-0.007992851560526756,-0.0073894631736566765
15153,1.3475347581794819,-0.04550941466272451,0.061789730084337385,-0.0024681953341782314,-0.056627820856315576,0.1805562807686455,-0.9251954919069528,0.03288762298554258,0.05574843191583726,0.08597652878465634,0.05721775067526778
15154,1.0769263797958928,-0.038916389352259016,0.2596404254514507,0.0019478082157367571,0.05817094259669442,0.14470153228242513,0.006420138184610336,0.13353665224357975,0.02395591210835084,-0.14982232301349918,0.05482003124141368
15155,0.6743255471886964,-0.10446475346485865,-0.044447156357092864,-0.0421619528389981,-0.003941095258713417,-0.03556477200282561,0.01191724536770976,0.0010366004149627355,0.08635348773036174,-0.03246884365837076,-0.016346652397811617
15156,0.1311694137411061,-0.11543095853746209,-0.058785426586341366,0.019856189623049133,0.04808962451238338,0.13835446329630002,1.139749033181894,0.023341166929295023,0.025626750980845592,-0.9924673938631241,-0.06740651530269776
15157,0.10453222785040592,-0.6613638238705367,-0.008261202229556164,0.008986062251591511,0.026209417318885493,0.0007224967795162376,-0.01950125685701604,0.05512700009996876,-0.16991518699859023,0.9871965127474479,0.05616267145492142
15158,-0.23065094934622285,0.8753940310629221,0.02064315252702481,-0.03348003328788625,0.06422060196925218,0.06209093833234961,-0.23309589995406005,-0.6250687298983526,0.09774711935631972,-0.08101798083846495,0.0764384351648026
15159,0.014007826987172964,0.12070208505573413,-0.030603193061123343,-0.39247578232017777,0.020611020457050606,0.09855561395554427,-0.3603381392968884,0.8499163256134449,-0.14807414207464478,-0.08261712350226491,-0.064595935522998
15160,0.024188534030738767,-0.08637784049671446,-0.16193537503393854,0.7440595296315924,-0.023338054722341205,-0.06212849906905658,-0.043717940185394245,-0.03459815708152664,-0.07545292450157971,-0.08146285378415763,-0.4498073172442411
15161,-0.05512617060923125,-0.06375841271364943,-0.15962218584557394,0.020854988170470025,-0.7136761617079683,0.07046257810498147,0.046382641953398696,0.15126186815099973,-0.18141343979852925,0.09448423787521573,0.9064576020143971
15162,0.15169600011591378,0.054017536325809745,-0.004863555012280493,-0.05815597410396268,0.5987745436374202,0.09649811446396658,-0.026067843911698252,0.09170052000022279,-0.4607489013797816,0.0454258416584348,0.04372322128342046
15163,-0.20935177019120646,0.12596338686920094,-0.19861497441584086,-0.08817345767003207,0.026835537445905597,-0.005943854610574459,-0.06591466980179213,-0.055160625932632705,0.5084891479773909,-0.07323931883649833,-0.029994379180308114
15164,-0.06486418185232713,0.10308213230553677,0.6209437871136141,0.04585001112244985,-0.07264515170474405,-0.012629453652797959,0.05155270498998537,0.03624025041014674,-0.01654828788483336,0.10119570537720861,0.08465631504375139
15165,-0.08324057226025158,0.02363699153920533,0.003658428766049103,-0.005302066219083311,0.04845674082324814,-0.6373028581043838,-0.03146797790669891,0.018696777923981056,-0.048221810036586724,-0.013232767118298124,0.07154395592561366
15166,-0.017890155667015715,-0.0410283309423126,0.418191529933818,-0.1333791977179387,-0.02846781947279248,0.07729931464736546,0.15989195264117087,-0.05967905562086372,0.08739126281018442,0.06172275373427348,0.05228889328180669
15167,0.11394022755222168,0.6584615195509615,0.09067945104565618,0.0333438621235629,0.0470632478360363,0.05196192089066968,0.1365059212204782,0.11767236728065472,0.06066142035883533,-0.033739056798507604,0.07588092642737232
15168,-2.073986399955627,0.13285029628230036,-0.16516924509472386,0.009959235911183261,0.07178150256085998,1.6915482346306392,0.09094252453788572,0.08462028813035405,0.06934078274437085,-0.04712286590942338,-0.025265462433569495
15169,1.2845889940242297,0.06272540285951358,-0.19461192206346603,-0.026194987820318087,0.07030752556844945,0.09189210816434364,-0.983468052680919,0.121064188906755,0.09414972110687096,-0.04065249292953831,-0.08244204722621859
15170,0.9907440446359874,0.038605328578349744,-0.08837194796676831,0.003399376587480872,-0.10401250312249148,0.0706271367266794,-0.043894450233558986,-0.03300447491893317,0.09460220708499689,-0.026215329951888938,0.04937082161297145
15171,0.6220972399773456,-0.0329011833717835,0.05466521486342924,-0.02970975775091679,0.018599448594154386,-0.0070901162791050035,-0.035561799363254806,-0.03905798489683619,-0.04353237953948897,-0.05666354917511991,-0.038297526665942334
15172,-0.12175029771215257,0.1225014955529571,-0.0171955677084263,-0.03036186735796869,0.025033602167840247,0.13246047355063162,1.2924958786800818,0.04086734794420747,-0.008546601806465413,-0.8528272216364536,0.02936293065298438
15173,0.14548467295091688,-0.5174524696755937,0.12588369854504108,-0.03445277432672098,-0.008834190407300394,0.1423727147895645,0.11682268983126984,0.04829027928767047,-0.19494819299595526,0.936016231429376,-0.023704117483948354
15174,-0.05768364972748609,0.9729191280976947,-0.04546365620816592,0.037977709325571776,0.0069074765018528285,-0.038742435371194095,0.012093995935250908,-0.7482216828018557,-0.1267307051004707,0.14110120990761033,0.02520879914923178
15175,0.10422671610708317,-0.05552842932193976,0.014557259312167814,-0.6837604501594012,-0.13744858996393888,-0.10401671923874906,0.05542344591752402,0.8646622973703675,0.047190664704434865,0.07818163343258736,-0.07189143087341057
15176,0.1330071808777634,-0.23087909441017881,0.0642906966297991,0.792408594896874,0.045491368033016864,-0.08487952033631883,-0.006716099353680038,-0.025544712797367888,-0.20000532985598737,-0.03436209960901315,-0.4035867910004801
15177,-0.12198730204906048,-0.08291889543925565,-0.0007406208157969968,-0.004430881306376045,-0.7622693237886018,-0.18725914217825332,0.15103223429235568,0.03757595722240699,0.09346674849895843,-0.06517758531149792,0.8084446535590647
15178,0.1352099488443118,0.09811954506904678,-0.13263160814687075,0.05177954940871044,0.6483766649073724,-0.01885639918728524,-0.11623091911228724,0.08097451868548662,-0.33223044313860506,-0.014266644817397728,0.04293851917849872
15179,0.043259619375788545,-0.19198748946662786,-0.10338970978838966,0.04002518087347866,-0.027136014429749316,-0.11142630437584923,0.04704776794697342,0.011734176461874598,0.459174824628634,-0.09949836288618218,0.02840757913421061
15180,0.1441439425693318,-0.021786372199599842,0.5895391121235103,0.156223083652297,0.05221455605490587,0.17472232572150134,0.049785783253466546,-0.1351597018516589,-0.05258728267378623,0.02079370088461351,-0.1943052664120207
15181,-0.055229938135573683,-0.03357067673217353,-0.16497385570772774,-0.04121301768306185,0.09259828468924586,-0.7220828126879858,-0.013760554453823518,0.044928588745539004,-0.055648884811095645,-0.03304459384975952,0.0829115745666995
15182,0.11364510643763616,0.047319511873330514,0.37563038378938274,0.04409722121723552,-0.08093824372755111,0.06932674802583676,-0.025391306254277813,0.16476954397022023,-0.09125037931031639,0.11662127216684225,0.03489521809997945
15183,0.0022811556881845536,0.6922740314088583,-0.06293151559821841,0.01809281695162975,0.038249503851392225,-0.07144240031421549,-0.07294392478640503,0.03149318606649148,0.06916811807425763,-0.03738334070976656,0.0608975606912448
15184,-1.8398485296240994,0.12395051082005,-0.00016459842892341432,0.0011055731575740995,0.1894671666822924,1.5917322161096217,0.048573223622201324,-0.005696748425483749,-0.0439127802206991,0.027728113542996403,-0.1385714688694463
15185,1.6598034825650312,-0.04742021033757911,-0.04938107017361795,-0.011871502294320942,-0.10717697883196747,-0.09410610424874656,-0.8923683529901433,-0.03485739947102955,-0.1081337380190229,0.06634689080188746,-0.07747811518766716
15186,0.8452028310239569,-0.04713078364792945,-0.012825668543676168,-0.08494680550243103,0.0018980497266476073,0.04873473355975327,-0.1145758149744617,-0.08108564557836849,0.036644031977347905,-0.08332699647844617,-0.08295564409001882
15187,0.6292612189792799,-0.009793284381866357,-0.07962773653542364,-0.004205665943790236,-0.006686211787544856,0.1011048881157735,-0.022133317305059595,0.0011400868629112305,-0.06635821862418767,0.003975511790113011,0.012315971506413358
15188,-0.15411031825436472,-0.006827700178751353,0.08566219113847542,0.00516805707603396,0.058613285234566145,0.14400153425766576,1.3744131639580695,0.025172300941755446,0.08509852815682065,-0.8641890459725737,-0.024244666233283262
15189,0.17161300310001604,-0.8308806285154647,0.15070278925275313,-0.04274596874201812,0.06941627496496013,-0.1201652667979455,0.00966738625072179,-0.06459970863661062,-0.1460355143584783,0.8744756536069397,0.21562137579768317
15190,0.044264859212491056,0.8724870709513798,0.06173266543876337,0.018912852303335087,0.03784569150263666,-0.14876192788151718,-0.044685031182697246,-0.5714798653269776,0.07727778873779416,-0.038230153970352676,0.008899957752808017
15191,-0.004385266640605023,-0.026157636629830977,-0.00914681008847362,-0.5276089789342445,0.10556913751800674,0.06558630253124967,0.06593771178712943,0.8630119676574357,0.10795226615275388,-0.042010290220269204,-0.09728507278521453
15192,-0.028997785133499623,0.05227370589048014,-0.04272126436555027,0.8635169503008923,0.07272782282854015,-0.05837483307599422,0.1277220848281748,-0.020927155068324824,-0.12766145614078006,0.05148088577465622,-0.7470754341141003
15193,0.09624179828455344,-0.026441204553614286,-0.00813421819731083,0.01727603802912817,-0.41089399334418464,-0.02422202063744546,0.029104656180113726,-0.13781888579003232,-0.13906480861607567,-0.10930498336100594,0.9094394750536701
15194,-0.012154489409024524,-0.010243617263344777,-0.0466352933916003,-0.030160184722407297,0.5722326520940594,-0.09589890216599457,0.0025925325898351675,-0.13556362256269466,-0.1553155532557075,-0.001014553097921147,0.0022012005374520563
15195,0.13183448124489447,-0.02826204557679552,0.009759004290689488,0.1351641998705603,-0.03752162805049795,-0.10709198525738643,0.02919755929467755,0.01413195960613724,0.5087370652177169,0.013803811461204407,0.059137772208000046
15196,-0.38150254718011184,-0.02707015273171115,0.6563796190344251,0.13650176425065821,-0.03256739445550265,-0.26458294882432853,-0.022518566438346932,0.004720001781110001,0.01929864613309354,0.10114738659115985,0.14375238022301873
15197,0.006544881149276552,0.028032575393685238,0.005211116514897496,-0.0199342718574193,0.09238793097198722,-0.684526473988175,0.13823107456099823,0.053888409627100224,-0.06279579084339192,0.10895825667577928,0.03386743654105704
15198,-0.11048783656849642,-0.028189220671403066,0.3841750512325982,-0.02902882797155553,0.16476479676391886,-0.13162335523661858,0.0629151283130529,0.06346185955006171,-0.03521699187241602,0.22677612522445736,-0.05641640258871203
15199,0.1685193453687727,0.6968506985156484,0.2352378932590523,-0.002986167632931943,0.05234921137809598,0.033114112917418954,0.0334005880580025,0.032290079000253415,0.022337042284099447,-0.025567990396527074,-0.007250809137595531
15200,-1.8311333482027716,-0.07031071626578685,0.15016833481728614,-0.15176484780868577,-0.10817935744941735,1.898595458381895,0.10016166924991649,-0.04653567708957633,-0.0753806503974599,0.12412485279621924,0.06732821834646094
15201,1.5047592494579962,0.04634455510198053,0.04854744542798253,0.02686167275669167,-0.11549850213902936,-0.05847424181598858,-0.9313323502359521,0.05500373209490022,0.008549723404734751,-0.03296131199373733,-0.06888109268293534
15202,0.8546330873963975,-0.016808327258469792,0.06963366606772883,-0.06546344997541895,0.09267420080023876,-0.07422164287833867,-0.08257391759427328,-0.048137283990277314,-0.09673303152302175,-0.09076682579078564,-0.0054693240387663445
15203,0.5884996695528018,0.02381736715496005,0.03519109497066466,0.027771416705020792,0.06524733292939462,-0.06990717452543899,0.008331721988030755,0.011715409208636009,0.020401228920652745,-0.0017562604819924424,0.012371195567700121
15204,-0.15478976690617374,-0.03788644575637823,-0.012638934889105412,-0.001279063680716703,0.14732089534898468,0.004540893735967309,1.1441699038214683,0.06757690935329842,-0.23564146804655098,-0.9973830403543623,0.02097922579815422
15205,-0.13402629047189082,-0.783267060222557,-0.06984049984605604,0.019310998830387276,0.08322154561515856,-0.1493395841826047,0.06668447295018985,0.07158383772492613,0.07638156153471581,0.8970506246670026,0.056875700871342194
15206,-0.15888940075313815,0.9261162363630064,0.0808274499339524,0.023715360591551014,0.13173724871898726,0.06748218352920997,-0.14556712125571847,-0.6449260295085313,0.03402465157485561,0.06083638190472535,0.0026469694116074173
15207,0.005708283163053803,0.06599788596369079,0.003553380216435421,-0.5380800292931408,-0.05378625903751919,0.010092364553379071,0.0886601706941371,0.885703868308615,-0.07560612931503052,0.10145086379579799,-0.04895447857943554
15208,0.0030660613668274626,-0.10687362474035846,0.14802074284108602,0.7492825262467693,0.1077018800129496,0.226140492253865,0.16240246724914736,-0.023412811728481742,-0.11184770893820212,-0.012256967548480303,-0.37941238533651594
15209,-0.09656505493024863,-0.020511688425054162,0.10901295584906476,-0.01779449153370939,-0.35968937242848964,0.048244476555037066,-0.17842143833061946,-0.196100440283913,0.14036469346295138,0.03679575641845458,0.872723090471108
15210,0.18836905466130655,-0.16097634159191593,-0.10028596716642217,-0.01650785384689047,0.6190241273913484,-0.17214436287146012,0.14410902838942463,0.0016938137699624022,-0.00835385490310736,-0.08905173851738209,0.03982082693425756
15211,-0.09716202137672704,-0.02563200876980288,0.12423075229086657,-0.05651724660817678,-0.05504339475850775,0.16358530977854743,0.011292259245781018,-0.053346614572961346,0.48120300905033525,0.003154300916493425,-0.030424193298184302
15212,-0.013948683371110436,-0.01156848679578572,0.5261405980967865,0.12365445370713637,0.07164326391930789,0.20797227606599966,-0.11891643429203758,0.11115834284587295,0.039538898017989,0.07803747755597293,0.14225602929132977
15213,0.031635854249176795,-0.022981360878698398,0.11711303458539118,-0.028561047444291825,0.0009626154776556156,-0.7145905438425233,-0.08349220933657381,0.05416738518960997,-0.05766820395558253,-0.047459306570519666,0.013615623233875792
15214,0.06481665246908519,0.08072109904415967,0.4531671231515745,0.051366113521350176,0.07876304579104036,0.027092896556276114,0.03121729516311617,0.08586171978869495,0.0037535178008459248,0.025622978905822172,-0.004457611133607674
15215,0.006859209208226751,0.6906670164065942,0.039175994196893646,-0.002412588689543287,-0.012850613182023886,-0.008567767606465854,0.08942055790503593,-0.013718728460184553,0.0584555355691633,-0.04286710012696419,-0.014220685477258656
15216,-1.9946770974611474,-0.035772094566073,-0.07603582811111415,-0.07850761005623613,0.00778631951976103,1.7485922125101117,0.13699015163333655,0.08772158398556887,-0.09230098903728376,0.07657541101997346,0.13929318179621217
15217,1.637447005374023,0.07132460833560206,0.09805004616179806,-0.05297151467971017,0.10313215227548048,-0.021381296651629855,-1.0154568218246423,-0.081562923485061,0.049553373628197867,-0.03447736749795506,-0.0698002687379665
15218,0.8264430600740953,0.052325903872208916,-0.06717065347010952,-0.09511791205832029,-0.019879384318459502,0.18287846992669987,0.04185055595922598,0.10543411301423691,-0.09105756480843587,-0.15944231919118082,0.05403652325761787
15219,0.6103556459205337,-0.047029964640398714,-0.07628062141088333,0.022421297804342336,-0.003859300012522398,0.03940377882188716,0.010029493853952189,-0.04363827801097236,0.010713297989938683,-0.04265436465738346,0.026804867531506342
15220,0.0833187099749247,-0.01071685100849137,-0.03303760783403527,0.1278257748358191,-0.01999060291593133,-0.24342111798753277,1.167130294988656,-0.004430651625833866,-0.01864710684499655,-0.9685579649566116,0.04465305320414563
15221,-0.02455526562463578,-0.4676083590090184,0.04293146214076815,0.04993525557953771,0.07958261240058026,0.08220482464478604,-0.05625635675914662,0.0636876560084511,-0.07144249802451672,0.9143669229414996,0.005560976361908749
15222,0.07799148684608984,0.9734649550440996,-0.09382960231064968,0.025686732341437757,-0.027263693874972142,-0.10647466843376281,-0.0455444046175219,-0.6016063031868132,0.0022555324520030715,0.15200415355034358,0.034752090864049234
15223,0.01898930515481437,0.015096079154845494,-0.02513321761422483,-0.7139556063768422,0.10899243803309046,-0.06685319558348093,-0.008114737930430918,0.8840982108763039,-0.046543238090844624,-0.12059822820090166,0.02143685943286109
15224,0.16975590127407159,0.0333381274651137,-0.02169715795983623,0.771635232221686,-0.01985897685650472,-0.031239652231656576,-0.04866110193056591,-0.06082987571079258,-0.01867729036751878,0.08767954644951372,-0.48005713775802406
15225,0.11232716510037777,0.07771420284836271,-0.07793834732127353,-0.015146024685544998,-0.6216399717864626,-0.006659778291064328,-0.06441814986723882,-0.04901922230435447,-0.07566634740883639,0.07130434397199734,0.8374317949053978
15226,-0.03257125524760038,0.13603972088533064,-0.012984391532487177,0.03746368108443992,0.593135601155956,-0.11957718369308235,0.025295654961016368,0.06636524751686562,-0.21188213743339016,-0.010077190977049191,-0.00540563353789252
15227,0.017013773225879044,0.15744547643670495,0.004486487892370092,-0.06895512521927966,0.01455695543304126,0.1392321873704717,-0.0703326976303468,-0.052413165786955165,0.49755577350726893,-0.16609350647224386,-0.04199166343619325
15228,-0.13218475757188056,-0.021272238172889327,0.579177420131641,0.10481197722115458,-0.045391404396922866,-0.18503449762751809,-0.0413804348545016,0.04656532528160461,0.04511003495709667,-0.04105281673548499,0.03538425226906673
15229,0.05352068614896736,0.07723109984451026,-0.11084255874773376,-0.012296016079205834,-0.019547469098527857,-0.664384955358622,0.11930020289819523,0.012650832705914113,0.18239114505777518,0.07931845942185972,0.07113488512896281
15230,0.11693157299314592,-0.002185434922487137,0.4320207951599565,0.002106008403695944,-0.04737297967757203,-0.15978967350758308,-0.08629677137448118,0.10948229432435713,-0.015426304607934429,0.09140982899439938,-0.008228611929617016
15231,-0.037311341787900056,0.7119250433707114,0.067639553203511,0.06993435843879701,-0.019835946139870723,-0.004212354927185205,-0.05525738316186368,0.04615472317693306,-0.05100223727220149,0.03916397204024391,0.007998105247315316
15232,-1.7618123842753968,0.07092769167894152,0.0599700960755916,0.015515572620605931,-0.058390401501131,1.7554199949454918,-0.00975235323902289,0.10793637245492799,0.00623512591377695,-0.020973424159112426,0.05927433683234414
15233,1.6920372689910979,-0.06847921603844538,-0.12525343899610222,-0.051800998109073314,0.13730058488605132,-0.14798692681474568,-0.9151250152859004,0.04166598341502967,-0.1630173059415099,-0.031193538705762615,-0.02467588435585639
15234,0.8874975785600633,-0.016429263815456906,-0.0027086713518529736,0.139148105412824,-0.11848331788284185,0.0505926692361705,-0.1360795102816465,-0.048061267794418217,0.024533469908413156,0.014266395257439769,-0.053352881321783924
15235,0.6022986585272997,0.07290034216058937,0.0036487670775567334,-0.020925015080264227,-0.006137028275631437,0.042552097342568936,0.011201810871555792,0.0029900122769685135,0.039590007672486674,0.0431327201239593,0.047031153223465745
15236,-0.04311815530996435,-0.11200603634770805,-0.06735246406933722,0.03686537495676616,-0.024426965138647463,0.015909804455784764,1.3188278947823067,-0.02662708492783415,0.05735114714983515,-0.9885961285177796,0.026581609100465496
15237,0.09542695965807146,-0.7629938519977602,0.13552287758958068,-0.01056474592349463,0.10553556085562878,-0.11739285301160707,-0.02482147227098628,-0.03513709566390813,0.10711205447649515,1.047732294814074,0.042816539251293056
15238,0.06221866146235298,0.7904793995574757,0.07616985791501167,0.020466163308439467,-0.08232534693540657,0.04511573036959002,-0.26196541598421097,-0.6770652875192993,0.0820641863893544,-0.010697107498491083,-0.036875330784588184
15239,-0.12558864252626833,0.038880660052813466,-0.10977330701400911,-0.4703547994936675,0.08680848469165778,-0.021125618012026972,-0.03955033459615219,0.7909174185183017,-0.10404997762448691,0.16731579354440526,0.05208613773601605
15240,0.22428832700949322,0.09131359568654335,-0.12031821787758785,0.7857774375555985,0.08319958203623389,-0.009114567044357714,-0.05604393550505908,-0.015874228844781988,-0.16857117924427434,0.16327200838190514,-0.5957049161994896
15241,-0.010425953135759496,-0.053173780140679305,0.024975753630105804,-0.06282905745097152,-0.42714533718264913,-0.1295985111017046,0.11458670416725994,-0.03737693757521269,0.0894406399805002,0.035556228180051525,0.812007963460087
15242,-0.08445357826228514,-0.1197553093008641,0.02254777637450604,0.07586392434935262,0.6528992207196748,0.06456720210381656,-0.15979306643135704,-0.0839955657217616,-0.18795119457910484,0.06382114422185911,-0.005123959331861877
15243,0.21631330534398593,0.058421130028989555,-0.0580603014761272,0.0645459756297531,0.05929467019389233,0.002893757805463756,-0.14343767567777985,0.0755255883962279,0.4582411684598575,0.13563219441510863,0.039616270721918215
15244,0.08866971858989901,0.004714499783016307,0.6668495939732143,-0.13510357102986287,-0.07085032593695705,0.19584104566274518,-0.09208882769371456,-0.07783365071064362,0.09332975021105641,0.04656218777166391,0.2057068752429153
15245,-0.010902353009681212,0.07873357513701908,0.002493755887858914,-0.06515975090746241,-0.00450216503863631,-0.6525095835665747,0.11164383352873618,0.05690580014358746,-0.09230204630846678,0.016466171430019733,-0.03297247334874747
15246,0.0520855718455257,0.09340952305252917,0.43197230705115,-0.042987855617118605,-0.024934940044951975,0.05675625267699588,-0.017395420713295865,-0.01983788063880719,0.15244980403694966,-0.02796156791208964,-0.12947290752781573
15247,-0.14261503017016203,0.6557457612956009,-0.006269421124375105,-0.06970731113778823,0.07454051979120291,0.22558627059236996,0.07290465220700579,-0.057897049409089935,0.027106141910957844,-0.042300050244201214,0.0002635754403300906
15248,-2.086203344054367,0.15389955009371367,-0.10488510548187549,-0.10429452810657672,0.05827176052601604,1.8398138031405886,0.006619771436639291,0.04839477615854014,-0.05603983396568955,0.167025486867923,-0.08320482296431386
15249,1.27768083334843,0.05678037771892622,-0.06525558928604244,-0.014001782353627996,0.0827839367772345,0.006953490307096991,-0.9295728106626506,0.003525896544932488,-0.04134974328039627,-0.037754561390970484,0.04899729670160186
15250,0.8326695063639987,-0.03457612030331476,0.07033576538494102,-0.1898271458958437,-0.08444574066622315,0.0008049140590572698,0.03463070742223119,0.04838803130707603,-0.11272057242064996,-0.13511797098552,-0.09367698219388819
15251,0.6473096485485712,0.001241550508950362,-0.01836146650061596,-0.030336163794618547,-0.03602314365398189,0.16884306480907513,0.047861729710972925,-0.04643157440694007,-0.008055191138597083,-0.009694103962449505,0.006465045626821784
15252,-0.17392479409797154,0.004848140410579205,-0.009777824267161532,-0.12053186578248166,-0.08665564529666894,0.06999534548986286,1.1860032220787875,-0.008124030776577407,-0.07442277774034557,-0.8498377252756469,0.05460274179141808
15253,0.06374024860056161,-0.5961919297875168,0.11431351094948458,0.1225049067118415,-0.018472400610220974,0.07055228888556478,-0.0020664131649725404,-0.010998185095415685,-0.11216921365313458,1.024135805261979,-0.03670101063958017
15254,-0.14293711242796517,0.9926102230025974,-0.10704046812412571,-0.009963410331316412,0.04804174576999462,0.011919936001020023,0.06555150658704374,-0.6226600494535665,-0.018224193836292063,0.0715266206548438,-0.010462754837700927
15255,0.11794102936157073,-0.0471465536678175,-0.029375830009829216,-0.3910560941155592,0.016328785309984044,0.02499489953744022,-0.11542862700643815,0.818171699768174,0.015868013750837275,-0.025232439590350885,-0.05213837133464375
15256,-0.2492103914456876,0.06192096681959423,-0.008931713956232419,0.8445821990247802,-0.029271938387664617,0.23860387452209303,-0.09358240658824032,0.023437933053480808,-0.021780087310107436,-0.08563092556175346,-0.6334683176353197
15257,-0.23867390824191068,0.10366325364180692,0.00978438824874124,-0.09439094459602401,-0.5996065824208373,0.06176847086854001,-0.12431752539273411,0.014839711692777327,0.12476514013003483,0.04884005946619524,0.9055379502294532
15258,0.14825070315670613,0.06516142326034464,-0.12078432775596028,-0.0441868695807589,0.6452383889656572,-0.12671289100580427,0.16062461892705285,0.0845949277140509,-0.3601678421839275,0.18453084672392275,-0.0035093354797534893
15259,-0.01908207774119278,0.13855827999584613,-0.1131260740600482,-0.06298931123853786,-0.051416147375580507,-0.09307256248219767,-0.030397088968371913,-0.08779745843674819,0.4522521938283233,-0.009579495238812595,-0.007843973549078677
15260,0.08020385572536469,0.14054600755748434,0.5689913180316692,-0.025046057172258964,0.12280366067747085,0.1301648405193653,0.26838712092562295,0.05559434992733719,-0.05861655840386532,0.07979598250281718,-0.002216964874646234
15261,-0.11720996262803396,-0.005240853040949802,-0.11945414970295626,0.0379376553964253,0.0031945734558208993,-0.6063663021991912,0.0037433114630344385,-0.06288362850318047,-0.04931685384065067,-0.007371752244713566,-0.06375299671216629
15262,0.08611178234470122,-0.0393007076675517,0.4475989153701073,0.15996388379796095,-0.07727148556610217,0.09122427234988406,0.016568825233508565,0.09988729040644569,0.14915261787604583,-0.08549537075514267,0.08620542769148729
15263,0.2892059452525624,0.7504446029303762,-0.04129379877346169,-0.038890316863045914,0.03442270890388339,-0.01614269163129213,-0.06583979912533931,0.006503148489101968,-0.008536506296072175,-0.06534927496458218,0.053855640044291546
15264,-2.057899583364819,0.09727781031146111,0.14216645413149814,-0.03328444309727065,-0.1458290740038504,1.5243873183268857,0.0381181529819161,0.03103570235803073,-0.050699768379218205,-0.004837000599189528,0.0024031746746107172
15265,1.5683600818876076,-0.07113584529493833,0.07004364613052812,-0.024879199461556624,0.03821389105863097,-0.057814085225539526,-1.0000353380840004,0.14186017575360493,0.000880942683587063,-0.04899793556740725,-0.005079766388904692
15266,0.7333367726450236,-0.028724192455201927,-0.15460988537464737,-0.02442801787783371,0.02217474894450027,0.1010407853966726,-0.13087463049976286,0.022140700984150354,-0.14956696397795388,-0.10707007345879498,-0.12707783269105763
15267,0.6404704355528413,-0.020244616716741257,0.06243216248331889,-0.0009205440168660369,-0.008671098818478861,0.056375955336512976,0.0011012036092312067,-0.07656765116013685,-0.05834696028014426,-0.011077879923411381,0.011828834867821263
15268,-0.13132274940388572,0.014740581551689969,-0.010577888832524628,-0.03159143627472709,0.14156127550142655,0.07976563819508928,1.367905438575312,0.04700411368968342,0.06575644010629762,-0.9506962020055776,0.0266113533860725
15269,0.05035490522276059,-0.5965649596319959,0.07078194968995342,-0.03340039108677352,0.02529468858271046,0.41331485617522207,0.050393912455714535,-0.018859464184855814,-0.045533313369676885,0.8935521042602744,0.0588493806026754
15270,-0.28765425335747513,0.969969157335824,0.09836687955109395,-0.03378493943629397,0.1012276064467826,-0.04880374448642992,0.11339101804761574,-0.7271554937507324,-0.04622143818591028,-0.029962844869193463,0.10000972455860581
15271,0.04244716513064524,0.12183170917494436,-0.11974703381191651,-0.5037026537413801,0.043510190915036745,-0.22659894765377292,-0.147557199820016,0.7491426215121567,-0.07840988914066915,-0.009111359695150142,0.06869056948116523
15272,0.17111242669557372,-0.05123718303253413,-0.020063613941768033,0.7905918953906219,-0.11126355898062613,-0.04337333149841083,-0.05577925907569221,0.021455803598037924,-0.17084428472056565,-0.06958179711152425,-0.3695857447004701
15273,-0.1452987963636192,0.04541484230392297,-0.02978933975116432,0.08626630942502213,-0.9121890014725405,-0.016655109715985383,0.06808018714337143,0.06313474245324652,0.035459997478247296,0.05110413903545785,0.9672573940617268
15274,0.23992317093198273,-0.09762344560434681,-0.08658433082062368,0.15255971404653196,0.6141510800091186,0.18043959981451096,-0.10211701450009651,0.08196000424738938,-0.019219546830377243,0.17317087089461158,0.02775678879793482
15275,-0.14057150147686456,-0.07808234873313738,-0.19270184849192334,-0.006648457694478853,0.011891696547935376,0.1523951368915548,-0.17509825352443636,0.07666081768105139,0.504571505331447,0.029433474503723064,-0.01247127690180795
15276,0.22876092124562877,-0.02244964223313614,0.5967242272569107,0.18521728206201704,-0.014784125271730057,0.02210076385077472,-0.06453919724020878,-0.030531632778360053,0.008658408038274392,0.057726616364531594,0.10717345385618299
15277,-0.09871180705572301,-0.011146907106757255,0.045511154877503686,0.031319461387565486,0.11617546999320807,-0.6591294630050585,-0.031119576397643976,0.01321429528207644,0.06648213208661577,0.08859209190512948,-0.01091860479073047
15278,0.11913510335661404,-0.016432530227359625,0.4141630675942537,-0.05570838887937933,-0.03729281075674288,-0.05419558129160724,0.025251343534497758,0.07324323205085095,0.03188916975381333,0.03651232801076939,0.140738105750724
15279,0.039580779437089125,0.6595522709027474,-0.050289571239506316,0.011291908186618845,0.006215780497214913,0.030267546277240112,0.026234308013483556,-0.08790647759406271,-0.058727165761036766,-0.04268780566881861,-0.01289141018949437
15280,-1.9247071119209094,-0.16231548250181058,0.06751510350924252,0.021030925568318815,-0.17750144855361186,1.7317849207630234,-0.11015995553270876,0.00722290881263141,0.14017336544385706,-0.16212439942509035,0.03543922342376445
15281,1.2987906282815087,0.018497654376125182,-0.01831810713392758,-0.0010927768464236822,0.03496844688247092,0.2510116104360184,-0.9722992025996412,0.07008354038538653,0.09153082525618432,-0.03309157050664273,0.07321826369612902
15282,1.0372634351403425,0.029145115058311966,-0.05665606016436034,-0.07472721345724335,-0.17848425289441797,0.07892233470091706,0.04012663187735906,-0.13403585255674746,0.12739031001507004,0.1095608525993689,0.09776245652079993
15283,0.6237128568649444,-0.13072353374046394,0.09393360025628711,0.09291174339660592,-0.056157032838612106,0.030339606763545385,-0.05104962513922452,-0.019407200496125907,0.018338255159680444,-0.012915480892280186,-0.03006256126727406
15284,-0.1395350425442457,-0.006328839655248982,0.09993070485884575,0.08229168777522293,0.059522526977907865,0.0427485237146954,1.2888097496466786,-0.008448541519543818,0.10943041525134117,-0.9066516430295737,-0.0025547982690273465
15285,-0.1635281140678745,-0.6285988704402746,0.08353066721317966,0.05955113563919803,0.07467748313154823,0.20686734453248448,-0.03430033520001543,0.05984846561442801,-0.1258229675257402,1.0874612427534092,-0.08707025688053831
15286,0.045548745804581826,0.7951018233523988,0.14934526801424472,-0.02783451658432179,0.022462585051672954,0.012207112318976808,0.13251340492025707,-0.676738282332946,0.03208700045007537,-0.01563070849019857,0.07481003037040151
15287,-0.020041929697117773,0.08798960810169826,-0.13570907609099475,-0.5262425286909467,-0.02138639796811791,-0.09914130075454719,0.0726323366137603,0.8463692593775108,-0.048471542903343406,0.07896472442748523,-0.023063332668783645
15288,-0.21135168758056797,-0.013917451965074275,0.012567425158653334,0.8109743828673179,-0.07796154565646596,-0.11235802232149093,-0.0420842955338443,0.11995679983348097,0.07138407705017855,-0.2122428294462773,-0.5039562418411624
15289,0.04622686078266659,-0.11924155138237276,-0.012173017118679028,-0.0065848969012239356,-0.2474873653449683,-0.10708745015171998,0.13322826537477073,0.15052122179937794,-0.08247135628873753,0.029565777417051117,0.8686685961581581
15290,-0.1384672244605289,-0.010814475959293697,0.044775605184948844,0.02867181915457585,0.6190946243281936,-0.07706241807610509,0.12102370909644684,0.08188739897478774,-0.05021141844787452,-0.005775354346437326,-0.007355879949600654
15291,-0.15952067029474304,0.036256868030339034,0.0022254450494330474,-0.11080735169457835,-0.024976431878120264,0.06026396948607011,-0.0783640220903424,0.09431249776497289,0.444748154334841,0.0813004760496433,-0.015726448547302218
15292,-0.024627033537584254,0.12530906320922247,0.6347604714822739,0.004252053485081874,-0.04114802629998694,-0.06534449033603881,-0.10729206094096475,0.02454134647420808,0.07513610919555336,0.09991743531395306,0.15369267086661859
15293,-0.009134686372761991,0.0324660444609481,-0.019612557767330757,-0.010842883258045062,-0.05948322797368273,-0.6554711971185746,0.026307408998304763,0.020426519204833973,0.0040755602644334445,0.011937106382961322,0.10131238341443646
15294,-0.08253792523550658,-0.1421110362810704,0.4262137122076066,-0.034184417558393826,0.11889186715014173,-0.0884535088491345,-0.22236350622424148,0.003907456285726325,-0.040539420981785645,0.08849160245393364,0.08853214780393807
15295,-0.04885088282625887,0.6546943101411158,0.06639395559102701,-0.009864912828117463,-0.054191305386046454,0.004278958091536583,0.11979157279274151,0.01558406784843697,-0.09338953662311078,-0.05692273411602801,0.03882033380064236
15296,-1.9978791926934107,-0.11475674487432137,-0.05246670991629998,-0.032688204019584284,0.07332571748252248,1.6111169164625903,-0.10322581075080281,-0.0966498981081298,0.0034826310764727057,0.13524718000223576,0.20175214563045046
15297,1.466764123186759,-0.08658937382461027,0.08136490384486778,-0.031457759216140614,0.08172801277390285,0.21140533543498155,-1.0105608196273412,0.09073160102126732,0.10714733166494954,-0.008029370548933839,-0.0704165618521741
15298,0.9559010734822183,-0.09270139784497666,-0.010910870500854514,0.05500894093025413,0.011617680674073977,-0.08078607287967232,-0.1394591931823553,0.12762713295768538,0.20608124619538287,-0.028289144008624544,0.15885878788219052
15299,0.6631211571496375,0.04402817030010116,-0.006664561558752094,-0.016704582628425467,-0.04520521496821945,0.0710976225831644,-0.016458933939743403,0.03735965735121701,-0.02849768203765351,-0.006482755969498169,-0.05572850744064362
15300,0.11115903691491524,0.027492645956875554,-0.06037488980311252,-0.0342355073912428,-0.0012417070989451746,-0.03897300568498578,1.2718906608395282,0.002425625136357731,-0.006573765568333138,-0.7112957544983634,0.0870272266976934
15301,-0.22637431676292516,-0.8255055370941549,0.11500936191182841,-0.08278118576209009,0.060558778944203626,0.10750373369430336,-0.027126381953907926,-0.09508198651134563,0.18597407461343346,0.951553358230687,-0.17458161872706016
15302,0.035603214121761075,0.9557833542869091,-0.0319767434036435,0.011065139852424797,0.09439038581003886,-0.02704813153562035,-0.16367366873416625,-0.5804662946940444,-0.07054883855241327,-0.14121904119531584,0.008947169737929625
15303,0.14705739427365885,-0.09200758170920241,0.036853387994876974,-0.4188181899841812,-0.052724380156001005,-0.03681311608531073,0.08650534116729597,0.8690707181158692,0.027269376371043024,-0.024559188827646995,0.04092364983989072
15304,0.01835955759750313,0.1213585824298014,-0.03353887888104874,0.8147144132322284,0.09977617015768984,-0.03081078159880228,0.08260431813924843,0.08970521657956258,0.043805051875348056,0.10445970953889708,-0.5295503079712959
15305,0.0337753320978109,0.010011794963811691,0.07688199608634413,0.0181417463938775,-0.39245866071108537,0.13292150279436993,-0.1935511370573739,0.15192173929712888,0.15854221385183634,0.2372928193004065,0.8710953299032862
15306,0.26194949622242925,0.07017394406265405,-0.006196489480907844,0.05812271102866279,0.6102190878304992,0.09146038379767486,-0.0048816788189526145,0.08819607639449673,-0.06348459598585687,0.23329249999926724,-0.006432713667322138
15307,-0.0036449156983288955,0.07031268510080518,-0.28388469007849704,-0.04491364816342497,-0.031009853905978005,-0.13407499992487765,0.08051876407114349,-0.004099068087774299,0.4789818449301764,0.12882433619999914,0.10744873650532893
15308,-0.23307352622207597,0.19765671637456067,0.5935237013646946,-0.03756669997548148,-0.005037000159312405,-0.022634817163962463,0.10351045900138492,0.010103085197535786,0.011245714548974474,0.18265639051666888,0.004832756768618461
15309,0.03218053725517989,-0.031540849430455924,-0.02888248761965303,0.016409811252482615,0.013210369133427302,-0.6915740457372979,0.08244963128540934,-0.06611428225492466,0.05519570075528058,-0.006161324013464948,-0.007296820528620861
15310,0.0848839729057881,-0.025388635220016616,0.4265924956333268,0.04593202713954079,-0.03346829182301343,-0.11507348828954074,0.01975964168732996,0.13991668562111922,-0.0031823584185307887,0.2842855230905053,0.14594882743613402
15311,-0.14779801011261143,0.7239692968431264,-0.0756487121944517,-0.051370894389495124,0.014830649990013812,0.09285909103785422,-0.10386133472094437,-0.002252338280114957,0.05739218533419183,0.010759619505061987,-0.019546698186022827
15312,-1.9596298678353885,-0.07169669787675857,0.16270746082201643,-0.1375265771072442,0.023098191480331362,1.5444843719453254,-0.030170594467123064,0.1712016933451687,0.08760923811414743,-0.0978264873706916,-0.08813043448104901
15313,1.3777183498398111,0.09381734752993409,0.04064499380364023,-0.09571161958565352,-0.07305336148475566,0.028816261177624564,-0.9341762334969061,0.008311215521067592,-0.0032681012003401453,0.04018982900210263,-0.10197183240639823
15314,0.8336947262384445,-0.06481258854064743,0.09444589853999505,0.09204164128394095,0.07747187863501978,0.13137204636706146,0.017930157034420944,0.1137816955044644,0.03197237739692911,-0.10578515532773766,-0.09685858078743308
15315,0.6377050865386259,-0.013456429808880632,0.0323212704247337,-0.05703450981911036,0.05595899430864456,0.04195810920457996,0.02416084401961412,-0.036837816018535426,-0.012453989544032462,-0.014409696254343535,-0.01461123974317954
15316,0.16466785775109322,-0.1557629734001519,-0.03753700546606067,0.002987032903865229,-0.18640377917750717,0.09432070554152835,1.2324461005426575,0.06698161524838628,-0.058283731670013945,-1.0381590545024695,0.13878633911310914
15317,0.3051338112122197,-0.7226094866941668,-0.13139933053637903,0.043610079589749814,-0.21706810427811216,0.20786265091707876,0.026991585444533985,0.03217758216379298,-0.0369302771572635,1.0289102406566495,-0.0009708792032387626
15318,0.13381359189727912,0.9549415684982205,0.14677007321355637,0.00941542970052916,-0.0017945189401710393,0.18363233308501134,-0.11921849607445574,-0.6023906952420348,0.03790553587272337,-0.01728987518926436,-0.0001298419204260378
15319,-0.048498383409389625,-0.008148353411866906,0.058702640366650786,-0.4952732862260277,0.13532321769282532,0.1463631498495873,-0.001154037422856853,0.8462435867698501,0.033227585147368385,0.011944368640330839,-0.005565108618007798
15320,-0.12281988272097538,0.09752984013888491,-0.11362525845328314,0.7466273983653922,-0.12838710162446634,-0.2628840614234744,0.03382337222959355,-0.1416785672354523,-0.04280174562976989,-0.0639954281129813,-0.5296143434169445
15321,0.14088249646966305,-0.06318394060588688,-0.05426809183672623,0.11372208905691138,-0.5282171458994788,0.0013101334958347598,-0.14936765160572285,0.07269502175991664,0.0009498778672407289,0.07798191453982133,0.893023687227819
15322,-0.14479249751214848,0.03413793151403987,-0.06043139085333832,0.0029671338705448014,0.6133142828910706,-0.15655074169442612,-0.01742766668924425,-0.08702379294668622,-0.2743585931959711,-0.008946356985128901,-0.02830348726239551
15323,0.08294403292873519,-0.056281929383937716,-0.025191369040612553,-0.1768337355007362,-0.026730620766987317,-0.1387287716027166,0.0165773107492536,0.0018002471279929535,0.5000617268450529,-0.1833478392525716,0.07466455295987572
15324,-0.03413979746239192,-0.008244382887799518,0.5839815398652755,0.12781643099157958,-0.05763256843913718,0.0018298062876277383,0.268038249707709,0.006927522741276341,-0.09939324309800682,0.2207073184725723,-0.017275481606755475
15325,0.047071991460757516,0.08173262815386974,-0.2574535978698442,0.04800091841437463,0.06415757205169807,-0.6634963889701603,-0.03168423803935341,-0.08228886632756573,-0.08406800029355077,-0.042863758536601744,0.09587905088224795
15326,0.05419975763709199,0.11832531632223466,0.44993602968297725,-0.11609945601179848,0.031046477807366565,-0.05804682993268418,0.045978618485543916,-0.025756736671540992,0.02856067205186785,0.16151394319316237,0.1337877852645951
15327,-0.0964206455207353,0.6815692534950083,0.06002391865561507,0.027543857246993136,0.012501055771602886,-0.17887412647812712,0.14238535733755178,-0.0016541735701079592,-0.005745025456727426,0.08379923326989064,0.013082565059198524
15328,-2.078739730064721,0.09507947235371614,0.027301096823068072,-0.05426100864353761,0.14788021305323268,1.4736679076116468,0.22117179015426036,-0.2505418253772489,-0.013774063752391187,0.05068827033703618,-0.024439454130858587
15329,1.2810432613334075,0.030227342616339428,0.19901043901673782,-0.0045926651859228,-0.029430134991518336,0.07464790192702069,-0.9412920019993068,0.06900363103696747,-0.020717593720743173,-0.03075570815205663,-0.11274373356123349
15330,0.6869029208477659,0.05878464286725534,-0.12717337651973673,0.02642234622011942,-0.05365101847409688,-0.062016238773187043,0.07619262673726448,-0.10950123575722827,-0.06177311176428493,-0.10361758348388016,0.03612744020946097
15331,0.6692904510368556,-0.04760667743606295,0.0064145905209223005,-0.009598448506739785,0.010608261111173675,0.02343053512767958,-0.0049846435216470844,-0.07016020488356654,0.09770419905440474,-0.0035938481108175385,0.022037919110164214
15332,0.11484612477704537,0.015654735869809096,-0.06552315582855857,0.0726624047704265,-0.11423701603853935,0.004947116363957024,1.2734684938290464,-0.139802127255753,-0.024077029959608257,-0.8608957786637104,0.13082884813468784
15333,-0.037414736354424466,-0.6718859936488917,-0.022832509750103112,-0.10787880013733697,0.06988696422091617,-0.047618622181352085,0.023089455513290585,-0.0653561496920453,0.01579887578448133,0.9479271437238256,-0.02773143385170349
15334,-0.07974428083257264,0.9721037823233767,0.039799983968152174,0.01573173303254726,-0.11601218526281265,0.14042188155994,-0.08205558112498018,-0.5923237692780112,-0.06222971798909077,0.0721988101256805,0.029749978458427945
15335,-0.2213635097053343,-0.015619527872850038,-0.0008051309005910514,-0.443753820811151,-0.08621036644319666,-0.0015966755635216292,0.029496627140400432,0.82205224980334,-0.04923414394399829,0.001968581066835629,-0.0048840421825841395
15336,0.02999621702905118,0.20370450855336447,-0.16905198056319426,0.8158109837374861,-0.044036394820031716,-0.16365451329027356,-0.0958421011754853,0.044567725333621105,-0.06230718261627877,0.08708616084158273,-0.4667667816614704
15337,-0.01143350437874268,0.1336725673581212,0.03398425500749001,-0.05996309807612937,-0.40652057058200103,0.2962736518948027,0.1295946418705127,0.03289588753056047,0.06934081506263522,0.06632783624085412,0.8935699167251628
15338,0.03291832805734046,-0.022833844811954454,-0.03628258122749365,-0.05085685430709068,0.6455468840364844,0.1524738901158087,-0.1143789468109101,0.07451269863596602,-0.5002976771211424,-0.24899992091568846,-0.009624889861796205
15339,-0.1157315178193826,0.02270156125593236,-0.32984170940259555,0.002460094279459736,-0.022890330017964557,0.010091755257598197,0.2185652710052783,-0.025231796947421836,0.4808974118081762,0.19868645072195493,0.05840496527296407
15340,-0.07606946440185322,-0.060693685714315,0.5806519594496116,-0.14766261161094013,-0.02531472879905378,0.12725478219296482,-0.06586315589030532,0.044136051379091136,0.1852292498216788,0.10440121677431206,-0.0016537825301629425
15341,0.022531610941538313,0.053836907428963306,0.258539943277319,0.06678911457783882,-0.0335786644535182,-0.6771118794775868,-0.039039400639322736,0.02786943338815369,0.050316369425693765,0.10103632755746336,0.06983362510719268
15342,0.04179394171421699,0.13083581101914415,0.3991358126591069,0.03195378548868641,-0.007179040870130702,0.08339024718810714,0.07399745777560661,0.031181313768185063,-0.025024723447502922,-0.15941448603026415,-0.10612093143857913
15343,-0.011707305065847046,0.6828392274116496,-0.05033854607333515,0.08228674063694245,-0.01165776257824026,0.16954279872297476,-0.0032315173534375533,-0.02387673116164558,-0.0351984024855324,-0.010313438302091587,0.08231180761849215
15344,-1.7124452284159788,-0.027821270774404855,0.013229919449089732,-0.014909450628669435,0.0821310596096923,1.7520135640392294,-0.07020041272128509,0.07687523056580063,0.041912164803813205,0.01035912069630509,-0.012982541178225355
15345,1.5429567345698396,-0.07022953050033938,-0.03430157434057459,0.018546178145478456,0.054605852916208286,-0.11855233717175005,-0.8616026164837453,0.01219762148393242,0.009797287616398751,-0.09389493164304588,-0.08608871015167789
15346,0.8831108337783596,-0.10970543456221249,0.23243910737627904,-0.051621192326504584,0.09734107580832019,-0.009688823353516035,0.038517416623499924,0.025608434860575444,0.1143668194189792,0.04077058210680215,0.014181399909322769
15347,0.594112481628042,-0.014312590214051124,-0.0100924184832222,-0.008488968162482654,-0.030753885500457875,-0.03816706753989324,-0.011912145434573924,0.003027340478340893,-0.05708912746276995,0.04535108360308606,0.0210508166669992
15348,0.0432082671873427,0.05511007143679954,-0.05906451367774788,-0.11126682390569051,0.023841701652997923,0.08466085505295282,1.210294729230992,-0.01651822334960505,0.039918302343031946,-1.0769924148806191,-0.020332065641724233
15349,-0.025187480712929346,-0.7353175590751131,-0.08131168165344609,-0.05663977993226259,0.05827745434404558,-0.01008621449605478,-0.023222104537476664,-0.0614837415595623,-0.018020565624742448,0.9344496756356463,-0.006496341858490132
15350,0.14493427183662028,0.8298676604255242,0.023836737561353207,0.030543771835783367,0.007210737271355281,-0.020437733350613302,0.0497302048663767,-0.5866464016798256,-0.015877127819999233,0.010906309047514672,-0.07369810049063295
15351,-0.02731333209570898,-0.0071050675819602505,-0.046736624595652476,-0.578436379821423,-0.04851231478168297,-0.04764200024188039,-0.04096851409838455,0.7748838474091806,0.08208189971110846,0.19469153713263926,0.03554333157269917
15352,0.0950902578925363,0.038742010402915306,0.01228085742678606,0.8021160031821621,-0.04231137958944483,-0.0595979788260226,-0.04312158796174465,-0.07587646601025742,0.04543214022201421,-0.2147009635013351,-0.46447708360026824
15353,-0.28177774109021286,-0.13987587292046708,-0.05190402001967761,0.025321557245211547,-0.7777870912553658,0.01339290786720844,0.11001188300591429,-0.03493567187148715,0.16213153040296852,-0.1591017481806044,0.916148604105638
15354,0.08624828361930338,0.06896912499115987,0.046393071005314465,-0.040348182765616115,0.6113362186958308,-0.06367162500573967,0.050015847490396066,-0.04348345923788282,-0.257392364487557,0.05806512482557649,0.021742998887195775
15355,-0.014363034946877792,-0.10473498619688862,-0.22204531610789113,-0.033877557231219546,0.035669092870391654,-0.044397112241044465,0.14931057579069684,0.024122862060132005,0.4463270451924632,-0.026318485470428633,0.03810942892055524
15356,0.14062742127265798,0.09755761069024095,0.5799192105588153,0.02289675843446442,-0.11024148609341733,0.11625225382068764,0.2058192141051442,-0.11030677835650196,0.08538080734746048,-0.06755621395812521,-0.02434001950534692
15357,0.037294403477495935,-0.052183757081398566,0.0408292030159718,-0.04286830185424095,0.018389858695303907,-0.6552666199298295,-0.04271641791300674,-0.023103532547892255,0.11542892471478315,0.04783893243555706,-0.1555930346745874
15358,0.043036993919929156,0.045605979593653985,0.40732668806312977,-0.011998087740051658,-0.10588399743721909,-0.057757707775919716,-0.13474893279190844,-0.04189555391667661,-0.03262787346219749,-0.2062114944875054,0.0031267324181012725
15359,-0.19092936848523345,0.6435744639237773,0.010757230931552793,0.013504376728093605,-0.019188443084784033,0.07293950054379042,-0.03661370300307168,-0.025365079939085333,-0.06029846027099706,-0.0202893498975737,0.03261421135016037
15360,-1.957825399138236,0.05554097220664459,0.10670114764857243,-0.09113955114642143,-0.07155249173634201,1.8949361854462927,-0.1696942190040144,0.12829653178989164,0.004220666318193729,0.02219764237368626,-0.08094790513351713
15361,1.3118166420324027,0.023648588378661635,0.08357533375785184,-0.049129489416479384,-0.09765644242251637,0.055574264217015716,-0.899730638042411,-0.010099027479673277,0.02875631771720502,-0.019808836545840043,-0.05304167176093918
15362,0.9351307314962644,-0.08883253415924268,0.004295441576041522,-0.15003425469212306,0.07072274640471597,0.17003546095960537,0.043585595204264235,0.08265594312271887,-0.05394287241538942,-0.028201172624931763,0.07144272494059334
15363,0.6212257045486189,0.016098003695716574,0.06148480147992703,-0.006540799396411862,-0.059812632203819584,0.0933517765648644,0.012100716732698961,0.00018485584152435654,0.08994236838500788,0.018907632857507406,0.023041591993480902
15364,0.0948679846317685,0.1395821014062473,0.025273136431558013,-0.019836381800522353,-0.062336047993862824,0.008634709786163916,1.4413734774660838,-0.003329950793367862,0.030864178736133924,-0.9213704556601352,-0.08287574477557011
15365,-0.021642170327674157,-0.6910700957362333,0.21912025451667735,0.08189607834969191,-0.02437613633300572,-0.05651752889761168,-0.044151320759881076,0.045430465607724915,0.0162306221879092,0.8894714658083199,0.0016328460351661737
15366,-0.03653526251559158,0.8622871936640106,0.017222601858276048,-0.0303986332911669,0.015024993646780133,0.06088820122042343,0.09394472157026537,-0.5414464081474749,0.02993408355066682,-0.03019834305586329,0.04198471709867295
15367,-0.15599150589106756,0.07382460579333124,-0.009188426060051819,-0.5548202234583686,-0.10638435088844271,-0.08757944960124128,0.004097711772111832,0.7693396718192639,-0.06478390839453661,-0.10455924352129056,-0.03579885853671543
15368,0.012498592391007281,0.004024970035475172,-0.04927464959100323,0.8854976965667801,0.18683597958608836,-0.20178027562691844,-0.050368092042787825,-0.10975561414021852,-0.09367119372941153,-0.03850149645449944,-0.39219837633509075
15369,0.24089970410375663,-0.14913855622780847,-0.022663854149002162,-0.06835250329405067,-0.7142902507229736,-0.27979590926246517,-0.11817630572263,-0.08177987759693164,0.060816340944247656,-0.034468148631721096,0.9020315277077394
15370,0.27161925771209083,-0.04378304395616965,0.08148033850654275,-0.031478510915182334,0.6427152376833994,0.06466113165794066,0.0032711268712883558,0.018089193050423526,-0.3249228986747611,0.004349361406936064,0.08620713850578471
15371,0.26332689246877417,0.04856940369531512,-0.04382158687603608,0.00760876732494221,0.035121512272188446,0.10736769936445006,-0.07506917454901559,0.040081996327010955,0.5166910861565347,-0.14836649718366282,0.05612893920263233
15372,0.14034238702709378,0.05396566341922129,0.6188935360317726,-0.1922398686348309,-0.14393228497904323,-0.16581175297003145,-0.08550559634253471,-0.13818050852646407,0.10794442069868748,-0.023509064842290386,0.0931886661505977
15373,0.013993204895587015,0.14893624794872906,0.03606303793305541,0.05900623763510688,-0.07079467600559404,-0.6707284157078793,0.004947423283569157,0.08149444723500052,0.04231304648355791,0.04219100234854748,0.13300758942915705
15374,-0.07405854120227087,0.04378895006351313,0.46083797014906197,0.19102414257348915,0.0163152319894907,-0.015709924428508833,0.17779115520899416,-0.1849909387846569,0.1113277004416615,0.057238642900245225,0.20295582710145657
15375,0.09855823047674078,0.6514492772308991,-0.027319441464481176,-0.008011276385610756,0.052352868919068235,0.1511126812021394,-0.05560109657251196,-0.0036127956488936595,-0.05336783836252501,0.07077236147525962,-0.07443595086279078
15376,-1.9720838735285426,-0.09077042648051213,-0.06655243819665894,0.0170173120355605,-0.1468464564536219,1.8572376584074242,0.10823349777419561,0.12111978754926353,-0.008549177105257147,0.06433076058026475,-0.04899920070089894
15377,1.448038217322904,0.041427592169394845,-0.1623461807378925,-0.040974352444703606,0.0527143359693334,-0.024886473602112755,-0.9668321930224195,-0.013723731362022314,0.17087604270919332,0.05832202727862412,0.05327478821308827
15378,0.7385003650766636,0.01417655889264244,-0.03763613475303369,0.03902988098122011,-0.05850677380619482,-0.11545376871044567,-0.049761288273184844,-0.0007016637937676206,-0.06347520829479818,0.013523073779237407,0.033686760804883066
15379,0.5723102077875664,0.004784316965477736,-0.0411101112882555,0.006085245555260657,-0.07579741489483965,0.01717366927959287,0.04108638542939067,0.00018290971747201169,-0.1074815988286372,-0.00918272933567877,-0.011765565392209645
15380,-0.049413305885075,-0.18100039472863666,-0.09101155262702947,0.014874665051474216,0.09921751020023437,-0.10100014292659618,1.3225756413281609,0.11779223024254815,0.034155793654120026,-0.9580591795940211,-0.05381636007693641
15381,-0.09745926120056435,-0.5112122535115844,-0.05021996548751233,0.12490831626938813,0.08485035880390275,-0.13442533500779286,-0.08222250671572273,0.052475517051351984,0.05817388103093688,1.022371655400471,-0.04251233325015115
15382,0.14770075110893535,0.8695502946081418,-0.043081640454707776,0.07044629143139824,0.06805366722929994,-0.18171697622638364,0.033217496853646805,-0.7008273036972081,0.04514714721252025,-0.10204317412537878,-0.003603922856509429
15383,0.0806829627926614,0.0006896688910024056,-0.012544210847483878,-0.5393493094488641,-0.1626020786974177,0.02522320933085412,-0.1167327168672804,0.7902564466303964,-0.03812211609467944,-0.0013905082477819238,-0.05079326350355955
15384,-0.026338851505836924,0.22240908359218406,0.0381156050494385,0.800802223747941,0.037936583774871295,0.07284123942850154,-0.11418295565739958,-0.027093897538690733,0.043178991693460025,0.05994762977459586,-0.6086252554741909
15385,-0.12793403649504045,0.08272456183820692,-0.06900791936482062,0.013283110866573874,-0.24994809555308545,0.06816840096326846,-0.2309288132391111,-0.0026806373515810837,-0.0027937538490751214,-0.05441580633570536,0.9068513319770152
15386,0.15458611584719434,-0.18602073231966365,0.0005264792101953002,-0.014439328262754375,0.6583169445593342,0.24919604382121294,0.04401679322689479,0.14655050942715606,-0.007612669736766692,0.03773905193118799,0.03878404729662689
15387,-0.09029580902933475,0.0008325331594432341,-0.1827686569300041,0.06667038616743369,-0.0070324831178252105,-0.0486821069836667,-0.13220730948305381,0.0065097114124260174,0.5319971110585463,-0.03499467872379043,-0.026435941942896946
15388,-0.0441828385350251,0.10649296438315355,0.5293817735193331,0.10980691951968105,0.018709922604581583,0.06749858016791781,-0.014232761593843249,-0.03231239645700194,-0.10204057918307052,0.03974748438614246,-0.05238830721814134
15389,-0.0718383806690121,0.07091329242802993,0.008300846059305594,-0.023153091080454463,-0.06535932422075207,-0.6333619498828835,-0.05643987436897985,-0.07718160785096577,-0.06847206538320996,0.03888163544908971,0.13594408885147108
15390,-0.04047368128649634,-0.021419733906561128,0.41692632765347204,-0.005206418925209351,-0.011760713963098052,0.060260126655326804,-0.031171249776808792,0.0012105942436279418,0.028324987686012878,-0.00830131625646452,0.1399540010269332
15391,0.01877463439218951,0.7346809973227861,-0.17447187071726122,-0.0936743127773106,0.07635409575912366,-0.05714038181072789,0.08186164536749978,0.04460091327483162,0.026837632750931803,0.14629342164953385,0.05394385450201319
15392,-1.8671611635755332,0.003246628709135878,0.005045057459669198,0.030614183285766098,0.12140219388500975,1.6765658686524427,-0.10287285010579746,0.1451011739529545,0.25512443539749813,-0.02875677287509345,-0.01716195478495135
15393,1.5305904589842692,0.09883904713444414,-0.03710883348602172,0.06273994638264774,0.01167577461119374,0.047811312525706494,-0.9622481526155133,0.09603555176260974,0.07251648148331435,0.039652657863489794,0.032732878067734075
15394,1.0115877756441347,0.12343123140469642,0.07384149189868626,-0.03215256588312332,0.005303479312766011,-0.00015705188780844315,0.08823775621005313,-0.005402880607227179,-0.022084422393798188,-0.1143509735963206,0.08442112965513651
15395,0.6309248314462348,-0.010416543678970849,-0.05508552984738074,-0.04828707974230687,-0.05595749556543849,0.02306137865594069,0.013072436346737226,-0.1105139871853629,0.01898599872376549,0.012909264824743681,-0.007616752327222786
15396,0.07806583182384325,-0.05648412456130621,0.07606816371682928,0.05897244622586087,0.1692677303346406,-0.15166320322316948,1.1180905242064363,0.02994391222819623,-0.10672928860102997,-0.8898981957202323,0.006952588682325416
15397,-0.10292510218208793,-0.874106592850004,0.02744607031579516,0.025906263650847958,0.08990931003092734,-0.006334255273523796,0.0646222274847947,-0.0048519799501298005,-0.12826073739028718,1.035431299945487,0.06794111684703795
15398,-0.15338473858460638,1.0200391526866004,-0.10869268605042981,0.007615052403890045,-0.0047373507371230444,0.1474179238876257,0.01406486702811209,-0.7435632671625262,-0.02104420270499144,-0.040521517857495706,0.02109422540525541
15399,-0.05358782245747173,0.03254416357957886,-0.03589057444588764,-0.5259780773475367,-0.07886190767917635,-0.2410061793035587,-0.07938448148302753,0.8559619447167579,-0.07304485329605874,0.04752435631554031,0.04259827332630216
15400,-0.04705476668501196,-0.02863795338443941,-0.11156461843010093,0.8104168884481465,-0.04554979915215325,-0.16392241875606556,-0.05994801346771426,-0.0510797771724667,0.14797106627392204,0.08018869869686629,-0.5313850485300267
15401,-0.01940047447224136,0.02298160964695067,-0.07677232796806768,0.06081665012225078,-0.5877990440027815,-0.19207202257519992,-0.1078493620043001,0.024315797479552977,-0.048746115559566754,0.017594139364763273,0.8016548254639396
15402,0.025072407236213942,0.04533327218280229,-0.023988786710391043,0.017819954145813888,0.6242741330379122,-0.18050508741012936,-0.019646181004041238,-0.05649939413329032,-0.40948969336172203,-0.02983391042097741,-0.02340878629132473
15403,0.0586538020960351,0.04625661889114949,-0.03425514991229083,-0.07341628418284203,-0.09100752075344602,0.12659259191829647,-0.1342479766232995,0.095707568192809,0.48534753810760967,-0.005996111405505106,-0.06631126790638506
15404,-0.1456192610670394,-0.0760759631683277,0.5667415994704729,0.09132624870793367,0.005163914293936133,0.11106643953056633,0.05310155650486647,-0.10133135789683774,0.026910490125864557,-0.1291229139043805,0.012149724618279293
15405,0.010850551955735761,-0.03951704708457974,-0.13330937427286538,0.054723157361327775,-0.0201611227608057,-0.6816622136462757,-0.00344665408406894,0.09051422439976461,0.10805949096911129,0.0036487216522746464,0.038051731246292714
15406,0.0137452745004148,0.08084265808997607,0.4169735536822859,0.17433727716825018,0.06735491574917646,0.09287054705309708,0.10155769645826382,-0.1211643050088646,0.05084490831240815,0.010932670001025942,0.11278682450516211
15407,0.16391961663766647,0.7105962212878747,0.012072708067016106,-0.08540033471406126,0.023404235671619537,0.18164841082091837,-0.041995309217711455,-0.02581330245678389,-0.13794046714313005,-0.013967312043778714,-0.046391218788133924
15408,-2.106964820162776,0.0904539175970788,0.11726910060062556,0.05165840733469149,0.09533914692141279,1.8479068877022113,-0.052848829741587715,0.19469216917195636,0.12532011607323298,0.07913484813392485,-0.05464475254154963
15409,1.1088302881075753,0.021725485861733698,0.03901210580787194,-0.0504275305464963,-0.08700879420781113,-0.13114095835147485,-0.9641583333745912,-0.028927921345213332,0.03397118883547126,-0.1357073238028258,-0.006179881001600092
15410,0.9991373387551344,0.03189105573051321,0.10213161931291971,-0.02704174918128121,-0.0049618888749482885,0.13453374898747267,-0.05601211579329367,-0.09395509891772912,0.06380973571259195,-0.012688238467047384,-0.2317343225158148
15411,0.5709126989308366,-0.042788770215928855,-0.06287505835610441,0.01499907254160127,-0.01957970502879948,0.008067325727485336,-0.027612425958457244,-0.029396169498206226,0.002452659035970051,0.016410877696080205,0.001109451925544916
15412,0.019331170234349843,0.024876323193308396,0.045578796740349564,0.1370074035122859,0.06502251019132316,-0.13946824597143118,1.3086811086985586,0.032692701707871016,0.08238000232075353,-0.93500514094918,0.12319805577522516
15413,-0.020758273590634427,-0.6468329092961955,-0.1432133538848799,0.08325641547532171,-0.024974191512631708,0.07625422049756753,0.06255316941945185,0.013263656610082523,0.014925873964502316,0.9341698914850018,0.007638236750583918
15414,0.015954978814244333,0.8751617395076846,0.04441749325328738,-0.03393010661238534,-0.03618786429650015,0.14369344993191838,-0.13468415209606566,-0.7459982315914537,0.020872272212366795,0.11386944294154241,0.04574839406474205
15415,-0.07608592507728738,-0.0641448173378649,-0.0714284482169116,-0.5909347798930619,0.06977406556202681,-0.11814697918704245,-0.011934674190489882,0.8871652799284666,-0.016908683877634695,-0.07553182811634149,-0.04802581204960327
15416,-0.1184684094701207,-0.12533961518054848,-0.04372615916564899,0.8546206790212411,0.0378623524571704,-0.2149500057988853,0.006418685780931925,-0.02468023689719938,0.1087163852540353,-0.02221002098703287,-0.3302848741530303
15417,0.17617595180051152,-0.08767514925459476,-0.03369222137693988,-0.06269039250722445,-0.7279907043143836,-0.00045662728914680744,0.1792067497762071,0.009292305831091783,0.054981354223977943,-0.051700594679265605,0.8559702255446162
15418,0.06508887853039193,0.024276433025925644,-0.056728316251566074,0.04970346566199127,0.6164972254206487,0.039022851385665865,0.10569996134019097,-0.059745037857646975,-0.45168947122233283,-0.004117627393804953,0.026178384925946457
15419,0.024988747918668508,-0.08086151603964975,-0.20135543324029964,-0.03451496030786,0.040482145811481685,0.20236701147158997,0.06411118672354019,-0.023528923099091832,0.4983517674964182,0.02193894788201761,-0.037627559498547396
15420,0.2075820926664511,0.051613674904482786,0.6144162641126255,-0.12691231615589235,-0.015074517443097856,-0.03261582417815186,0.07962385390058672,0.02555345456854233,0.03037526429281634,-0.040557682894345484,0.01688060524893367
15421,0.009257189874060195,0.008964430077325884,0.10074370873728511,0.030719421974589507,-0.08564638270508694,-0.6698541329319159,0.01174747570352881,0.017461748785647057,-0.1562710944849717,0.08719618858646092,-0.08517040580648912
15422,0.10408925750457507,0.011262374334821725,0.3879867773249298,-0.03317338000683094,0.10211686806854188,0.0535530338571468,0.0723766671959039,-0.13933304273764027,0.017631022196342425,0.054120784836989295,-0.05129306497630373
15423,-0.09710784859635188,0.699609840518633,-0.06590497730573558,-0.04045158085155171,0.046451039082130635,0.05254914377548557,0.15165453570885717,0.016538606569762727,0.04164159296907312,-0.10826699428818963,-0.03800342703745038
15424,-1.8944859360853041,-0.036245153948264594,-0.016774029623520984,-0.11945051297347652,-0.1891098426090008,1.6999594055302363,0.09965914555763465,-0.05867761663561676,-0.021421373002739077,-0.014911023837437313,0.0816171060410388
15425,1.3784629599171825,0.026316591256487585,-0.08104844662668222,-0.01844556425076165,0.058253413997073296,0.11413889567202316,-0.937472041514099,0.05117036542611933,0.09422618249273303,-0.04647501368307658,-0.029294902501576826
15426,0.9804750457030967,0.15281168162070138,0.0005165283494500028,0.014400823007475635,-0.09722761129150408,0.020387478827705155,-0.045038791183360544,0.008250824063975155,0.09199043815278228,0.02567982992737771,0.18589332955014815
15427,0.5493826608789681,-0.03536911947958722,0.06461004069293985,0.03596848593996356,-0.059609160993157474,-0.043862655567793646,-0.0036253771513855473,-0.003465950714956937,-0.021268480342885195,-0.034225124683920256,-0.010995976060049317
15428,0.1419512711453208,0.17411279046937436,0.06533020664442785,-0.07318419728763509,0.019434648812392645,-0.2298101331283935,1.3894231897421458,-0.00014469627583860666,0.1578744229288776,-0.8923103654898489,0.04925364715747001
15429,-0.09819685568173156,-0.7638256136357209,0.26489765053038067,0.03552876907406565,0.14009422801334007,-0.06444638172986367,-0.09023449372877088,0.04968187960765847,0.07631665803103505,1.020237773777502,0.04502238592469074
15430,-0.20852401677490548,0.862004748201317,-0.13338013060538276,0.14195743793744858,-0.023240781200251838,0.0042950135011418505,-0.04696594252385632,-0.7341142810621923,0.03296571561570137,0.022461480786545633,-0.12589061511570449
15431,-0.07421648628973575,-0.03547815527717746,0.039217598317858024,-0.4619927791680498,-0.07818358110098449,-0.0583471387942515,0.10584613284405571,0.8589731877640809,-0.018364397546767334,0.0907977523030685,-0.1092973235002824
15432,0.21567883447160763,0.017055288623074604,-0.03434830666681598,0.8465465212927517,-0.013169142454038179,-0.09101747923115631,0.052791787457986745,0.011322868290727412,0.12709743289087472,0.0026708091319559753,-0.5486700695288155
15433,0.03694200659422457,-0.1071084460999626,-0.07533636426307172,-0.0854742213367431,-0.6376761364040667,-0.23244074618081415,-0.024405814362748406,0.08283149500636822,-0.0966591296028755,0.09000039695968072,0.89238634239028
15434,0.2406570798832128,-0.045827292470708915,0.05853522818905932,0.005210536273326567,0.6094539074869492,0.05073690503368417,0.17427783983774162,0.029110011994165966,-0.18675486908709485,-0.06278799299842915,0.07108507261557087
15435,-0.06379640810280525,0.03869728843444461,0.08187587070265988,-0.06732584581907157,0.12737524671752806,-0.07977072420973554,0.31747228329089117,0.05120441734554623,0.4889917314103488,0.19662263297828972,-0.10970046769690955
15436,0.05053458132332676,0.09340327671724433,0.6166980237386348,0.10828437919962942,0.05887199918950341,-0.07904224422730173,0.09961521678232216,-0.10391408794590476,0.030315387382367866,-0.0789852889575176,0.17250325036395833
15437,0.04761902644629085,-0.05453407234916765,0.07574054769079543,-0.03552349349603335,0.08400612704473855,-0.7028807897029494,0.0177748248989145,0.0446632003586886,-0.0016733963440529159,0.0675987978602034,-0.025578022617000075
15438,-0.04396361841465993,0.08131149525200268,0.4369086270749131,-0.08922583078642353,-0.11569348771838628,-0.05057939788898818,-0.12232438777380683,0.05961668000448313,-0.023742956941280056,0.04257870099386739,0.12485997220724274
15439,-0.21123126993086472,0.635878692052455,-0.04709806659816526,0.04784463036038437,0.05015868548822447,-0.0977573256982781,-0.009275488168455588,0.04247411425301015,0.09775217316297288,0.07807039591127235,0.0224736107186753
15440,-1.6257930592476104,-0.08666599000943453,0.09419750215090143,-0.18101742224054823,0.16229898853509367,1.715106537927505,0.06478150871599284,0.2414450705488032,-0.06667888939741269,-0.010594135942760357,-0.11840407918020729
15441,1.725900264854252,-0.0074242586087310365,0.1314516973114826,0.07583016851117991,-0.10815224667742088,0.0701277715817212,-0.9945168249875911,-0.05791440829570137,0.09593605295080691,0.044804715023004434,0.1389099726779697
15442,0.8121704278342418,-0.17306299832586522,0.010125715054166217,0.03205715382600299,0.02820424662834154,-0.07682449389165323,-0.01710339078735152,0.08696888854433366,-0.023338630019397115,-0.11138823460025746,-0.07958792961155788
15443,0.5531956090601069,0.03191572413705666,-0.0768943082618809,-0.012973587761881207,0.001425566430776977,0.05780890814604857,0.022005801215595082,0.0028556875757301085,0.015139190464008984,0.02205988741588049,0.0014796883706253618
15444,0.13131780903675697,0.06562977639118903,-0.04559752110785005,0.04373403350973786,0.00407871154028407,-0.13283854140143062,1.1047976389537613,-0.10645524507527557,0.0036237909020800188,-0.9087472554459541,0.034654844876609636
15445,0.07787962233208652,-0.5568376919710487,-0.06377283720056183,-0.05408637634756744,0.04425422615129276,-0.004790898863648603,-0.0684327444701861,-0.03348987460497748,-0.04701151428728538,1.0743835365872143,-0.060229513077522986
15446,0.13493884160647832,0.7620828543072544,-0.015891684346866296,0.09961948349966497,-0.03868908382934992,0.23884941780477725,-0.07769409199537124,-0.677621966753145,-0.10721557223487894,0.09921508029247793,0.07296098653190908
15447,-0.10914329624311296,-0.07872842701885836,-0.08971329652811424,-0.5087130775005302,0.007293938162764571,0.19182676373384747,0.09619030586644745,0.8841591082087377,-0.2283751064871058,-0.03299553283574014,0.032726078752014456
15448,-0.021119228670453245,0.0600705470055593,0.054958976704979616,0.7748278950961442,0.13829534844646635,0.19052570836117214,0.12915574460736706,0.003008958177181876,0.05141075307280288,0.10314968248549539,-0.4753701166832059
15449,-0.004959091503879323,-0.2724021734990698,0.1507967767552391,0.024868023261867565,-0.7223409475394513,-0.028396140772737326,0.023202314606099294,-0.00862442613849063,-0.05415833307252409,0.0275857497558592,0.9431143203571256
15450,0.30437210143466636,0.0029938717164219864,-0.0615607803333002,-0.009018199967259244,0.6306148896744292,0.26717128603924883,-0.020224194531037906,-0.07852448757276431,-0.23742432726269946,0.12650882285219145,0.04251285930682656
15451,-0.1374717620265117,0.16198075285638538,-0.02687262006531889,0.02658275654300522,0.02596195986223892,-0.13763989882407787,-0.012041567892447808,0.02499731257184811,0.49083991647988634,0.10944609466153994,0.03163223381707107
15452,0.2755342400723855,-0.005755632258277256,0.5473286647065492,0.07365741039454937,0.14926721924088093,-0.026548093270352194,-0.15725732044120969,0.10202078728739586,0.050605245759295925,0.05157181591768675,-0.005370948251793581
15453,-0.009773795763173124,0.09792235013737949,0.11844850873697509,0.07993696169165777,-0.0017543748462669753,-0.6456357822788525,0.07849096766055552,0.000577213438742067,0.08295541733117079,-0.05173609416689324,-0.12577959597835175
15454,0.16881860053980519,-0.034160644822436886,0.4205953439049406,0.04960609934815466,0.07067914943485297,-0.038046904213016354,0.1327743360061057,0.1726595716950908,-0.010953096075504648,0.24951398334406413,-0.10387598771093597
15455,0.02417257472196481,0.7127869524711489,-0.013609116128263458,0.07491097607819375,-0.025276903210428473,0.012453697666531309,0.02144696340482474,0.008418585176457853,-0.04840160714942874,0.08181101213907864,0.024408348265462454
15456,-1.7820524573822238,-0.027826972845948518,0.09089430848355182,0.012660646902250489,-0.09958285422502967,1.6158003997251937,-0.07279098431765489,0.2645042115359205,0.11432477514024758,-0.06499974540981328,-0.03757427862112552
15457,1.2143752475652012,0.06888593200216213,0.14208991365361506,0.05761313548887725,-0.07257668369434954,0.02556175256300095,-0.9146586909074914,0.02168176109785785,0.008827485553970399,-0.01897118459887317,-0.0532700616081425
15458,0.8945604194338836,-0.11098461829638992,-0.09831891517913473,-0.03848796985230901,0.040200072249609115,0.0462399989634032,-0.14035734655787646,0.06496228321759405,0.03623495883162735,-0.06465278408592545,0.028796420785005605
15459,0.6212016680278654,-0.07966985511809818,-0.17835255864525373,0.06743436184298839,-0.019349615919383806,-0.02712033358720478,0.04003868883757963,0.0019272314207399556,0.02387049540328947,0.0027117294725289686,-0.052544446070758
15460,0.19993252644626205,-0.16670331179736145,0.01749227150366309,0.009887310515114558,0.06952780946495062,0.1305631481584721,1.4867036442740846,-0.08963576290352726,0.07027599199140615,-0.9063803586356638,-0.12892500295374093
15461,-0.06020517832157625,-0.8517993331425324,0.07101986560238267,0.09303489356637563,0.017479117490279698,-0.09469099857450079,-0.0006878342140839572,-0.12826122720137687,0.008618482271803873,1.03584070141387,0.11094907813973405
15462,0.139552198405779,0.9250491630150166,0.09589557588225049,0.004219756456745812,-0.004576350722819828,0.04355456281242385,0.264265167514903,-0.647368160434227,0.094293113922636,0.0002238924960299418,-0.07750732023280486
15463,0.08000662156047174,0.03347136852380214,0.13170734985288043,-0.577345155485733,0.01716604235806156,-0.029549953313104067,-0.05456636873653812,0.788347612187157,-0.06347058064495999,0.17474022549484788,-0.10167151819957562
15464,0.04321462818472636,-0.10685745533168822,0.06247121676729105,0.8226117062107585,-0.05428766602064639,0.09469403878418417,-0.07398857799574121,-0.05938716813692777,-0.10829392356430753,-0.05603716543355417,-0.5037823735731045
15465,-0.06604331815539809,0.06359304355256834,-0.022526350707312025,0.04977991574115622,-0.5746317977121324,-0.04342530993930696,-0.09069774748071913,-0.032238521066457956,0.12385721194964504,0.21721436756855145,0.8109229831743726
15466,0.030011598123501276,0.06717838810852268,0.09317102733871441,0.048440192937541406,0.6290651693906139,-0.00136240287277472,0.1713639941052212,0.14138271124532303,-0.28503763646787694,0.23365391514697575,-0.08007609596426174
15467,0.0657180301624514,0.021929845700014623,-0.08618375790921305,0.10395565876509504,-0.06582349314874951,0.03342783395304,-0.10149419952978268,-0.0132320743383468,0.4677172729108963,-0.04456754331099217,0.058959326652700414
15468,-0.023368003715052613,0.09762510695314601,0.5599176417038925,-0.10039196978035371,-0.03209363475088625,0.0016297318347922776,-0.020762441314218623,0.15785666026956247,-0.03808081722522368,0.05027678075830443,-0.11445292700904061
15469,-0.047091433573418606,0.14157980198843997,0.10292296214971716,0.01966233133705078,0.01834878094033783,-0.71359780282418,-0.08580794447603692,-0.04079315930455708,0.0290667303160331,0.005337442273428822,-0.04841074568325803
15470,-0.1192851640531952,0.030255891314228414,0.4239986989080371,0.05444715324269896,0.047965422210589775,-0.04012824021852258,0.2544920939086995,-0.0708575281539947,-0.08341130319163444,-0.012807444337476858,-0.11372483442042329
15471,-0.11788618987507529,0.6802157225292221,0.01350797900753389,-0.022211657850540644,-0.06434461709387963,-0.1887340679299857,-0.02489664759375411,-0.06931767957199572,-0.06459420145683806,0.05421580849882208,0.017807207306147675
15472,-1.7339064712445709,-0.04349984787928313,0.10815989357955293,-0.015407307611587661,-0.10480321675629867,1.7573240973046553,0.03570162592973993,0.154199713838932,0.08084905109194644,-0.049404332152943896,0.0733028627988935
15473,1.7288149595214808,-0.0010122479565432179,-0.057441578010180135,0.10099280592323433,-0.020130250529488494,0.006883999868751042,-1.009213714743257,-0.02826569741917484,-0.03335676752072318,0.08492768283170929,-0.07264594599778418
15474,1.117488428272492,-0.19316550247988998,-0.14458895880145578,-0.12271051012407908,-0.11489216016225144,0.13472303427050947,0.1031396667472214,-0.09547535028240944,0.17209863229192282,0.17091328452783836,-0.0365597346571138
15475,0.5389228641062584,-0.007852015330936421,0.04861134504434707,-0.03913762693185527,0.004134058478394569,0.04066606314919056,0.013635451997806964,0.012441833142881763,0.05746221651418085,0.02678669321189317,-0.008942513190142151
15476,-0.010950576173547322,-0.04774311062151381,-0.007548081877245777,-0.013746271282311671,-0.05016552652011489,0.011461805450342456,1.2207470342165025,0.027623043406144836,0.03164464200727272,-1.0633925255361323,-0.06476205697469
15477,0.05037728294071816,-0.6167877093046207,0.03755373463963901,0.08053605851410858,0.07048777263756971,0.045506697632706386,-0.05035857827478803,-0.019995943518435262,0.08656893856400888,0.8504670743800538,0.01035741545506898
15478,0.08384513131262224,0.9472168751120498,0.046970126797241524,-0.050689293988177675,-0.030829395815301943,-0.0010579863213224803,-0.03777368376361316,-0.6972593332412573,0.10134446884931818,0.03598182636036504,-0.017162253718811922
15479,-0.12442727266768717,0.05470083497264823,0.033611569265434384,-0.6477295252519281,0.021541469475169363,-0.16641358191493413,0.07270939367092541,0.8240703155682066,0.10520406518650545,-0.07652629448412165,0.05255498249363976
15480,0.03756557201194779,-0.15619866453685333,0.010919066786408867,0.7945841406667064,-0.022032559896337154,0.03298721271794127,-0.09339622747418741,0.07230629738421131,-0.030850438747490563,-0.04489282939147237,-0.5094009641031617
15481,-0.013429748411027634,0.011606569009845667,-0.09762185178123872,0.030258996161502707,-0.47858566287699916,0.13377506937091144,-0.18381204666233014,-0.05335343301077097,0.06355412109250878,-0.005599112083829879,0.8229136942751174
15482,-0.19334807417130478,0.07035682822873314,-0.03277433880394773,0.04827356445573144,0.5621942844540896,-0.2622552782123052,0.06245017969682543,-0.04022182522045744,-0.21015519100830174,0.35654894860637637,0.016143539508265248
15483,0.18962511396316206,0.021418870837209964,0.022809678117491197,-0.08382967861492781,0.003423103062663425,0.04522742160116732,-0.06043502302180938,0.02977659308980691,0.5017553224904057,0.14201368525541913,0.05418902154797566
15484,-0.11277486919271801,0.07151170588152995,0.5674865104143693,0.2084363140538057,-0.2802649554509946,-0.04144529936473353,-0.02188143423942616,-0.006425031175471154,0.033271383681773556,-0.0822835017249799,0.23196934149484758
15485,0.03783732328602422,-0.025088347309533677,-0.13199771847830294,0.008656575901791471,0.059512262414728956,-0.6275569719301192,-0.002514155387059497,-0.06427214332388725,-0.022457111849359074,0.02154813447141255,-0.02357249007415777
15486,-0.21021431245638658,-0.12392091039128776,0.400644760925461,0.11333171785903952,0.026636732658528804,-0.10729384398806752,-0.010197842224969215,0.03553131449597541,-0.10375273926061489,-0.01585858811388842,0.1786989014609161
15487,-0.2978699994515325,0.6712008324520425,-0.001142153856823298,-0.010472655007496334,0.04693283725345966,0.02332976466397569,0.1420168498032232,0.01577486630426346,-0.021933265390741398,-0.0006237735581475796,0.056360660368224645
15488,-1.7276428048286576,-0.02939332382815763,-0.0007821035037069955,0.12063525072579866,-0.0995802097627124,1.8430680260675596,-0.042031325348517196,-0.024539308470765846,0.08821284940676416,-0.022479495303386093,0.024688834507225275
15489,1.6147947690434958,-0.007756902365309072,-0.04624555969331286,-0.006983759584697953,-0.05887802976549191,-0.049485148953716085,-0.9378505611083666,0.07566479768708018,-0.023681663982101833,0.018030422296421947,0.0663056589811473
15490,0.7496549540160721,-0.007822253696385744,-0.08154052750600235,0.13316521729140016,-0.0010843008679554973,-0.033304213433286156,0.01536232602406243,0.14108311261346687,-0.07873449842351495,-0.18189346192965725,0.18821587260917558
15491,0.6651568918278805,-0.010279038990089088,-0.09253843106517143,-0.03806855374767727,0.06511631821557287,-0.007152544505188742,-0.0039501798410251825,0.006091976033221454,-0.08621812225368775,0.005239496666177847,-0.07948029944357081
15492,-0.09454971311756381,-0.09780813272807562,-0.010067025839643194,-0.049936984673578655,0.07967745929671233,-0.018664847834273746,1.2780356536907411,0.028476258415402658,0.06441912182755055,-0.860386297430208,-0.020065565023687365
15493,0.10842867487645268,-0.5762615548118943,-0.08161632371659788,0.02686907270362067,-0.039234790867343,0.178483664484218,0.09381838820086165,-0.03077083332144182,0.10388943870206523,0.9673785051851638,0.14254711118820068
15494,-0.20547871129704517,0.8134025316089992,0.10126734966820952,0.012377729258468822,0.02679232242505246,0.024852801848881827,0.09383467969797689,-0.5763387320482348,-0.05322356841592914,0.004237021522968034,0.006648327421971123
15495,-0.0723669271188971,0.011094501726833777,-0.08733727616426946,-0.46505614491271097,0.03371228537707966,0.03979542962783182,0.023294818999664194,0.7683699333794939,0.07484478137667216,-0.002885789010828128,-0.0503997263745848
15496,-0.0668125219919555,0.1343264835560749,-0.09369116433080195,0.7812225179095867,-0.08171917905747961,0.14100800961998955,-0.10339622420651975,-0.04174922294890768,-0.05857463842294851,-0.058209320475486714,-0.43849406485736087
15497,0.14095077666467032,-0.1393218735055015,-0.10684943483808118,-0.06256444284423013,-0.7963527703659514,-0.03525139068283349,-0.12023724833198952,-0.0032410233127128144,-0.03245716855084616,0.07269244522693248,0.8607705548065486
15498,0.18702248998274523,0.07343559779693785,0.1763385793599102,0.09377087163330705,0.6424338941897281,-0.06186862990863245,-0.05595424513837488,-0.181507774771923,-0.24575975899081254,-0.08213514049273114,0.034543513416187804
15499,-0.0040257459798674474,0.08169615060682928,-0.02938921003342608,0.004415291706061594,0.026398197919315143,-0.07937700098283379,0.08134653684807633,0.0011182106202247636,0.5042741056400589,0.12316297384272698,0.09428801786207618
15500,-0.20693386085749166,0.07134520083459772,0.5748808740851685,-0.0657465848793714,-0.09972552209222027,0.03653846912731325,-0.07101749729191907,0.025634441830857203,0.04629408045505738,0.041120357639183765,0.10866457143748405
15501,-0.09210931910326701,0.08444184301612526,0.0005702179946868698,0.07401485972332615,0.02178970221280816,-0.6339341979684934,0.020171233803008663,-0.016389858436560243,-0.06371409883783714,0.08097438709456137,-0.0490414056374349
15502,-0.027958371779163067,-0.14011174668419377,0.40542230935892665,0.10497178219158039,-0.042894476247911914,-0.001301603097368183,0.21264376412207167,-0.1255036910436988,-0.11292893830651254,-0.05816916768310184,0.10476100262651693
15503,0.04142121998585624,0.6193570686153126,-0.011748606264982702,-0.0003703916607153113,0.026167630986028728,0.07866583520839249,-0.16992658268096417,-0.008610796776500347,-0.06479680090753928,0.034950943741041345,-0.0330561104746653
15504,-1.884316944641294,-0.08786363669180496,0.0896501473052146,0.009307223836539242,-0.11428368568954325,1.6562560514692404,-0.08717895167655074,-0.10674224378713686,-0.04391268346484788,0.046402895647592236,0.06432819518459454
15505,1.3679190214273056,-0.02464158276227473,0.09296872564641565,-0.15261766257857345,0.027035916378848366,0.012964191364094223,-0.9913211282558998,0.05850675027560708,-0.03083233704634234,-0.01352670573284721,0.04391423865140315
15506,0.9957442910423989,0.027328004804431393,-0.04790961271261436,0.0918118825584263,0.01949458028832768,-0.0853150104071052,-0.12443932834057558,0.12391177915706603,0.13768213571060087,-0.07906968897980396,0.11888652788174953
15507,0.6304860428777443,-0.06494299331841209,0.06173476378140274,-0.022501776363582405,-0.07265937031622584,0.09278891921208282,0.011605867366784877,0.05182879704943709,0.035992662311659394,-0.015575535786770588,-0.04518786664620147
15508,0.005944656971521672,-0.04243796195993073,-0.10284511846752561,0.08371370178403664,-0.07073130838362186,-0.2177239224458592,1.3804711813434754,-0.048778735943313375,0.0842866543524851,-0.9318614554388129,0.05775027817745458
15509,-0.07916713167029439,-0.7327098031897726,-0.018342838783236583,-0.04673072423308469,-0.16122172953613684,0.22274335419724026,0.04419193249429101,-0.03318058435358364,0.04750828852732261,1.0960332049291763,0.18096156309850817
15510,0.03897439091258774,0.981691072174017,-0.002088201588066548,-0.09206873484326175,-0.10246904147431296,-0.055055597609648545,0.05981487121281082,-0.7287560847535755,-0.012553867071314916,-0.056409506921659046,-0.02516919471092564
15511,0.06284756770976789,-0.018670023262842055,-0.029835805589162566,-0.5268213132238748,-0.008569323515588458,-0.02604313239879904,-0.054034761622514485,0.8023709743131305,-0.019852555550648895,0.0398555366364397,-0.011011350078207714
15512,-0.06775290815804223,-0.04865911172881787,-0.1286494753224415,0.8243564651578399,0.04859395149064408,-0.02114988716902718,-0.054456899699915344,-0.03732023358958941,-0.13076930536340103,-0.203138651603412,-0.377611195654567
15513,-0.030494194424189654,-0.05729770220321046,-0.10819743423599115,-0.022072110441193324,-0.58714336240351,0.10572989117241349,-0.04369628388207612,0.14071863709395208,0.08031887800278087,-0.04384926400775954,0.9065544085008812
15514,-0.2234172965038808,-0.039967093816272684,-0.02414402575246742,-0.1414126467400428,0.6146523983994268,0.0003329375135613906,0.022381621114716907,0.10679416626515967,-0.18111385853840767,0.04061133909608189,-0.035512612621681136
15515,0.14528278847663495,0.10885926744636457,-0.2324118817422703,-0.11254454862750737,0.019418870023689597,0.050521683271133246,0.02496074644119394,-0.01159261234205357,0.5215356531964122,-0.1478390491990504,0.03716031563883232
15516,-0.2114178327008731,0.1266759035877204,0.599130946778813,-0.12121842198271487,-0.02566240656624808,-0.15782861034005694,-0.09987819224120074,-0.023590443450009796,-0.10995687864379394,-0.16366103601591583,0.13785471070795638
15517,-0.08676186045409616,0.061978411032405485,0.11774623557408402,-0.046955272086873195,0.12058258966420751,-0.6688909771318874,-0.02792698580614986,0.08463559134610776,-0.09866955154489583,-0.00675723072657209,0.036698128888834454
15518,0.19533832532246148,-0.0015790245534305913,0.4262226964825998,-0.18521012080689844,0.04357822223137019,0.025341958226829463,-0.021405474369086252,-0.07362101389201768,-0.035557809222496926,-0.15047941154748593,0.13419808635406297
15519,0.027394451998717345,0.7100389455529228,-0.007452463641969539,-0.00992820084116029,0.07075364286214529,0.014891594322765819,-0.0033481707459826274,0.010569386110563673,0.057245394272626454,0.005068820404159164,0.08983703150035832
15520,-1.892273598456673,-0.09349530462738101,0.13524090580840306,-0.006460377949830037,0.1253643849797014,1.7356605696728495,-0.09721557817599988,0.0455740867232083,-0.07223202520194323,0.13959105583206885,0.14024447777344803
15521,1.6455759760544655,-0.027311606405680023,-0.16706416371200436,0.01898337356592835,-0.04239637512421763,0.013008583390616323,-0.9573142074661986,-0.03179256330102568,0.1727844207155527,-0.03796553625084741,-0.027206550953546606
15522,0.8643215155548932,0.12025928146834283,-0.11829040523919065,-0.103391727449951,0.1908287065934086,-0.020824678218273766,0.008338322984243599,-0.036334074055974525,0.1440263080656578,-0.19502555674982563,-0.1407498597890027
15523,0.5940595818459593,-0.047543229415057994,0.10590016093477196,-0.029323082895962492,0.0008845153593440179,-0.01911772143700881,0.018251778225567044,0.003224871433453064,0.05413695894348451,0.025433671329536132,-0.012691844766117753
15524,0.16360188402682316,0.013978178903932824,-0.057504695970400053,0.08805200176698104,-0.12246811788320913,-0.10788791913961882,1.2945614744756941,0.18957616387599438,0.028028021757592073,-0.938774676752218,0.15176899326090132
15525,0.19025537263275388,-0.6289920452885833,-0.08052834625858232,0.01838503869612002,-0.037600172383924095,-0.11689112608640688,-0.027899815244978345,0.11207855372617417,0.13460621685027838,0.8604141407709143,0.17005413046164145
15526,0.24375533538880595,1.0108578809113395,0.0139999682653063,0.02380000632430489,-0.05518222250687076,-0.11360886229413733,0.07026426286813722,-0.5262059369057814,0.03106862606746409,-0.05574279910347819,0.005113373081718287
15527,-0.211092084295488,0.005366309941504683,0.16457631265298533,-0.45419981716584856,-0.10060510522648922,0.25085163334384125,-0.20074229544951716,0.8118783169145979,0.06967927818575557,-0.1721527864110142,-0.04548162133686666
15528,-0.024287262460807233,-0.12243926922094361,0.023534321116984235,0.7636540325169686,0.004233376928277404,-0.002753163297902681,0.04362497764004134,-0.06761135193271883,-0.042398826226042824,-0.0762083444914855,-0.7604588389844098
15529,0.010844635904635344,-0.054610258344617184,-0.12059888784074621,-0.0056344984672091585,-0.5972669996169359,-0.15795844007264517,0.007442966779019509,-0.02297373396065509,-0.062005712806578815,-0.08665056417759816,0.8347472999295245
15530,0.1444335612255945,0.02138933103155885,0.0710885092248622,0.010485610410556234,0.6172125214445794,0.03274403589131261,-0.15700576748995823,-0.021342630200252278,-0.37018093116971873,0.013572781741530943,-0.02618064947771532
15531,-0.14927170036168502,0.009928624750451207,-0.19535101427118567,0.13807337597024819,0.0215391563529957,-0.09433725863717242,0.08029667835805294,-0.03709893662751308,0.489629657726484,0.006682526502554461,0.10817959964570867
15532,-0.05453721471227551,-0.13785744479349687,0.6042876735282039,-0.014728747103735517,0.17002498581377698,0.09101735963173398,0.09218297981323087,0.09636886779788421,-0.06057279675763887,0.13475912969730786,-0.17754329450412887
15533,-0.011617849611214396,0.017069135594805458,-0.03052369983854138,0.01887683463706449,0.10211355089109592,-0.6681952752189924,0.044806498553052014,0.0282920795915023,-0.07090095655808934,-0.0747245456668245,0.08492273302032478
15534,0.08718229776316234,-0.1282711843356304,0.42019280594355557,-0.046132057896878145,-0.02913711771189283,0.14320550836409984,0.08237167416048839,-0.08087474327765024,0.05952530512452417,0.06832961056740315,0.0758240058535557
15535,0.08144077240566741,0.6491754786311764,-0.08401907111972909,-0.014294675027755964,0.03536319793462442,-0.08636037870742606,0.07120281169329054,0.06961286781481091,-0.02770102437000531,0.05228912777376968,-0.042221827351203625
15536,-1.6238785190629383,0.17178664060941087,0.1338718632917978,-0.0650149527270183,-0.06109823268379846,1.9142452191160826,0.05105159996809204,-0.04397639893125596,0.10176142631412058,-0.09038817301908382,0.010901618504565284
15537,1.0122058079583471,-0.02549329948920034,-0.005426577509020088,0.013675987469944438,-0.06898204206070607,-0.21323075001957273,-1.1110876192937456,-0.04056080425075578,0.06118216715613406,-0.01592650408693806,-0.03985070262718758
15538,1.0972531074532368,0.09054363535227558,-0.062323581778392596,-0.1392145890046001,-0.14219409174385042,0.08109913656755209,0.10197027249022972,0.06772855053351236,0.06609376575927771,0.035445092301546584,-0.15206742626685366
15539,0.5972534921454732,-0.0448168179896015,0.06281844948317061,0.025497597555939555,-0.06209464951145956,0.13739401064441503,-0.02280837843502511,-0.08618175139775144,0.02477559890780822,-0.021593671978646894,-0.007693003222690951
15540,-0.10641006130103817,0.06504460103096404,-0.061259133203944875,-0.021448985070768107,0.04822990389519562,-0.13443314754321592,1.3737979544851404,-0.07942530272169807,-0.08020960125096561,-0.8159096705143468,-0.04981308724180773
15541,-0.033005406010592965,-0.6724837537877901,0.016944133936741004,-0.09341508833873084,0.19033519022938677,-0.038701607293147595,0.07410896975653126,-0.06212171389638358,0.09716058887716945,0.9002681668682515,-0.2254776729816539
15542,-0.02409744135208381,0.9122177978134639,-0.046504912803509595,-0.038358247580962346,-0.04248412080466703,0.14824077755646253,0.09261186443301585,-0.6746674613557708,-0.025923809706258457,-0.08879340581231798,0.0015037979152477702
15543,-0.05118641134659202,-0.00362720126413341,0.051042842684667036,-0.5021909895850615,0.012021782598524862,-0.19601277553319008,0.06003865944853147,0.8228472046381172,-0.12503366800858734,0.002157281924755568,-0.10635689990066477
15544,-0.11185827384964012,-0.11051407342581196,-0.01241400238007341,0.7555480833871836,-0.0937418026783166,0.054815999181894975,0.1574510893440363,-0.0203180940985565,0.06423682090530734,-0.18601234143313441,-0.6772835238308478
15545,0.03033569384718165,-0.006912183511249603,0.09309889621726011,0.10394156767086359,-0.6127308559044978,0.0240135871256314,0.079235068076458,0.028631489851347607,-0.01797023183323181,-0.11267547595965653,0.8744746081364383
15546,0.07717753869006379,0.04536476721576113,-0.02214188222497671,0.02320816273090634,0.5838262213187567,-0.16320954568730411,-0.15406908515030854,-0.0015497127266546147,-0.2194398356908909,-0.07658425126171374,0.0210970570451198
15547,-0.11448578996845726,-0.02197377451337833,0.05246648545457751,0.024329127878612494,0.0020146875402632007,-0.020617982448308408,0.1398887810115754,0.10309776566347593,0.4808375132830779,0.06786412802946983,0.08282428206795696
15548,-0.2612929927291509,0.1409307968501119,0.6459828074439516,-0.0692586263204598,0.016784878335288314,0.21641304574572165,0.02844515871656303,-0.03855095212830959,-0.09601988188066193,0.042590204865888784,-0.0865426006946413
15549,0.07652640637892079,-0.08975904849316635,-0.011614399386161359,0.08560982088616122,0.092691521045546,-0.6457316550956758,-0.04341741705169908,-0.02960033024611634,0.012377535671432922,0.012955630450324634,-0.002337275867803801
15550,0.1659174052757567,0.09228928434932207,0.40130785324653384,0.16523206965014925,-0.1448516705882703,-0.0815608545928471,-0.1845709017778091,-0.006131738055417963,0.1067914490687734,0.05112071111029587,0.06175974761924573
15551,0.05049772649402495,0.6401474431883014,-0.013316088446757203,-0.008368050457734156,-0.08079534924941979,-0.07941162257580532,-0.02477232874276592,0.04166553118225434,0.016997186445555732,-0.08504806954014081,-0.01261742155956491
15552,-2.0107488251529957,-0.04813581680189709,0.010106578437304017,0.03914748936568428,0.010709725714133242,1.7531135347902993,0.001634355961002761,0.06292219822061766,-0.012183628499133441,0.008567662726595416,-0.06957940565511628
15553,1.774869861580815,-0.0012983867005468917,-0.05121836872653569,0.09772412896288571,0.0736234317004641,0.026960507474232315,-0.9735869364976726,0.027054271864832637,0.005581822444402532,0.0170998327974407,-0.029624244409997336
15554,0.7898171248447305,-0.19969438740309223,0.07861688452464574,-0.07857623481303955,0.025299437466764788,0.1504814812995898,0.12567302667955912,0.08676587582350839,-0.015835938097848293,0.08825100922298518,-0.019200188718614154
15555,0.5992170764703357,-0.0060163481865861835,0.09782922780768971,0.03538432467215265,0.03925109713640444,0.047228655658929954,-0.02909174760501548,-0.042245906405859374,-0.04538675036790196,0.03413155568774289,-0.05922523297810335
15556,-0.10784695053988237,-0.15908808363547278,-0.11964391344075058,-0.007686067843730826,-0.13985667659666032,0.04494479280682535,1.2741051875222784,-0.05265180262961847,-0.052858573268825725,-0.9593484546164585,0.13960837304045937
15557,-0.04815185946280542,-0.6539335804287048,0.053624872161582196,-0.04634012895661602,0.04644248883050171,0.10087186536482855,-0.006150765116999031,-0.03240845252281749,0.08343290772501555,0.9734704062636118,0.17173775293748844
15558,-0.057743602221847504,0.9139803819474037,0.128037081556235,-0.00011304698994392816,-0.07313598468727574,0.04982971872893717,0.06909464187182415,-0.5807805756563731,-0.002226314934432658,-0.0028731694625061107,0.07747627423693815
15559,-0.18412533231272463,-0.0030112472132883083,-0.048898846348064726,-0.49851408056140345,-0.06804082702276615,-0.18889124269021573,0.1255235243723523,0.8099604738099694,-0.07697563179107107,0.01401196525177591,-0.03897531096240034
15560,-0.1268792127885188,0.12548827921580363,-0.020122123570522583,0.8207716629478558,-0.0156750163142258,0.0036442808992076916,-0.24957480981096136,0.02794859107860773,-0.040606801950901966,-0.05223830465523619,-0.5999605343729318
15561,-0.24026343675922504,0.045778236872572785,-0.11743086294732569,-0.013030003233414258,-0.6244311537617074,-0.02613311421938251,0.08228732555310105,-0.01831815394514712,0.137210595587092,-0.016392334927181,0.9340233336829407
15562,-0.14356107078143798,0.06851289629121805,0.0978505362892405,-0.08818125082126414,0.5948540831393545,-0.10760420101093607,-0.26331165806795986,-0.01057285698106922,-0.2667205570853434,-0.1149571621680919,-0.016644984657034165
15563,0.13990346971295467,-0.028328051397037535,0.020290104836359762,-0.14071331906026455,0.026127796163989206,0.04598040443746356,-0.04469993244973958,0.09173193110716747,0.5082440433039275,0.07876188115482792,0.08379357024159544
15564,-0.10884790346998571,0.012544143750027242,0.63929549112341,0.0814811429774284,0.1405635126806557,0.18570557737998006,-0.04594931710198687,0.019578320708513074,0.0371622695942261,0.03573379758916061,0.04277056697391353
15565,-0.026393609996839956,-0.02797097841066854,-0.16471738979514686,0.01788076773393793,-0.03499854073108651,-0.6603951648243528,0.03452073598949912,-0.05791951855971199,-0.01076060466367539,-0.00881470334277305,-0.037713315370793754
15566,0.06815299101219423,0.07149453916853642,0.42291776651794094,-0.023562326736014026,0.04597719147905158,-0.08039390458012466,0.021140346942370762,0.05691771625725923,0.11683749920507841,0.12130401684803145,0.09345083993767017
15567,-0.04716114366166371,0.7003539050603229,-0.07487800207292554,-0.024144653867203575,-0.00397168960109159,0.20527513642302353,0.13354064369800883,-0.02605301218810788,-0.06853816361163986,0.03147442391739529,0.04582175120081142
15568,-2.0201833257839397,-0.07741995014924993,-0.10720684134351678,0.01250437801142741,-0.1857042336753822,1.7143703383705684,-0.07666867211569953,0.023883135865514382,0.0293104589959091,-0.04325709078673248,-0.0607471841631689
15569,1.088930409817903,0.04338383404489479,-0.06471377020378383,-0.08141556532762398,-0.00740758014691463,-0.17303782189897354,-0.8163911231080473,0.018060276572095656,-0.002985152584461261,-0.029459591813759786,0.10936818112521803
15570,1.0303938004557998,0.011422981170793779,0.1672962221177714,-0.157531491360108,-0.018988656513127672,0.08511301360719589,-0.15081385998732244,0.05059030329790264,0.0010057508809831438,-0.039330369869315825,-0.0520584390906468
15571,0.6278847593123139,-0.008704157888533447,-0.06954023019529301,-0.021733515299657273,0.04231195493564517,0.03632361209507392,0.0629632689101845,0.021723555879766904,-0.07697900063999583,-0.04571266279771273,-0.04242262366307595
15572,0.08735521410472065,0.033462293342327004,0.067707957210692,-0.03798756882161798,0.007749344949185437,0.007514766624733871,1.329061774360282,0.006847528191771953,0.006070470039355402,-0.7565443491517521,-0.06858255080282592
15573,-0.14824403854458437,-0.46034512800552974,-0.13640743303381506,-0.0725335203211159,0.010873096787544275,-0.04842370766199541,-0.06434027107910728,0.002697846564671467,-0.03913513947657674,0.9302141934203045,-0.025250798316668245
15574,-0.3057522707833663,0.9129836424838125,0.11000441826871012,-0.05218355486533473,-0.021981044798268772,-0.12448269548639504,0.054400505704464606,-0.692773397244403,0.024302518042088526,0.06343930348692335,-0.0783988260664221
15575,0.04473270701996346,0.008975124905560945,0.02615937092480087,-0.40948207255757857,0.096712561712801,-0.2089586543812108,0.003964693912112374,0.8703126782934499,0.03735826500985778,0.0367660246039097,0.02010428075384648
15576,-0.1874419430839399,-0.08972683023429606,0.0026021023963779992,0.7680337228323582,0.05328607174626067,-0.2529963791675492,-0.18832253309565983,0.09752147558863741,0.16395168749360875,0.1332922631115177,-0.6842808283528624
15577,0.143199349064391,-0.03923898438256237,0.09903761909058043,0.0026671426672661646,-0.6586323783889297,-0.13349453272449296,-0.0455905873613007,-0.11328834327252302,-0.045147848453157204,0.007315439220333705,0.8557882568364285
15578,0.07541798934946355,0.08187378020998995,0.03624317924293444,-0.0181023352705088,0.623648007695498,-0.09192492147488121,0.09904028737662317,-0.04469910681716253,-0.47368006925046324,0.02718859940436758,0.02981933212759389
15579,-0.15742597084402654,0.08679699130144797,-0.018066788571356074,-0.1930202743825835,0.0030258823202233675,0.0902355336066483,0.060699851872883154,-0.05104746535445205,0.4218169534576535,-0.020804311994403687,0.056750993818866495
15580,0.06958983689700397,0.031844990782543,0.5509013687817812,-0.03489001448859981,0.020673501969213665,0.013573414100771763,-0.26444493030865823,-0.020085442072762673,0.07819063412318902,-0.16063030873441436,0.12003754387188258
15581,-0.002153446953268053,-0.03453667764749336,0.16600320580264258,-0.07061536589992262,0.01453475779297953,-0.6650931588801927,0.08454512496279659,-0.03207475126457278,-0.07603481493474287,-0.08763146571898679,0.017335537250242748
15582,0.04508642329090298,0.020473737254084443,0.4161873581506647,0.038215787516257795,0.022795240475408887,0.09871343658263843,0.039943681635774976,-0.056201557039049534,-0.019725084855833998,-0.04470260542723297,0.11989285914310013
15583,-0.03645094384380666,0.6272627618636428,0.025365759794621884,0.0026404818038598564,-0.033325797703873505,0.0847462604102572,0.06369962784665889,0.054881114141895504,0.023841507305563114,0.056762038269593224,-0.062196420034707114
15584,-2.0280135536687482,-0.04375584680311163,-0.14270398597393516,0.058836824493569785,-0.033429665749855925,1.6051597945077276,-0.03794304932280862,0.02542239216267192,0.08089745169818109,-0.013389627544934508,0.022802171154648172
15585,1.2954335065590268,0.009427680179857054,0.04278680345771941,0.02296052322392814,-0.10632439144279061,0.14721751087979526,-0.9658189015062953,-0.037009439321875295,0.03956371936670647,0.08635806354410511,-0.038400453487342
15586,0.762638866103678,-0.06396587161047708,-0.14840960127575017,-0.1699936519522076,-0.0815932684160668,0.16773497239005258,0.055032383468025574,0.004046613611739984,0.22418829775721041,0.09979276249193288,-0.013222649369289378
15587,0.7361377346415054,0.049097507438843425,0.07416319882970718,-0.030917685802616984,-0.029363587341542364,0.07717109841816738,0.003121956579436356,-0.009150201214198121,0.08890492441695844,0.004410352028094965,-0.07703213256950536
15588,-0.07558063378294652,0.0924720851238205,-0.082016492608405,-0.034788961876283414,0.03131280837879982,0.04617471383197633,1.1527395505541942,0.033437694326887805,0.00720065771272428,-0.9135664152684091,0.0012337370238090792
15589,0.07917861566007528,-0.6746885836077854,-0.032665100905426334,-0.09018264722340813,0.04269574775012278,0.15944631826833308,-0.027391983801226188,0.037343826222684,0.009614040071270116,0.9359930407783718,0.10060842039987299
15590,-0.3240285607349681,0.9501252980699676,-0.06172735839181419,0.014242556151461475,0.036661857034520025,0.09363460370163622,0.057711995586676036,-0.5900944559275818,-0.13388069626148316,0.12391820353148654,-0.05245668540210733
15591,0.10979996093765008,0.011054716484466346,0.07183722228849948,-0.5663928527701549,-0.029346936030231162,0.09610552757234839,-0.03967492264381566,0.8827632950377594,-0.04114075620856893,0.17613616722587436,0.014580219830354287
15592,0.15923333014253452,-0.028569466207477377,0.09280817950770279,0.6661226461062362,-0.038187929724397884,0.061244204712362485,-0.0031292282492744626,0.0942274362317745,-0.015372309673282484,-0.04981982585032794,-0.5943618270099436
15593,-0.1299318702710381,-0.06091498073412356,0.015233425275995565,0.06594523224910252,-0.42854433184651264,-0.0009103655189567493,-0.11818095083167948,-0.0233829996559432,-0.08459429630163466,0.11764864794801,0.8535402100188153
15594,-0.02684342536403233,-0.03656444397292114,0.028285381964225854,-0.15213940609604382,0.6456874817321915,0.14455299801232968,0.09667915353267698,-0.051642636128263426,-0.4659136646006494,-0.006799274795807441,-0.06667158382712432
15595,-0.07764984506933055,0.1301220562454392,-0.18908675764019717,0.15272434654121492,-0.0479110900146084,-0.04238610153466188,0.07061609082699208,-0.06226858462215517,0.4595713931168831,-0.008514509803135482,0.04047438669119826
15596,0.17434403375733248,0.25243256679622966,0.6242169132183099,-0.004670908636540742,0.0715752889771841,-0.10724803539177281,-0.02361735719675859,-0.11524816503438758,0.1620661980140309,-0.02333258983481987,0.09291704399634497
15597,-0.006558443908441731,0.12463983659328513,0.08617623146041326,-0.03204029827684033,-0.060609046994527696,-0.6779329301292696,-0.09622058196170437,0.07264037307893338,-0.020494400099083914,0.002498746014348856,-0.0449917080489603
15598,0.26949563269452154,-0.032451244295949665,0.4072187769337611,0.09536094766700709,-0.009716548858012881,-0.03298069782459534,-0.09047881454712914,0.11672855650647972,0.10693809982097552,0.21614823359970586,-0.0708186119991376
15599,-0.024190496374536165,0.6418935102063346,-0.07920955399490127,0.05108655961631289,-0.017413186856727755,-0.09054977555614165,-0.06039437164546513,-0.06603201167097576,0.11727383706789038,-0.02098044105425531,0.012093279295606722
15600,-1.8230630261645502,0.040089365735708773,-0.08085691064963904,0.04295672086106714,0.05634646499114825,1.6916638668988424,-0.08942979116051902,0.02344071521367252,0.05925732484458056,0.29060808697124874,0.14959966659172502
15601,1.4223971125984731,-0.011052375130357357,-0.013210161020954613,0.03999893774268788,-0.10483272437616493,-0.002811925258990592,-0.973689401149769,-0.04228885362503894,0.07285648498685136,0.02176862556315494,0.10049734670576113
15602,0.6254330399351062,-0.0056857468522007355,-0.06874077438223294,-0.010981564063928612,-0.08072720095601425,-0.028843569182907078,-0.024436658613693235,-0.07120254906100715,-0.26717121245019615,-0.06229906009048996,-0.04744143555481744
15603,0.5897719833605508,0.01871037123442286,-0.09296921072869443,-0.0096240006801524,-0.011373682833361525,0.0655309067149282,0.03451190173275491,0.030891794925587975,0.007243208289943966,-0.004575689038634335,-0.02610673561383278
15604,-0.02323998243215854,-0.1164609397502668,-0.0756597083899466,0.00982324069951521,-0.003867615031530612,-0.08987159138341383,1.3357604770413714,0.024275923149969982,-0.12694954345466944,-0.8068686032809578,-0.01993863964076774
15605,0.13394070091453952,-0.6966408476055187,0.002925581456492571,-0.1139447290434016,-0.07272474570088096,-0.014319983187364249,-0.0057252171880580495,-0.005985829953958274,-0.13263150507037785,0.9732583181099899,0.131049146718595
15606,0.06753784219239732,0.9819308053634672,-0.02246889234670185,0.020604304236089103,0.08899729516836914,-0.10762546762802253,0.074599623192207,-0.5567900573194301,0.014899559910396955,-0.05643318549653841,-0.03868815312867028
15607,-0.14614897964395357,-0.03945395506480962,-0.04088522527915592,-0.40538473899837135,0.08697018216038936,-0.026891152667737808,-0.00811081242139913,0.8845032276557884,0.07301281634770401,-0.07654252896290883,0.02430864725338156
15608,-0.15307827017539197,-0.016032960291547892,-0.01399307810833423,0.826088088353358,-0.15934774162958373,0.003821243821730095,-0.10125363550375166,0.07910255184526474,0.03940768935786072,0.06105348720258127,-0.40367975646536686
15609,0.09752914148781565,0.006711999905126798,0.00212369996624208,-0.027751142133615545,-0.4237196980622634,-0.0867170916686939,-0.12426118034787882,-0.06302944381823394,0.027538116459928808,-0.13381629545065152,0.9443537792741387
15610,-0.034776550824892914,-0.07285510086800288,-0.13690545529910217,0.0811570449928946,0.5681576729272461,-0.14326179257313207,-0.03557837991601545,0.005993500480261796,-0.1322162443561563,0.061416789123498614,-0.010654485250767804
15611,-0.06803857831915024,0.06017660677870905,-0.16959477367750458,-0.0622779722987368,-0.04955714773939907,0.022966747111023957,0.026571065450379627,-0.08715964288525503,0.5361911688904,0.0012146939435382226,0.06319886127367808
15612,0.11337312150329286,-0.03466639474471142,0.5891457218730831,0.12428044571302713,-0.0760781583116262,-0.07460145487607105,-0.1012657777614772,0.014851823618801956,-0.02908329548878205,-0.1252925630322306,-0.03707124780244862
15613,0.014376450549357515,0.030692741246820667,-0.20075097897646707,0.07960069068127035,0.06595129869889434,-0.6799917338449335,-0.023849584591894433,0.00789392459055003,-0.13565207945444277,0.04540899431266741,0.10085044477173553
15614,-0.18537405653873534,-0.08881307538025394,0.40323285601436903,-0.018120536488298304,-0.0032575570167821194,-0.010227863026299936,-0.1147015926056741,-0.08143045666357636,0.06430250039460494,0.13735446155106876,-0.042578889630952285
15615,-0.17789410737728742,0.7655068056934169,0.024378023879805213,-0.026158134652695855,-0.045318511628378605,-0.013169666836723985,0.08346457330072055,0.05588627850536966,-0.0036724106618861276,0.10798894524034904,-0.03519503685237031
15616,-1.771535496495483,-0.12028409107106502,-0.17249884457168602,0.032390255687106906,-0.06582514452327974,1.8081281842508565,0.0745128447728923,0.1303367976319302,0.04726951874526807,-0.0754341247155871,-0.15197878349068736
15617,1.399782136515891,0.06822480389217461,-0.1310893279645079,0.04955188757047368,-0.03240101380549928,0.09286463296186327,-1.0032181129616258,0.06084339312422874,0.05393930859616972,0.036765228247662984,-0.16725201696976846
15618,1.0104739328546632,-0.06941125704707096,0.005576522786431337,0.08355708472007724,-0.04527225711470836,0.05536897028838944,-0.10284038749841658,-0.07304510615353048,-0.0378742279979338,0.005545255663941062,-0.0038830790998924483
15619,0.573259607023118,-0.002460400908668602,-0.05244087882477612,0.07047551934806208,-0.056878678037360776,0.05668225443140156,0.026054913159229306,0.034695221190648835,-0.07486631536922571,-0.021494826621737385,0.030630163542751398
15620,-0.3360265044242335,-0.0810109047533617,-0.06196231929074825,-0.030331604508170386,-0.06983212379441252,-0.16488751164708737,1.2997094467939367,0.020613764280386502,0.028124550278285664,-0.9047173660348089,-0.17901384460526024
15621,0.12871032986208544,-0.8220933597881759,0.05752061019391101,0.0914497567334315,0.005502686311988671,-0.08993660753604318,0.043923719992082055,0.1152738963121645,0.10901119860498405,1.0143083980525787,0.04190695188863168
15622,0.060636426869995014,1.0740885727344742,0.011637471263271942,0.007050354882356101,-0.10374694179902756,0.007383632208203618,0.01957442331389673,-0.5822139195850243,-0.0733618062676065,0.04819264262183027,-0.06574419520708746
15623,-0.05320008367205753,0.0045697821741296114,0.056080942723681686,-0.5491954313142654,0.08241939396060692,-0.038481302294155806,-0.004424629212881135,0.8206770822581474,-0.008512670147709156,-0.07083405903284046,0.03336711627565635
15624,-0.14570208712562077,0.1588815855563631,0.057542463921169996,0.7672033095004199,-0.07661404783649882,0.09730722237493658,-0.13700132036584853,-0.007609193454921441,-0.0017160024631476681,-0.022225389886094002,-0.3015394967355287
15625,-0.0034559000045428136,-0.05095870321090471,-0.12138205544005584,-0.06110037088752189,-0.46464609436334037,0.09586578728803612,0.0833115018470755,0.023299330803856315,0.07905067644724333,-0.10299339397617077,0.9017668816803397
15626,0.04887590154539283,-0.08533097966724747,-0.19616054043230194,-0.04490458676040367,0.6156648926773087,0.007477623291009825,0.14330709146236023,-0.1242794131333838,-0.45192990519785464,0.13119042056319632,0.001995312147783914
15627,0.11342982500778345,0.08675203628877742,0.002527665278490951,-0.0023061519049252313,0.04288145594640283,-0.08851426417386475,0.01942409855498546,-0.11278710867599821,0.45475428190056644,0.0082035817621388,-0.10544282634259161
15628,0.0035635126087277943,0.08222460744397986,0.5913042251764665,0.10421026766714163,-0.12901178753954562,-0.03847392832533518,-0.06695860539305148,0.05789179328847407,0.040615286258170846,-0.0028175761194070043,0.04486057678910493
15629,-0.039254298904412316,-0.0040587685701129654,-0.007350662087667395,-0.057371632313656926,0.054038409178470026,-0.6482040416772022,-0.0506278654758602,-0.023213620433933418,0.1289740281475119,0.07945651216238003,-0.04380860426847769
15630,-0.13729671563252224,0.026123519573387183,0.3927717394178421,0.014142483119026059,0.1391032759683377,0.10408687708465852,-0.03674895638381849,-0.09656750865400165,0.04903414546437532,-0.028851634688908376,0.07908205123946495
15631,0.12225890860950214,0.7368215702680728,-0.007807065705636176,-0.015276311566082197,-0.03258690304493185,0.03599015024094346,-0.13950520086375873,-0.0021178054944610628,0.033048615286465514,-0.025385723395369444,-0.018309093620188385
15632,-1.9717096790685325,-0.08124275202886663,0.13181283606839134,-0.005972757138155553,-0.013050928467819405,1.8319403155962737,-0.04974365771486668,-0.034078764639974106,0.002825127386395434,0.03762534104641815,-0.0760839058450859
15633,1.5798446407750861,0.0024300888879573955,0.04114400769244159,0.05698625838639644,-0.009250738138162674,0.04442425818295329,-0.9034734676903527,0.027285542513522516,0.09451948448622946,0.019150772070465144,-0.06737305575401227
15634,0.9376368904483044,0.08379419825654011,0.0011984129960108854,-0.16377795397267897,-0.14766675254722778,-0.13642275288111116,0.023542808948479838,-0.1284643967900778,0.10673432234546784,0.025772769825824972,-0.05638631000305847
15635,0.6104341460337321,0.006618877679761758,0.011640409599953036,-0.029944117152597285,-0.024916823130871766,0.025869765367499388,-0.026262575800638947,-0.03322476794459444,0.0183911753885898,-0.016365722305224102,0.009142945640789654
15636,-0.11313872226032061,-0.07596262799882111,-0.09441925201728094,0.11414833405348315,0.21364812193704819,-0.07509938520781187,1.1911302927029646,0.09635918392551206,0.1853527144163624,-0.8342372142500405,0.05293366747697552
15637,-0.045560016951335394,-0.7433871160354792,0.014410468024864512,-0.009305519886834776,-0.0961474008600137,-0.0816372032628799,0.03954011447987594,0.06738645612968723,-0.08039000285549672,1.0916183874020837,0.06308774391733259
15638,-0.10855116377772218,1.0080621084075865,0.14352791330545484,-0.04135923562337568,0.07386191575081212,-0.09563306020311649,-0.048214367295255134,-0.6098721935055749,0.018517797052727714,0.09689176925678718,0.02226964252402815
15639,0.09399872871980766,-0.0288361194422147,0.054608513151569414,-0.4701725925895955,-0.007922012844097305,0.0075423128388026235,-0.0329140115673993,0.8336151896522976,0.01251135832720969,-0.03455474919998398,0.009787337633970359
15640,0.08070161282989803,0.06996843895531057,-0.030426912292705208,0.773553375790481,-0.183838458353336,-0.05219270377711385,-0.019862075635471644,-0.01763823363451584,-0.023002928905174445,0.14063069732534011,-0.3857655952358491
15641,0.22617518322043742,-0.07021808128916275,0.007070325193501502,0.060831575275816674,-0.5831886049753126,-0.17006132527208023,0.15684409587040066,0.12925806439147464,0.08437510237961968,0.12298522225277583,0.8976016035163819
15642,0.07724126219691237,-0.13288963552366384,0.01735860317818214,0.040775251562191396,0.5970997326158628,-0.16272984311371597,0.09200878690971719,0.07754380500256926,-0.21893794955079218,-0.025310504112249117,0.04559403509759349
15643,-0.07910446786182379,0.07078802298494394,0.005968627025503007,0.05817236848167259,0.008041151322857742,-0.00466708244213733,-0.0827103114549539,-0.1546938984373809,0.46046332526725786,-0.13319675336046252,0.047895203642156374
15644,-0.04525544779672027,0.0701601110226642,0.5951625507023096,0.056089822128634934,0.06679178445776687,-0.15866349624561832,-0.1021091513669027,-0.1805261051396877,0.02070927452139883,0.14008024070762887,0.00046087089589555083
15645,0.06869923975056169,-0.019308570872075527,-0.007205625567167693,-0.15136814316422098,-0.028957778025109453,-0.7182089096320392,0.05799279951199766,0.1797960645298014,0.023404687652740074,0.052677927651961845,0.0027833916746805073
15646,0.1162440093179431,-0.07726015731680393,0.4269782049843761,0.06107376407124475,-0.01791394795765985,-0.043905383465718976,-0.1393677369982142,0.08987161435752498,-0.04450494691575778,0.07484217905214012,-0.15666634699257218
15647,-0.10695386709393306,0.6183088017752791,-0.0011233555992190055,0.021927564929040994,0.03704677853927073,0.30874130339436123,0.022261259393073805,0.031259272050622865,0.0069588190950333854,-0.036036669903782695,0.034473562248262805
15648,-1.7182482592938042,0.16966627440570511,-0.13904191775641472,-0.05915457477477664,-0.04258536916612466,1.753003475186368,0.14387155367101223,-0.1251629584866378,0.05624083128600126,-0.06782486650608696,-0.017236198615976212
15649,1.3819780488200124,-0.001492107078455913,0.019399854723194842,-0.06079449013954287,0.09375702300216215,0.03434798127247159,-1.0142534370239424,0.008147511935272495,0.17148458785195664,0.11843875044315713,0.0055996407342439125
15650,1.101566253745266,0.10725402926643555,0.029530639384923826,-0.007521838540300111,0.06965347454447143,0.18080867667405925,-0.05395740449113694,0.1286282083255409,0.062482367630512514,-0.18327288854888785,-0.015226941157903521
15651,0.6418239507789197,-0.0418747452554322,-0.028064571829491458,-0.027250026459426303,-0.05020454998061486,0.10859470160037553,-0.0372658352102663,-0.0038387089793045963,0.1108896680383243,0.0860829740093696,0.021539908173467168
15652,-0.08099344395828485,-0.1251326027640206,0.03749748772659698,-0.09470272742068178,0.014557028821999015,-0.05243782776401608,1.2654033526689632,-0.10024924991916499,0.026441748000220578,-0.9908221290683338,0.03626828481837231
15653,-0.04149942079421095,-0.5244754170854911,0.049438320571909,0.009197128471734616,-0.05271066957603135,0.2581014156044272,-0.04787008938933348,-0.08459123257853608,-0.06677510994922652,0.9307856165253837,0.1361953164607681
15654,0.04241834371293236,0.9591722699920601,0.13675604668001662,-0.019482196141032443,0.014103184346655952,-0.005190266177264412,0.0561082947492904,-0.6934703038016662,-0.09822433526384465,0.0910707500242356,-0.04443440789542796
15655,-0.08438230217640677,0.06459829181072042,-0.06362023212192484,-0.39838761934315076,0.048622286934600696,-0.0437858986840298,0.050403746657934345,0.7854581310355002,0.06100801017125532,0.019845991671747103,-0.08080282576375078
15656,0.0264116781680645,0.05750187495431664,0.008158183099083074,0.7314304592406995,-0.025909679396314136,-0.002591054349398554,0.2347008576562259,-0.01237704769387882,0.03143223224426005,0.04196209322949716,-0.4005723910839475
15657,0.11278908680497067,0.020310599097654564,-0.05479255606689872,-0.02530551870203982,-0.8172535312731419,-0.022961956273064753,-0.2191156331275625,0.08520646455532949,0.0768304666737857,0.17496995283840922,0.9032093195752458
15658,0.14042018176227994,-0.07200193776688814,0.08934022774488239,0.0008506362803218418,0.5526734547736722,0.18025039923992153,-0.012166568038570733,0.005726368276382481,-0.23470166556754077,0.2512728477049346,0.05840797324986592
15659,-0.16777010600422843,0.033165114963644465,-0.03847551986409422,0.004533100242364469,0.0470129394190993,0.15922564804572012,0.09099843080683273,0.039546940855569944,0.5130166898557459,-0.1023537541790124,-0.04354344082015365
15660,-0.06250096289968891,-0.03181901958383269,0.5867799286478336,-0.08063999111008302,-0.0657125537589794,-0.03703073002679143,-0.03765510624766666,0.08649891574321819,0.08547268477323333,-0.0831382997937006,0.10588805645067571
15661,0.0061107625918550654,-0.003627497575692136,0.05740450181994478,-0.000480178546369653,0.03157234437043771,-0.6942726864915595,-0.0033150972275081112,-0.05572658386919809,-0.06038716219809247,-0.03424830889745488,-0.029506022351408805
15662,0.05513406829271625,-0.038149100768506465,0.40737548054000217,0.0010054101854366157,-0.038446962965916744,-0.10509389314429454,0.0639983215772572,-0.0958519652295562,0.040816665975605376,0.0577635774313631,-0.17474773976085126
15663,-0.007988422038004877,0.6594094496737286,-0.057419288897024724,0.031255295111580136,0.12753284983903193,-0.0637978490792715,0.05144247584093603,0.045938370843535345,-0.01332827983733021,-0.002486169542608158,0.024534116955167426
15664,-1.8675159478409662,-0.12246620050037896,0.07372034443560006,-0.023344174595748803,-0.0872706010514033,1.9189591098712822,-0.11150028163890532,-0.1475269706942589,-0.041426938562285284,-0.012639061675979703,-0.06379903743577556
15665,1.3411285861579072,0.018740869486338973,0.0157067658363513,0.0782710221008093,-0.008703047812309787,-0.0886646913699948,-1.055282177101736,0.11312389201315523,-0.06499171265588391,0.029597499948577324,0.011049621154770203
15666,0.9036100706970474,-0.03030645314019524,0.08997585093113313,-0.05099385039964806,0.028666999784967846,-0.12908266581335298,0.012319523489239675,-0.10998961566591418,0.025932712018310478,0.026353401324610226,-0.04910414917489057
15667,0.6603995889334695,0.012272005685116627,-0.07260337828311374,0.03908268098734288,0.0857000588657191,0.08660004630984844,-0.0014261795419656105,-0.013000158113685824,0.005820050091150617,-0.02585617446773053,0.07707936031270428
15668,-0.16642663083371662,0.08421223882132321,-0.0029882824146344926,0.014575521478587945,0.10251649045872174,0.17076275946617628,1.3859866973817696,-0.0521930728929419,-0.026351372483140862,-0.8798235924801258,-0.12693906834007287
15669,-0.017486932025932076,-0.6088074551608126,-0.044467188133113275,0.05784071146663204,0.0011854001921484227,-0.04154576098124359,-0.04710934750597859,-0.006283119930952976,-0.14725288022838295,1.0362989329899084,0.08573973000793826
15670,0.13037569230748935,0.9739137337033716,-0.08076778437670386,0.03324848101608656,-0.032681286073270505,0.10487006018468327,0.09123034921834022,-0.665727665058276,-0.08878490134846685,0.007800162361423262,0.07384550241992008
15671,-0.05124558177861141,-0.1002560596713084,-0.14341879792666232,-0.46064341256855657,0.004239108623558981,-0.021557850256237646,0.1289888058767685,0.7999025976740703,0.07664428366431213,0.11583860663420772,-0.0023374976474627215
15672,0.06700073051549751,0.07297218750521459,-0.15940868292590593,0.8120192402220233,0.22212710351777695,0.04910537129216607,-0.09501615036730712,0.022528217712844547,-0.039105012387400204,0.025906955993474916,-0.49367148344386413
15673,-0.11648392050676476,-0.15415626130062293,0.0021179962415634676,-0.12935338831844231,-0.4483398962852312,0.1429784003335126,0.12380815667593303,-0.11337957515693665,0.029241931067975794,-0.14928977694125392,0.8721420397331966
15674,-0.01914891440803486,0.02970237628034661,0.09409627096310128,-0.008179852930904109,0.6058755111567143,0.11631982297696289,0.05627360119312552,-0.017466949167208215,-0.27246454734232883,-0.12782316074228509,-0.061857493180604045
15675,0.2277265374784255,0.044533605285412586,-0.12052381502633652,0.02030392374682432,0.017133887571598068,0.08134534077434592,0.03154764581786473,-0.025581327360752484,0.511220346182079,0.025645238599897733,0.1321012029124229
15676,-0.006947039245303713,0.04611388413243392,0.5673283136632574,0.013821953832568467,-0.019571620536417568,0.05544135689573922,0.08825572148872682,-0.028961641868506124,-0.04566107544136925,0.019230736813695207,0.07966015117120855
15677,-0.006352825634735637,0.07175119837923462,-0.03581729832345647,0.05334709733022687,0.004252719742248435,-0.6720387309275537,0.028000944437215156,0.07023137287338849,0.05061601978810352,-0.029907407723919477,-0.0023651504173799864
15678,-0.08106471739637554,0.014214861756704097,0.4292560493709451,0.23092177520891535,-0.035547188248056236,-0.05986840020331379,0.036999658625468446,0.041894803391624866,0.04217448335694877,-0.18220601464027317,-0.029018456852549886
15679,-0.05763872962348926,0.6639148649764313,-0.12593957301488506,-0.06826733607723044,-0.07948017690446824,0.18819880236339187,-0.13772687230220204,-0.01950313029243579,0.10957788619218589,-0.09062477333824168,-0.019302885586960365
15680,-1.8208496678827568,-0.07676536798736064,0.2025271803504146,-0.043877107009560885,0.03988064596587997,1.637218316597037,-0.04989301993794428,-0.08123850041943113,0.006534476445669889,0.10349145405390196,0.12319179741568603
15681,1.3912902558285332,-0.05514096034420849,0.06064310488275604,0.04413515143759247,0.11973458847385653,-0.06281330885138994,-0.9261187704567153,-0.07636890046611557,-0.03738736863083633,0.034485652057714616,-0.0023889701314558785
15682,0.8032134005403699,-0.0032934072854690207,-0.1415651354353141,-0.05777176047476126,-0.17955074193777779,0.26376521852648926,-0.12052051948600119,-0.06835950806619924,0.11021354613590228,0.09141972065944065,0.0028872740525288086
15683,0.5266867661022108,-0.033876412864631236,0.008384572223627755,-0.06153965370223577,0.044467331926047175,-0.0034288775158540716,-0.003736831280430739,0.0014089769914126951,0.025227213921792134,0.003298732019577238,0.001628074763470654
15684,-0.07838709948147295,0.06264071300979142,0.04148958588521226,-0.1406927741201609,-0.08630856759714947,-0.10123153408435212,1.3242038174419275,0.08510609482411623,0.13300080798145397,-0.8420660340696833,0.04036411339292552
15685,0.05470272058746353,-0.6534152919527145,-0.13905172951261444,-0.024973652537778744,-0.02274896147525956,0.17526892304921435,-0.015169177219211426,-0.02622740986838401,-0.013813606851337744,0.8658801673355545,-0.00521445335271099
15686,-0.20656878004208423,0.7825255026913953,-0.03901129213823739,0.03371313178767414,0.036588994518377875,0.078851124917898,0.038341190719993916,-0.5752711475852674,0.0028360582040934685,0.09661231246971792,-0.06926344863196894
15687,0.11754591214431624,0.03241505080994927,0.08229947550350776,-0.5700676033138282,-0.06887007984343702,-0.1363920546740641,-0.07808204842657145,0.7610444932317127,-0.10667503681989318,0.10743949634782335,-0.06501858527852887
15688,0.15327047192860155,-0.09560771406378842,0.17000263443470867,0.7845943268505854,-0.03993021087941373,0.02488808838919887,0.10953554168488758,-0.06476875167697138,-0.11746566012747381,-0.02726827485722755,-0.4929413167199854
15689,-0.10735500940219272,0.07714323026554488,-0.08616324269241332,-0.07622855032986962,-0.591065199109234,-0.05532598509958445,0.0946604805044821,-0.08581670810798026,0.07097612663312079,-0.15227314127189573,0.9221181924008286
15690,-0.08890454610589067,-0.0796624299150365,0.06388334767421368,0.03262874895343483,0.5775093908559431,-0.2144937135992265,-0.14168840081057804,0.05435466780506149,-0.17619250527913338,-0.17439490074896596,-0.025724310627088576
15691,-0.14066211721229907,-0.016107476835174574,-0.16720010632742155,0.014967719610632686,-0.07426506702113653,0.04659588914007638,-0.02164195930645029,-0.13606711454921844,0.46753227798934016,0.19623318368377352,-0.08572358246319711
15692,-0.02463462704505283,0.18181300400745423,0.6051364547769884,0.15460985023608825,-0.06374555305815038,0.06633431299823138,-0.027858737078803784,-0.1491818015337872,0.017259487921994946,0.03920483848400007,-0.05541939725250696
15693,-0.012999301002604907,-0.05423967036006026,0.13524851040402755,-0.021183139836845444,0.0320926128642476,-0.643877030135507,-0.06109905092827381,0.0456498142624048,0.08504442362031285,-0.029344734242272293,-0.14803345713521535
15694,-0.2041974018542909,0.004040576571016736,0.43354558107863406,-0.03596059214363038,-0.009155383231494122,-0.09106781032012172,-0.02854190120466196,0.09272333648216884,-0.00034825661852311285,-0.10115597967506769,-0.11075831783253365
15695,-0.05016798723152562,0.6574097611720854,0.007440445828893232,-0.0031730682884106866,-0.034185582049636565,0.013476682974245861,-0.06272824907476705,-0.03042366759137893,-0.09815284150848552,0.19526082364857675,-0.030429440500832287
15696,-1.870833599303146,-0.04997588746372871,0.021489669368134037,0.007072565143737568,0.06657278606511711,1.5366672566319872,0.03929373323151849,-0.01822583271422267,0.12657523406153068,0.019498132144724917,0.0476320356810315
15697,1.3941723170783982,0.0303060043476445,-0.062455656841555726,-0.007490513112594545,0.08621427333454021,0.0022174858043674437,-0.9940411252068087,-0.024805346319332344,0.10668585493477022,-0.01083129014660372,0.04610958917455278
15698,0.6721841332469359,-0.03693075113086254,0.05627903020155062,-0.023936256540673002,-0.04667687657980346,0.17297349229990766,0.040389267006167774,0.06740131686815169,-0.1682302519117536,-0.009461733861417616,0.14659686800687333
15699,0.6491137592713703,-0.08684321753850834,-0.0448801293652771,0.043470505015350894,-0.04937794470201551,-0.005726934882890701,0.017911824590163022,3.379935607386239e-05,-0.029164312341640748,0.0025860702264314016,-0.012034377018848512
15700,-0.02323294896922391,-0.1470883841740924,0.012928993632190385,-0.08737114112175723,-0.0204928688486114,0.035546474844452926,1.293921804506723,0.02679616386649025,-0.04971608821223749,-0.821395469462686,0.0522418833538677
15701,0.03137766770488092,-0.7151384058893965,0.06769365265868904,0.15371442505007696,0.01077641965003491,-0.29895346783547083,0.12561441042186322,-0.018390259451837334,0.10268234582635617,1.0279496618981274,-0.016848751777116693
15702,-0.10851449722516604,1.0805744598878424,0.011338761974819676,0.05373607277765405,0.026715027926158093,-0.0710679921747477,-0.00995440771751518,-0.5863033659901338,-0.050170501930668396,0.06974939963019272,-0.04736933721294986
15703,-0.028683332818874877,0.15196400552780362,0.11851993171015633,-0.4168026333913769,-0.07615248518295967,-0.010460905885341584,0.04858394538013097,0.8376147056761446,-0.03326626187441882,0.0023129430615056313,-0.04227600992237421
15704,0.0514542976251115,0.12333070474710767,0.0030295284217791386,0.7806726973203271,0.011235526415780722,-0.16386453294132688,-0.14739656378484275,0.06994504797311668,0.0013625913552433398,0.09759205350587641,-0.48580374527675363
15705,-0.0036396891567382064,-0.03477488861917797,-0.08557242486504293,-0.031215816104770228,-0.7198899867655647,-0.08844120699259958,-0.08413597217140646,-0.012025386559249528,-0.20568756643382496,-0.18484611811531337,0.9137229024976493
15706,0.09106178514334752,-0.17388793367335006,-0.028753545995426955,0.08098189309285807,0.5725405909062491,0.07189087690279755,0.08471475074072107,0.09407628341672016,-0.1987982468048315,0.04441947784381841,-0.047008587306195414
15707,-0.06532616450391092,-0.025455461263788497,0.028300119713593114,0.06307621788540993,0.024030161988537906,0.019082235809385235,0.009360905646523844,-0.09826131301754985,0.5076857656554271,0.05274198983204632,-0.011678239474421289
15708,0.032383422539849376,0.15017753370976322,0.5553173054408072,0.1349481948080938,0.0374480673845966,0.05045015110254879,0.07083022584875169,-0.051292056117797774,-0.03064491582509713,0.13309471841842346,0.1373723885807073
15709,0.02956366139017861,-0.04404165495030361,9.248594631025358e-05,-0.11714015797303576,-0.007721841596625585,-0.6245945511994031,-0.009777659772521331,0.06518660790119006,-0.01855309217461276,0.003643360177061865,0.029729185090021162
15710,-0.005267018001863497,0.025179856778481814,0.41405932439163795,0.07233793956101131,0.13909545475517154,-0.015261782573844201,0.000486688419794999,0.16958279979117927,-0.001967718160573919,-0.10669448894705924,0.0954651732916436
15711,-0.028667107119297236,0.6550109629287542,-0.01710428640970994,-0.020946322608071444,-0.02399409954355066,-0.09334242439128894,0.017283192555726128,-0.022552618156450557,-0.08490281368633851,0.05342357436370474,-0.03231346562698112
15712,-1.7837528039056745,0.011266842564458437,-0.07541882147890433,-0.021815231366945735,-0.05171991505896126,1.8215220704581556,-0.029609271548624628,-0.006401828744591335,-0.014558245146694767,-0.01695363614639987,0.019092668031933473
15713,1.4982908125274248,0.16410402305726896,0.009389686399984207,0.032506013281862194,-0.04156540998792955,0.08003688006267007,-0.8816865989436092,0.05082085549594284,-0.06362658734526425,0.015834557203310617,-0.0382652234816911
15714,0.6912237719050542,-0.04708000298454395,-0.06271589228238028,-0.0772385548147071,-0.05923733417860196,0.088924543651627,0.24241836216148255,-0.041919810064333936,0.03446064939108684,0.20144866249285248,-0.05233435273689856
15715,0.5743805619244398,0.021623509503942727,0.06800800807940321,0.053486512841190215,-0.04620441052376221,0.03703083601453486,-0.0034307861365571856,0.021678525780196058,-0.027994345836863627,0.0014379004208567754,0.0033101439289480224
15716,0.11722630610634542,-0.03614434925950411,0.07045076164748017,0.1011173205196414,0.07161678328717051,-0.054760196386714116,1.1042141514098462,-0.012161998356686278,-0.07424178015213279,-0.8456516547945595,-0.046314296165242366
15717,-0.18009863056623002,-0.8350282277249739,0.0906752004850307,-0.09814902454815023,0.014452734066757667,-0.009406760761771672,0.1293313371201143,-0.03638973765890073,-0.16436753899151127,1.029908699993024,0.01614505557632729
15718,-0.11394756013316612,0.966760389725167,0.07382645711738577,-0.06188915169606539,-0.0518875048523976,0.0051113489499850645,0.06224948982997762,-0.6084274845972135,-0.03918624098368671,0.08647268291627362,-0.11869899988574883
15719,0.010269762261163894,-0.0794018333898034,0.047355341310447364,-0.611385230985074,-0.11451561919859396,-0.002462438472852797,0.08235863115461205,0.8181167255656503,-0.002782482055341949,-0.06223435824835006,-0.08679336917318728
15720,-0.15080590574995048,0.006832538693392195,-0.0209042898863685,0.7931801612483347,-0.03843515224424992,0.1374063873738264,0.1535531959573553,0.0060103259816112874,0.023220194899241754,0.03318560421346343,-0.44564669135636364
15721,-0.07703962830005108,0.04273516448654398,-0.06961296162316921,-0.03049933338214262,-0.6114626487464013,0.06377177404412497,-0.07502226461113055,-0.04998534822509774,0.1656218122123186,0.20169266771685881,0.975606070587842
15722,0.10703087710741944,-0.0448643588287589,-0.01389444656479505,0.09105728153911304,0.5818614222192344,-0.007157207182494039,-0.04883317454732799,-0.11915179726432867,-0.4062527332028262,0.15163461971625303,-0.04521299737208886
15723,0.025796558310188775,0.04847956262376978,0.22796924013656228,0.042322887073374005,0.018635085866729354,-0.17421758941926507,-0.20458702864034564,-0.04347350648309645,0.4913407065623812,0.054863928467590514,0.013785083863418033
15724,-0.04067062765036781,0.020035051801927106,0.6144075916419578,-0.1379113380846296,-0.25559423223573297,-0.028607181715406695,-0.013321760842195617,0.00941740838592684,0.05629481058018765,-0.10892873268742875,0.11215520456338482
15725,-0.04877493243888225,0.012665481899970299,0.05898697324411654,-0.033286648493564226,0.12398401767821177,-0.6820614682165178,-0.012911996134220489,0.019164087248461224,0.14927222184300526,0.06323294457627075,0.02430723282968964
15726,-0.03757040495983842,0.02627956860235585,0.387656189777011,-0.012916268573006033,-0.1079414013273832,0.16417222548311503,0.060364078880771235,0.15391670763918294,0.005790475491525317,-0.12606182774253866,-0.09259993925776128
15727,-0.03972903006485423,0.7040233237565552,0.04401480075369155,0.042834349714597666,-0.048600065119843494,0.0940414046705993,-0.06307607517142516,-0.06280248840093741,0.07358398950109518,0.010966086776937124,0.02538050801618175
15728,-1.8685474595792426,0.18152982200486498,0.0993202914132915,-0.0013409176688095547,-0.13406309860161703,1.8400688062426807,-0.0630275355546853,0.02073320317431165,-0.17310727685847616,0.11648626497576717,-0.08528016556974749
15729,1.481289007501643,0.05498807169403577,-0.08542663082374341,-0.002229077990828039,0.014272555411032168,0.10450938557799182,-1.0097754684136429,-0.07009328757325617,0.009463433309284904,0.006955749730330907,-0.05876948226096803
15730,1.0731671739832853,0.2334564147260938,-0.1184697931840691,-0.06324952874027594,0.05273027032647897,0.08094305409152602,-0.08099463830117205,-0.1966623542802347,-0.10556115483092193,0.15333370805134253,-0.01763817054696913
15731,0.6604206492526767,-0.02409842303802818,-0.001423022247563301,0.006460416377135097,-0.10675100130058926,0.02582263273180426,-0.07580923071585814,0.057024569313066986,0.03706618995058873,-0.008905725407222325,-0.016891247876494975
15732,-0.14784091864522722,0.0568220730526513,-0.006258879301854063,-0.07488536321169086,0.1222322026376661,-0.12126803869960537,1.2927828415892122,-0.09064364733870578,0.03163139168255703,-0.8579892848803351,-0.07480926630714874
15733,-0.24013303538924222,-0.61228854230274,0.013057771996868684,-0.08396653563209402,-0.03288354335537,0.06911976056708768,0.005549440806351525,0.013449337648830181,0.06472103537035515,0.9876271500738629,-0.05815402993531686
15734,0.1160231430420748,0.837207557941994,-0.022884020619903144,-0.016114069945124605,0.07666963924453914,0.026834122737931898,0.014922568643679907,-0.6292048283795509,-0.024094240396918577,0.06378412895708029,0.014495265246446773
15735,0.12296785253617352,-0.05945657324952851,0.04506645922018368,-0.48356296540378296,0.15489840977699768,0.09988226975225337,0.11484058229213986,0.8459754017510993,-0.1783461018422599,-0.2793197825149146,0.08402791237416085
15736,0.04325067139303039,-0.09643073398509984,0.24278767440982316,0.8311287690154084,-0.08340024561900126,-0.044901515007659674,0.037652766078998624,0.03656550345577053,0.04314777917624668,0.004135491551376401,-0.5259195538226858
15737,-0.07736966653374208,0.1299192954542354,0.1006997156352109,-0.07720322675111913,-0.8256435291320752,0.05038199276032531,-0.15562142615522545,-0.056419216116698895,0.09850245243191783,0.0730775896660244,0.9112705861916531
15738,-0.0205824775030697,-0.03931348955024231,-0.05570237373710317,0.031495861126069835,0.5910739658628317,0.13482586629849788,0.05680776736680732,0.011337525738028046,-0.4174805512618639,0.036784126059181424,-0.03837544016806402
15739,0.029292591719448945,-0.01740215068691499,-0.05858373420708097,-0.032846362674309876,-0.026379682428575035,-0.21819981454285248,-0.11375405403211253,-0.10536589209510046,0.5051296129807532,0.039048533896067966,-0.0634305881520102
15740,0.019901202112935244,0.0027194149967239845,0.6071034203685435,-0.019327500741843463,-0.18946645610416246,0.144911874854157,0.043345655244508195,0.12207535925206317,0.12048935463982322,-0.17839992879005745,-0.060961790180392474
15741,-0.011003783618254003,-0.06615003627834692,-0.002913724663696914,0.08863307960477312,0.11421129830051044,-0.6510549036892918,0.061434354129030165,-0.059038718246066706,-0.006109059678671997,-0.051749510883985606,-0.06790988290812719
15742,0.11516998085687175,0.010833740054706414,0.4340924211609636,0.00737517027737832,-0.1605112065673843,-0.04598798340198386,-0.05625179895691194,-0.07322814189760425,-0.05830861098139084,0.021684407037995207,0.0034546305955359983
15743,0.16555790948784407,0.6560064424442791,-0.04054592326185599,-0.07063850984274654,-0.10843634530604075,-0.06554315850650477,0.05633851742773642,-0.022611656139213263,0.008881815609622739,0.09735227076013699,0.005197476812682916
15744,-1.7897743141902591,0.059038209891439423,-0.05855566932893219,-0.05479193879612593,0.09212120310679588,1.7291268033366625,-0.05577708315111036,-0.06437002398848293,-0.02722904659394607,-0.04542924218067032,0.05266244430112314
15745,1.5640667060828084,-0.09422861064211951,0.1340409486670275,0.06948446621652775,0.0027670965554659403,0.01736010961953331,-0.9196006744294407,-0.076764806074213,-0.043343175481674,0.07873464390613502,0.06080417741676058
15746,0.8511288777852435,0.044171241147497486,-0.01003235088642004,0.015114059986201352,0.047076573777659524,0.000472943926693864,-0.007249116501090378,-0.059996751858869456,0.03163278610500639,0.16872693241115752,-0.11223032489645786
15747,0.613966226503894,-0.05088762191552329,-0.0756019086731507,-0.025739466715395617,0.043307852486598825,0.0003569169848526635,0.010357667438954218,-0.016601701792072425,0.0061477444067195314,0.055516320390245774,-0.01658467057621011
15748,0.04352009325593239,0.04923014871915119,0.055402123063614306,0.09903914357026747,0.22642370488516594,0.05715127901331824,1.1632760744501347,0.07434137573211586,0.006882736691416093,-0.9343497448091064,-0.0997793936613309
15749,-0.07519335084002014,-0.6364916669713849,0.0627398650558168,-0.13708047134207832,-0.0426294840119481,0.08617459861001514,0.14323759968718683,-0.10480728803686772,-0.14069739957966243,1.0164547498377052,0.03056364207096388
15750,0.04345588500161632,1.0223342490029244,0.03644562054309446,-0.07887181967908376,-0.06962896220490383,-0.18715988938977643,-0.07027831642731082,-0.5783354639128261,-0.021969601932185695,-0.019017098887425282,0.006432124082637078
15751,-0.05938748661315607,0.02080408767055734,0.07294550341642163,-0.41629097978781804,-0.02377170679421648,0.004951531640365042,0.08703340063355466,0.8130393866506115,0.21916764581771842,0.06209819029911312,-0.06608690908611722
15752,0.04289291582760377,0.07551791178689163,0.1245048885143718,0.7879778175666103,-0.12602127545166256,-0.10776542960058612,-0.06281909244012229,0.1075724629671819,0.034600122327494265,0.12250241138165295,-0.5784141605728449
15753,0.06196845504297556,-0.13365597735617937,0.14251069000053557,-0.0074643617367976985,-0.549276114595048,-0.04429631557879139,0.17071462270855894,-0.07299831812594117,0.10905853725771905,-0.12789422667075506,0.8594593170684387
15754,-0.4785732335630037,0.058147639734433126,-0.04801695188927663,0.055105041274447236,0.6293406845134588,0.08009915527882758,0.03674170855386363,-0.043217394728549505,-0.3010881411171406,0.11809905394466721,0.03463154585168462
15755,0.28681899222757656,-0.00013716619111439144,0.24408591644019823,-0.18754988220958635,-0.07377118334998534,0.06678220134193133,-0.09188729682906245,0.08773317401303111,0.548578801929254,-0.009575832895184974,-0.0889336504539273
15756,0.1013449645505782,-0.0320948013334929,0.5692252468728914,-0.020947884300707657,0.05943948478704954,-0.10367690665099985,0.10574054115355377,-0.022337367560284982,0.005539668688857746,-0.023492521743387295,-0.03835172792521395
15757,-0.009712198070213424,0.017065098078776188,-0.07937872973514744,0.05382005570911658,0.07141127804813541,-0.6453742880138504,0.06805546446768265,0.013185899469960946,-0.0011891271174195395,0.08469939765539489,0.11639886321636089
15758,0.21209044918285666,0.1098141279501114,0.4344786737166152,0.0871600403200132,-0.1930408957225085,0.21724664083944747,-0.07755635442047004,0.08254444108282054,0.08452256876070166,-0.10115993643289395,0.029074730439779185
15759,0.12595490143667765,0.631266732930354,-0.05063495507077994,0.011537383190646008,-0.033504858532472995,0.049226674650816454,0.20727724117079294,-0.023221952650423854,-0.0027512741419733772,-0.025342480264039235,0.005062647526466576
15760,-1.7107002892688092,-0.13969884764717158,-0.004206224743737958,-0.02502771184188094,0.10278853146338206,1.620285144128488,0.07757394054531619,0.12781947594207146,0.022279396599905132,0.016067474572409216,-0.10165721990443963
15761,0.9737563814189458,0.003308842402986579,0.04436899869512913,0.05607924003893889,-0.03621746099685949,0.16083109908579707,-1.0100731011038069,-0.0947581966307703,0.11691245868166975,0.05041500693721034,0.0361217602133968
15762,0.8362194604130322,0.0021021875756158936,-0.08711444458532584,-0.1067500789651388,-0.016744283940448832,0.06378674851621473,-0.060187896510945964,0.05536394977936163,-0.04367729298771593,0.022821186135478906,0.17571941636733626
15763,0.6514587322680893,-0.023178008263870474,0.03687188290005373,-0.03245746054987483,0.06784635770770867,0.10315195177296764,0.028463639417026808,0.017617948942434784,-0.04028086519555878,0.04062559338515589,-0.003515838443392547
15764,0.2876833330497069,-0.08150812189393904,-0.012581696450161817,0.012702556404495226,-0.12670266974134436,0.013035907682279104,1.159041781026013,-0.016804386546165246,-0.08753170419834144,-0.847442580777566,-0.019976001866064044
15765,-0.001400627332961252,-0.6465220324414197,-0.02563262119388861,-0.10090178539373801,0.0936738394238277,0.08033924343060209,-0.11069299849913733,0.029368125445960354,0.004347528956173711,1.0107902604383,-0.0652901116374487
15766,-0.19662148890597028,0.959685228976072,-0.0971035694025153,-0.04191438856142847,0.01011152023043026,-0.07332458072259292,-0.15621994900137526,-0.5247945388176134,0.06231065606875137,0.0009993528537717592,-0.09206848160205193
15767,-0.05060335819372088,-0.04360796055603443,0.014894201642032211,-0.49084233394166554,-0.02400231058095098,0.03933597195956496,-0.12682568544514397,0.8238797286423226,-0.033581629161536994,0.044885964994018646,-0.1015499722773642
15768,0.12485075458697104,0.045205483492824945,0.13145690811308508,0.7860131258404975,0.00482258866547506,0.05296194418266622,0.15963273680601278,-0.017205003747157853,-0.09358354836382847,0.07438449128938263,-0.38895033089337605
15769,-0.22483610790524075,0.02016783630854834,0.07386951511747461,0.0647320179372901,-0.39351245257650946,-0.15342668896401418,-0.14425679766614913,-0.05817223296030375,-0.00512733195072863,0.02662418311182549,0.8813152295885233
15770,-0.031821512104122644,-0.05170045760731433,0.075182514155811,0.0275093632380317,0.584911834705087,-0.17712397502540134,0.11488901662331848,0.011657393956646354,-0.011783512673367386,0.030614056077401988,0.002734879496575863
15771,-0.24249992749903576,-0.17316348460112171,-0.18968302618908145,-0.01999180025932413,-0.05697378226628517,0.12858312263737814,-0.049172923641149564,-0.05010312931502177,0.4711929988435956,-0.112671929864283,-0.06266584818273435
15772,-0.0520100138710722,0.0794276965481183,0.5696342835195063,0.14352332045764712,0.006687364541725414,0.1685085723349191,-0.15519664148724424,0.0970485834727672,-0.02737823349818242,-0.019369210449330914,-0.025352881844712793
15773,0.027717474853894447,-0.04048928663406382,0.12124489016934964,-0.012198155769157924,-0.04313202790343253,-0.6417981795718277,-0.08850124949888123,0.0033987567694584017,0.05402581399317452,-0.05749480399965411,0.14206123160163897
15774,0.15177528728963746,-0.08120993090133907,0.43097691398267174,-0.0035576692968978664,0.06488633127492861,-0.0686709562218244,-0.08621036775251836,0.05771214571152401,0.06625508804795174,-0.09249711344665186,-0.12430343761058753
15775,0.0023029408603073304,0.7543852394532353,0.06711087747010736,-0.03127494468567336,-0.03662687805421755,0.3112659183725626,0.013959948487235928,-0.0348952487881288,-0.01919478532576626,0.08923468388567404,-0.04198269859649276
15776,-1.9129836852687097,-0.04242170394075234,0.006664620748702336,0.024239167663626587,-0.09408960089363967,1.7158049287282682,-0.05088537386511767,0.15227846914501142,0.11936033046367776,0.10924960260626361,-0.11134362855524105
15777,1.4741814918794949,-0.024311794244589322,-0.10918204665131674,0.030428510135730478,0.05381986660058525,0.07108436956845411,-0.9452875475812539,0.1104636236208028,0.11579180522163918,-0.07575810513102582,-0.04994284852372991
15778,0.8969121532253468,-0.033981723022189554,-0.05993892327620575,-0.15804449713852184,0.05657010988014645,0.07875203428860258,0.0712503041199972,-0.01451163513975875,-0.021641144968504458,0.006293996659022958,0.02405177089356221
15779,0.5920687169606347,-0.056575209486027456,-0.00024698244309997053,-0.0696801830815313,-0.02044369987759327,0.047921087419510185,-0.012938552987052295,-0.009016229432952109,-0.052955395864112534,-0.08692313655830766,0.0171347401220893
15780,0.08464694156892931,-0.03502450025284504,-0.14641233966004685,-0.12581423697548744,0.08903150076778402,-0.21532696581792413,1.3338096902137855,0.03050579070416455,0.07427985547566153,-0.8281431235705551,-0.06547754115396415
15781,-0.07907057820332034,-0.863526229717408,0.0548909352619196,0.0025072160838837043,-0.031911737870489905,-0.058969092903479,0.06358966904211848,0.010339909290869498,0.11391597844536787,0.9871601472102094,0.0021076193485118667
15782,-0.022024087688870972,0.8014004911453162,-0.07892805051593883,-0.05671635304840322,0.061918967513969185,-0.1439527203988452,0.010132304917565732,-0.5437768936787374,0.03853907435391889,-0.09150958543897632,0.08594909208394715
15783,-0.03573516571197075,-0.006393169516154956,-0.08636952519562296,-0.4486499189147067,-0.05741982718296522,-0.16217083700100232,0.016866319449515,0.8551087054166001,-0.1075748312054477,-0.03176942490718823,0.06483008534322565
15784,0.11398601922120115,0.027232799298500737,-0.06620074188777775,0.699257477095249,-0.03847362178456411,-0.05375632829172635,-0.06011957003896475,0.08206151173280675,-0.015648272944030685,-0.09442852854508223,-0.3357041425976983
15785,-0.08025870657909365,0.01891172602431207,0.054989822752528256,0.06676675186724129,-0.6724582770272118,-0.08273988578020394,0.16992879627028437,-0.14378978636555917,-0.1803822443989016,-0.058684747680478225,0.849966186975122
15786,-0.0658004619622356,0.27357719485053444,-0.0760809984825281,-0.09509043793164854,0.563198871233604,0.00774325462428023,0.044619365720235414,-0.03352973627749579,-0.10560373360135475,-0.1404707757068648,0.002042017994545394
15787,0.08588126985082527,0.07860754582059859,-0.23397452056395968,0.03603759227889876,0.008177256264044898,0.04155638655858628,-0.03556270675147438,-0.0213450721428481,0.49521119731571095,0.04813713834291168,-0.052044337781915806
15788,0.05857620741996726,0.06127482592169123,0.6708947582050149,-0.06498182951965258,-0.1610346441712759,-0.04965512695391347,-0.10833624417468414,-0.12928981107214219,0.09424913593661782,0.08307896153737582,0.010879476239104796
15789,0.06826111883575649,-0.0848905966738719,0.06654471582850546,0.15106264257835875,0.08742609031464299,-0.6762470930607469,-0.005877953009910649,0.05391842774924159,-0.07464815695518201,-0.05814224176268257,-0.030991016924172735
15790,-0.02707202512723569,0.05544338198618891,0.4072182137788384,0.10951260585648735,-0.008751639271974247,0.09457655609337473,0.06342684716838426,-0.03626557326606844,-0.043224184058093626,0.024928762562263486,0.05115195902888062
15791,0.011582575770221962,0.70961369063236,0.10678700101908604,0.04868058878821106,0.026390542713556696,-0.09738955175987916,0.12184760843509529,0.03142212075001366,0.030747741398523258,-0.07597855910399386,-0.01019101109959531
15792,-1.7628483654587694,-0.019519443769583804,0.08902773049901717,0.17039214203562336,0.012269683608669691,1.8758584666170905,-0.05312139938051467,0.034240472283423966,0.05750120649812426,0.030986419522512413,-0.08553748534093061
15793,1.5405443377688939,0.011671671784725939,-0.1065837672766591,0.10124633168099241,0.06573799804345445,-0.04968417591700324,-1.0430724846540236,-0.10465365899838398,0.04122756827571753,-0.008338821370602755,-0.00656452281200833
15794,0.8626274899236416,-0.05000634050688187,-0.062436547574698784,-0.17289670267403587,-0.06401327782605169,0.12728074810954318,-0.051659740120492445,0.07944211742823296,0.05271412889622193,-0.12007931454454669,0.06419133471996293
15795,0.5978719709383848,0.0458718488809593,0.061277953498595876,-0.008668395852476533,-0.06316489660911229,-0.0022565973334283396,-0.023859708330239725,0.05425754901816166,-0.033338378570149235,-0.022423501529755016,0.01970663879074496
15796,-0.09081878457668822,-0.012490300142119054,-0.15380328953975914,-0.025628804515464013,-0.09643891795818892,0.044881779724587754,1.3695738872227152,0.07946069268157056,0.006032745994989916,-0.9625450689069676,0.07636810490652574
15797,-0.09011301645718671,-0.6033782628395619,-0.011876119913870525,0.027912773716647916,-0.039951142085785846,-0.21562290345607935,-0.02413609611731062,0.08454872777398008,0.16556846899298283,0.9838240908515129,-0.05873804131417619
15798,0.18254183203289245,0.9592315494288005,-0.07576760639542311,0.023968258242450396,0.028855559933986717,-0.05595613942679987,-0.19451223950994606,-0.5750941554875845,0.04930899443972621,-0.018446724083323655,0.09412931203666687
15799,0.06841903786792135,-0.13374336973836187,-0.020156864886702396,-0.45717590787062407,0.009678508791878445,-0.22165582460665217,-0.08366828211218717,0.8912131752154699,0.06819301749863271,0.09466619708869439,-0.011006677267118145
15800,-0.019237503813484685,-0.04070861426861066,-0.13859693701039277,0.8209896674641773,-0.0807948720194708,-0.03254506211835238,-0.015526837083013521,0.04766087156840283,-0.007933376810456543,0.04824802710903233,-0.5196465822728993
15801,-0.09105482155545934,0.10685490282590664,0.01630871165888311,0.011679116845314827,-0.39111936434824845,-0.08730334909681166,0.1541659050709154,-0.08095034359628704,-0.021864430166201307,-0.1302032093564364,0.8308635152424737
15802,-0.019404299550815532,-0.07332964564219376,-0.10757152825582557,-0.08288467251165031,0.6379035022867018,0.11245598718962335,0.07830321088220854,0.015662763653806443,-0.1726305905051329,-0.12837277361659058,0.10894297476332791
15803,-0.033324656556551674,-0.3189244801048918,-0.06763695811039658,0.0833775732162534,0.011212013081380775,0.24045630576788077,0.10214288122225802,0.25538819986288064,0.48308823793755845,-0.035697760119018415,0.12573817992836064
15804,-0.0030911956907403904,0.03369435053220807,0.5577902040886673,-0.11613429488484084,-0.039092939986060005,-0.27953066358347906,0.14026435931622805,0.057218346724183876,-0.03888674647512784,-0.1457027476971387,-0.001587279675311101
15805,0.057484500314348735,-0.10938837919599173,-0.06239353175796638,0.07348875556569079,0.0516389437495545,-0.6369503104767074,-0.0019522108064233634,-0.013465401938109045,-0.020422386661750027,-0.12141605891746386,-0.07631897261553379
15806,0.07479213479196252,0.09964952427848782,0.42959448277271417,-0.11531788167346764,-0.1510391369158598,0.03700309733314917,0.18504125907186406,-0.03054582928244123,0.07526035503447284,0.023099790721288517,-0.01041898105347919
15807,0.016366805802157748,0.6837081571355639,-0.026457393894031372,0.0022862815120617205,-0.003970311936363687,0.02082862626518652,0.08516218785204083,-0.008267657422614448,0.025577284317454065,0.005734560102010943,0.03872502768622713
15808,-1.6020793197092342,-0.06498666704186813,0.021174571736652107,-0.04372176197589454,0.05457605757003082,1.8877394808632904,0.06494787520210221,-0.16213234336843105,-0.19039883475106167,-0.217968860178381,0.17281670349741687
15809,1.6642042060439182,0.031089489824105247,0.09479206954194938,-0.04229675917212494,-0.10411162712293213,-0.029768248794316714,-0.9564262880895765,-0.05766385006826914,-0.07666799767914127,-0.007419370209094297,-0.10283358483790413
15810,0.8484732730892223,0.10472600255762696,0.09809677788857597,-0.061523373315787847,0.04715909764203824,0.24083571280709642,0.07244241258844343,-0.005962127965658606,0.07163739506625062,-0.042952306500085476,0.0749929280448152
15811,0.6166799018772773,-0.013408860392832607,-0.07049918019033699,0.0025735034219946705,0.024551225810201974,0.07515119475720689,-0.012442769572356707,-0.03294343553144172,0.006599599220260275,0.022193660959814468,0.051021079199833994
15812,0.2663622150102377,0.03543076341354515,0.12214956843743512,-0.042081563370593315,0.03673181762385891,0.042994270348695546,1.2472811890910631,0.04259764984706069,-0.009777818157878568,-1.031781809402191,0.00898234629883314
15813,-0.06493724140265934,-0.8163821974035118,0.010214741069087017,-0.09252314201263642,-0.04435514845357795,-0.03271555103142446,-0.0890630002647228,0.059455699218373355,0.02897147111817739,1.0257308403621048,-0.04318844499210647
15814,0.1572762470144246,0.9199824473569413,-0.017469843440193412,-0.04885720345051936,-0.09360251664193421,0.039961020390918485,-0.07274752242464004,-0.671304592011023,-0.009687668009397205,-0.0535129061820897,0.06855849397701065
15815,0.10735110268337254,-0.06616470375043935,-0.0003741127348088997,-0.5087393910143645,-0.021214265996108907,0.0417192629545347,0.049933323209029996,0.849929879887942,0.04765679367781847,-0.0026490954797291294,0.04608880007266053
15816,0.20690743940945977,0.03792208246888548,-0.10931113853392445,0.7757011463168495,0.06141687172082326,0.24560970443986538,-0.22989189075318373,-0.047344537056310074,0.042391652026221055,-0.06292818495122209,-0.46870572201397676
15817,0.19689618454234997,0.14279095433844596,-0.02014275937613954,0.008671845750356693,-0.570472211989126,0.28140495125316295,-0.0797767265253384,0.03409564689414769,0.22688564083354315,0.08033848881478958,0.8622317375352312
15818,-0.14027352598329523,-0.1781596784944706,-0.053908668586686886,0.10997887905818407,0.6017718417471507,-0.09720004557016818,-0.10691398390907923,0.11917557844232204,-0.16591823649063642,-0.039006310682607216,-0.01882990628810976
15819,0.043587924835669783,0.07555998390521662,0.1392598452204965,-0.0919744913088497,-0.048679513957099595,0.03011069711129005,0.14376080881255518,-0.1035059369286076,0.4757562153433296,0.057953830946258264,-0.05418238776833302
15820,-0.01817339619534962,0.13007997922449088,0.6384007679299537,0.06140068198611534,0.1325156096064374,0.12316045261417535,0.2032450387921022,-0.022404313049763237,0.08382451763311424,0.05746949772324639,-0.013775364351682704
15821,0.02348759140875812,-0.09856429008969841,0.0999898674977761,0.0757609489534367,0.030822297958662835,-0.6464173728199941,0.053346733688500576,-0.055277769499530546,-0.0846198932749429,-0.04144242273889707,-0.021829028512062545
15822,-0.29693311600009414,0.1699178280267782,0.4109944987065483,-0.01706731908577746,-0.052292602285599836,-0.17372570206464655,-0.031716927934828804,-0.04633004741559036,0.12366690329525755,-0.044421266949138685,-0.0059344441442582135
15823,-0.30731675855719176,0.7046158201329895,-0.09542311836583202,0.035450090979585944,-0.03217192865488727,0.09387293750547496,0.09214134194475464,0.015342236280088673,-0.06570720940252767,0.011247115360305373,0.012266759709432674
15824,-1.4759721167472954,0.0023605956569622824,0.06622788678440708,0.08026363005956566,0.04909072746469617,1.6097761821193524,-0.0941410454027835,0.011062624972863748,-0.03717533281763591,0.1294194359957991,-0.1263969074586496
15825,1.3653718577519527,-0.11424299277006712,-0.05100365960486186,0.03959045530939556,-0.10112048752204154,0.13273728342675714,-1.102249200108014,-0.07742484539850698,0.034899774855993375,-0.067633330520668,-0.02955931678604805
15826,0.681547526371497,0.10009479351343398,0.0035990608488652405,-0.1141965896494644,0.018659921147409067,0.06613405946834636,0.20206533144820438,-0.042968157330002546,0.11183630239910748,0.09345272121856853,0.014213691999222941
15827,0.5286390322909534,-0.009599644804962369,0.026225138075096053,-0.05543790318900087,-0.004082879066564493,0.05533746681513366,-0.00446629542753059,0.024608347332220587,0.07306412129520529,-0.01746145183303236,-0.029250149252270423
15828,0.2355944930415681,0.0020619548226836135,-0.13059166075878587,0.22952375756246593,0.007928693332989675,-0.007242713525667757,1.2100034062138108,-0.05812928827920036,0.019671412366570735,-0.8644123662936736,0.0755421043566811
15829,-0.11828487404368111,-0.5179384550335154,-0.03121108388336451,-0.031145913431314586,-0.020754129495249973,0.05331939926336851,0.05046787446766312,-0.05968838520271675,-0.16050474479353985,1.0507524606834764,0.03908885547856955
15830,-0.16065693338627426,0.9975403837191386,-0.005665977343716141,0.004285586073813681,0.0038177255356740226,-0.03458971873187029,0.21467628697675384,-0.5872718612410621,-0.004797881736847283,0.06597729381727452,-0.04870941912023966
15831,-0.013401127033923507,-0.036798382934451236,0.15262574481652827,-0.5342841194787011,-0.006493353081113308,0.003802617247856542,-0.04417872030105241,0.7543981987722362,0.09501645725381748,-0.03713392071801315,-0.01579764789640562
15832,-0.023870707509885805,-0.0045935274692778146,0.02063715935882314,0.6986479229529103,0.09361160622243446,0.1614071004555387,-0.020768092193738576,-0.04648071526981915,-0.04125149843241102,0.07502885446941013,-0.6210644066579877
15833,0.10354704849712325,0.12919546167707457,0.039190716531129904,0.051391990587434634,-0.3934487423675733,0.1378399172224652,-0.00039270763465850105,-0.017628884797904504,-0.05494503995304048,-0.04029130630859782,0.9508918711399955
15834,0.062092315894539445,-0.08974714551319711,-0.10494505749685963,-0.06948476911310748,0.6316313237060167,0.06091225300540978,-0.23448481233431168,0.09514276229500282,-0.0728439088713064,0.10429957680983933,-0.0954224409670208
15835,0.017205489847337028,-0.022503508419531543,-0.10829205017709262,-0.10762038948473299,-0.024037484976974135,0.07058898002259616,0.03744277262786197,0.2057317375075365,0.48531624090252745,0.09099156544108271,0.01611281717871959
15836,0.003666477360636451,0.02142461754042506,0.5266707033109078,0.07949784222317054,-0.011440669959134831,-0.037047463246875724,0.09138745256536446,0.0934361581605916,0.031007195227519282,-0.2087842843288682,-0.09261583976658452
15837,-0.010334196261727104,-0.03322673966136925,-0.09791885234910423,0.02407165366354544,-0.057559880409883336,-0.6661079590424194,0.05398351085397528,-0.02020634832789712,0.11695468144088877,0.027100067012597852,0.06626102607198461
15838,-0.08995689754507968,-0.1613234657366556,0.4279389967064979,-0.009582899398401807,0.12883903221451504,0.07454186719753758,-0.03916339996327763,0.0073879511030117626,0.007387457453191339,-0.23110294569755313,-0.21713898865523137
15839,-0.03819278336562166,0.7235407058408883,-0.03236203268918611,0.03521818201262938,-0.05986108671739243,-0.16171547372315892,-0.021714404061669725,0.0033764659283705483,-0.01608528944602293,-0.020823308480008386,0.015705209299295936
15840,-1.921158046825392,-0.07335030005491351,-0.02810886796407434,-0.13311886952184573,0.004524221220565472,1.8255805913455176,0.11362560039160276,0.02701892871634206,0.17957669338836768,0.022035639156198623,0.13338400948130508
15841,1.4397393692959763,0.054853936166361444,0.04122158323402873,-0.09638807145254263,-0.10239645471714844,0.02772693997086599,-0.9166036893220176,-0.010232341694855353,-0.03672383932944324,0.1469543051774438,-0.05712134819880459
15842,0.7668760636779501,0.13180121198485376,0.1298798187064259,0.06948693275205559,0.01475293691826598,0.011123188223275762,-0.03917294207987033,0.09870160826549511,0.06824616951993186,-0.054612901253793276,0.027699712689227503
15843,0.5646344232172418,-0.03815302677065494,-0.08638933944289458,0.009170131511634275,-0.04520014926306792,0.04380413190103377,-0.0068411524240470836,-0.004024911049175865,-0.0672181857559889,0.006409708974996056,-0.033358578064073094
15844,-0.05559339405122452,-0.10168031524932908,-0.007877493395640827,0.029269087898269736,-0.0936884989049124,-0.14914132188021764,1.254633350557355,0.04212128922441377,-0.03174521144508873,-1.0296909282307314,-0.1435676644381418
15845,0.059443905046570586,-0.7763678758438761,-0.06288449208640115,0.03835652250776502,0.10563658363329506,-0.23400102848756035,-0.05366531135515137,-0.012422787697613862,-0.0595945192699895,1.0015770802381685,0.04152499935914754
15846,-0.06802717794321472,0.8850424358383809,-0.17229346768547218,-0.00243611536356666,-0.004810310275869837,-0.12425150191183856,0.04057991385226832,-0.5211788868825056,0.07065875517467023,-0.007054786842772901,0.03850829371466863
15847,-0.18145722320564328,0.11735694786988236,-0.004509959386313926,-0.5563943385988136,0.07802437834922554,-0.14950823749921763,0.007357617909690939,0.8050881398777688,-0.04829160019074161,0.05637181010721243,-0.17667710775642595
15848,-0.10312412976693745,-0.027911296260273135,0.07098927248769436,0.676812060011231,-0.06061950282420075,-0.011435451067192891,0.1947553714010011,0.032937336720142235,-0.025999058492243512,-0.08461233097275127,-0.5745661572707075
15849,-0.1347191130227214,0.2015206857856905,0.05522927461498482,-0.021451363225329246,-0.35021190144099024,-0.17808256810917222,-0.02430085597595247,-0.042147490237541455,-0.14553373706150363,0.21371471388676685,0.8619642046923426
15850,-0.0030445868529016817,-0.17806902897888777,-0.08610984827073355,0.07242352331277245,0.5620208307025366,-0.015411043121935709,-0.1772981426128314,0.06382200443170286,-0.2474069350617963,0.0760534564027364,-0.021805198296651104
15851,0.021544402492198828,0.05964599263857775,-0.3030120673575372,-0.10885159921169439,0.1173839475953581,-0.03876947275147284,0.028826343476931554,0.1852938307030124,0.48441807211925686,0.07953003899941531,-0.09165311389517031
15852,-0.07495924594938534,0.20251843373049452,0.5945496658179181,0.05144513001600984,0.11708188750337595,0.07816314249016784,0.09992039524748035,-0.20055065051166354,0.13014669855135055,-0.046757990378624145,-0.05913526323703972
15853,0.0725403294496021,-0.036500771797908164,-0.029102744567880534,-0.13600704242542982,0.14957214550729134,-0.6811301671620954,-0.04484331660921335,0.010663242873516603,-0.09347814972995797,-0.01679059135928983,-0.05463985074145365
15854,-0.07824980253638313,-0.047640873623429864,0.39138185932459624,0.028881808160012873,-0.007075924348729063,-0.03800759294293183,-0.1277504423931409,-0.09385810500541125,0.05360863251656764,-0.006041839498856531,0.06292350918802636
15855,-0.17078454810774507,0.7670685230707474,-0.03576651594782401,0.05172836491226861,0.10828680434633975,0.013160050972540832,-0.019219388996781828,-0.0538237064974523,-0.005981068899425791,-0.16529933863166452,-0.012341617880427841
15856,-1.7628738852286356,0.00034032619272486055,0.05885630161738496,-0.11046972303229875,-0.08713412737595341,1.8465856357156023,-0.0001795097196498961,0.03200446565376454,-0.17780858574317723,0.11194782748319307,0.017908873557665517
15857,1.5674928753041681,0.039127928076510915,-0.16065452218502957,-0.07211938171932143,-0.1036741180568418,-0.2189986385842261,-0.9932468579705475,-0.04259643818899963,0.12415467342888759,0.01077855012773208,-0.05460137647276938
15858,0.7726247023669829,-0.0022815301641704944,0.03197779146661153,-0.01517106741518861,-0.059692208882783225,0.09177898560863428,-0.019459771397490142,-0.10118288103377666,-0.17028384922924336,-0.11695664053632449,0.2789541592392951
15859,0.6173242590841891,-0.00024870364413782063,-0.004448686136454551,0.0016156039355094748,-0.050393041243746196,-0.04823414380926476,-4.002484717889951e-05,0.03526950071380282,0.0074829491566862395,-0.0405033739729933,-0.07753043307571911
15860,0.1505536677430458,0.023200780232654643,-0.058264657979942854,0.041501875435569935,-0.013302688102159543,0.05684534439797743,1.1923264048095068,0.004564425545675571,-0.035611449428430635,-0.9227699499818693,-0.06973685551473215
15861,0.1458819788280856,-0.5341483517352248,-0.0005610971618551907,0.03157592129091618,-0.017348220980114556,0.045721715017059364,0.016346588019366486,-0.011232762657863072,0.13849545701133545,0.9997848386677065,0.06776882142514411
15862,0.07214776443876615,0.8619021232400125,-0.05042955554668981,0.039424744247429644,0.08219171665454933,-0.012783639869153087,-0.03946642600543643,-0.615892416650218,-0.12230888436208168,0.040332604226814533,-0.09482748196968582
15863,0.08979353156664403,-0.0013708649003833454,-0.13736799464603966,-0.6432731307114926,-0.04808197202965401,0.2047628909069604,-0.11662023939215449,0.8377688862161846,-0.0486511101460909,0.014831304664248599,0.05216916902775034
15864,0.07694301315235025,0.035809533252506534,0.03586510739813949,0.767778410346362,0.14718878062676816,0.07143503687878296,-0.03565800728423326,-0.022009766940785734,-0.03464601490404294,-0.04025972170331393,-0.43161975411885795
15865,0.017837898841827397,0.0045781640045385215,0.08966350866705375,-0.11470388789221461,-0.5234327602543352,-0.1186651660711435,0.14121877423081158,0.024614175624392377,0.09739334021894142,-0.07817699814834046,0.8294641661827387
15866,0.13010615630538075,-0.2145997061187554,0.07899355689840025,-0.14278942418517904,0.5689987874186522,-0.1609600278770035,-0.020233381045556872,-0.0616570322638694,-0.24462419145148187,0.02592121558060374,0.053619456046260165
15867,-0.1570246358943404,0.02789179938647558,-0.2606257507887259,-0.01937089585546223,0.016919726544228398,-0.08684537275269334,0.09205408210245832,0.03433667230122088,0.46429782962028243,0.055822814261557135,-0.06591736129863382
15868,0.13404455797341747,-0.05031020119721621,0.6183474946075479,-0.008750654284880467,0.05852801513191343,-0.02830838351781638,0.08605570599953237,0.19052389448272056,-0.07761248524988379,-0.11151125681037602,-0.10014441830603908
15869,0.04148437838152706,-0.059629367999312156,0.19649314281647942,-0.0033045516243828356,0.05214755639799631,-0.6666556935952648,0.019909464754189723,-0.05047846170958556,0.08437619280394691,0.004493386575799892,0.06518902468876048
15870,0.057150692303543416,0.08686673576650415,0.43696077319120397,-0.19357946460096326,-0.0019411706777480104,-0.07325769330994596,0.02332865166465463,0.19895382393553177,-0.054391383003662044,0.17085397122798293,-0.055327325150660814
15871,0.20315468386750565,0.654392020123401,-0.0007938688686060565,0.03562554494353914,0.033859205876052484,0.001969944487372803,0.03573456398908746,-0.058350761297021436,0.06021168778957725,0.009329449527395152,0.02159188779107951
15872,-1.8766408839142688,-0.021968817322885012,0.023395401785292216,0.030275783558203876,-0.1139999654387836,1.6965203063239707,0.07679300709059408,0.009227506159830796,0.07198777518039975,0.026232861511017794,0.03729889876945593
15873,1.4163691690542444,0.013349181426689151,0.04868849162902108,-0.15456433600214114,-0.004958308452345192,0.004213339556274202,-1.0203826370870117,0.1219480560737431,0.026651703781441848,-0.0015946249190767685,-0.03203447436949539
15874,0.8395999670756147,0.006120292570259159,-0.08254035539414342,-0.22618933125631382,0.019366749186691692,0.01676301217586877,0.16454138040981492,0.003328124871039361,-0.1256450295043458,0.05370432052435757,-0.021830085181057647
15875,0.5635798198723426,-0.009858295893247292,0.061414897348274745,-0.0005167927958057992,-0.005028114052113115,-0.02074504899538787,-0.028642107085929434,-0.0354219972851248,-0.06327651721474514,-0.015402566063124701,0.006256752346165449
15876,0.06835467471469608,-0.02111503737168413,-0.06667930368057544,0.04826150377781158,0.009239644374110909,-0.19794770387068422,1.248354039697159,-0.10127699817170632,0.02348891243926797,-0.9549052377235557,0.0764291906513384
15877,-0.0012031640977676204,-0.4841790916797011,0.1514630693331986,-0.06350111305183209,0.0008637461939190387,-0.0632815571639726,0.20489815770898032,0.07528828664790323,-0.04229523027117279,0.9762554292155923,-0.09026937497737682
15878,0.07511658875836506,0.8450610712212343,0.002419974530568871,-0.06481392527892038,-0.017019523321744976,-0.316019425916092,0.007561934176884754,-0.6622307339358398,-0.04746594979203418,-0.13359366823527888,0.004584165033703528
15879,-0.08082420156088958,0.005862107584981633,0.12960912162640698,-0.51468823428147,0.05258308382613137,0.272751035777185,-0.024316308911901598,0.8973105848191392,0.03560165897967814,-0.15350591695781013,-0.009991809042426953
15880,-0.04094889224032598,-0.0366422410768336,-0.0729576611569664,0.7625207225265447,0.07286613787746744,-0.04055308182239392,-0.031173067538857978,-0.059572869219717633,0.05480486119680529,0.03357885224615235,-0.5939581286818183
15881,-0.1536778316416018,0.024481228777593334,-0.05955632325961259,0.012769630345465353,-0.9453041288619819,-0.21374620716899567,-0.06467083821354014,-0.07491407533994013,0.04152413900328112,-0.19995770814313157,0.8774667994358527
15882,-0.03681219254642338,0.07598763989031546,-0.04587859154114453,0.01308991777981705,0.5906511007755395,-0.05306009132972371,-0.11359992607722755,-0.04864894486063317,-0.36915534901718416,0.1944477919508796,0.10050842168768444
15883,-0.22878539092215475,0.053637611012918744,-0.21274213058796992,0.02119016617896865,0.026457299894638527,0.06809645574911478,0.10828571133679046,0.11503482011888443,0.48694058252368166,-0.24928490694680733,-0.01388158557823151
15884,-0.07440374376453973,-0.06504760318045395,0.6303658840306461,0.05471743606188856,-0.03793072118486468,0.013968126523475542,0.21017170169123367,-0.05676512332638366,0.046503080449500904,0.08499754793172087,-0.036856581719370805
15885,0.01148630947120441,-0.06140594016673318,0.006922825018823584,0.025447574152930617,-0.013377826286374982,-0.6918667725901555,0.01163427309565419,-0.010084504457314193,-0.0976037102575879,0.006796810426903108,-0.014185280202851308
15886,-0.10925853739314235,0.038751848366122534,0.4164981760204069,0.09236153288383933,0.023994718810059174,-0.04675034727387342,0.13529043445521038,0.07745820129955373,0.024273993427215115,-0.07706281252378956,0.015194224768185988
15887,0.12458114164403725,0.5673187678721293,0.012847241670527726,-0.019747353666815425,0.028665204901847343,-0.06979570393258677,0.017227056035867556,-0.011575404820909262,0.05329594235599027,0.04660984773174579,0.07600356581281911
15888,-1.857727080115243,0.10027743398348246,0.0265828935790702,0.05581273570199269,-0.2217513008000202,1.8020405588331017,0.013232451266430224,-0.11697957219467042,-0.007348465747332378,-0.11470737633702402,0.007323318221436489
15889,1.7772968631467791,-0.009305525276743144,-0.007928157584584193,0.08776854763209146,-0.164963331989341,-0.058381175963083023,-1.0178214059831634,-0.007160407705500902,-0.05499882657060896,0.02259059708498481,-0.0226827360090931
15890,0.9367615211297382,0.0684755590316908,0.02989201430844468,0.02001418975369316,-0.0009341171674040229,0.10185784547087258,-0.19091428562562052,-0.08901977546233825,-0.04021890745901406,0.01870544547939991,0.04175155866348568
15891,0.5982846155371723,0.012790590936310462,0.08872536998287309,0.03170799971668263,0.010194348626595327,0.07256859224219225,0.0054804328868167315,-0.0017416671882275361,0.019444145298013107,-0.057099348696310025,-0.008732957114039454
15892,0.03166644747705,-0.04239208432900142,0.041316434806336455,-0.037302527794860194,0.06727419989883597,0.1029545924683909,1.2124506657825558,0.06321801959277805,-0.05996636159211529,-1.024708207272532,-0.04344099044496927
15893,0.15487307956230387,-0.519227499038657,0.1786751296973096,0.007013917015774032,0.09078725811398196,0.21615031555265626,0.07845585136701354,0.018239528294017884,0.10891023668304911,0.8646986742773757,-0.0026651461366424805
15894,-0.03446313422216867,0.8886824256389828,0.09721057366960968,0.0855864683503336,-0.11844914010619469,-0.023365703863372278,-0.05033541283120342,-0.6686299099547669,0.09361318442408625,-0.07935644316837359,-0.010970542585543183
15895,0.010810975131261676,-0.05319339218632897,0.13129139144658208,-0.4882460376033132,0.13117310159701473,-0.18863497666330947,-0.02985152343805115,0.7977971143187219,-0.25099387632005904,0.16237914554012964,0.02922099070724462
15896,-0.15975611443731244,-0.05388542196321837,0.10082344510907867,0.7347177454174408,-0.0723300860761105,-0.17070917471503713,0.01702225059139386,0.07794776498970075,-0.04275526831273076,0.012567889640448813,-0.37328726720716393
15897,0.10145711835605466,0.06514009632686459,0.13995827394289304,0.052438137679387826,-0.5321555218234871,0.02570836752456114,0.06388485788885975,0.007286876273629782,-0.05439034017555938,0.09125586117945796,0.8314155837830758
15898,0.23256012143532467,0.08949005225813525,0.09261759842079781,-0.11404798900284302,0.6592610638306718,0.05662577203335057,0.04222984757855695,-0.10217789059570034,-0.31243120384486334,-0.04144506055850964,-0.029401775863892206
15899,0.2669393877511741,0.0014327189925851544,-0.09870019434568544,-0.06351725220767043,-0.051252380296758604,-0.23735056208423463,0.03164226753373886,-0.05755200483063223,0.5197526351166502,0.009941464692572649,-0.08521701547512898
15900,-0.2058247792480136,0.16988964951476462,0.5543447487113448,-0.08119672395460217,0.019993339925411524,-0.06265912095581296,0.06785417301887231,-0.05418754614816522,0.04709998032913518,0.03829501056090372,-0.050464042089217155
15901,-0.08280718598574886,0.0701890044914484,0.09871633743368485,-0.08511885338727601,0.002344317043304638,-0.6974355271102617,-0.07762782513834825,-0.00583600373298415,0.028608050055601603,0.037367469807914146,-0.06972051911512082
15902,0.031578727858047634,0.10645431700896858,0.4052860479985005,-0.05183313627116832,0.07158264568311407,0.0007371384176045083,-0.0619464126764817,-0.1205650548664905,-0.03053543016553711,0.11620912819871251,0.0863677206875144
15903,0.018140693438058915,0.675041805546552,0.07322249661248867,-0.005934274927287136,-0.06537017967675351,0.2140263332828769,-0.062323729753804805,0.07149238473220744,-0.028276698571279884,-0.07631783783285075,0.011126612329427724
15904,-1.6602103275907891,-0.05566569827399669,-0.03169675190156017,-0.15753266490318893,0.04568843507337349,1.537775533628464,0.20252304343230662,0.06681495793535396,0.18774106670260646,-0.023327519460767974,-0.15987532009850838
15905,1.2114011701695229,0.08472927250356739,0.05675290683361312,-0.04720070260532789,-0.03524586612020876,-0.10812304326052391,-1.0560287477517378,0.10391964673374803,-0.04159847478885058,0.0027897112739645553,0.07223971683474326
15906,0.9173758282204031,0.04759445142816587,0.0912832674689201,-0.02668174411296082,0.09664664934487238,-0.03129569072952203,0.08019929878411543,0.10352556511821756,-0.1887547051449355,-0.13674774579152238,0.08696812572094648
15907,0.6819921340102819,-0.009460657789502298,0.04899694696396853,-0.004403612946944625,0.05071769947336708,-0.04956140112888037,-0.005440551193777584,-0.010875719155302655,0.01142098471329861,-0.011746036996236674,-0.003658249583385409
15908,0.07608562487009544,0.030868925503852063,0.0789639554955956,0.03391104466978506,-0.05176010398343702,0.21854363888447595,1.1461355548285537,-0.03830860667980906,0.10333979780030654,-0.9279916233024544,0.010187975599170387
15909,0.125274762048916,-0.6495348142911745,-0.01380438716734744,0.005138417816528392,0.0015149189901432713,0.1366587245664862,-0.00044343713548715565,-0.036978546058676294,0.05299413485460444,0.9606579446835742,-0.053104288822030166
15910,-0.05318968719414231,0.9068641666240459,-0.09137055177094547,0.041087282420518095,-0.007267220094305008,-0.04032702902775404,-0.06974229012127464,-0.6772305443690501,0.0013166579425431995,0.09361497489681486,-0.050304794861619505
15911,-0.01217859605395933,-0.10130155931183689,0.005417032245975724,-0.5511952758131503,-0.031016240589941804,0.015823966393564877,0.08702211167926688,0.7971907515764204,-0.0913760567382373,-0.11198456597931947,0.024847373813982408
15912,0.13237208448787022,0.1618858531610452,-0.14590720814680308,0.8778688401450574,-0.0544947787942295,0.1370581253172141,-0.18609029323150542,-0.046278777543092,-0.013370211156956628,-0.15886602153402996,-0.5020370522799757
15913,0.1501695593578639,0.10745270839867792,0.0031363897170659256,-0.031172190528575835,-0.43123128255115284,0.2402211660557084,0.10791378297267608,-0.04628943636544911,-0.035404629934621575,-0.11735332675378612,0.873284135027825
15914,-0.03362998208656785,-0.16549018542903618,-0.010944795839161206,-0.11145924250006677,0.5936552379959324,-0.06842025757614986,-0.017690190711551472,-0.00410123161976567,-0.15500826821085584,-0.01862067112306486,0.05184243045357259
15915,0.01769723116419281,-0.04369774285014509,-0.013139418978727668,0.05784290741595956,0.045294632690382114,0.09324396605363783,-0.10635506318186047,-0.06355342595626129,0.5036124727056877,0.015133904997141848,0.035157347848821095
15916,-0.17267015553623452,0.1198680262575823,0.5322456959087847,0.0016915993433837956,0.031403311236292517,0.0782490799352399,0.3054988110070832,0.07831183024080873,-0.0018706670532660855,-0.053173970047192494,-0.2217644361687336
15917,-0.05476710675816714,-0.026627981928954887,0.016017551066540694,0.017497053808492837,-0.016507596823528942,-0.670539204409855,-0.021352595786279748,-0.06911508755438385,0.08091316815001057,0.06556617196255302,0.01458991726649837
15918,-0.03895983336371503,-0.13913899124276466,0.4113827757918095,0.10387153273352157,-0.007495342642353727,-0.03939875448275816,0.07560575136201869,0.049423263794967254,0.0468523674396057,-0.0235947414254985,0.10250282314219222
15919,0.01941621914394983,0.6808921647274765,-0.03593022560466115,0.031576841309843014,0.014470387888596541,0.1349314843808433,0.12440377010070747,-0.026060178345975623,-0.011099335637424466,0.02510433611299325,-0.021259854869779757
15920,-1.9122606935399844,0.022075451695118587,-0.0020745209148439765,0.21595727522741018,-0.09568179029631858,1.738215552675865,-0.04664927519027348,-0.0808999760768947,-0.16069934588510065,0.10771689944873665,0.1456056858454104
15921,1.4563862029995118,0.09493257990974226,0.04660533811571031,-0.011480808070056216,0.06258385184417029,-0.04132853609115978,-0.9698047567270296,-0.018714645525523398,0.017124487159194235,-0.056547519205859376,0.06432780446432401
15922,0.9929203042535737,-0.007689200455831246,-0.07742266409845516,-0.18185580077634478,-0.02475131557345265,-0.02995772450587754,-0.0298466330988241,0.10100151642185455,0.2076033750370047,-0.0664687015772941,-0.10131143512125353
15923,0.5584912709856544,-0.034785029080165446,0.02927657428217967,-0.03776674331922663,0.059703505526468005,0.1313331323541571,-0.02517087197813292,-0.01780662828989841,-0.0328168440015005,0.004201748075812252,-0.03750695195591178
15924,-0.1234880716447232,-0.10069720293592835,0.048278724985991804,-0.058114064479347624,-0.10423679647095112,-0.2411274423334806,1.3434480027931301,0.020707248069637755,-0.11429251130673214,-0.9039747735738213,-0.07122019887942443
15925,0.19035269360642545,-0.8210567178364061,0.0912302133179296,0.024856669699617986,0.07047356818478717,-0.025899230090455465,0.03021848423842663,-0.020982700644451666,-0.036787037061508016,0.9905831905357384,0.0033307451171238184
15926,0.030902021809838996,0.9237386867554478,0.038720304980104835,-0.05263319932934754,0.03607152163392613,0.16284385065736134,0.020148583554582912,-0.6040581814505338,-0.14986343268809976,0.09839509219685971,0.005774601764513416
15927,0.05451029929107076,-0.040228795134051754,-0.18330854686529882,-0.5973292599623585,-0.07844682058701716,-0.1010185209254171,0.10656801832997113,0.8132509124353041,0.01722376300496659,-0.017686690713081536,0.03136865012788499
15928,-0.052607537638646,0.03371507342694096,-0.008357762227719445,0.9044420374396231,0.03290827025147504,-0.09935392237408378,0.10836699140646586,-0.003061900632792983,-0.14885995874217292,0.05659897904164583,-0.5393418529378965
15929,-0.2968928687772463,-0.054616491682408626,0.023547673669032994,0.05143953269909651,-0.6886857408711275,-0.06343777101217708,0.142605998594777,0.15538731918788776,-0.026038991929723653,0.11717780314907394,0.8835114111190021
15930,0.009411076570090188,-0.038585413770563216,-0.018644311668985197,0.08884148043840406,0.5976849783436096,0.1362124512639795,0.010778358309957433,0.06465709880661868,-0.07480638115110982,0.051048178959664806,0.05371098136135594
15931,0.08464445252329607,0.035802608691978974,0.03514160684556715,0.18069573164653455,-0.021386844508638092,-0.06368182073683057,0.16050195953554017,-0.15346593129866326,0.499887326502696,0.1479536455556972,0.03761545980249074
15932,0.11161944881475924,0.11027386488021546,0.6307364629161508,-0.016139722194738196,-0.07822541468199949,-0.2061589894566199,0.0920117239958836,0.06584905953615172,0.20243088313314433,0.04646524822360504,0.025559719166735394
15933,0.003630963673342352,-0.07214264853774045,0.03788150625675676,-0.00990542336913258,-0.027099514096585287,-0.6753688509672329,0.014584205721707324,-0.014693307503744724,0.11444243901571083,-0.0827879973291527,-0.11746851071781153
15934,-0.12013573955790033,0.1220024545816453,0.4157926095862955,-0.07642822270561425,-0.027101539382979507,-0.05767505901260581,0.0006707983998014851,-0.014012047399193027,-0.012197596560238234,0.07520918935150392,0.10617193671365788
15935,-0.06249467794318572,0.6673538861368585,-0.03408268808282016,0.07297459051239866,0.043452111847196856,0.038662398314294806,-0.21997015320731816,0.12400717382475288,-0.10902341513691838,0.08421495987726181,-0.005805206739540214
15936,-1.7203506597319307,0.09696141752375491,0.03151386604804746,-0.06893424801441775,0.06667058067969991,1.6946841514576503,0.06394640355932066,0.07604907635896846,-0.05733520341392189,0.08728266500567368,0.03663399258647639
15937,1.271567676919378,0.046534544424896136,0.04489132245034802,-0.02595578904351593,0.07270083852731497,0.13247647558273382,-0.9258368773234313,-0.08362081880034121,-0.05301372901604367,-0.021457332084135663,0.017660528632139377
15938,0.8008621988450669,-0.034627748673336706,-0.10286082664219694,-0.27083930636250747,0.06360996265577072,-0.04658535520387293,-0.1016507033814425,0.08779715926704736,-0.02250387640065526,0.054076307485593986,0.3082966684464915
15939,0.6862930629680821,0.07918913616737476,-0.07843642004810236,0.011442924829898591,0.025737056160968632,0.02711076316870226,-0.01589456012317394,-0.012679661940471666,-0.0490436291121864,0.032366148684621246,0.027916438949689048
15940,-0.12793075852038513,-0.1460003729896851,-0.010560163635220467,0.022959977834387607,0.029778041983171008,0.04093395917409045,1.4018717313558167,-0.016091557326320026,-0.05015136161917464,-0.9696365059270006,0.043647645132589216
15941,-0.09749648087071672,-0.7836358797543533,-0.08103648598191356,0.13919019640219266,0.14002226200141932,0.021332093621343206,-0.013812372714306385,0.050338747454304666,-0.020919321434270638,0.9510096476947976,-0.02122570539373819
15942,0.12714438059557168,0.8655957135668876,0.05123181321931258,0.01223675082998099,-0.010442303173762716,-0.01284661200818082,-0.04714327548064642,-0.5826639558346074,0.022014615279152328,-0.002501803325885471,-0.011450034195563084
15943,0.01699743157847474,0.029575974938584167,0.05462794764441519,-0.4906549505446083,-0.02176956616621724,-0.10781274118453774,0.031927349462313605,0.9097898724181805,-0.02624341955631538,-0.22953483383251122,-0.034793484602497676
15944,-0.07232219432983071,0.10832903594027582,-0.07688017108815165,0.7382356511893262,0.017671874780649077,0.1113048996929257,0.01169077884332954,0.10031464254959917,0.009139902970692719,-0.05963917458930016,-0.48859734565570534
15945,-0.07501378323558479,0.09842027905188079,-0.06723859279518302,0.08947246398704232,-0.6736581461689196,0.04222607817739492,-0.19128006549516918,-0.08516367559777456,-0.0396736357222328,0.011976650018234967,0.8514854531065863
15946,0.056518400694088054,0.20393127828930213,-0.13819826735132823,0.013849483452782922,0.6196905851819119,0.08726652664799066,-0.020182018620590596,0.11540493140956433,-0.18023101858290236,0.0711671809499929,0.002407164797329477
15947,-0.10338435542527148,-0.13082491364706278,0.04663855026050677,0.015981586209609003,-0.050692579594295975,-0.12311321475453475,0.03609007549581651,-0.010671774735652563,0.48679723529933727,0.03189972712897819,0.03652625615943176
15948,-0.2195309307646332,0.09659037517209619,0.585763305602599,-0.09816451033245537,0.1982155558334992,-0.09689842135808097,-0.08881078327599203,0.04598848880001414,-0.12735176622351266,-0.11236010125864335,-0.016752250449370253
15949,-0.056395921262060215,0.005539232626756651,-0.08449294308246591,-0.07290074882244696,0.11770551180188275,-0.6805079571724449,-0.030972260050692913,-0.016916352625241323,-0.05102971855479621,0.007733127053547842,0.05301185120672037
15950,0.0697185278674407,-0.06021696303649028,0.44503274716432645,0.10763296180385573,0.03125365689623426,-0.03221741596333475,-0.1398191951354291,-0.029346163519317684,0.03038445567254335,0.028807916673584934,-0.0032125559961079207
15951,0.055919402259736614,0.7478837038224802,-0.11652663445161078,0.03726504377500096,0.0008484565104497845,0.06260636505094289,-0.1245938829932516,-0.035003706560231024,-0.04368509564841428,-0.12420665557867082,0.008649658321710628
15952,-1.8952377813528893,-0.010911941099375341,0.017073257781729773,0.01141034817853804,0.16780093201998522,1.648310257992464,0.10648446126771006,-0.04355936950857562,0.25006255943823497,0.014983350233184405,-0.011039161734438654
15953,1.1866398318447462,0.09169532005639536,0.05090691971545704,-0.011793816545921612,-0.021885503653886147,-0.14825474578257739,-0.97574253486381,0.13206563227021545,0.0815508427294649,-0.009071863877859819,0.1126572314584625
15954,0.7907718950218302,0.06387369077050879,0.010183470484594156,-0.02703656941720952,0.03167965622726225,0.1508129368083909,0.07406049185032423,0.23065163260666263,-0.14069824153366106,0.027569934185162882,-0.043579702192194765
15955,0.6075988258999715,0.013718786593982292,0.06333352401595108,-0.05385687518623903,0.07466813400558124,0.07958415679460312,-0.003438853699689999,0.008717783722842484,-0.04475989475488021,-0.007424631408474472,-0.008741560186733464
15956,0.12853586673752068,0.029340307803616496,0.13283904789444945,-0.09600978598278945,-0.1667110295056665,-0.05983508298395946,1.380939284305556,0.06137215540952047,-0.05965595395095588,-1.082958778795681,-0.04822807335843329
15957,0.10287188200954525,-0.6042302782948217,-0.08728329592598849,0.001517426107505701,0.09414699522283627,0.1663319516674095,0.07114784291468416,-0.11557454586839093,-0.015198548652497684,0.9878412582899945,-0.011254945997684371
15958,0.2000155679155723,0.987030614786215,0.08251562660088929,-0.05169672486936165,0.04079570626160855,-0.05507396336773623,0.1649829317591288,-0.49816401500587487,0.04598254128335069,0.012563228677846655,0.03224975019078221
15959,-0.11236631256916686,-0.019852715974843935,0.09371165839239042,-0.6787549365067094,-0.023800731276224826,0.11453357696815894,0.03132356356329887,0.7764872243949706,0.01537429313929967,0.1267752375032718,-0.013341003651124402
15960,-0.17486846220895305,0.040847010873622,0.01690835642792066,0.8351218469003345,0.018943341476463676,-0.01189442724397022,-0.11123751406040189,0.04909627868347837,-0.120296451708941,0.11106777482309692,-0.5354038518252539
15961,0.1937435060080245,-0.04902521494303361,-0.05166868931960538,-0.01632629418180623,-0.6842135353827006,0.08460467299832505,-0.048284578723980856,0.1599134329217071,-0.11198409622418615,0.015470058637959673,0.8989058634320738
15962,0.15119112351552297,-0.029402429809693265,-0.052099172656830575,0.08624786128033263,0.5828030038412748,0.10693843060304502,0.04811902683975458,-0.03876584834517898,-0.4170171216868017,-0.0005484700692881524,-0.033259294629021365
15963,-0.1549359053522274,0.10451677633976,0.049434889924155775,-0.042754600558436384,-0.02805438962021709,-0.13966106549988655,-0.019086790787615812,-0.03824911473680239,0.4742082068788411,0.07496343291919493,-0.08583084885472544
15964,-0.21258073450153128,-0.08578474671324592,0.5470021694120989,0.08883080847159351,-0.01921871345450083,0.11421692610879763,-0.0012701542828888026,0.0842724508234833,-0.12845289301730753,0.04216788991646793,-0.011575336196931256
15965,-0.016752210148464196,0.005736163752734866,-0.030440381091146662,0.06294172608872878,-0.047485309645718475,-0.7048461091980357,0.008594271969482483,-0.09674026697883152,0.05380908664124236,0.06974450905646024,0.012015083472928042
15966,-0.014796410824576094,0.025215920874923664,0.3816673782173111,0.0273467680292129,0.12430181326757278,0.08955698117135219,0.19823807619188963,-0.12394348789354945,0.11662263208152039,0.0041799820075072896,0.045836907056822196
15967,0.16867496934220727,0.6619040820084573,-0.06223854516149794,0.04869329169618088,0.014084692318618154,-0.07735715941881736,-0.026496670121356578,-0.015805099055301905,-0.024047834595882736,0.15217831049665126,-0.002956383892102498
15968,-2.0625733387249037,0.12626048405130005,-0.16567227854338737,0.022909690567594485,-0.0024609954153168787,1.6133325981976154,-0.06502984634744229,-0.10327699829036346,0.07069494292023536,0.024585629893012002,0.05657278939169445
15969,1.4873403321536098,-0.04233021391494813,0.038998924386686784,-0.027246909726724576,0.13177987975298305,0.013363109845177698,-1.041299378430503,0.1107118526666666,0.0864019176669615,0.018395448151263788,0.039836558167848174
15970,0.8381176484415475,0.017108652377344734,-0.19937190124305143,-0.04677896820849238,-0.04491346779675789,-0.16535253022779656,-0.04189924911208023,0.05397092617225434,-0.03515193060317595,-0.10023534301186628,-0.013769810620257871
15971,0.5940864557816209,0.015509252049802478,-0.0470158720857082,-0.07098099989047298,0.03876081111496703,-0.004364258444051049,0.0027532519878032723,0.06211242131691747,-0.026894824223405726,0.016942145318802358,0.03578287777498517
15972,0.03290571421153442,0.0001249979466776928,-0.11498179710792579,0.16648626781298437,-0.14505132973168036,-0.11568095845722723,1.2481553299242134,0.0034108629063948413,0.014966671092238428,-0.8701015985272371,0.0017200599495703463
15973,0.0398307566951534,-0.6574010035534393,-0.1074968314641182,0.07769073906321804,-0.05192104566012603,0.014528545063208529,0.022823498592928995,-0.05845223928178773,-0.0617781943903237,1.0390881219801589,-0.0564339920355319
15974,-0.03679205067689727,0.9386591779402309,-0.1192927955690959,-0.02102761184631234,0.11931067683747718,-0.18511404909923232,-0.025487029182366915,-0.6060360921918514,-0.022885485870705685,0.047677823385927076,0.008363101026203232
15975,0.05333878847445418,-0.03417767398377668,-0.05303411816560079,-0.5399595881602,-0.04486031128827905,-0.027272573026535366,-0.03657267190978029,0.8540530844793455,-0.007572486087245234,0.09492624348156267,-0.10101208767806202
15976,-0.0016744794650872842,-0.117118946648364,0.0068718966380314625,0.8185634497976824,0.11366853629880318,0.1278280762776052,-0.11268325209338631,0.08083002185555702,-0.04861284401226158,-0.04246511175219098,-0.46171496272155055
15977,0.029329274631377463,0.14844042356615825,-0.09238752110831386,0.051998523635316096,-0.6155504875988886,0.041448911848202645,0.0332692120080082,-0.021061318602113233,-0.04500345445082886,-0.02631296608637205,0.9161080306498869
15978,0.20109827573572261,-0.09663302100974774,0.1774064033787199,0.04407976024461468,0.6548312904005483,-0.007589474679330448,-0.07405849963508589,-0.045122101465657115,-0.3962153575927295,0.08220412901820286,0.01943450715121165
15979,0.17918867633209434,-0.08122310901268232,0.11152151839415865,-0.06793677884009093,0.06980142907965292,-0.04499348095682054,0.1670439159219476,-0.053515408174967916,0.4988964855508207,-0.17394257491361523,0.12659530976903843
15980,0.01984456373464671,0.0007315195633949955,0.5261955024318916,0.15747461960798742,-0.007465286060840407,-0.06629321752939277,-0.1775936906377953,0.008204765929712822,0.07872015089705953,0.19049009838783368,0.22253029343953304
15981,0.03682853218053835,-0.05977620131861049,0.023057372202168774,-0.11764326703437043,-0.011954609201911331,-0.7221227296756674,0.02019987299919764,0.11607552901751783,0.05684686834628987,0.06526765554800493,-0.007373081966012942
15982,-0.1078698749073083,0.06076882076995004,0.43734245434197105,0.0007816421140168211,-0.014743649930393603,-0.16595337139912208,-0.009838750725813587,0.13092055393790045,0.014987899018692906,0.06417361999167147,-2.668487992324442e-05
15983,0.16787225287938526,0.6659859563894998,0.056662577378429266,0.0005086851683685988,-0.012920075024915014,-0.0748215752138612,0.09284440370033711,0.03592645626131477,0.06575921584877084,0.04678141720034232,0.005588382370152379
15984,-1.6139901979479352,-0.0311189085863032,0.11265822161409088,0.02978267550562926,-0.05084814684138268,1.544753304032963,0.04425902073431952,-0.02031744875846326,-0.08318486013195611,-0.16311071537013633,0.08679278795169845
15985,1.2349269472830238,0.07836895531143974,-0.1289735290440938,-0.012820411301580199,0.06039023817462202,0.037832223303596514,-1.0015108615413388,-0.06977729634791825,0.07412123154677504,-0.059403201764960424,0.008347256225726348
15986,1.0245224131496733,-0.10901139371100461,0.013365911153894152,-0.19521695653216142,-0.017588261782844557,0.0105737634358696,0.019664326297988182,-0.06987325366115688,-0.11348040026417616,0.029951845082608383,0.0517096341776076
15987,0.6079265465943924,-0.01838640980984138,-0.09711502739403105,0.005094618153404299,-0.04451170578662202,-0.014553469919969288,-0.026457624377282336,-0.007686460203068652,-0.08787801177793815,0.002833195791214994,-0.009351733077143931
15988,-0.00761322885938867,-0.11294796757702275,-0.08034797533655234,-0.0889744727342521,-0.17909120469841802,0.03067825736952068,1.2918688216316319,0.12017161845735108,-0.14014949100567997,-0.9166434328534092,-0.08968503833806968
15989,-0.31247062668219033,-0.7006672855064024,0.12017587719852625,-0.11009749931043639,0.06825720123171206,-0.11138639964790546,-0.15806586759334287,-0.05022044962908773,-0.07187165661808817,0.9743779564668407,-0.020135329713836636
15990,-0.264113992245507,0.8690864208081277,0.01924290222407447,0.05877984121520023,0.026170279922028344,-0.09008291589291872,0.036961192873240296,-0.6989549433670766,0.04745465152195012,-0.00639767794606847,0.01733412642535748
15991,-0.04077256101796944,-0.07354741610137705,0.053928315821890525,-0.3446193573369303,-0.02544315109285724,-0.0021468817682964627,0.04346796327602766,0.8087172892191852,0.052485010650234226,0.058180613377508905,-0.13570453422121642
15992,0.20348802427436746,-0.0820329249472862,-0.22231730894546342,0.7679701210512135,-0.11071143700078752,-0.0667205156552429,0.031303206936557124,-0.0012448565108071625,0.06991622045641058,-0.16843745043707042,-0.5716265509679779
15993,-0.11032696952162958,0.06732092436752699,0.027463024392391587,0.015926459833187984,-0.5510262194546786,-0.11993931039398505,-0.05345019023759438,0.028290060168783264,-0.1644663033546191,0.08682346710560314,0.972179543282319
15994,-0.13430113808490554,-0.03814270218659178,0.04143687480728153,-0.06305031020193257,0.6031308036897717,-0.20308801178063174,0.0359679981861288,-0.010371294374106232,-0.13532058912148526,-0.1965666897654601,-0.03725099641566631
15995,0.056980330198482115,0.07718979113444119,0.05248477377764259,0.1360748032065867,0.043387461537189115,-0.3652386166581839,0.13154431436518596,0.1752555967968128,0.4515039073908884,0.11074843779329142,0.11971808229421359
15996,0.07201231834591809,0.02061626658594298,0.655362922211911,0.16922895230552723,0.007736703902279026,-0.020847015307382533,-0.04506424200512444,-0.0005498911607524984,0.10796132610785897,-0.18767906749179028,0.01591292548854008
15997,-0.04072553838171531,0.05067207445329333,0.07402543020014558,-0.07302142495336136,0.09095370380803626,-0.6802118066157589,-0.048518739500770354,0.005293987870170025,-0.07952896613202638,-0.020172621383924044,0.0056591191863613445
15998,0.236671977952811,0.13761775253867028,0.4266711881058479,0.0027870945109127825,-0.10054848020449822,-0.06154617276369161,0.06560612922680684,0.11369224762331147,0.010743405447236348,0.016471499814492217,-0.035863699428528586
15999,0.15181016500101116,0.6479136313706043,-0.047491797410876675,0.023866053975702094,-0.030723322249322147,0.13121729426784276,-0.14114749840650154,-0.037641441833754286,0.057673083093342625,-0.1160840914176312,-0.03606242192251694
